country_area,time,age_group_1year,population_exposure
108,1950,50,16.207
108,1951,50,16.5
108,1952,50,16.794
108,1953,50,17.095
108,1954,50,17.42
108,1955,50,17.756
108,1956,50,18.075
108,1957,50,18.379
108,1958,50,18.687
108,1959,50,18.993
108,1960,50,19.312
108,1961,50,19.625
108,1962,50,20.116
108,1963,50,20.413
108,1964,50,20.702
108,1965,50,21.211
108,1966,50,21.458
108,1967,50,21.828
108,1968,50,22.108
108,1969,50,22.417
108,1970,50,22.601
108,1971,50,22.887
108,1972,50,22.909
108,1973,50,22.169
108,1974,50,22.361
108,1975,50,22.657
108,1976,50,22.774
108,1977,50,22.947
108,1978,50,23.245
108,1979,50,23.651
108,1980,50,23.816
108,1981,50,25.206
108,1982,50,25.465
108,1983,50,26.068
108,1984,50,26.424
108,1985,50,26.871
108,1986,50,27.22
108,1987,50,27.712
108,1988,50,28.317
108,1989,50,28.646
108,1990,50,28.937
108,1991,50,29.254
108,1992,50,29.634
108,1993,50,30.437
108,1994,50,26.836
108,1995,50,30.416
108,1996,50,30.414
108,1997,50,29.347
108,1998,50,29.393
108,1999,50,29.008
108,2000,50,33.182
108,2001,50,38.382
108,2002,50,38.692
108,2003,50,39.004
108,2004,50,39.719
108,2005,50,40.514
108,2006,50,41.13
108,2007,50,41.643
108,2008,50,42.207
108,2009,50,43.146
108,2010,50,44.744
108,2011,50,45.336
108,2012,50,46.316
108,2013,50,47.662
108,2014,50,48.562
108,2015,50,50.639
108,2016,50,51.726
108,2017,50,53.453
108,2018,50,55.916
108,2019,50,59.554
108,2020,50,62.94
108,2021,50,66.487
108,2022,50,70.638
108,2023,50,72.952
174,1950,50,1.164
174,1951,50,1.2
174,1952,50,1.236
174,1953,50,1.281
174,1954,50,1.333
174,1955,50,1.384
174,1956,50,1.434
174,1957,50,1.479
174,1958,50,1.519
174,1959,50,1.553
174,1960,50,1.58
174,1961,50,1.603
174,1962,50,1.624
174,1963,50,1.644
174,1964,50,1.659
174,1965,50,1.67
174,1966,50,1.679
174,1967,50,1.687
174,1968,50,1.702
174,1969,50,1.714
174,1970,50,1.725
174,1971,50,1.74
174,1972,50,1.762
174,1973,50,1.787
174,1974,50,1.817
174,1975,50,1.856
174,1976,50,1.9
174,1977,50,1.946
174,1978,50,1.999
174,1979,50,2.059
174,1980,50,2.124
174,1981,50,2.198
174,1982,50,2.276
174,1983,50,2.363
174,1984,50,2.456
174,1985,50,2.548
174,1986,50,2.642
174,1987,50,2.723
174,1988,50,2.778
174,1989,50,2.806
174,1990,50,2.812
174,1991,50,2.805
174,1992,50,2.773
174,1993,50,2.717
174,1994,50,2.646
174,1995,50,2.556
174,1996,50,2.447
174,1997,50,2.319
174,1998,50,2.162
174,1999,50,2.104
174,2000,50,2.551
174,2001,50,2.987
174,2002,50,3.256
174,2003,50,3.386
174,2004,50,3.296
174,2005,50,3.256
174,2006,50,3.297
174,2007,50,3.425
174,2008,50,3.644
174,2009,50,3.929
174,2010,50,4.222
174,2011,50,4.491
174,2012,50,4.726
174,2013,50,4.926
174,2014,50,5.024
174,2015,50,5.125
174,2016,50,5.247
174,2017,50,5.411
174,2018,50,5.623
174,2019,50,5.83
174,2020,50,6.031
174,2021,50,6.22
174,2022,50,6.411
174,2023,50,6.616
262,1950,50,0.358
262,1951,50,0.372
262,1952,50,0.386
262,1953,50,0.401
262,1954,50,0.418
262,1955,50,0.434
262,1956,50,0.45
262,1957,50,0.468
262,1958,50,0.487
262,1959,50,0.504
262,1960,50,0.522
262,1961,50,0.542
262,1962,50,0.565
262,1963,50,0.594
262,1964,50,0.627
262,1965,50,0.664
262,1966,50,0.703
262,1967,50,0.744
262,1968,50,0.786
262,1969,50,0.829
262,1970,50,0.888
262,1971,50,0.947
262,1972,50,1.014
262,1973,50,1.087
262,1974,50,1.168
262,1975,50,1.267
262,1976,50,1.389
262,1977,50,1.534
262,1978,50,1.696
262,1979,50,1.86
262,1980,50,2.009
262,1981,50,2.135
262,1982,50,2.238
262,1983,50,2.325
262,1984,50,2.412
262,1985,50,2.518
262,1986,50,2.659
262,1987,50,2.84
262,1988,50,3.048
262,1989,50,3.253
262,1990,50,3.563
262,1991,50,3.994
262,1992,50,4.261
262,1993,50,3.976
262,1994,50,4.174
262,1995,50,4.222
262,1996,50,4.363
262,1997,50,4.545
262,1998,50,4.807
262,1999,50,5.028
262,2000,50,5.08
262,2001,50,5.011
262,2002,50,5.03
262,2003,50,5.161
262,2004,50,5.306
262,2005,50,5.482
262,2006,50,5.68
262,2007,50,5.929
262,2008,50,6.18
262,2009,50,6.453
262,2010,50,6.749
262,2011,50,7.058
262,2012,50,7.385
262,2013,50,7.727
262,2014,50,8.087
262,2015,50,8.463
262,2016,50,8.852
262,2017,50,9.258
262,2018,50,9.675
262,2019,50,10.102
262,2020,50,10.531
262,2021,50,10.957
262,2022,50,11.379
262,2023,50,11.775
232,1950,50,4.925
232,1951,50,4.987
232,1952,50,5.054
232,1953,50,5.134
232,1954,50,5.236
232,1955,50,5.352
232,1956,50,5.471
232,1957,50,5.585
232,1958,50,5.7
232,1959,50,5.843
232,1960,50,6.009
232,1961,50,6.185
232,1962,50,6.371
232,1963,50,6.564
232,1964,50,6.757
232,1965,50,6.956
232,1966,50,7.157
232,1967,50,7.362
232,1968,50,7.584
232,1969,50,7.823
232,1970,50,8.075
232,1971,50,8.339
232,1972,50,8.614
232,1973,50,8.887
232,1974,50,9.149
232,1975,50,9.412
232,1976,50,9.69
232,1977,50,9.977
232,1978,50,10.282
232,1979,50,10.62
232,1980,50,10.974
232,1981,50,11.347
232,1982,50,11.74
232,1983,50,12.093
232,1984,50,12.379
232,1985,50,12.645
232,1986,50,12.952
232,1987,50,13.325
232,1988,50,13.69
232,1989,50,14.009
232,1990,50,14.308
232,1991,50,14.629
232,1992,50,12.724
232,1993,50,12.982
232,1994,50,13.593
232,1995,50,13.447
232,1996,50,14.314
232,1997,50,14.396
232,1998,50,14.044
232,1999,50,13.866
232,2000,50,13.437
232,2001,50,12.883
232,2002,50,13.747
232,2003,50,14.202
232,2004,50,15.131
232,2005,50,15.497
232,2006,50,15.73
232,2007,50,15.862
232,2008,50,16.664
232,2009,50,17.999
232,2010,50,18.74
232,2011,50,19.291
232,2012,50,19.865
232,2013,50,20.343
232,2014,50,20.799
232,2015,50,20.998
232,2016,50,21.345
232,2017,50,21.824
232,2018,50,22.333
232,2019,50,22.757
232,2020,50,23.186
232,2021,50,23.587
232,2022,50,23.779
232,2023,50,23.99
231,1950,50,109.761
231,1951,50,116.158
231,1952,50,122.969
231,1953,50,128.402
231,1954,50,131.192
231,1955,50,132.935
231,1956,50,135.021
231,1957,50,136.76
231,1958,50,138.481
231,1959,50,141.096
231,1960,50,144.449
231,1961,50,147.783
231,1962,50,151.209
231,1963,50,154.71
231,1964,50,158.237
231,1965,50,161.873
231,1966,50,165.543
231,1967,50,169.266
231,1968,50,173.349
231,1969,50,177.703
231,1970,50,182.206
231,1971,50,186.819
231,1972,50,191.367
231,1973,50,195.977
231,1974,50,200.486
231,1975,50,204.88
231,1976,50,209.27
231,1977,50,213.922
231,1978,50,215.505
231,1979,50,219.298
231,1980,50,220.086
231,1981,50,219.963
231,1982,50,229.899
231,1983,50,235.909
231,1984,50,241.275
231,1985,50,247.181
231,1986,50,254.003
231,1987,50,262.492
231,1988,50,271.172
231,1989,50,279.003
231,1990,50,286.395
231,1991,50,295.4
231,1992,50,307.523
231,1993,50,318.803
231,1994,50,331.049
231,1995,50,343.886
231,1996,50,357.918
231,1997,50,369.927
231,1998,50,373.782
231,1999,50,376.584
231,2000,50,369.864
231,2001,50,365.975
231,2002,50,381.676
231,2003,50,397.539
231,2004,50,413.607
231,2005,50,427.52
231,2006,50,438.166
231,2007,50,450.862
231,2008,50,475.538
231,2009,50,508.783
231,2010,50,536.741
231,2011,50,559.784
231,2012,50,584.025
231,2013,50,608.285
231,2014,50,631.545
231,2015,50,654.003
231,2016,50,676.588
231,2017,50,702.258
231,2018,50,725.325
231,2019,50,744.221
231,2020,50,763.489
231,2021,50,781.849
231,2022,50,798.47
231,2023,50,817.027
404,1950,50,29.791
404,1951,50,30.378
404,1952,50,31.164
404,1953,50,31.661
404,1954,50,31.898
404,1955,50,32.161
404,1956,50,32.62
404,1957,50,33.668
404,1958,50,35.31
404,1959,50,37.062
404,1960,50,38.535
404,1961,50,39.777
404,1962,50,42.062
404,1963,50,44.75
404,1964,50,46.215
404,1965,50,47.248
404,1966,50,48.829
404,1967,50,51.148
404,1968,50,53.811
404,1969,50,55.861
404,1970,50,57.604
404,1971,50,59.596
404,1972,50,61.698
404,1973,50,63.636
404,1974,50,65.134
404,1975,50,66.666
404,1976,50,68.532
404,1977,50,70.72
404,1978,50,73.751
404,1979,50,77.33
404,1980,50,80.926
404,1981,50,83.829
404,1982,50,86.081
404,1983,50,88.657
404,1984,50,91.485
404,1985,50,93.772
404,1986,50,95.443
404,1987,50,96.002
404,1988,50,96.006
404,1989,50,96.989
404,1990,50,98.827
404,1991,50,100.754
404,1992,50,101.652
404,1993,50,102.727
404,1994,50,105.987
404,1995,50,111.626
404,1996,50,116.928
404,1997,50,121.496
404,1998,50,127.615
404,1999,50,135.92
404,2000,50,130.839
404,2001,50,125.593
404,2002,50,135.013
404,2003,50,144.696
404,2004,50,154.76
404,2005,50,165.346
404,2006,50,176.935
404,2007,50,189.469
404,2008,50,201.741
404,2009,50,213.703
404,2010,50,225.168
404,2011,50,237.841
404,2012,50,251.571
404,2013,50,264.903
404,2014,50,278.228
404,2015,50,291.733
404,2016,50,305.393
404,2017,50,317.583
404,2018,50,329.712
404,2019,50,342.811
404,2020,50,355.417
404,2021,50,367.915
404,2022,50,380.195
404,2023,50,391.008
450,1950,50,32.319
450,1951,50,33.536
450,1952,50,34.543
450,1953,50,35.801
450,1954,50,37.463
450,1955,50,39.008
450,1956,50,40.675
450,1957,50,42.371
450,1958,50,43.078
450,1959,50,42.217
450,1960,50,40.646
450,1961,50,39.186
450,1962,50,37.67
450,1963,50,36.563
450,1964,50,36.274
450,1965,50,36.521
450,1966,50,36.621
450,1967,50,36.674
450,1968,50,37.208
450,1969,50,38.469
450,1970,50,40.039
450,1971,50,41.715
450,1972,50,43.573
450,1973,50,45.174
450,1974,50,46.231
450,1975,50,47.105
450,1976,50,48.026
450,1977,50,48.876
450,1978,50,49.875
450,1979,50,51.193
450,1980,50,52.575
450,1981,50,53.981
450,1982,50,55.463
450,1983,50,56.641
450,1984,50,57.283
450,1985,50,57.655
450,1986,50,58.3
450,1987,50,59.113
450,1988,50,59.708
450,1989,50,59.963
450,1990,50,60.13
450,1991,50,60.592
450,1992,50,61.398
450,1993,50,62.586
450,1994,50,64.168
450,1995,50,66.146
450,1996,50,68.549
450,1997,50,71.369
450,1998,50,75.782
450,1999,50,88.407
450,2000,50,100.968
450,2001,50,105.483
450,2002,50,108.858
450,2003,50,112.412
450,2004,50,116.096
450,2005,50,119.745
450,2006,50,123.604
450,2007,50,127.631
450,2008,50,131.779
450,2009,50,135.951
450,2010,50,139.925
450,2011,50,143.599
450,2012,50,147.041
450,2013,50,150.584
450,2014,50,154.564
450,2015,50,159.341
450,2016,50,164.975
450,2017,50,171.395
450,2018,50,178.552
450,2019,50,186.285
450,2020,50,194.446
450,2021,50,202.964
450,2022,50,211.271
450,2023,50,219.112
454,1950,50,17.764
454,1951,50,18.415
454,1952,50,19.228
454,1953,50,19.669
454,1954,50,19.437
454,1955,50,19.03
454,1956,50,18.585
454,1957,50,18.244
454,1958,50,18.44
454,1959,50,19.327
454,1960,50,20.681
454,1961,50,21.924
454,1962,50,23.12
454,1963,50,24.481
454,1964,50,26.028
454,1965,50,27.486
454,1966,50,29.083
454,1967,50,30.836
454,1968,50,32.005
454,1969,50,32.233
454,1970,50,32.133
454,1971,50,31.977
454,1972,50,31.821
454,1973,50,32.055
454,1974,50,32.86
454,1975,50,33.999
454,1976,50,35.097
454,1977,50,36.264
454,1978,50,37.522
454,1979,50,38.681
454,1980,50,39.889
454,1981,50,41.269
454,1982,50,42.776
454,1983,50,44.307
454,1984,50,45.79
454,1985,50,47.246
454,1986,50,48.894
454,1987,50,50.689
454,1988,50,52.835
454,1989,50,55.553
454,1990,50,58.043
454,1991,50,59.999
454,1992,50,61.69
454,1993,50,63.517
454,1994,50,63.393
454,1995,50,61.846
454,1996,50,62.616
454,1997,50,62.615
454,1998,50,59.948
454,1999,50,58.545
454,2000,50,57.181
454,2001,50,55.5
454,2002,50,56.255
454,2003,50,56.964
454,2004,50,57.617
454,2005,50,58.658
454,2006,50,60.321
454,2007,50,62.207
454,2008,50,64.39
454,2009,50,67.148
454,2010,50,70.036
454,2011,50,72.911
454,2012,50,75.728
454,2013,50,78.468
454,2014,50,80.856
454,2015,50,83.054
454,2016,50,85.605
454,2017,50,88.403
454,2018,50,91.327
454,2019,50,94.282
454,2020,50,97.436
454,2021,50,101.089
454,2022,50,105.534
454,2023,50,111.221
480,1950,50,3.722
480,1951,50,3.781
480,1952,50,3.861
480,1953,50,3.949
480,1954,50,4.002
480,1955,50,4.051
480,1956,50,4.125
480,1957,50,4.251
480,1958,50,4.409
480,1959,50,4.562
480,1960,50,4.702
480,1961,50,4.892
480,1962,50,5.19
480,1963,50,5.462
480,1964,50,5.581
480,1965,50,5.624
480,1966,50,5.583
480,1967,50,5.521
480,1968,50,5.53
480,1969,50,5.625
480,1970,50,5.843
480,1971,50,6.176
480,1972,50,6.591
480,1973,50,7.053
480,1974,50,7.478
480,1975,50,7.799
480,1976,50,7.897
480,1977,50,7.759
480,1978,50,7.491
480,1979,50,7.192
480,1980,50,6.88
480,1981,50,6.606
480,1982,50,6.611
480,1983,50,7.029
480,1984,50,7.522
480,1985,50,7.722
480,1986,50,7.739
480,1987,50,7.747
480,1988,50,7.766
480,1989,50,7.843
480,1990,50,7.942
480,1991,50,7.944
480,1992,50,8.035
480,1993,50,8.596
480,1994,50,9.486
480,1995,50,10.026
480,1996,50,10.21
480,1997,50,10.729
480,1998,50,11.668
480,1999,50,12.81
480,2000,50,14.07
480,2001,50,14.977
480,2002,50,15.297
480,2003,50,15.371
480,2004,50,15.492
480,2005,50,15.924
480,2006,50,16.656
480,2007,50,17.209
480,2008,50,17.475
480,2009,50,17.833
480,2010,50,18.338
480,2011,50,18.865
480,2012,50,19.481
480,2013,50,19.964
480,2014,50,20.19
480,2015,50,20.086
480,2016,50,19.593
480,2017,50,18.811
480,2018,50,17.959
480,2019,50,17.217
480,2020,50,16.641
480,2021,50,16.235
480,2022,50,16.051
480,2023,50,16.215
175,1950,50,0.141
175,1951,50,0.142
175,1952,50,0.143
175,1953,50,0.145
175,1954,50,0.145
175,1955,50,0.146
175,1956,50,0.148
175,1957,50,0.151
175,1958,50,0.154
175,1959,50,0.158
175,1960,50,0.162
175,1961,50,0.166
175,1962,50,0.17
175,1963,50,0.174
175,1964,50,0.179
175,1965,50,0.184
175,1966,50,0.189
175,1967,50,0.196
175,1968,50,0.203
175,1969,50,0.207
175,1970,50,0.211
175,1971,50,0.215
175,1972,50,0.218
175,1973,50,0.219
175,1974,50,0.22
175,1975,50,0.218
175,1976,50,0.218
175,1977,50,0.217
175,1978,50,0.213
175,1979,50,0.21
175,1980,50,0.212
175,1981,50,0.217
175,1982,50,0.224
175,1983,50,0.23
175,1984,50,0.24
175,1985,50,0.251
175,1986,50,0.263
175,1987,50,0.279
175,1988,50,0.3
175,1989,50,0.323
175,1990,50,0.342
175,1991,50,0.361
175,1992,50,0.389
175,1993,50,0.436
175,1994,50,0.493
175,1995,50,0.559
175,1996,50,0.632
175,1997,50,0.717
175,1998,50,0.814
175,1999,50,0.908
175,2000,50,0.983
175,2001,50,1.053
175,2002,50,1.126
175,2003,50,1.192
175,2004,50,1.251
175,2005,50,1.224
175,2006,50,1.179
175,2007,50,1.117
175,2008,50,1.088
175,2009,50,1.145
175,2010,50,1.224
175,2011,50,1.307
175,2012,50,1.363
175,2013,50,1.396
175,2014,50,1.431
175,2015,50,1.471
175,2016,50,1.538
175,2017,50,1.667
175,2018,50,1.801
175,2019,50,1.909
175,2020,50,1.976
175,2021,50,2.041
175,2022,50,2.117
175,2023,50,2.197
508,1950,50,42.136
508,1951,50,42.875
508,1952,50,43.788
508,1953,50,44.719
508,1954,50,45.644
508,1955,50,46.671
508,1956,50,47.752
508,1957,50,48.795
508,1958,50,49.72
508,1959,50,50.443
508,1960,50,51.237
508,1961,50,52.224
508,1962,50,53.297
508,1963,50,54.406
508,1964,50,55.524
508,1965,50,56.715
508,1966,50,58.019
508,1967,50,59.231
508,1968,50,60.438
508,1969,50,61.55
508,1970,50,62.609
508,1971,50,63.743
508,1972,50,65.13
508,1973,50,66.052
508,1974,50,66.81
508,1975,50,67.468
508,1976,50,67.979
508,1977,50,68.529
508,1978,50,68.505
508,1979,50,68.462
508,1980,50,68.531
508,1981,50,68.678
508,1982,50,68.428
508,1983,50,67.886
508,1984,50,67.495
508,1985,50,68.647
508,1986,50,73.024
508,1987,50,76.551
508,1988,50,76.101
508,1989,50,77.223
508,1990,50,79.363
508,1991,50,82.329
508,1992,50,85.527
508,1993,50,87.879
508,1994,50,92.342
508,1995,50,100.739
508,1996,50,103.924
508,1997,50,108.021
508,1998,50,112.671
508,1999,50,116.509
508,2000,50,119.114
508,2001,50,122.571
508,2002,50,125.817
508,2003,50,127.943
508,2004,50,128.923
508,2005,50,128.791
508,2006,50,127.754
508,2007,50,126.114
508,2008,50,124.389
508,2009,50,123.171
508,2010,50,122.223
508,2011,50,120.994
508,2012,50,120.399
508,2013,50,121.212
508,2014,50,123.553
508,2015,50,127.622
508,2016,50,133.709
508,2017,50,141.845
508,2018,50,151.956
508,2019,50,162.549
508,2020,50,171.735
508,2021,50,178.457
508,2022,50,184.087
508,2023,50,190.202
638,1950,50,1.679
638,1951,50,1.76
638,1952,50,1.84
638,1953,50,1.927
638,1954,50,2.006
638,1955,50,2.093
638,1956,50,2.176
638,1957,50,2.262
638,1958,50,2.351
638,1959,50,2.442
638,1960,50,2.534
638,1961,50,2.635
638,1962,50,2.736
638,1963,50,2.807
638,1964,50,2.849
638,1965,50,2.888
638,1966,50,2.907
638,1967,50,2.909
638,1968,50,2.949
638,1969,50,3.064
638,1970,50,3.205
638,1971,50,3.365
638,1972,50,3.535
638,1973,50,3.644
638,1974,50,3.657
638,1975,50,3.646
638,1976,50,3.638
638,1977,50,3.609
638,1978,50,3.624
638,1979,50,3.733
638,1980,50,3.873
638,1981,50,4.018
638,1982,50,4.186
638,1983,50,4.305
638,1984,50,4.338
638,1985,50,4.344
638,1986,50,4.38
638,1987,50,4.43
638,1988,50,4.522
638,1989,50,4.694
638,1990,50,4.945
638,1991,50,5.264
638,1992,50,5.588
638,1993,50,5.985
638,1994,50,6.43
638,1995,50,6.918
638,1996,50,7.452
638,1997,50,8.001
638,1998,50,8.607
638,1999,50,9.676
638,2000,50,10.477
638,2001,50,10.759
638,2002,50,11.099
638,2003,50,11.409
638,2004,50,11.577
638,2005,50,10.704
638,2006,50,9.831
638,2007,50,9.551
638,2008,50,9.887
638,2009,50,10.166
638,2010,50,10.532
638,2011,50,11.009
638,2012,50,11.514
638,2013,50,12.005
638,2014,50,12.5
638,2015,50,12.82
638,2016,50,12.833
638,2017,50,12.896
638,2018,50,12.72
638,2019,50,12.794
638,2020,50,12.19
638,2021,50,11.907
638,2022,50,12.069
638,2023,50,11.633
646,1950,50,14.142
646,1951,50,14.056
646,1952,50,13.981
646,1953,50,14.084
646,1954,50,14.428
646,1955,50,14.873
646,1956,50,15.306
646,1957,50,15.776
646,1958,50,16.473
646,1959,50,16.933
646,1960,50,16.922
646,1961,50,16.992
646,1962,50,17.141
646,1963,50,17.109
646,1964,50,16.86
646,1965,50,16.742
646,1966,50,16.689
646,1967,50,16.642
646,1968,50,17.089
646,1969,50,18.341
646,1970,50,20.023
646,1971,50,21.627
646,1972,50,23.189
646,1973,50,24.834
646,1974,50,26.53
646,1975,50,28.144
646,1976,50,29.766
646,1977,50,30.713
646,1978,50,31.292
646,1979,50,31.965
646,1980,50,32.25
646,1981,50,32.599
646,1982,50,32.963
646,1983,50,32.954
646,1984,50,32.378
646,1985,50,31.544
646,1986,50,30.898
646,1987,50,30.432
646,1988,50,29.987
646,1989,50,29.676
646,1990,50,29.722
646,1991,50,29.926
646,1992,50,30.498
646,1993,50,31.563
646,1994,50,30.05
646,1995,50,19.348
646,1996,50,22.6
646,1997,50,29.653
646,1998,50,32.743
646,1999,50,35.957
646,2000,50,40.261
646,2001,50,42.902
646,2002,50,45.002
646,2003,50,47.629
646,2004,50,50.415
646,2005,50,52.998
646,2006,50,55.641
646,2007,50,58.872
646,2008,50,61.989
646,2009,50,64.772
646,2010,50,67.615
646,2011,50,69.647
646,2012,50,70.145
646,2013,50,69.595
646,2014,50,69.229
646,2015,50,69.094
646,2016,50,69.234
646,2017,50,70.73
646,2018,50,73.676
646,2019,50,77.325
646,2020,50,80.73
646,2021,50,83.092
646,2022,50,84.331
646,2023,50,85.309
690,1950,50,0.36
690,1951,50,0.364
690,1952,50,0.366
690,1953,50,0.37
690,1954,50,0.373
690,1955,50,0.375
690,1956,50,0.375
690,1957,50,0.379
690,1958,50,0.381
690,1959,50,0.379
690,1960,50,0.38
690,1961,50,0.383
690,1962,50,0.385
690,1963,50,0.385
690,1964,50,0.384
690,1965,50,0.384
690,1966,50,0.387
690,1967,50,0.395
690,1968,50,0.405
690,1969,50,0.411
690,1970,50,0.411
690,1971,50,0.416
690,1972,50,0.428
690,1973,50,0.44
690,1974,50,0.451
690,1975,50,0.462
690,1976,50,0.475
690,1977,50,0.489
690,1978,50,0.487
690,1979,50,0.483
690,1980,50,0.491
690,1981,50,0.508
690,1982,50,0.525
690,1983,50,0.53
690,1984,50,0.534
690,1985,50,0.541
690,1986,50,0.538
690,1987,50,0.535
690,1988,50,0.533
690,1989,50,0.527
690,1990,50,0.519
690,1991,50,0.508
690,1992,50,0.503
690,1993,50,0.508
690,1994,50,0.509
690,1995,50,0.514
690,1996,50,0.537
690,1997,50,0.557
690,1998,50,0.582
690,1999,50,0.635
690,2000,50,0.653
690,2001,50,0.662
690,2002,50,0.686
690,2003,50,0.73
690,2004,50,0.785
690,2005,50,0.856
690,2006,50,0.955
690,2007,50,1.069
690,2008,50,1.147
690,2009,50,1.191
690,2010,50,1.24
690,2011,50,1.308
690,2012,50,1.355
690,2013,50,1.413
690,2014,50,1.448
690,2015,50,1.441
690,2016,50,1.479
690,2017,50,1.504
690,2018,50,1.493
690,2019,50,1.53
690,2020,50,1.564
690,2021,50,1.614
690,2022,50,1.677
690,2023,50,1.678
706,1950,50,16.801
706,1951,50,17.178
706,1952,50,17.562
706,1953,50,17.941
706,1954,50,18.305
706,1955,50,18.678
706,1956,50,19.048
706,1957,50,19.412
706,1958,50,19.799
706,1959,50,20.211
706,1960,50,20.659
706,1961,50,21.117
706,1962,50,21.589
706,1963,50,22.05
706,1964,50,22.481
706,1965,50,22.9
706,1966,50,23.33
706,1967,50,23.756
706,1968,50,24.191
706,1969,50,24.631
706,1970,50,25.075
706,1971,50,25.524
706,1972,50,25.953
706,1973,50,26.407
706,1974,50,26.867
706,1975,50,27.294
706,1976,50,27.755
706,1977,50,28.279
706,1978,50,28.791
706,1979,50,31.711
706,1980,50,35.777
706,1981,50,36.69
706,1982,50,35.145
706,1983,50,35.833
706,1984,50,37.027
706,1985,50,38.677
706,1986,50,40.572
706,1987,50,42.841
706,1988,50,44.056
706,1989,50,41.838
706,1990,50,40.141
706,1991,50,38.712
706,1992,50,35.586
706,1993,50,35.11
706,1994,50,37.603
706,1995,50,38.765
706,1996,50,40.891
706,1997,50,42.703
706,1998,50,44.773
706,1999,50,47.454
706,2000,50,52.416
706,2001,50,56.458
706,2002,50,57.965
706,2003,50,59.331
706,2004,50,60.911
706,2005,50,62.445
706,2006,50,63.894
706,2007,50,65.029
706,2008,50,66.66
706,2009,50,67.723
706,2010,50,68.791
706,2011,50,69.617
706,2012,50,69.196
706,2013,50,70.76
706,2014,50,72.862
706,2015,50,74.982
706,2016,50,77.073
706,2017,50,80.002
706,2018,50,82.622
706,2019,50,85.519
706,2020,50,88.667
706,2021,50,91.941
706,2022,50,94.989
706,2023,50,97.42
728,1950,50,15.972
728,1951,50,16.28
728,1952,50,16.613
728,1953,50,16.96
728,1954,50,17.305
728,1955,50,17.658
728,1956,50,18.027
728,1957,50,18.391
728,1958,50,18.714
728,1959,50,19.014
728,1960,50,19.316
728,1961,50,19.634
728,1962,50,19.976
728,1963,50,20.286
728,1964,50,20.594
728,1965,50,20.901
728,1966,50,21.101
728,1967,50,21.242
728,1968,50,21.419
728,1969,50,21.642
728,1970,50,21.887
728,1971,50,22.227
728,1972,50,22.671
728,1973,50,23.217
728,1974,50,23.863
728,1975,50,24.53
728,1976,50,25.205
728,1977,50,25.878
728,1978,50,26.541
728,1979,50,27.186
728,1980,50,27.801
728,1981,50,28.457
728,1982,50,29.165
728,1983,50,29.74
728,1984,50,30.041
728,1985,50,30.237
728,1986,50,30.508
728,1987,50,30.457
728,1988,50,30.006
728,1989,50,29.316
728,1990,50,28.748
728,1991,50,29.124
728,1992,50,29.363
728,1993,50,29.446
728,1994,50,30.017
728,1995,50,30.802
728,1996,50,31.249
728,1997,50,31.454
728,1998,50,30.798
728,1999,50,30.18
728,2000,50,31.269
728,2001,50,33.215
728,2002,50,35.172
728,2003,50,37.232
728,2004,50,39.442
728,2005,50,41.82
728,2006,50,44.431
728,2007,50,47.327
728,2008,50,50.418
728,2009,50,53.664
728,2010,50,56.969
728,2011,50,61.423
728,2012,50,65.489
728,2013,50,69.369
728,2014,50,73.026
728,2015,50,73.076
728,2016,50,74.845
728,2017,50,73.95
728,2018,50,73.302
728,2019,50,78.323
728,2020,50,83.32
728,2021,50,88.503
728,2022,50,92.123
728,2023,50,96.465
800,1950,50,35.222
800,1951,50,36.59
800,1952,50,38.037
800,1953,50,39.56
800,1954,50,41.155
800,1955,50,42.818
800,1956,50,44.558
800,1957,50,46.379
800,1958,50,48.283
800,1959,50,50.27
800,1960,50,52.299
800,1961,50,54.269
800,1962,50,56.207
800,1963,50,58.119
800,1964,50,60.023
800,1965,50,61.886
800,1966,50,63.7
800,1967,50,65.474
800,1968,50,67.207
800,1969,50,68.909
800,1970,50,70.525
800,1971,50,72.015
800,1972,50,73.344
800,1973,50,74.396
800,1974,50,75.493
800,1975,50,76.648
800,1976,50,77.71
800,1977,50,78.668
800,1978,50,79.513
800,1979,50,80.229
800,1980,50,80.303
800,1981,50,80.0
800,1982,50,79.501
800,1983,50,78.855
800,1984,50,77.989
800,1985,50,77.231
800,1986,50,76.262
800,1987,50,75.464
800,1988,50,74.696
800,1989,50,73.97
800,1990,50,73.438
800,1991,50,73.14
800,1992,50,73.345
800,1993,50,74.055
800,1994,50,76.552
800,1995,50,80.422
800,1996,50,83.343
800,1997,50,89.058
800,1998,50,96.242
800,1999,50,106.249
800,2000,50,112.422
800,2001,50,114.669
800,2002,50,117.424
800,2003,50,121.04
800,2004,50,124.501
800,2005,50,127.852
800,2006,50,131.227
800,2007,50,134.934
800,2008,50,139.165
800,2009,50,143.771
800,2010,50,148.421
800,2011,50,153.236
800,2012,50,158.711
800,2013,50,164.851
800,2014,50,171.478
800,2015,50,179.22
800,2016,50,187.734
800,2017,50,198.093
800,2018,50,208.681
800,2019,50,218.175
800,2020,50,227.791
800,2021,50,237.338
800,2022,50,246.05
800,2023,50,252.622
834,1950,50,45.591
834,1951,50,46.862
834,1952,50,48.172
834,1953,50,49.522
834,1954,50,50.905
834,1955,50,52.312
834,1956,50,53.75
834,1957,50,55.217
834,1958,50,56.708
834,1959,50,58.223
834,1960,50,59.773
834,1961,50,61.366
834,1962,50,63.129
834,1963,50,64.876
834,1964,50,66.711
834,1965,50,68.713
834,1966,50,70.709
834,1967,50,72.776
834,1968,50,74.889
834,1969,50,77.595
834,1970,50,80.41
834,1971,50,83.316
834,1972,50,86.338
834,1973,50,89.737
834,1974,50,93.048
834,1975,50,96.435
834,1976,50,99.845
834,1977,50,103.264
834,1978,50,106.557
834,1979,50,109.363
834,1980,50,111.503
834,1981,50,112.848
834,1982,50,114.246
834,1983,50,115.673
834,1984,50,119.217
834,1985,50,120.905
834,1986,50,125.909
834,1987,50,130.416
834,1988,50,136.924
834,1989,50,140.933
834,1990,50,145.568
834,1991,50,151.427
834,1992,50,158.275
834,1993,50,166.029
834,1994,50,177.06
834,1995,50,189.241
834,1996,50,198.641
834,1997,50,204.852
834,1998,50,209.276
834,1999,50,208.274
834,2000,50,209.435
834,2001,50,214.48
834,2002,50,219.913
834,2003,50,224.356
834,2004,50,227.612
834,2005,50,230.031
834,2006,50,232.02
834,2007,50,233.882
834,2008,50,234.974
834,2009,50,234.678
834,2010,50,233.865
834,2011,50,235.345
834,2012,50,238.835
834,2013,50,244.967
834,2014,50,253.888
834,2015,50,265.541
834,2016,50,281.885
834,2017,50,300.286
834,2018,50,319.19
834,2019,50,338.225
834,2020,50,358.377
834,2021,50,379.094
834,2022,50,399.176
834,2023,50,418.5
894,1950,50,14.391
894,1951,50,14.852
894,1952,50,15.32
894,1953,50,15.812
894,1954,50,16.352
894,1955,50,16.917
894,1956,50,17.477
894,1957,50,18.04
894,1958,50,18.611
894,1959,50,19.188
894,1960,50,19.773
894,1961,50,20.369
894,1962,50,20.976
894,1963,50,21.581
894,1964,50,22.166
894,1965,50,22.755
894,1966,50,23.362
894,1967,50,23.968
894,1968,50,24.601
894,1969,50,25.284
894,1970,50,25.949
894,1971,50,26.489
894,1972,50,27.038
894,1973,50,27.567
894,1974,50,28.059
894,1975,50,28.541
894,1976,50,29.032
894,1977,50,29.517
894,1978,50,30.014
894,1979,50,30.532
894,1980,50,31.058
894,1981,50,31.622
894,1982,50,32.252
894,1983,50,32.948
894,1984,50,33.546
894,1985,50,34.047
894,1986,50,34.624
894,1987,50,35.302
894,1988,50,35.812
894,1989,50,36.07
894,1990,50,36.229
894,1991,50,36.491
894,1992,50,36.818
894,1993,50,37.234
894,1994,50,37.703
894,1995,50,38.239
894,1996,50,38.734
894,1997,50,39.054
894,1998,50,38.51
894,1999,50,38.85
894,2000,50,41.908
894,2001,50,44.5
894,2002,50,45.922
894,2003,50,47.494
894,2004,50,49.342
894,2005,50,51.246
894,2006,50,53.477
894,2007,50,55.91
894,2008,50,58.769
894,2009,50,61.809
894,2010,50,65.11
894,2011,50,68.386
894,2012,50,71.697
894,2013,50,75.253
894,2014,50,79.01
894,2015,50,82.965
894,2016,50,87.26
894,2017,50,91.972
894,2018,50,97.288
894,2019,50,103.046
894,2020,50,109.518
894,2021,50,116.263
894,2022,50,123.291
894,2023,50,130.95
716,1950,50,19.045
716,1951,50,19.418
716,1952,50,19.82
716,1953,50,20.179
716,1954,50,20.45
716,1955,50,20.687
716,1956,50,20.979
716,1957,50,21.325
716,1958,50,21.676
716,1959,50,22.047
716,1960,50,22.561
716,1961,50,22.994
716,1962,50,23.288
716,1963,50,23.949
716,1964,50,25.247
716,1965,50,26.654
716,1966,50,28.229
716,1967,50,29.895
716,1968,50,30.899
716,1969,50,30.873
716,1970,50,30.445
716,1971,50,30.318
716,1972,50,30.011
716,1973,50,30.185
716,1974,50,31.326
716,1975,50,32.836
716,1976,50,34.399
716,1977,50,36.057
716,1978,50,37.83
716,1979,50,39.544
716,1980,50,39.904
716,1981,50,36.278
716,1982,50,36.686
716,1983,50,37.031
716,1984,50,38.014
716,1985,50,39.089
716,1986,50,40.065
716,1987,50,40.976
716,1988,50,43.051
716,1989,50,45.385
716,1990,50,47.51
716,1991,50,49.383
716,1992,50,51.152
716,1993,50,56.707
716,1994,50,58.646
716,1995,50,59.957
716,1996,50,60.392
716,1997,50,59.759
716,1998,50,57.65
716,1999,50,64.196
716,2000,50,72.68
716,2001,50,72.811
716,2002,50,72.207
716,2003,50,71.378
716,2004,50,70.301
716,2005,50,68.733
716,2006,50,66.822
716,2007,50,64.507
716,2008,50,62.436
716,2009,50,60.507
716,2010,50,58.931
716,2011,50,57.737
716,2012,50,56.875
716,2013,50,56.675
716,2014,50,56.987
716,2015,50,58.749
716,2016,50,61.639
716,2017,50,65.105
716,2018,50,68.771
716,2019,50,72.491
716,2020,50,76.851
716,2021,50,82.324
716,2022,50,88.835
716,2023,50,94.827
24,1950,50,32.591
24,1951,50,32.582
24,1952,50,32.176
24,1953,50,31.816
24,1954,50,31.576
24,1955,50,31.44
24,1956,50,31.356
24,1957,50,31.338
24,1958,50,31.413
24,1959,50,31.574
24,1960,50,31.784
24,1961,50,31.977
24,1962,50,32.2
24,1963,50,32.382
24,1964,50,32.514
24,1965,50,32.603
24,1966,50,32.694
24,1967,50,32.794
24,1968,50,32.848
24,1969,50,32.847
24,1970,50,32.862
24,1971,50,34.197
24,1972,50,35.927
24,1973,50,38.18
24,1974,50,40.795
24,1975,50,43.567
24,1976,50,46.443
24,1977,50,49.408
24,1978,50,52.388
24,1979,50,55.215
24,1980,50,57.928
24,1981,50,60.597
24,1982,50,63.069
24,1983,50,65.253
24,1984,50,67.244
24,1985,50,68.966
24,1986,50,70.686
24,1987,50,72.389
24,1988,50,73.598
24,1989,50,74.201
24,1990,50,74.757
24,1991,50,75.893
24,1992,50,77.382
24,1993,50,79.284
24,1994,50,81.668
24,1995,50,84.567
24,1996,50,87.538
24,1997,50,89.958
24,1998,50,90.535
24,1999,50,89.907
24,2000,50,91.977
24,2001,50,96.331
24,2002,50,101.039
24,2003,50,106.531
24,2004,50,112.28
24,2005,50,118.254
24,2006,50,124.318
24,2007,50,130.494
24,2008,50,136.763
24,2009,50,142.929
24,2010,50,148.926
24,2011,50,155.161
24,2012,50,161.28
24,2013,50,166.992
24,2014,50,172.553
24,2015,50,177.847
24,2016,50,183.216
24,2017,50,189.158
24,2018,50,195.864
24,2019,50,202.836
24,2020,50,208.614
24,2021,50,212.75
24,2022,50,217.836
24,2023,50,224.925
120,1950,50,33.314
120,1951,50,33.916
120,1952,50,34.544
120,1953,50,35.196
120,1954,50,35.873
120,1955,50,36.57
120,1956,50,37.286
120,1957,50,37.991
120,1958,50,38.691
120,1959,50,39.415
120,1960,50,40.014
120,1961,50,40.471
120,1962,50,41.09
120,1963,50,41.88
120,1964,50,42.686
120,1965,50,43.511
120,1966,50,44.36
120,1967,50,45.233
120,1968,50,46.125
120,1969,50,47.15
120,1970,50,48.198
120,1971,50,49.148
120,1972,50,50.11
120,1973,50,51.091
120,1974,50,52.1
120,1975,50,53.121
120,1976,50,54.149
120,1977,50,55.069
120,1978,50,55.983
120,1979,50,57.015
120,1980,50,58.013
120,1981,50,59.562
120,1982,50,60.921
120,1983,50,61.302
120,1984,50,62.268
120,1985,50,63.37
120,1986,50,64.664
120,1987,50,66.179
120,1988,50,67.472
120,1989,50,68.22
120,1990,50,68.925
120,1991,50,70.033
120,1992,50,71.369
120,1993,50,72.842
120,1994,50,74.404
120,1995,50,75.926
120,1996,50,77.129
120,1997,50,77.447
120,1998,50,76.778
120,1999,50,76.947
120,2000,50,79.802
120,2001,50,83.191
120,2002,50,85.818
120,2003,50,88.655
120,2004,50,91.486
120,2005,50,94.438
120,2006,50,97.337
120,2007,50,100.225
120,2008,50,103.413
120,2009,50,106.688
120,2010,50,109.885
120,2011,50,113.219
120,2012,50,116.638
120,2013,50,120.182
120,2014,50,123.934
120,2015,50,129.11
120,2016,50,134.917
120,2017,50,141.357
120,2018,50,148.213
120,2019,50,155.638
120,2020,50,162.851
120,2021,50,169.764
120,2022,50,176.572
120,2023,50,183.524
140,1950,50,12.574
140,1951,50,12.549
140,1952,50,12.529
140,1953,50,12.564
140,1954,50,12.685
140,1955,50,12.847
140,1956,50,12.995
140,1957,50,13.14
140,1958,50,13.281
140,1959,50,13.41
140,1960,50,13.526
140,1961,50,13.666
140,1962,50,13.827
140,1963,50,13.956
140,1964,50,14.04
140,1965,50,14.127
140,1966,50,14.227
140,1967,50,14.32
140,1968,50,14.476
140,1969,50,14.754
140,1970,50,15.088
140,1971,50,15.4
140,1972,50,15.7
140,1973,50,15.983
140,1974,50,16.245
140,1975,50,16.49
140,1976,50,16.748
140,1977,50,16.6
140,1978,50,16.434
140,1979,50,16.204
140,1980,50,15.942
140,1981,50,15.675
140,1982,50,15.434
140,1983,50,15.211
140,1984,50,14.962
140,1985,50,14.699
140,1986,50,14.452
140,1987,50,14.26
140,1988,50,14.093
140,1989,50,14.105
140,1990,50,14.528
140,1991,50,15.007
140,1992,50,15.645
140,1993,50,16.453
140,1994,50,17.304
140,1995,50,18.128
140,1996,50,18.753
140,1997,50,19.354
140,1998,50,19.765
140,1999,50,21.526
140,2000,50,24.469
140,2001,50,26.259
140,2002,50,26.899
140,2003,50,27.764
140,2004,50,28.395
140,2005,50,28.923
140,2006,50,29.386
140,2007,50,29.842
140,2008,50,30.332
140,2009,50,29.667
140,2010,50,28.841
140,2011,50,28.81
140,2012,50,28.677
140,2013,50,28.409
140,2014,50,27.912
140,2015,50,26.942
140,2016,50,26.674
140,2017,50,26.568
140,2018,50,26.546
140,2019,50,26.164
140,2020,50,25.548
140,2021,50,24.901
140,2022,50,23.272
140,2023,50,22.148
148,1950,50,21.081
148,1951,50,21.137
148,1952,50,21.203
148,1953,50,21.35
148,1954,50,21.626
148,1955,50,21.971
148,1956,50,22.305
148,1957,50,22.652
148,1958,50,22.995
148,1959,50,23.318
148,1960,50,23.646
148,1961,50,23.987
148,1962,50,24.328
148,1963,50,24.7
148,1964,50,25.125
148,1965,50,25.567
148,1966,50,25.991
148,1967,50,26.4
148,1968,50,26.798
148,1969,50,27.182
148,1970,50,27.547
148,1971,50,27.91
148,1972,50,28.28
148,1973,50,28.624
148,1974,50,28.901
148,1975,50,29.118
148,1976,50,29.285
148,1977,50,29.39
148,1978,50,29.478
148,1979,50,29.593
148,1980,50,29.877
148,1981,50,28.93
148,1982,50,29.124
148,1983,50,30.741
148,1984,50,31.108
148,1985,50,30.446
148,1986,50,30.628
148,1987,50,31.29
148,1988,50,31.769
148,1989,50,32.072
148,1990,50,32.217
148,1991,50,32.056
148,1992,50,33.085
148,1993,50,33.653
148,1994,50,33.364
148,1995,50,33.921
148,1996,50,35.342
148,1997,50,35.713
148,1998,50,36.286
148,1999,50,39.193
148,2000,50,42.916
148,2001,50,44.633
148,2002,50,45.891
148,2003,50,47.378
148,2004,50,49.503
148,2005,50,51.846
148,2006,50,53.835
148,2007,50,56.039
148,2008,50,58.243
148,2009,50,60.936
148,2010,50,63.643
148,2011,50,66.5
148,2012,50,69.595
148,2013,50,72.664
148,2014,50,76.031
148,2015,50,79.236
148,2016,50,82.089
148,2017,50,85.446
148,2018,50,88.885
148,2019,50,92.745
148,2020,50,96.323
148,2021,50,100.31
148,2022,50,106.142
148,2023,50,111.598
178,1950,50,6.457
178,1951,50,6.543
178,1952,50,6.627
178,1953,50,6.722
178,1954,50,6.839
178,1955,50,6.966
178,1956,50,7.09
178,1957,50,7.214
178,1958,50,7.343
178,1959,50,7.481
178,1960,50,7.622
178,1961,50,7.768
178,1962,50,7.919
178,1963,50,8.075
178,1964,50,8.235
178,1965,50,8.398
178,1966,50,8.568
178,1967,50,8.744
178,1968,50,8.923
178,1969,50,9.107
178,1970,50,9.297
178,1971,50,9.491
178,1972,50,9.691
178,1973,50,9.895
178,1974,50,10.106
178,1975,50,10.319
178,1976,50,10.514
178,1977,50,10.847
178,1978,50,11.259
178,1979,50,11.495
178,1980,50,11.684
178,1981,50,11.916
178,1982,50,12.148
178,1983,50,12.235
178,1984,50,12.108
178,1985,50,12.321
178,1986,50,12.854
178,1987,50,13.541
178,1988,50,13.859
178,1989,50,13.647
178,1990,50,13.516
178,1991,50,13.554
178,1992,50,13.622
178,1993,50,13.548
178,1994,50,13.618
178,1995,50,13.995
178,1996,50,14.632
178,1997,50,15.306
178,1998,50,15.566
178,1999,50,15.863
178,2000,50,16.458
178,2001,50,17.763
178,2002,50,18.509
178,2003,50,19.08
178,2004,50,20.187
178,2005,50,21.631
178,2006,50,23.215
178,2007,50,24.807
178,2008,50,26.218
178,2009,50,27.345
178,2010,50,29.193
178,2011,50,30.749
178,2012,50,32.256
178,2013,50,33.571
178,2014,50,35.022
178,2015,50,36.693
178,2016,50,38.248
178,2017,50,39.465
178,2018,50,40.737
178,2019,50,42.384
178,2020,50,43.699
178,2021,50,44.729
178,2022,50,46.297
178,2023,50,47.873
180,1950,50,78.218
180,1951,50,80.046
180,1952,50,81.953
180,1953,50,83.92
180,1954,50,85.868
180,1955,50,87.915
180,1956,50,90.027
180,1957,50,92.198
180,1958,50,94.46
180,1959,50,96.717
180,1960,50,99.24
180,1961,50,101.928
180,1962,50,104.715
180,1963,50,107.588
180,1964,50,110.477
180,1965,50,113.44
180,1966,50,116.693
180,1967,50,120.107
180,1968,50,123.645
180,1969,50,127.181
180,1970,50,130.784
180,1971,50,134.456
180,1972,50,137.941
180,1973,50,141.713
180,1974,50,145.851
180,1975,50,150.154
180,1976,50,154.555
180,1977,50,158.96
180,1978,50,163.363
180,1979,50,169.532
180,1980,50,175.383
180,1981,50,180.807
180,1982,50,186.535
180,1983,50,192.691
180,1984,50,199.253
180,1985,50,206.351
180,1986,50,213.626
180,1987,50,221.18
180,1988,50,228.948
180,1989,50,236.132
180,1990,50,243.242
180,1991,50,251.865
180,1992,50,260.379
180,1993,50,270.473
180,1994,50,280.889
180,1995,50,297.493
180,1996,50,304.723
180,1997,50,307.394
180,1998,50,306.748
180,1999,50,308.402
180,2000,50,311.925
180,2001,50,319.871
180,2002,50,330.341
180,2003,50,341.215
180,2004,50,351.872
180,2005,50,362.969
180,2006,50,374.598
180,2007,50,386.746
180,2008,50,399.102
180,2009,50,411.291
180,2010,50,424.144
180,2011,50,437.819
180,2012,50,451.546
180,2013,50,465.556
180,2014,50,480.519
180,2015,50,495.456
180,2016,50,510.427
180,2017,50,527.945
180,2018,50,543.231
180,2019,50,556.303
180,2020,50,568.808
180,2021,50,581.186
180,2022,50,592.171
180,2023,50,603.443
226,1950,50,2.045
226,1951,50,2.048
226,1952,50,2.051
226,1953,50,2.063
226,1954,50,2.088
226,1955,50,2.116
226,1956,50,2.144
226,1957,50,2.175
226,1958,50,2.206
226,1959,50,2.233
226,1960,50,2.262
226,1961,50,2.292
226,1962,50,2.323
226,1963,50,2.363
226,1964,50,2.412
226,1965,50,2.462
226,1966,50,2.518
226,1967,50,2.576
226,1968,50,2.627
226,1969,50,2.645
226,1970,50,2.616
226,1971,50,2.564
226,1972,50,2.495
226,1973,50,2.414
226,1974,50,2.333
226,1975,50,2.255
226,1976,50,2.17
226,1977,50,2.104
226,1978,50,2.073
226,1979,50,2.064
226,1980,50,2.092
226,1981,50,2.168
226,1982,50,2.281
226,1983,50,2.406
226,1984,50,2.508
226,1985,50,2.603
226,1986,50,2.694
226,1987,50,2.781
226,1988,50,2.859
226,1989,50,2.935
226,1990,50,3.017
226,1991,50,3.11
226,1992,50,3.221
226,1993,50,3.348
226,1994,50,3.484
226,1995,50,3.633
226,1996,50,3.786
226,1997,50,3.931
226,1998,50,4.105
226,1999,50,4.595
226,2000,50,5.061
226,2001,50,5.397
226,2002,50,5.843
226,2003,50,6.31
226,2004,50,6.732
226,2005,50,7.058
226,2006,50,7.209
226,2007,50,7.449
226,2008,50,7.838
226,2009,50,8.377
226,2010,50,9.046
226,2011,50,9.782
226,2012,50,10.437
226,2013,50,10.969
226,2014,50,11.371
226,2015,50,11.658
226,2016,50,11.881
226,2017,50,12.144
226,2018,50,12.517
226,2019,50,12.995
226,2020,50,13.565
226,2021,50,14.118
226,2022,50,14.734
226,2023,50,15.317
266,1950,50,5.191
266,1951,50,5.209
266,1952,50,5.227
266,1953,50,5.247
266,1954,50,5.269
266,1955,50,5.291
266,1956,50,5.311
266,1957,50,5.331
266,1958,50,5.351
266,1959,50,5.373
266,1960,50,5.396
266,1961,50,5.42
266,1962,50,5.444
266,1963,50,5.467
266,1964,50,5.491
266,1965,50,5.515
266,1966,50,5.541
266,1967,50,5.568
266,1968,50,5.594
266,1969,50,5.622
266,1970,50,5.666
266,1971,50,5.709
266,1972,50,5.749
266,1973,50,5.787
266,1974,50,5.827
266,1975,50,5.869
266,1976,50,5.916
266,1977,50,5.964
266,1978,50,6.013
266,1979,50,6.063
266,1980,50,6.117
266,1981,50,6.177
266,1982,50,6.241
266,1983,50,6.306
266,1984,50,6.366
266,1985,50,6.422
266,1986,50,6.501
266,1987,50,6.601
266,1988,50,6.68
266,1989,50,6.703
266,1990,50,6.719
266,1991,50,6.782
266,1992,50,6.876
266,1993,50,6.993
266,1994,50,7.149
266,1995,50,7.341
266,1996,50,7.556
266,1997,50,7.766
266,1998,50,7.831
266,1999,50,7.976
266,2000,50,8.375
266,2001,50,8.69
266,2002,50,8.888
266,2003,50,9.107
266,2004,50,9.349
266,2005,50,9.621
266,2006,50,9.933
266,2007,50,10.282
266,2008,50,10.686
266,2009,50,11.151
266,2010,50,11.656
266,2011,50,12.196
266,2012,50,12.765
266,2013,50,13.348
266,2014,50,13.944
266,2015,50,14.57
266,2016,50,15.223
266,2017,50,15.863
266,2018,50,16.508
266,2019,50,17.2
266,2020,50,17.954
266,2021,50,18.77
266,2022,50,19.633
266,2023,50,20.502
678,1950,50,0.449
678,1951,50,0.447
678,1952,50,0.444
678,1953,50,0.442
678,1954,50,0.443
678,1955,50,0.449
678,1956,50,0.46
678,1957,50,0.473
678,1958,50,0.486
678,1959,50,0.498
678,1960,50,0.502
678,1961,50,0.497
678,1962,50,0.497
678,1963,50,0.5
678,1964,50,0.505
678,1965,50,0.51
678,1966,50,0.518
678,1967,50,0.525
678,1968,50,0.527
678,1969,50,0.524
678,1970,50,0.518
678,1971,50,0.524
678,1972,50,0.535
678,1973,50,0.549
678,1974,50,0.563
678,1975,50,0.577
678,1976,50,0.592
678,1977,50,0.604
678,1978,50,0.613
678,1979,50,0.626
678,1980,50,0.641
678,1981,50,0.659
678,1982,50,0.684
678,1983,50,0.688
678,1984,50,0.691
678,1985,50,0.695
678,1986,50,0.696
678,1987,50,0.695
678,1988,50,0.692
678,1989,50,0.688
678,1990,50,0.679
678,1991,50,0.667
678,1992,50,0.658
678,1993,50,0.652
678,1994,50,0.651
678,1995,50,0.651
678,1996,50,0.655
678,1997,50,0.66
678,1998,50,0.67
678,1999,50,0.687
678,2000,50,0.708
678,2001,50,0.736
678,2002,50,0.771
678,2003,50,0.809
678,2004,50,0.845
678,2005,50,0.87
678,2006,50,0.905
678,2007,50,0.95
678,2008,50,1.006
678,2009,50,1.074
678,2010,50,1.135
678,2011,50,1.184
678,2012,50,1.224
678,2013,50,1.259
678,2014,50,1.284
678,2015,50,1.295
678,2016,50,1.309
678,2017,50,1.349
678,2018,50,1.417
678,2019,50,1.492
678,2020,50,1.567
678,2021,50,1.621
678,2022,50,1.655
678,2023,50,1.704
12,1950,50,72.497
12,1951,50,69.801
12,1952,50,66.289
12,1953,50,64.769
12,1954,50,67.573
12,1955,50,71.719
12,1956,50,75.592
12,1957,50,79.889
12,1958,50,82.245
12,1959,50,81.159
12,1960,50,79.01
12,1961,50,76.99
12,1962,50,74.592
12,1963,50,73.995
12,1964,50,74.979
12,1965,50,76.065
12,1966,50,76.465
12,1967,50,76.954
12,1968,50,77.27
12,1969,50,77.89
12,1970,50,79.141
12,1971,50,80.907
12,1972,50,82.655
12,1973,50,84.351
12,1974,50,86.503
12,1975,50,89.403
12,1976,50,95.432
12,1977,50,100.967
12,1978,50,104.319
12,1979,50,107.868
12,1980,50,111.581
12,1981,50,115.533
12,1982,50,119.641
12,1983,50,123.612
12,1984,50,127.197
12,1985,50,130.296
12,1986,50,132.909
12,1987,50,134.999
12,1988,50,136.709
12,1989,50,138.614
12,1990,50,140.608
12,1991,50,142.844
12,1992,50,145.394
12,1993,50,148.965
12,1994,50,151.821
12,1995,50,155.054
12,1996,50,160.154
12,1997,50,168.461
12,1998,50,180.962
12,1999,50,197.792
12,2000,50,214.434
12,2001,50,229.037
12,2002,50,241.273
12,2003,50,251.43
12,2004,50,260.221
12,2005,50,268.71
12,2006,50,277.354
12,2007,50,286.31
12,2008,50,295.68
12,2009,50,305.878
12,2010,50,317.431
12,2011,50,330.715
12,2012,50,345.788
12,2013,50,362.588
12,2014,50,380.412
12,2015,50,398.257
12,2016,50,415.33
12,2017,50,431.509
12,2018,50,446.773
12,2019,50,461.245
12,2020,50,475.021
12,2021,50,488.476
12,2022,50,501.946
12,2023,50,515.49
818,1950,50,161.161
818,1951,50,165.572
818,1952,50,169.98
818,1953,50,174.755
818,1954,50,180.023
818,1955,50,185.398
818,1956,50,190.798
818,1957,50,196.447
818,1958,50,201.842
818,1959,50,206.355
818,1960,50,210.926
818,1961,50,215.705
818,1962,50,220.666
818,1963,50,225.881
818,1964,50,231.592
818,1965,50,237.656
818,1966,50,243.713
818,1967,50,249.718
818,1968,50,255.974
818,1969,50,262.611
818,1970,50,269.403
818,1971,50,276.015
818,1972,50,282.503
818,1973,50,288.855
818,1974,50,295.09
818,1975,50,301.535
818,1976,50,307.551
818,1977,50,312.571
818,1978,50,318.483
818,1979,50,325.734
818,1980,50,332.618
818,1981,50,340.126
818,1982,50,348.403
818,1983,50,354.099
818,1984,50,355.614
818,1985,50,352.284
818,1986,50,351.528
818,1987,50,353.528
818,1988,50,350.771
818,1989,50,344.125
818,1990,50,339.771
818,1991,50,344.507
818,1992,50,353.648
818,1993,50,371.357
818,1994,50,396.919
818,1995,50,430.691
818,1996,50,470.498
818,1997,50,509.741
818,1998,50,534.52
818,1999,50,543.731
818,2000,50,556.89
818,2001,50,582.827
818,2002,50,612.076
818,2003,50,641.115
818,2004,50,668.386
818,2005,50,692.619
818,2006,50,714.706
818,2007,50,735.131
818,2008,50,754.069
818,2009,50,772.846
818,2010,50,793.486
818,2011,50,815.535
818,2012,50,839.63
818,2013,50,862.777
818,2014,50,884.15
818,2015,50,897.851
818,2016,50,914.147
818,2017,50,936.805
818,2018,50,958.497
818,2019,50,981.215
818,2020,50,1003.54
818,2021,50,1027.405
818,2022,50,1054.208
818,2023,50,1079.026
434,1950,50,8.203
434,1951,50,8.146
434,1952,50,8.093
434,1953,50,8.125
434,1954,50,8.31
434,1955,50,8.561
434,1956,50,8.812
434,1957,50,9.099
434,1958,50,9.334
434,1959,50,9.483
434,1960,50,9.614
434,1961,50,9.792
434,1962,50,10.014
434,1963,50,10.261
434,1964,50,10.54
434,1965,50,10.875
434,1966,50,10.701
434,1967,50,10.563
434,1968,50,10.643
434,1969,50,11.043
434,1970,50,11.665
434,1971,50,12.376
434,1972,50,12.968
434,1973,50,13.477
434,1974,50,14.547
434,1975,50,15.096
434,1976,50,15.694
434,1977,50,16.33
434,1978,50,17.007
434,1979,50,17.753
434,1980,50,18.581
434,1981,50,19.498
434,1982,50,20.505
434,1983,50,21.229
434,1984,50,21.651
434,1985,50,22.236
434,1986,50,23.103
434,1987,50,24.152
434,1988,50,25.116
434,1989,50,25.855
434,1990,50,26.52
434,1991,50,27.343
434,1992,50,28.388
434,1993,50,29.62
434,1994,50,30.865
434,1995,50,32.151
434,1996,50,33.572
434,1997,50,34.951
434,1998,50,36.159
434,1999,50,37.579
434,2000,50,39.278
434,2001,50,39.616
434,2002,50,39.194
434,2003,50,37.627
434,2004,50,35.484
434,2005,50,34.489
434,2006,50,33.971
434,2007,50,37.232
434,2008,50,40.887
434,2009,50,45.771
434,2010,50,50.06
434,2011,50,52.223
434,2012,50,52.169
434,2013,50,56.053
434,2014,50,58.67
434,2015,50,61.827
434,2016,50,65.286
434,2017,50,68.762
434,2018,50,73.656
434,2019,50,80.398
434,2020,50,85.5
434,2021,50,88.503
434,2022,50,91.942
434,2023,50,95.109
504,1950,50,69.073
504,1951,50,70.938
504,1952,50,72.861
504,1953,50,73.807
504,1954,50,73.222
504,1955,50,71.867
504,1956,50,70.817
504,1957,50,70.024
504,1958,50,68.899
504,1959,50,67.228
504,1960,50,65.616
504,1961,50,64.042
504,1962,50,62.44
504,1963,50,62.107
504,1964,50,62.76
504,1965,50,64.824
504,1966,50,67.139
504,1967,50,69.66
504,1968,50,73.336
504,1969,50,78.619
504,1970,50,84.862
504,1971,50,91.12
504,1972,50,97.251
504,1973,50,104.179
504,1974,50,111.183
504,1975,50,117.761
504,1976,50,124.587
504,1977,50,131.675
504,1978,50,137.142
504,1979,50,140.049
504,1980,50,141.879
504,1981,50,143.75
504,1982,50,145.332
504,1983,50,147.002
504,1984,50,149.176
504,1985,50,151.326
504,1986,50,153.937
504,1987,50,156.907
504,1988,50,158.76
504,1989,50,158.884
504,1990,50,158.409
504,1991,50,158.73
504,1992,50,159.862
504,1993,50,161.916
504,1994,50,164.895
504,1995,50,168.624
504,1996,50,172.793
504,1997,50,177.641
504,1998,50,184.595
504,1999,50,200.008
504,2000,50,212.939
504,2001,50,223.555
504,2002,50,238.293
504,2003,50,250.625
504,2004,50,261.832
504,2005,50,274.681
504,2006,50,289.409
504,2007,50,302.397
504,2008,50,311.84
504,2009,50,320.02
504,2010,50,329.527
504,2011,50,342.22
504,2012,50,354.019
504,2013,50,358.823
504,2014,50,361.19
504,2015,50,366.863
504,2016,50,374.916
504,2017,50,380.609
504,2018,50,382.782
504,2019,50,387.101
504,2020,50,395.473
504,2021,50,406.258
504,2022,50,417.928
504,2023,50,427.154
729,1950,50,35.393
729,1951,50,36.371
729,1952,50,37.377
729,1953,50,38.463
729,1954,50,39.632
729,1955,50,40.843
729,1956,50,42.107
729,1957,50,43.435
729,1958,50,44.702
729,1959,50,45.796
729,1960,50,46.89
729,1961,50,48.068
729,1962,50,49.301
729,1963,50,50.584
729,1964,50,51.926
729,1965,50,53.337
729,1966,50,54.782
729,1967,50,56.224
729,1968,50,57.793
729,1969,50,64.052
729,1970,50,70.533
729,1971,50,72.699
729,1972,50,74.909
729,1973,50,77.16
729,1974,50,81.007
729,1975,50,83.118
729,1976,50,84.905
729,1977,50,87.001
729,1978,50,88.903
729,1979,50,90.09
729,1980,50,91.769
729,1981,50,93.068
729,1982,50,95.354
729,1983,50,97.539
729,1984,50,100.962
729,1985,50,101.158
729,1986,50,101.848
729,1987,50,102.777
729,1988,50,103.926
729,1989,50,104.723
729,1990,50,105.624
729,1991,50,107.08
729,1992,50,109.17
729,1993,50,111.837
729,1994,50,116.67
729,1995,50,122.969
729,1996,50,129.902
729,1997,50,135.355
729,1998,50,142.084
729,1999,50,147.593
729,2000,50,156.442
729,2001,50,167.298
729,2002,50,176.235
729,2003,50,184.92
729,2004,50,191.964
729,2005,50,199.395
729,2006,50,206.0
729,2007,50,211.959
729,2008,50,217.416
729,2009,50,223.653
729,2010,50,229.421
729,2011,50,233.532
729,2012,50,238.378
729,2013,50,244.887
729,2014,50,251.337
729,2015,50,258.953
729,2016,50,266.374
729,2017,50,274.344
729,2018,50,284.701
729,2019,50,293.74
729,2020,50,302.517
729,2021,50,315.977
729,2022,50,327.912
729,2023,50,327.822
788,1950,50,26.871
788,1951,50,27.145
788,1952,50,27.458
788,1953,50,27.831
788,1954,50,28.291
788,1955,50,28.848
788,1956,50,29.386
788,1957,50,29.576
788,1958,50,29.928
788,1959,50,30.488
788,1960,50,31.083
788,1961,50,31.692
788,1962,50,32.337
788,1963,50,32.75
788,1964,50,32.781
788,1965,50,32.672
788,1966,50,32.641
788,1967,50,32.717
788,1968,50,32.963
788,1969,50,33.499
788,1970,50,34.157
788,1971,50,34.865
788,1972,50,35.662
788,1973,50,36.484
788,1974,50,37.288
788,1975,50,38.155
788,1976,50,39.066
788,1977,50,39.931
788,1978,50,40.925
788,1979,50,43.027
788,1980,50,45.341
788,1981,50,48.293
788,1982,50,51.581
788,1983,50,54.093
788,1984,50,55.705
788,1985,50,55.966
788,1986,50,56.966
788,1987,50,57.678
788,1988,50,57.406
788,1989,50,56.549
788,1990,50,55.958
788,1991,50,55.789
788,1992,50,55.284
788,1993,50,54.592
788,1994,50,55.546
788,1995,50,58.083
788,1996,50,60.731
788,1997,50,63.372
788,1998,50,66.876
788,1999,50,71.623
788,2000,50,77.338
788,2001,50,83.595
788,2002,50,89.75
788,2003,50,95.462
788,2004,50,100.831
788,2005,50,106.297
788,2006,50,111.155
788,2007,50,114.465
788,2008,50,116.024
788,2009,50,119.948
788,2010,50,125.506
788,2011,50,126.566
788,2012,50,126.99
788,2013,50,133.145
788,2014,50,144.84
788,2015,50,148.512
788,2016,50,140.905
788,2017,50,133.899
788,2018,50,134.21
788,2019,50,141.804
788,2020,50,146.222
788,2021,50,142.335
788,2022,50,141.825
788,2023,50,147.358
732,1950,50,0.088
732,1951,50,0.095
732,1952,50,0.103
732,1953,50,0.112
732,1954,50,0.122
732,1955,50,0.132
732,1956,50,0.144
732,1957,50,0.158
732,1958,50,0.172
732,1959,50,0.187
732,1960,50,0.203
732,1961,50,0.221
732,1962,50,0.24
732,1963,50,0.262
732,1964,50,0.285
732,1965,50,0.311
732,1966,50,0.338
732,1967,50,0.364
732,1968,50,0.408
732,1969,50,0.458
732,1970,50,0.51
732,1971,50,0.489
732,1972,50,0.492
732,1973,50,0.488
732,1974,50,0.475
732,1975,50,0.471
732,1976,50,0.368
732,1977,50,0.447
732,1978,50,0.524
732,1979,50,0.602
732,1980,50,0.686
732,1981,50,0.753
732,1982,50,0.809
732,1983,50,0.857
732,1984,50,0.899
732,1985,50,0.946
732,1986,50,0.997
732,1987,50,1.05
732,1988,50,1.11
732,1989,50,1.177
732,1990,50,1.251
732,1991,50,1.33
732,1992,50,1.42
732,1993,50,1.52
732,1994,50,1.623
732,1995,50,1.728
732,1996,50,1.877
732,1997,50,2.054
732,1998,50,2.246
732,1999,50,2.45
732,2000,50,2.653
732,2001,50,2.856
732,2002,50,3.066
732,2003,50,3.268
732,2004,50,3.454
732,2005,50,3.633
732,2006,50,3.796
732,2007,50,3.935
732,2008,50,4.044
732,2009,50,4.126
732,2010,50,4.228
732,2011,50,4.347
732,2012,50,4.467
732,2013,50,4.6
732,2014,50,4.768
732,2015,50,4.967
732,2016,50,5.207
732,2017,50,5.482
732,2018,50,5.777
732,2019,50,6.069
732,2020,50,6.337
732,2021,50,6.639
732,2022,50,6.938
732,2023,50,7.181
72,1950,50,2.728
72,1951,50,2.9
72,1952,50,3.094
72,1953,50,3.203
72,1954,50,3.157
72,1955,50,3.049
72,1956,50,2.962
72,1957,50,2.878
72,1958,50,2.808
72,1959,50,2.777
72,1960,50,2.773
72,1961,50,2.772
72,1962,50,2.776
72,1963,50,2.82
72,1964,50,2.936
72,1965,50,3.102
72,1966,50,3.2
72,1967,50,3.284
72,1968,50,3.408
72,1969,50,3.584
72,1970,50,3.748
72,1971,50,3.946
72,1972,50,4.227
72,1973,50,4.455
72,1974,50,4.538
72,1975,50,4.542
72,1976,50,4.567
72,1977,50,4.581
72,1978,50,4.717
72,1979,50,5.129
72,1980,50,5.539
72,1981,50,5.719
72,1982,50,6.069
72,1983,50,6.338
72,1984,50,6.537
72,1985,50,6.687
72,1986,50,6.869
72,1987,50,7.059
72,1988,50,7.196
72,1989,50,7.225
72,1990,50,7.236
72,1991,50,7.256
72,1992,50,7.292
72,1993,50,7.402
72,1994,50,7.521
72,1995,50,7.649
72,1996,50,7.802
72,1997,50,7.957
72,1998,50,8.164
72,1999,50,9.099
72,2000,50,10.193
72,2001,50,10.68
72,2002,50,11.056
72,2003,50,11.452
72,2004,50,11.892
72,2005,50,12.346
72,2006,50,12.809
72,2007,50,13.293
72,2008,50,13.764
72,2009,50,14.199
72,2010,50,14.603
72,2011,50,14.967
72,2012,50,15.231
72,2013,50,15.466
72,2014,50,15.691
72,2015,50,15.993
72,2016,50,16.399
72,2017,50,16.752
72,2018,50,17.36
72,2019,50,18.065
72,2020,50,18.181
72,2021,50,17.593
72,2022,50,18.439
72,2023,50,19.662
748,1950,50,1.781
748,1951,50,1.829
748,1952,50,1.88
748,1953,50,1.928
748,1954,50,1.972
748,1955,50,2.014
748,1956,50,2.059
748,1957,50,2.101
748,1958,50,2.141
748,1959,50,2.178
748,1960,50,2.216
748,1961,50,2.252
748,1962,50,2.28
748,1963,50,2.311
748,1964,50,2.348
748,1965,50,2.389
748,1966,50,2.432
748,1967,50,2.474
748,1968,50,2.514
748,1969,50,2.544
748,1970,50,2.568
748,1971,50,2.589
748,1972,50,2.611
748,1973,50,2.634
748,1974,50,2.668
748,1975,50,2.707
748,1976,50,2.749
748,1977,50,2.799
748,1978,50,2.827
748,1979,50,2.864
748,1980,50,2.914
748,1981,50,2.978
748,1982,50,3.058
748,1983,50,3.145
748,1984,50,3.238
748,1985,50,3.327
748,1986,50,3.516
748,1987,50,3.714
748,1988,50,3.912
748,1989,50,4.163
748,1990,50,4.361
748,1991,50,4.602
748,1992,50,4.867
748,1993,50,5.137
748,1994,50,5.337
748,1995,50,5.285
748,1996,50,5.495
748,1997,50,5.679
748,1998,50,5.794
748,1999,50,6.104
748,2000,50,6.37
748,2001,50,6.351
748,2002,50,6.27
748,2003,50,6.199
748,2004,50,6.157
748,2005,50,6.165
748,2006,50,6.252
748,2007,50,6.428
748,2008,50,6.678
748,2009,50,6.811
748,2010,50,6.803
748,2011,50,6.677
748,2012,50,6.739
748,2013,50,6.991
748,2014,50,7.161
748,2015,50,7.222
748,2016,50,7.139
748,2017,50,7.635
748,2018,50,8.816
748,2019,50,8.956
748,2020,50,8.071
748,2021,50,7.706
748,2022,50,8.083
748,2023,50,8.516
426,1950,50,4.653
426,1951,50,4.628
426,1952,50,4.585
426,1953,50,4.516
426,1954,50,4.423
426,1955,50,4.308
426,1956,50,4.176
426,1957,50,4.037
426,1958,50,4.131
426,1959,50,4.281
426,1960,50,4.493
426,1961,50,4.76
426,1962,50,5.068
426,1963,50,5.405
426,1964,50,5.759
426,1965,50,6.114
426,1966,50,6.456
426,1967,50,7.211
426,1968,50,7.556
426,1969,50,7.863
426,1970,50,8.126
426,1971,50,8.34
426,1972,50,8.526
426,1973,50,8.719
426,1974,50,8.946
426,1975,50,9.215
426,1976,50,9.53
426,1977,50,9.779
426,1978,50,10.028
426,1979,50,10.319
426,1980,50,10.646
426,1981,50,11.007
426,1982,50,11.375
426,1983,50,11.702
426,1984,50,11.965
426,1985,50,12.155
426,1986,50,12.252
426,1987,50,12.204
426,1988,50,12.083
426,1989,50,11.949
426,1990,50,11.769
426,1991,50,11.534
426,1992,50,11.29
426,1993,50,11.084
426,1994,50,10.954
426,1995,50,10.937
426,1996,50,11.067
426,1997,50,11.384
426,1998,50,12.264
426,1999,50,13.526
426,2000,50,12.852
426,2001,50,11.79
426,2002,50,12.325
426,2003,50,12.8
426,2004,50,13.201
426,2005,50,13.492
426,2006,50,13.686
426,2007,50,13.786
426,2008,50,13.786
426,2009,50,13.705
426,2010,50,13.567
426,2011,50,13.388
426,2012,50,13.198
426,2013,50,12.956
426,2014,50,12.776
426,2015,50,12.742
426,2016,50,12.71
426,2017,50,12.656
426,2018,50,12.604
426,2019,50,12.568
426,2020,50,12.602
426,2021,50,12.698
426,2022,50,12.89
426,2023,50,13.165
516,1950,50,4.014
516,1951,50,4.1
516,1952,50,4.195
516,1953,50,4.258
516,1954,50,4.268
516,1955,50,4.26
516,1956,50,4.255
516,1957,50,4.243
516,1958,50,4.248
516,1959,50,4.3
516,1960,50,4.376
516,1961,50,4.448
516,1962,50,4.524
516,1963,50,4.6
516,1964,50,4.674
516,1965,50,4.746
516,1966,50,4.824
516,1967,50,4.907
516,1968,50,4.983
516,1969,50,5.042
516,1970,50,5.107
516,1971,50,5.16
516,1972,50,5.194
516,1973,50,5.258
516,1974,50,5.374
516,1975,50,5.501
516,1976,50,5.643
516,1977,50,5.776
516,1978,50,5.855
516,1979,50,5.715
516,1980,50,5.64
516,1981,50,5.522
516,1982,50,5.401
516,1983,50,5.424
516,1984,50,5.51
516,1985,50,5.652
516,1986,50,5.832
516,1987,50,6.048
516,1988,50,6.306
516,1989,50,6.648
516,1990,50,7.427
516,1991,50,7.801
516,1992,50,8.174
516,1993,50,8.577
516,1994,50,8.998
516,1995,50,9.39
516,1996,50,9.726
516,1997,50,9.958
516,1998,50,10.076
516,1999,50,10.358
516,2000,50,10.593
516,2001,50,10.697
516,2002,50,10.913
516,2003,50,11.122
516,2004,50,11.364
516,2005,50,11.631
516,2006,50,11.938
516,2007,50,12.292
516,2008,50,12.707
516,2009,50,13.167
516,2010,50,13.671
516,2011,50,14.234
516,2012,50,14.839
516,2013,50,15.671
516,2014,50,16.452
516,2015,50,16.955
516,2016,50,17.382
516,2017,50,17.931
516,2018,50,18.675
516,2019,50,19.544
516,2020,50,20.289
516,2021,50,20.631
516,2022,50,21.082
516,2023,50,22.388
710,1950,50,92.908
710,1951,50,95.706
710,1952,50,98.616
710,1953,50,101.736
710,1954,50,105.293
710,1955,50,108.702
710,1956,50,112.075
710,1957,50,115.416
710,1958,50,118.811
710,1959,50,122.729
710,1960,50,125.752
710,1961,50,128.157
710,1962,50,131.209
710,1963,50,134.144
710,1964,50,136.99
710,1965,50,139.772
710,1966,50,142.522
710,1967,50,145.353
710,1968,50,148.21
710,1969,50,151.099
710,1970,50,154.051
710,1971,50,157.131
710,1972,50,160.65
710,1973,50,164.33
710,1974,50,168.129
710,1975,50,171.959
710,1976,50,175.784
710,1977,50,179.647
710,1978,50,183.696
710,1979,50,188.006
710,1980,50,192.58
710,1981,50,199.63
710,1982,50,207.546
710,1983,50,216.074
710,1984,50,226.243
710,1985,50,239.674
710,1986,50,249.741
710,1987,50,259.747
710,1988,50,273.345
710,1989,50,287.44
710,1990,50,301.602
710,1991,50,315.201
710,1992,50,324.232
710,1993,50,320.059
710,1994,50,351.697
710,1995,50,311.198
710,1996,50,305.952
710,1997,50,294.478
710,1998,50,315.304
710,1999,50,332.401
710,2000,50,348.045
710,2001,50,359.387
710,2002,50,367.764
710,2003,50,375.215
710,2004,50,378.423
710,2005,50,384.737
710,2006,50,398.881
710,2007,50,420.425
710,2008,50,443.181
710,2009,50,460.281
710,2010,50,475.45
710,2011,50,486.5
710,2012,50,490.799
710,2013,50,496.078
710,2014,50,500.194
710,2015,50,502.514
710,2016,50,511.601
710,2017,50,516.075
710,2018,50,535.304
710,2019,50,554.865
710,2020,50,574.08
710,2021,50,589.991
710,2022,50,601.303
710,2023,50,613.219
204,1950,50,20.848
204,1951,50,20.848
204,1952,50,20.831
204,1953,50,20.84
204,1954,50,20.895
204,1955,50,20.95
204,1956,50,21.005
204,1957,50,21.07
204,1958,50,21.103
204,1959,50,21.071
204,1960,50,21.018
204,1961,50,20.97
204,1962,50,20.928
204,1963,50,20.918
204,1964,50,20.954
204,1965,50,21.021
204,1966,50,21.095
204,1967,50,21.18
204,1968,50,21.263
204,1969,50,21.332
204,1970,50,21.401
204,1971,50,21.488
204,1972,50,21.595
204,1973,50,21.721
204,1974,50,21.862
204,1975,50,22.024
204,1976,50,22.208
204,1977,50,22.425
204,1978,50,22.698
204,1979,50,23.053
204,1980,50,23.474
204,1981,50,23.968
204,1982,50,24.543
204,1983,50,25.121
204,1984,50,25.667
204,1985,50,26.282
204,1986,50,26.962
204,1987,50,27.658
204,1988,50,28.497
204,1989,50,29.579
204,1990,50,30.737
204,1991,50,31.838
204,1992,50,33.016
204,1993,50,34.265
204,1994,50,36.382
204,1995,50,36.86
204,1996,50,37.192
204,1997,50,37.559
204,1998,50,38.606
204,1999,50,39.356
204,2000,50,40.103
204,2001,50,41.457
204,2002,50,42.763
204,2003,50,44.256
204,2004,50,45.876
204,2005,50,47.652
204,2006,50,49.73
204,2007,50,51.708
204,2008,50,53.891
204,2009,50,56.188
204,2010,50,58.62
204,2011,50,61.453
204,2012,50,64.305
204,2013,50,66.798
204,2014,50,69.273
204,2015,50,71.753
204,2016,50,74.104
204,2017,50,76.365
204,2018,50,78.695
204,2019,50,81.18
204,2020,50,83.782
204,2021,50,86.385
204,2022,50,89.062
204,2023,50,91.723
854,1950,50,30.307
854,1951,50,31.152
854,1952,50,32.028
854,1953,50,32.845
854,1954,50,33.539
854,1955,50,34.207
854,1956,50,34.863
854,1957,50,35.481
854,1958,50,36.15
854,1959,50,36.911
854,1960,50,37.717
854,1961,50,38.498
854,1962,50,39.268
854,1963,50,39.956
854,1964,50,40.521
854,1965,50,41.027
854,1966,50,41.526
854,1967,50,41.977
854,1968,50,42.412
854,1969,50,42.828
854,1970,50,43.204
854,1971,50,43.529
854,1972,50,43.779
854,1973,50,44.004
854,1974,50,44.186
854,1975,50,44.357
854,1976,50,44.519
854,1977,50,44.711
854,1978,50,44.925
854,1979,50,45.14
854,1980,50,45.425
854,1981,50,45.863
854,1982,50,46.398
854,1983,50,47.016
854,1984,50,47.823
854,1985,50,48.753
854,1986,50,49.899
854,1987,50,51.278
854,1988,50,52.605
854,1989,50,53.705
854,1990,50,54.744
854,1991,50,56.028
854,1992,50,57.511
854,1993,50,59.319
854,1994,50,61.268
854,1995,50,63.109
854,1996,50,64.362
854,1997,50,64.16
854,1998,50,59.951
854,1999,50,57.035
854,2000,50,59.177
854,2001,50,62.095
854,2002,50,64.968
854,2003,50,67.947
854,2004,50,70.884
854,2005,50,73.905
854,2006,50,76.987
854,2007,50,79.962
854,2008,50,82.899
854,2009,50,85.888
854,2010,50,88.782
854,2011,50,91.628
854,2012,50,94.569
854,2013,50,97.538
854,2014,50,100.68
854,2015,50,104.109
854,2016,50,107.543
854,2017,50,111.23
854,2018,50,115.155
854,2019,50,118.964
854,2020,50,122.788
854,2021,50,127.122
854,2022,50,131.942
854,2023,50,137.65
132,1950,50,1.28
132,1951,50,1.343
132,1952,50,1.405
132,1953,50,1.467
132,1954,50,1.526
132,1955,50,1.583
132,1956,50,1.623
132,1957,50,1.659
132,1958,50,1.69
132,1959,50,1.711
132,1960,50,1.725
132,1961,50,1.733
132,1962,50,1.719
132,1963,50,1.744
132,1964,50,1.773
132,1965,50,1.809
132,1966,50,1.848
132,1967,50,1.896
132,1968,50,1.959
132,1969,50,2.031
132,1970,50,2.111
132,1971,50,2.128
132,1972,50,2.117
132,1973,50,2.097
132,1974,50,2.072
132,1975,50,2.036
132,1976,50,1.98
132,1977,50,1.934
132,1978,50,1.901
132,1979,50,1.89
132,1980,50,1.904
132,1981,50,1.9
132,1982,50,1.92
132,1983,50,1.93
132,1984,50,1.928
132,1985,50,1.911
132,1986,50,1.884
132,1987,50,1.851
132,1988,50,1.815
132,1989,50,1.777
132,1990,50,1.737
132,1991,50,1.7
132,1992,50,1.678
132,1993,50,1.676
132,1994,50,1.694
132,1995,50,1.737
132,1996,50,1.803
132,1997,50,1.892
132,1998,50,2.005
132,1999,50,2.136
132,2000,50,2.281
132,2001,50,2.405
132,2002,50,2.537
132,2003,50,2.704
132,2004,50,2.883
132,2005,50,3.069
132,2006,50,3.282
132,2007,50,3.518
132,2008,50,3.741
132,2009,50,3.954
132,2010,50,4.191
132,2011,50,4.436
132,2012,50,4.621
132,2013,50,4.752
132,2014,50,4.857
132,2015,50,4.923
132,2016,50,4.948
132,2017,50,4.961
132,2018,50,4.936
132,2019,50,4.834
132,2020,50,4.711
132,2021,50,4.649
132,2022,50,4.683
132,2023,50,4.689
384,1950,50,17.197
384,1951,50,17.743
384,1952,50,18.3
384,1953,50,18.867
384,1954,50,19.452
384,1955,50,20.056
384,1956,50,20.685
384,1957,50,21.343
384,1958,50,22.032
384,1959,50,22.76
384,1960,50,23.544
384,1961,50,24.396
384,1962,50,25.315
384,1963,50,26.302
384,1964,50,27.345
384,1965,50,28.444
384,1966,50,29.594
384,1967,50,30.798
384,1968,50,32.056
384,1969,50,33.928
384,1970,50,35.924
384,1971,50,37.518
384,1972,50,39.255
384,1973,50,41.13
384,1974,50,43.123
384,1975,50,45.224
384,1976,50,47.421
384,1977,50,49.045
384,1978,50,50.607
384,1979,50,52.099
384,1980,50,53.515
384,1981,50,54.875
384,1982,50,56.189
384,1983,50,57.434
384,1984,50,58.586
384,1985,50,59.636
384,1986,50,60.722
384,1987,50,61.834
384,1988,50,62.743
384,1989,50,63.198
384,1990,50,63.869
384,1991,50,64.546
384,1992,50,65.343
384,1993,50,66.287
384,1994,50,67.304
384,1995,50,68.16
384,1996,50,68.717
384,1997,50,68.73
384,1998,50,67.782
384,1999,50,69.042
384,2000,50,73.363
384,2001,50,77.404
384,2002,50,80.966
384,2003,50,84.724
384,2004,50,88.701
384,2005,50,92.886
384,2006,50,97.241
384,2007,50,101.742
384,2008,50,106.414
384,2009,50,113.651
384,2010,50,121.126
384,2011,50,128.048
384,2012,50,133.944
384,2013,50,139.895
384,2014,50,146.453
384,2015,50,151.606
384,2016,50,156.482
384,2017,50,161.852
384,2018,50,167.727
384,2019,50,174.627
384,2020,50,182.333
384,2021,50,190.663
384,2022,50,199.829
384,2023,50,210.335
270,1950,50,2.005
270,1951,50,2.057
270,1952,50,2.11
270,1953,50,2.166
270,1954,50,2.224
270,1955,50,2.284
270,1956,50,2.345
270,1957,50,2.409
270,1958,50,2.475
270,1959,50,2.545
270,1960,50,2.615
270,1961,50,2.696
270,1962,50,2.79
270,1963,50,2.874
270,1964,50,2.937
270,1965,50,3.008
270,1966,50,3.082
270,1967,50,3.15
270,1968,50,3.267
270,1969,50,3.473
270,1970,50,3.711
270,1971,50,3.955
270,1972,50,4.217
270,1973,50,4.443
270,1974,50,4.596
270,1975,50,4.65
270,1976,50,4.7
270,1977,50,4.736
270,1978,50,4.771
270,1979,50,4.807
270,1980,50,4.833
270,1981,50,4.851
270,1982,50,4.871
270,1983,50,4.868
270,1984,50,4.806
270,1985,50,4.86
270,1986,50,4.931
270,1987,50,5.0
270,1988,50,5.088
270,1989,50,5.22
270,1990,50,5.376
270,1991,50,5.544
270,1992,50,5.747
270,1993,50,5.997
270,1994,50,6.312
270,1995,50,6.588
270,1996,50,6.798
270,1997,50,6.87
270,1998,50,6.665
270,1999,50,6.359
270,2000,50,6.602
270,2001,50,7.178
270,2002,50,7.639
270,2003,50,8.134
270,2004,50,8.664
270,2005,50,9.237
270,2006,50,9.851
270,2007,50,10.504
270,2008,50,11.189
270,2009,50,11.857
270,2010,50,12.503
270,2011,50,13.145
270,2012,50,13.767
270,2013,50,14.349
270,2014,50,14.873
270,2015,50,15.332
270,2016,50,15.709
270,2017,50,16.025
270,2018,50,16.275
270,2019,50,16.444
270,2020,50,16.546
270,2021,50,16.661
270,2022,50,16.783
270,2023,50,16.866
288,1950,50,26.811
288,1951,50,27.076
288,1952,50,27.481
288,1953,50,28.087
288,1954,50,28.935
288,1955,50,30.164
288,1956,50,31.623
288,1957,50,33.049
288,1958,50,34.081
288,1959,50,35.534
288,1960,50,37.845
288,1961,50,39.476
288,1962,50,39.488
288,1963,50,40.123
288,1964,50,41.163
288,1965,50,42.619
288,1966,50,43.764
288,1967,50,44.161
288,1968,50,44.645
288,1969,50,45.779
288,1970,50,47.453
288,1971,50,49.04
288,1972,50,50.285
288,1973,50,51.257
288,1974,50,53.102
288,1975,50,56.328
288,1976,50,59.868
288,1977,50,63.414
288,1978,50,66.611
288,1979,50,69.374
288,1980,50,72.663
288,1981,50,76.832
288,1982,50,80.641
288,1983,50,84.239
288,1984,50,87.382
288,1985,50,88.405
288,1986,50,89.232
288,1987,50,90.775
288,1988,50,92.352
288,1989,50,93.147
288,1990,50,93.413
288,1991,50,94.837
288,1992,50,96.298
288,1993,50,95.648
288,1994,50,94.245
288,1995,50,94.724
288,1996,50,95.532
288,1997,50,96.286
288,1998,50,99.832
288,1999,50,105.001
288,2000,50,108.545
288,2001,50,111.128
288,2002,50,114.602
288,2003,50,118.666
288,2004,50,123.43
288,2005,50,129.26
288,2006,50,136.112
288,2007,50,143.616
288,2008,50,151.507
288,2009,50,158.151
288,2010,50,163.591
288,2011,50,180.858
288,2012,50,199.033
288,2013,50,205.956
288,2014,50,211.478
288,2015,50,215.868
288,2016,50,220.822
288,2017,50,227.755
288,2018,50,237.163
288,2019,50,247.887
288,2020,50,254.289
288,2021,50,253.428
288,2022,50,258.536
288,2023,50,271.753
324,1950,50,22.786
324,1951,50,23.22
324,1952,50,23.699
324,1953,50,24.15
324,1954,50,24.544
324,1955,50,24.951
324,1956,50,25.364
324,1957,50,25.759
324,1958,50,26.253
324,1959,50,26.912
324,1960,50,27.633
324,1961,50,28.358
324,1962,50,29.107
324,1963,50,29.8
324,1964,50,30.377
324,1965,50,30.908
324,1966,50,31.455
324,1967,50,32.003
324,1968,50,32.56
324,1969,50,33.136
324,1970,50,33.708
324,1971,50,34.242
324,1972,50,34.739
324,1973,50,35.209
324,1974,50,35.65
324,1975,50,36.051
324,1976,50,36.424
324,1977,50,36.775
324,1978,50,37.074
324,1979,50,37.315
324,1980,50,37.554
324,1981,50,37.831
324,1982,50,38.128
324,1983,50,38.449
324,1984,50,38.797
324,1985,50,39.158
324,1986,50,39.636
324,1987,50,40.229
324,1988,50,40.736
324,1989,50,41.038
324,1990,50,41.2
324,1991,50,42.678
324,1992,50,44.102
324,1993,50,44.809
324,1994,50,45.893
324,1995,50,46.18
324,1996,50,46.799
324,1997,50,48.229
324,1998,50,49.079
324,1999,50,49.579
324,2000,50,50.586
324,2001,50,51.863
324,2002,50,51.989
324,2003,50,52.978
324,2004,50,54.081
324,2005,50,55.179
324,2006,50,56.285
324,2007,50,57.648
324,2008,50,59.219
324,2009,50,60.906
324,2010,50,62.659
324,2011,50,64.467
324,2012,50,66.291
324,2013,50,68.063
324,2014,50,69.813
324,2015,50,71.534
324,2016,50,73.232
324,2017,50,74.864
324,2018,50,76.439
324,2019,50,78.023
324,2020,50,79.627
324,2021,50,81.201
324,2022,50,82.82
324,2023,50,84.573
624,1950,50,3.899
624,1951,50,3.88
624,1952,50,3.793
624,1953,50,3.789
624,1954,50,3.954
624,1955,50,4.185
624,1956,50,4.398
624,1957,50,4.615
624,1958,50,4.798
624,1959,50,4.91
624,1960,50,4.984
624,1961,50,5.071
624,1962,50,5.231
624,1963,50,5.36
624,1964,50,5.435
624,1965,50,5.385
624,1966,50,5.336
624,1967,50,5.318
624,1968,50,5.385
624,1969,50,5.484
624,1970,50,5.492
624,1971,50,5.58
624,1972,50,5.574
624,1973,50,5.599
624,1974,50,5.595
624,1975,50,5.364
624,1976,50,5.179
624,1977,50,5.036
624,1978,50,4.95
624,1979,50,4.927
624,1980,50,4.929
624,1981,50,5.009
624,1982,50,5.076
624,1983,50,5.13
624,1984,50,5.176
624,1985,50,5.209
624,1986,50,5.23
624,1987,50,5.244
624,1988,50,5.254
624,1989,50,5.26
624,1990,50,5.269
624,1991,50,5.281
624,1992,50,5.386
624,1993,50,5.554
624,1994,50,5.77
624,1995,50,5.987
624,1996,50,6.189
624,1997,50,6.418
624,1998,50,6.672
624,1999,50,6.949
624,2000,50,7.253
624,2001,50,7.557
624,2002,50,7.829
624,2003,50,8.068
624,2004,50,8.272
624,2005,50,8.445
624,2006,50,8.602
624,2007,50,8.748
624,2008,50,8.88
624,2009,50,8.993
624,2010,50,9.104
624,2011,50,9.231
624,2012,50,9.383
624,2013,50,9.575
624,2014,50,9.789
624,2015,50,10.025
624,2016,50,10.337
624,2017,50,10.774
624,2018,50,11.367
624,2019,50,12.099
624,2020,50,12.883
624,2021,50,13.675
624,2022,50,14.473
624,2023,50,15.269
430,1950,50,6.121
430,1951,50,6.255
430,1952,50,6.399
430,1953,50,6.545
430,1954,50,6.687
430,1955,50,6.84
430,1956,50,6.998
430,1957,50,7.155
430,1958,50,7.335
430,1959,50,7.548
430,1960,50,7.784
430,1961,50,8.031
430,1962,50,8.294
430,1963,50,8.541
430,1964,50,8.755
430,1965,50,8.966
430,1966,50,9.185
430,1967,50,9.393
430,1968,50,9.643
430,1969,50,9.959
430,1970,50,10.299
430,1971,50,10.649
430,1972,50,11.008
430,1973,50,11.329
430,1974,50,11.586
430,1975,50,11.819
430,1976,50,12.065
430,1977,50,12.314
430,1978,50,12.597
430,1979,50,12.918
430,1980,50,13.269
430,1981,50,13.63
430,1982,50,13.997
430,1983,50,14.382
430,1984,50,14.82
430,1985,50,15.276
430,1986,50,15.738
430,1987,50,16.2
430,1988,50,16.686
430,1989,50,17.207
430,1990,50,17.645
430,1991,50,13.053
430,1992,50,13.881
430,1993,50,14.607
430,1994,50,14.955
430,1995,50,14.328
430,1996,50,14.799
430,1997,50,14.474
430,1998,50,16.102
430,1999,50,16.765
430,2000,50,17.797
430,2001,50,18.667
430,2002,50,19.382
430,2003,50,19.911
430,2004,50,19.932
430,2005,50,20.605
430,2006,50,21.981
430,2007,50,23.278
430,2008,50,24.5
430,2009,50,25.431
430,2010,50,26.3
430,2011,50,27.201
430,2012,50,28.687
430,2013,50,29.501
430,2014,50,30.273
430,2015,50,30.976
430,2016,50,31.712
430,2017,50,32.377
430,2018,50,33.096
430,2019,50,33.854
430,2020,50,34.503
430,2021,50,35.133
430,2022,50,36.161
430,2023,50,37.587
466,1950,50,34.399
466,1951,50,35.995
466,1952,50,37.65
466,1953,50,39.138
466,1954,50,40.286
466,1955,50,41.281
466,1956,50,42.286
466,1957,50,43.252
466,1958,50,44.199
466,1959,50,45.143
466,1960,50,46.109
466,1961,50,46.998
466,1962,50,47.809
466,1963,50,48.609
466,1964,50,49.423
466,1965,50,50.171
466,1966,50,50.861
466,1967,50,51.523
466,1968,50,52.0
466,1969,50,52.091
466,1970,50,52.006
466,1971,50,51.882
466,1972,50,51.65
466,1973,50,51.531
466,1974,50,51.62
466,1975,50,51.754
466,1976,50,51.841
466,1977,50,51.886
466,1978,50,51.911
466,1979,50,51.837
466,1980,50,51.732
466,1981,50,51.818
466,1982,50,52.047
466,1983,50,52.207
466,1984,50,52.246
466,1985,50,52.328
466,1986,50,52.513
466,1987,50,52.679
466,1988,50,53.107
466,1989,50,54.165
466,1990,50,56.766
466,1991,50,59.658
466,1992,50,61.222
466,1993,50,61.952
466,1994,50,61.66
466,1995,50,60.557
466,1996,50,60.31
466,1997,50,61.67
466,1998,50,61.635
466,1999,50,60.38
466,2000,50,62.049
466,2001,50,64.602
466,2002,50,65.611
466,2003,50,66.566
466,2004,50,67.554
466,2005,50,68.614
466,2006,50,69.793
466,2007,50,71.109
466,2008,50,72.526
466,2009,50,74.076
466,2010,50,75.88
466,2011,50,77.994
466,2012,50,80.162
466,2013,50,81.911
466,2014,50,84.562
466,2015,50,87.673
466,2016,50,91.389
466,2017,50,95.649
466,2018,50,100.339
466,2019,50,105.376
466,2020,50,110.685
466,2021,50,116.71
466,2022,50,123.196
466,2023,50,130.018
478,1950,50,4.242
478,1951,50,4.37
478,1952,50,4.499
478,1953,50,4.634
478,1954,50,4.781
478,1955,50,4.932
478,1956,50,5.081
478,1957,50,5.234
478,1958,50,5.388
478,1959,50,5.537
478,1960,50,5.687
478,1961,50,5.841
478,1962,50,5.998
478,1963,50,6.159
478,1964,50,6.324
478,1965,50,6.493
478,1966,50,6.666
478,1967,50,6.841
478,1968,50,7.022
478,1969,50,7.209
478,1970,50,7.407
478,1971,50,7.607
478,1972,50,7.804
478,1973,50,8.012
478,1974,50,8.234
478,1975,50,8.458
478,1976,50,8.682
478,1977,50,8.905
478,1978,50,9.129
478,1979,50,9.36
478,1980,50,9.588
478,1981,50,9.83
478,1982,50,10.085
478,1983,50,10.338
478,1984,50,10.578
478,1985,50,10.808
478,1986,50,11.076
478,1987,50,11.383
478,1988,50,11.659
478,1989,50,11.863
478,1990,50,12.213
478,1991,50,12.704
478,1992,50,12.998
478,1993,50,13.585
478,1994,50,14.064
478,1995,50,14.56
478,1996,50,14.877
478,1997,50,15.088
478,1998,50,15.198
478,1999,50,14.694
478,2000,50,13.986
478,2001,50,13.996
478,2002,50,14.409
478,2003,50,14.862
478,2004,50,15.347
478,2005,50,15.904
478,2006,50,16.53
478,2007,50,17.179
478,2008,50,17.878
478,2009,50,19.039
478,2010,50,20.19
478,2011,50,21.283
478,2012,50,22.259
478,2013,50,23.12
478,2014,50,23.824
478,2015,50,24.582
478,2016,50,25.415
478,2017,50,26.314
478,2018,50,27.269
478,2019,50,28.255
478,2020,50,29.228
478,2021,50,30.17
478,2022,50,31.099
478,2023,50,32.062
562,1950,50,13.181
562,1951,50,13.778
562,1952,50,14.357
562,1953,50,14.931
562,1954,50,15.576
562,1955,50,16.244
562,1956,50,16.899
562,1957,50,17.557
562,1958,50,18.198
562,1959,50,18.808
562,1960,50,19.407
562,1961,50,20.018
562,1962,50,20.64
562,1963,50,21.26
562,1964,50,21.874
562,1965,50,22.481
562,1966,50,23.094
562,1967,50,23.717
562,1968,50,24.332
562,1969,50,24.932
562,1970,50,25.519
562,1971,50,26.126
562,1972,50,26.762
562,1973,50,27.39
562,1974,50,27.993
562,1975,50,28.625
562,1976,50,29.28
562,1977,50,29.952
562,1978,50,30.741
562,1979,50,31.715
562,1980,50,32.8
562,1981,50,33.952
562,1982,50,35.192
562,1983,50,36.439
562,1984,50,37.654
562,1985,50,38.949
562,1986,50,40.409
562,1987,50,41.994
562,1988,50,43.719
562,1989,50,45.641
562,1990,50,47.64
562,1991,50,49.656
562,1992,50,51.858
562,1993,50,54.222
562,1994,50,56.496
562,1995,50,58.449
562,1996,50,59.822
562,1997,50,60.004
562,1998,50,60.909
562,1999,50,63.144
562,2000,50,65.966
562,2001,50,69.075
562,2002,50,71.663
562,2003,50,74.223
562,2004,50,76.824
562,2005,50,79.502
562,2006,50,82.18
562,2007,50,84.962
562,2008,50,87.949
562,2009,50,91.017
562,2010,50,94.196
562,2011,50,97.421
562,2012,50,100.62
562,2013,50,103.98
562,2014,50,107.121
562,2015,50,110.134
562,2016,50,113.35
562,2017,50,116.749
562,2018,50,120.001
562,2019,50,123.359
562,2020,50,126.895
562,2021,50,130.663
562,2022,50,134.721
562,2023,50,139.297
566,1950,50,272.591
566,1951,50,272.289
566,1952,50,272.244
566,1953,50,274.177
566,1954,50,278.546
566,1955,50,284.352
566,1956,50,290.122
566,1957,50,296.377
566,1958,50,302.405
566,1959,50,307.433
566,1960,50,312.841
566,1961,50,318.705
566,1962,50,324.662
566,1963,50,331.669
566,1964,50,340.423
566,1965,50,349.917
566,1966,50,359.582
566,1967,50,369.272
566,1968,50,378.596
566,1969,50,387.054
566,1970,50,395.219
566,1971,50,403.937
566,1972,50,412.703
566,1973,50,421.72
566,1974,50,430.886
566,1975,50,440.496
566,1976,50,450.592
566,1977,50,461.015
566,1978,50,472.205
566,1979,50,483.835
566,1980,50,496.229
566,1981,50,509.655
566,1982,50,523.091
566,1983,50,536.886
566,1984,50,546.909
566,1985,50,561.13
566,1986,50,576.563
566,1987,50,593.395
566,1988,50,609.564
566,1989,50,623.627
566,1990,50,637.181
566,1991,50,652.643
566,1992,50,669.259
566,1993,50,688.044
566,1994,50,706.965
566,1995,50,724.808
566,1996,50,738.606
566,1997,50,744.735
566,1998,50,739.231
566,1999,50,739.196
566,2000,50,763.221
566,2001,50,792.509
566,2002,50,813.579
566,2003,50,835.505
566,2004,50,858.746
566,2005,50,882.678
566,2006,50,907.218
566,2007,50,932.122
566,2008,50,956.455
566,2009,50,980.221
566,2010,50,1005.415
566,2011,50,1032.744
566,2012,50,1062.182
566,2013,50,1091.786
566,2014,50,1121.574
566,2015,50,1152.604
566,2016,50,1184.958
566,2017,50,1221.288
566,2018,50,1260.509
566,2019,50,1301.381
566,2020,50,1344.101
566,2021,50,1393.816
566,2022,50,1447.755
566,2023,50,1504.286
654,1950,50,0.031
654,1951,50,0.035
654,1952,50,0.04
654,1953,50,0.043
654,1954,50,0.045
654,1955,50,0.047
654,1956,50,0.048
654,1957,50,0.05
654,1958,50,0.05
654,1959,50,0.052
654,1960,50,0.051
654,1961,50,0.048
654,1962,50,0.049
654,1963,50,0.053
654,1964,50,0.055
654,1965,50,0.056
654,1966,50,0.054
654,1967,50,0.048
654,1968,50,0.046
654,1969,50,0.047
654,1970,50,0.047
654,1971,50,0.047
654,1972,50,0.046
654,1973,50,0.043
654,1974,50,0.042
654,1975,50,0.043
654,1976,50,0.044
654,1977,50,0.045
654,1978,50,0.046
654,1979,50,0.048
654,1980,50,0.045
654,1981,50,0.047
654,1982,50,0.056
654,1983,50,0.056
654,1984,50,0.049
654,1985,50,0.052
654,1986,50,0.051
654,1987,50,0.052
654,1988,50,0.062
654,1989,50,0.056
654,1990,50,0.057
654,1991,50,0.056
654,1992,50,0.058
654,1993,50,0.086
654,1994,50,0.095
654,1995,50,0.087
654,1996,50,0.088
654,1997,50,0.086
654,1998,50,0.079
654,1999,50,0.081
654,2000,50,0.095
654,2001,50,0.095
654,2002,50,0.093
654,2003,50,0.093
654,2004,50,0.08
654,2005,50,0.069
654,2006,50,0.073
654,2007,50,0.087
654,2008,50,0.091
654,2009,50,0.1
654,2010,50,0.1
654,2011,50,0.091
654,2012,50,0.094
654,2013,50,0.096
654,2014,50,0.097
654,2015,50,0.085
654,2016,50,0.078
654,2017,50,0.099
654,2018,50,0.1
654,2019,50,0.097
654,2020,50,0.097
654,2021,50,0.089
654,2022,50,0.078
654,2023,50,0.08
686,1950,50,17.563
686,1951,50,17.999
686,1952,50,18.461
686,1953,50,18.937
686,1954,50,19.422
686,1955,50,19.926
686,1956,50,20.44
686,1957,50,20.964
686,1958,50,21.516
686,1959,50,22.105
686,1960,50,22.717
686,1961,50,23.348
686,1962,50,24.002
686,1963,50,24.665
686,1964,50,25.333
686,1965,50,26.023
686,1966,50,26.751
686,1967,50,27.521
686,1968,50,28.323
686,1969,50,29.153
686,1970,50,30.016
686,1971,50,30.899
686,1972,50,31.797
686,1973,50,32.745
686,1974,50,33.756
686,1975,50,34.754
686,1976,50,35.702
686,1977,50,36.605
686,1978,50,37.383
686,1979,50,38.106
686,1980,50,38.821
686,1981,50,39.564
686,1982,50,40.326
686,1983,50,41.091
686,1984,50,41.83
686,1985,50,42.52
686,1986,50,43.387
686,1987,50,44.432
686,1988,50,45.292
686,1989,50,45.779
686,1990,50,46.115
686,1991,50,46.629
686,1992,50,47.38
686,1993,50,48.378
686,1994,50,49.533
686,1995,50,50.644
686,1996,50,52.6
686,1997,50,54.637
686,1998,50,55.273
686,1999,50,55.562
686,2000,50,56.477
686,2001,50,57.578
686,2002,50,58.518
686,2003,50,59.527
686,2004,50,60.858
686,2005,50,62.311
686,2006,50,63.904
686,2007,50,65.53
686,2008,50,67.311
686,2009,50,69.455
686,2010,50,71.792
686,2011,50,74.233
686,2012,50,76.886
686,2013,50,79.623
686,2014,50,83.222
686,2015,50,87.256
686,2016,50,91.552
686,2017,50,95.798
686,2018,50,99.843
686,2019,50,103.799
686,2020,50,107.814
686,2021,50,111.933
686,2022,50,116.308
686,2023,50,120.931
694,1950,50,15.66
694,1951,50,15.941
694,1952,50,16.219
694,1953,50,16.496
694,1954,50,16.77
694,1955,50,17.047
694,1956,50,17.316
694,1957,50,17.58
694,1958,50,17.842
694,1959,50,18.087
694,1960,50,18.355
694,1961,50,18.635
694,1962,50,18.925
694,1963,50,19.225
694,1964,50,19.533
694,1965,50,19.849
694,1966,50,20.177
694,1967,50,20.506
694,1968,50,20.844
694,1969,50,21.184
694,1970,50,21.526
694,1971,50,21.869
694,1972,50,22.19
694,1973,50,22.514
694,1974,50,22.831
694,1975,50,23.134
694,1976,50,23.428
694,1977,50,23.703
694,1978,50,24.013
694,1979,50,24.329
694,1980,50,24.656
694,1981,50,25.033
694,1982,50,25.44
694,1983,50,25.84
694,1984,50,26.205
694,1985,50,26.543
694,1986,50,27.003
694,1987,50,27.674
694,1988,50,28.275
694,1989,50,28.716
694,1990,50,29.031
694,1991,50,30.456
694,1992,50,29.424
694,1993,50,29.28
694,1994,50,29.414
694,1995,50,29.41
694,1996,50,28.768
694,1997,50,28.737
694,1998,50,27.396
694,1999,50,25.336
694,2000,50,26.031
694,2001,50,27.976
694,2002,50,29.77
694,2003,50,30.948
694,2004,50,32.3
694,2005,50,33.554
694,2006,50,34.624
694,2007,50,35.514
694,2008,50,36.571
694,2009,50,37.728
694,2010,50,39.084
694,2011,50,40.462
694,2012,50,41.811
694,2013,50,43.177
694,2014,50,44.609
694,2015,50,45.941
694,2016,50,47.33
694,2017,50,48.92
694,2018,50,50.436
694,2019,50,51.909
694,2020,50,53.541
694,2021,50,55.272
694,2022,50,57.064
694,2023,50,58.997
768,1950,50,9.521
768,1951,50,9.634
768,1952,50,9.761
768,1953,50,9.919
768,1954,50,10.115
768,1955,50,10.334
768,1956,50,10.552
768,1957,50,10.766
768,1958,50,10.999
768,1959,50,11.256
768,1960,50,11.509
768,1961,50,11.766
768,1962,50,12.026
768,1963,50,12.239
768,1964,50,12.398
768,1965,50,12.593
768,1966,50,12.884
768,1967,50,13.263
768,1968,50,13.711
768,1969,50,14.182
768,1970,50,14.628
768,1971,50,15.011
768,1972,50,15.331
768,1973,50,15.62
768,1974,50,15.913
768,1975,50,16.202
768,1976,50,16.482
768,1977,50,16.76
768,1978,50,17.042
768,1979,50,17.336
768,1980,50,17.678
768,1981,50,18.108
768,1982,50,18.619
768,1983,50,19.162
768,1984,50,19.691
768,1985,50,20.218
768,1986,50,20.789
768,1987,50,21.418
768,1988,50,22.029
768,1989,50,22.573
768,1990,50,23.134
768,1991,50,23.794
768,1992,50,24.554
768,1993,50,25.415
768,1994,50,24.625
768,1995,50,26.054
768,1996,50,27.59
768,1997,50,29.003
768,1998,50,29.878
768,1999,50,30.489
768,2000,50,31.84
768,2001,50,33.397
768,2002,50,34.295
768,2003,50,35.238
768,2004,50,36.193
768,2005,50,37.182
768,2006,50,38.246
768,2007,50,39.554
768,2008,50,40.789
768,2009,50,42.175
768,2010,50,43.566
768,2011,50,45.034
768,2012,50,46.645
768,2013,50,48.405
768,2014,50,50.196
768,2015,50,52.017
768,2016,50,53.946
768,2017,50,55.862
768,2018,50,57.791
768,2019,50,60.0
768,2020,50,62.353
768,2021,50,64.769
768,2022,50,67.257
768,2023,50,69.776
398,1950,50,59.442
398,1951,50,63.535
398,1952,50,68.153
398,1953,50,71.588
398,1954,50,73.091
398,1955,50,74.116
398,1956,50,74.475
398,1957,50,74.61
398,1958,50,76.33
398,1959,50,80.014
398,1960,50,83.853
398,1961,50,88.285
398,1962,50,93.705
398,1963,50,95.715
398,1964,50,91.724
398,1965,50,85.66
398,1966,50,80.322
398,1967,50,75.119
398,1968,50,72.855
398,1969,50,75.674
398,1970,50,81.819
398,1971,50,87.188
398,1972,50,91.218
398,1973,50,99.439
398,1974,50,115.623
398,1975,50,132.468
398,1976,50,151.409
398,1977,50,161.803
398,1978,50,164.037
398,1979,50,159.558
398,1980,50,146.738
398,1981,50,133.426
398,1982,50,117.553
398,1983,50,104.653
398,1984,50,101.185
398,1985,50,108.693
398,1986,50,124.997
398,1987,50,156.022
398,1988,50,179.285
398,1989,50,190.119
398,1990,50,179.127
398,1991,50,159.124
398,1992,50,133.092
398,1993,50,107.093
398,1994,50,90.245
398,1995,50,88.743
398,1996,50,103.439
398,1997,50,126.285
398,1998,50,144.516
398,1999,50,152.713
398,2000,50,160.405
398,2001,50,165.055
398,2002,50,167.999
398,2003,50,172.806
398,2004,50,180.469
398,2005,50,187.376
398,2006,50,192.461
398,2007,50,198.905
398,2008,50,206.977
398,2009,50,212.636
398,2010,50,216.444
398,2011,50,217.138
398,2012,50,215.062
398,2013,50,211.188
398,2014,50,208.466
398,2015,50,205.934
398,2016,50,202.395
398,2017,50,201.151
398,2018,50,203.35
398,2019,50,208.58
398,2020,50,212.731
398,2021,50,215.876
398,2022,50,219.399
398,2023,50,223.271
417,1950,50,17.623
417,1951,50,18.578
417,1952,50,19.653
417,1953,50,20.219
417,1954,50,19.922
417,1955,50,19.328
417,1956,50,18.69
417,1957,50,17.864
417,1958,50,17.46
417,1959,50,17.892
417,1960,50,18.53
417,1961,50,19.385
417,1962,50,20.404
417,1963,50,20.623
417,1964,50,19.589
417,1965,50,18.131
417,1966,50,16.839
417,1967,50,15.55
417,1968,50,14.97
417,1969,50,15.802
417,1970,50,17.611
417,1971,50,19.161
417,1972,50,20.478
417,1973,50,22.409
417,1974,50,25.256
417,1975,50,28.137
417,1976,50,31.411
417,1977,50,35.085
417,1978,50,37.288
417,1979,50,37.117
417,1980,50,36.192
417,1981,50,35.198
417,1982,50,33.511
417,1983,50,32.822
417,1984,50,34.604
417,1985,50,35.806
417,1986,50,37.225
417,1987,50,38.856
417,1988,50,38.953
417,1989,50,37.823
417,1990,50,36.181
417,1991,50,32.502
417,1992,50,26.917
417,1993,50,19.989
417,1994,50,14.305
417,1995,50,14.356
417,1996,50,20.018
417,1997,50,26.684
417,1998,50,30.948
417,1999,50,33.7
417,2000,50,36.207
417,2001,50,37.695
417,2002,50,38.821
417,2003,50,40.347
417,2004,50,42.42
417,2005,50,44.89
417,2006,50,47.409
417,2007,50,49.674
417,2008,50,52.689
417,2009,50,55.986
417,2010,50,58.924
417,2011,50,61.696
417,2012,50,63.131
417,2013,50,64.969
417,2014,50,66.217
417,2015,50,66.988
417,2016,50,67.016
417,2017,50,66.556
417,2018,50,67.19
417,2019,50,68.257
417,2020,50,68.094
417,2021,50,68.053
417,2022,50,66.683
417,2023,50,66.6
762,1950,50,15.391
762,1951,50,15.811
762,1952,50,15.842
762,1953,50,15.933
762,1954,50,15.978
762,1955,50,15.884
762,1956,50,15.712
762,1957,50,15.419
762,1958,50,15.303
762,1959,50,15.526
762,1960,50,15.778
762,1961,50,16.114
762,1962,50,16.598
762,1963,50,16.67
762,1964,50,16.776
762,1965,50,16.63
762,1966,50,15.791
762,1967,50,14.937
762,1968,50,14.585
762,1969,50,15.308
762,1970,50,16.759
762,1971,50,18.058
762,1972,50,19.244
762,1973,50,20.91
762,1974,50,23.285
762,1975,50,25.756
762,1976,50,28.451
762,1977,50,31.374
762,1978,50,33.41
762,1979,50,33.942
762,1980,50,33.849
762,1981,50,33.509
762,1982,50,32.82
762,1983,50,32.769
762,1984,50,33.951
762,1985,50,35.349
762,1986,50,35.916
762,1987,50,36.637
762,1988,50,36.646
762,1989,50,36.071
762,1990,50,35.245
762,1991,50,32.51
762,1992,50,27.541
762,1993,50,21.708
762,1994,50,17.908
762,1995,50,17.959
762,1996,50,21.338
762,1997,50,25.543
762,1998,50,27.866
762,1999,50,30.041
762,2000,50,31.801
762,2001,50,34.363
762,2002,50,36.465
762,2003,50,38.384
762,2004,50,40.772
762,2005,50,43.663
762,2006,50,47.207
762,2007,50,51.361
762,2008,50,56.093
762,2009,50,60.962
762,2010,50,64.782
762,2011,50,67.407
762,2012,50,69.072
762,2013,50,70.173
762,2014,50,71.308
762,2015,50,72.346
762,2016,50,73.074
762,2017,50,74.117
762,2018,50,75.697
762,2019,50,77.803
762,2020,50,79.599
762,2021,50,80.461
762,2022,50,81.002
762,2023,50,81.771
795,1950,50,11.561
795,1951,50,12.219
795,1952,50,12.948
795,1953,50,13.433
795,1954,50,13.526
795,1955,50,13.497
795,1956,50,13.384
795,1957,50,13.177
795,1958,50,13.197
795,1959,50,13.56
795,1960,50,13.938
795,1961,50,14.371
795,1962,50,14.921
795,1963,50,14.977
795,1964,50,14.147
795,1965,50,13.022
795,1966,50,11.949
795,1967,50,10.812
795,1968,50,10.203
795,1969,50,10.499
795,1970,50,11.319
795,1971,50,11.994
795,1972,50,12.559
795,1973,50,13.508
795,1974,50,15.022
795,1975,50,16.595
795,1976,50,18.381
795,1977,50,20.386
795,1978,50,21.619
795,1979,50,22.651
795,1980,50,23.263
795,1981,50,22.739
795,1982,50,21.902
795,1983,50,21.722
795,1984,50,22.968
795,1985,50,24.544
795,1986,50,25.265
795,1987,50,26.194
795,1988,50,26.21
795,1989,50,25.441
795,1990,50,24.668
795,1991,50,22.97
795,1992,50,20.355
795,1993,50,17.47
795,1994,50,15.925
795,1995,50,16.526
795,1996,50,18.929
795,1997,50,22.022
795,1998,50,25.221
795,1999,50,28.053
795,2000,50,30.413
795,2001,50,32.796
795,2002,50,34.712
795,2003,50,36.277
795,2004,50,38.164
795,2005,50,40.505
795,2006,50,43.357
795,2007,50,46.51
795,2008,50,49.815
795,2009,50,53.126
795,2010,50,55.865
795,2011,50,57.859
795,2012,50,59.095
795,2013,50,59.63
795,2014,50,60.097
795,2015,50,61.029
795,2016,50,62.668
795,2017,50,65.234
795,2018,50,68.585
795,2019,50,72.169
795,2020,50,75.375
795,2021,50,78.016
795,2022,50,80.161
795,2023,50,81.134
860,1950,50,79.932
860,1951,50,80.962
860,1952,50,81.963
860,1953,50,81.061
860,1954,50,77.415
860,1955,50,72.774
860,1956,50,67.667
860,1957,50,61.769
860,1958,50,57.881
860,1959,50,57.36
860,1960,50,57.807
860,1961,50,58.569
860,1962,50,60.403
860,1963,50,60.9
860,1964,50,58.398
860,1965,50,55.178
860,1966,50,52.306
860,1967,50,50.098
860,1968,50,50.468
860,1969,50,54.683
860,1970,50,61.781
860,1971,50,68.189
860,1972,50,74.03
860,1973,50,81.768
860,1974,50,92.317
860,1975,50,103.087
860,1976,50,114.966
860,1977,50,127.835
860,1978,50,136.451
860,1979,50,138.035
860,1980,50,136.849
860,1981,50,135.389
860,1982,50,132.491
860,1983,50,131.568
860,1984,50,135.048
860,1985,50,139.605
860,1986,50,144.287
860,1987,50,149.323
860,1988,50,150.809
860,1989,50,145.75
860,1990,50,137.63
860,1991,50,131.225
860,1992,50,126.163
860,1993,50,121.807
860,1994,50,118.834
860,1995,50,117.837
860,1996,50,119.386
860,1997,50,123.987
860,1998,50,132.343
860,1999,50,143.847
860,2000,50,167.81
860,2001,50,187.319
860,2002,50,193.449
860,2003,50,201.919
860,2004,50,210.42
860,2005,50,220.114
860,2006,50,230.519
860,2007,50,240.659
860,2008,50,252.138
860,2009,50,266.688
860,2010,50,283.196
860,2011,50,297.374
860,2012,50,309.148
860,2013,50,315.9
860,2014,50,319.234
860,2015,50,323.364
860,2016,50,323.186
860,2017,50,321.323
860,2018,50,319.855
860,2019,50,321.116
860,2020,50,328.085
860,2021,50,336.809
860,2022,50,345.957
860,2023,50,355.105
156,1950,50,4752.324
156,1951,50,5002.634
156,1952,50,5161.736
156,1953,50,5321.485
156,1954,50,5407.657
156,1955,50,5418.452
156,1956,50,5439.253
156,1957,50,5387.752
156,1958,50,5435.792
156,1959,50,5585.323
156,1960,50,5553.09
156,1961,50,5399.023
156,1962,50,5409.479
156,1963,50,5692.048
156,1964,50,6006.835
156,1965,50,6053.142
156,1966,50,6013.17
156,1967,50,6036.859
156,1968,50,6023.04
156,1969,50,6107.698
156,1970,50,6378.212
156,1971,50,6542.157
156,1972,50,6574.842
156,1973,50,6717.692
156,1974,50,7061.229
156,1975,50,7288.556
156,1976,50,7172.333
156,1977,50,7241.611
156,1978,50,7621.601
156,1979,50,7797.614
156,1980,50,7983.255
156,1981,50,8097.64
156,1982,50,8230.118
156,1983,50,8720.529
156,1984,50,9004.338
156,1985,50,9064.337
156,1986,50,9113.137
156,1987,50,9084.353
156,1988,50,9060.022
156,1989,50,8901.747
156,1990,50,8984.636
156,1991,50,9316.569
156,1992,50,9349.788
156,1993,50,9286.635
156,1994,50,9498.189
156,1995,50,9940.958
156,1996,50,10590.486
156,1997,50,11331.039
156,1998,50,12123.429
156,1999,50,12941.555
156,2000,50,14241.913
156,2001,50,15214.188
156,2002,50,16438.374
156,2003,50,17233.223
156,2004,50,17319.544
156,2005,50,17970.959
156,2006,50,17639.513
156,2007,50,18003.204
156,2008,50,17615.746
156,2009,50,14840.235
156,2010,50,13159.642
156,2011,50,12657.357
156,2012,50,16449.528
156,2013,50,23278.008
156,2014,50,24712.273
156,2015,50,23575.58
156,2016,50,23422.525
156,2017,50,22567.191
156,2018,50,23746.478
156,2019,50,25341.016
156,2020,50,25485.325
156,2021,50,25188.081
156,2022,50,24198.325
156,2023,50,23536.319
344,1950,50,13.694
344,1951,50,14.618
344,1952,50,15.414
344,1953,50,16.319
344,1954,50,17.524
344,1955,50,19.118
344,1956,50,20.454
344,1957,50,21.598
344,1958,50,22.881
344,1959,50,24.266
344,1960,50,27.557
344,1961,50,30.231
344,1962,50,27.572
344,1963,50,23.262
344,1964,50,17.964
344,1965,50,25.926
344,1966,50,28.044
344,1967,50,30.424
344,1968,50,24.082
344,1969,50,29.303
344,1970,50,35.203
344,1971,50,40.369
344,1972,50,42.007
344,1973,50,42.441
344,1974,50,42.992
344,1975,50,44.768
344,1976,50,46.751
344,1977,50,48.033
344,1978,50,49.319
344,1979,50,49.857
344,1980,50,53.057
344,1981,50,54.964
344,1982,50,52.882
344,1983,50,54.293
344,1984,50,53.291
344,1985,50,51.247
344,1986,50,53.102
344,1987,50,52.929
344,1988,50,51.503
344,1989,50,49.41
344,1990,50,47.532
344,1991,50,45.551
344,1992,50,43.97
344,1993,50,45.7
344,1994,50,49.7
344,1995,50,53.812
344,1996,50,62.128
344,1997,50,73.022
344,1998,50,80.985
344,1999,50,88.346
344,2000,50,94.204
344,2001,50,95.191
344,2002,50,96.128
344,2003,50,100.429
344,2004,50,106.151
344,2005,50,111.929
344,2006,50,117.39
344,2007,50,123.002
344,2008,50,126.96
344,2009,50,129.516
344,2010,50,130.602
344,2011,50,128.814
344,2012,50,128.952
344,2013,50,133.8
344,2014,50,133.489
344,2015,50,126.711
344,2016,50,117.59
344,2017,50,110.922
344,2018,50,111.835
344,2019,50,113.944
344,2020,50,114.928
344,2021,50,115.886
344,2022,50,116.908
344,2023,50,117.816
446,1950,50,1.779
446,1951,50,1.87
446,1952,50,1.909
446,1953,50,1.928
446,1954,50,1.916
446,1955,50,1.917
446,1956,50,1.899
446,1957,50,1.823
446,1958,50,1.759
446,1959,50,1.68
446,1960,50,1.803
446,1961,50,1.853
446,1962,50,1.767
446,1963,50,1.786
446,1964,50,1.809
446,1965,50,1.493
446,1966,50,1.457
446,1967,50,1.459
446,1968,50,1.621
446,1969,50,1.769
446,1970,50,1.922
446,1971,50,2.007
446,1972,50,2.203
446,1973,50,2.554
446,1974,50,0.711
446,1975,50,0.963
446,1976,50,1.185
446,1977,50,1.435
446,1978,50,1.653
446,1979,50,1.873
446,1980,50,2.043
446,1981,50,2.143
446,1982,50,2.093
446,1983,50,2.015
446,1984,50,1.962
446,1985,50,1.946
446,1986,50,1.96
446,1987,50,1.96
446,1988,50,1.971
446,1989,50,1.953
446,1990,50,1.926
446,1991,50,2.007
446,1992,50,2.024
446,1993,50,2.123
446,1994,50,2.484
446,1995,50,3.011
446,1996,50,3.551
446,1997,50,3.971
446,1998,50,4.484
446,1999,50,5.08
446,2000,50,5.428
446,2001,50,5.569
446,2002,50,5.944
446,2003,50,6.601
446,2004,50,7.459
446,2005,50,8.28
446,2006,50,8.901
446,2007,50,9.537
446,2008,50,9.909
446,2009,50,9.609
446,2010,50,9.452
446,2011,50,9.825
446,2012,50,10.602
446,2013,50,11.194
446,2014,50,10.756
446,2015,50,9.974
446,2016,50,9.03
446,2017,50,8.57
446,2018,50,9.043
446,2019,50,9.335
446,2020,50,9.347
446,2021,50,9.438
446,2022,50,9.734
446,2023,50,12.755
158,1950,50,45.816
158,1951,50,49.031
158,1952,50,52.101
158,1953,50,54.469
158,1954,50,56.054
158,1955,50,59.98
158,1956,50,63.735
158,1957,50,66.013
158,1958,50,68.635
158,1959,50,71.826
158,1960,50,76.031
158,1961,50,80.396
158,1962,50,88.115
158,1963,50,93.321
158,1964,50,93.263
158,1965,50,93.279
158,1966,50,93.082
158,1967,50,98.419
158,1968,50,102.293
158,1969,50,103.864
158,1970,50,110.508
158,1971,50,124.145
158,1972,50,130.834
158,1973,50,128.416
158,1974,50,130.87
158,1975,50,141.892
158,1976,50,152.066
158,1977,50,157.637
158,1978,50,161.46
158,1979,50,165.846
158,1980,50,168.797
158,1981,50,167.766
158,1982,50,162.064
158,1983,50,158.238
158,1984,50,158.077
158,1985,50,160.222
158,1986,50,161.148
158,1987,50,163.835
158,1988,50,166.908
158,1989,50,170.947
158,1990,50,178.543
158,1991,50,181.75
158,1992,50,179.841
158,1993,50,178.132
158,1994,50,176.28
158,1995,50,161.664
158,1996,50,156.792
158,1997,50,180.908
158,1998,50,210.024
158,1999,50,237.947
158,2000,50,263.056
158,2001,50,298.714
158,2002,50,320.446
158,2003,50,320.102
158,2004,50,328.461
158,2005,50,343.774
158,2006,50,356.99
158,2007,50,354.56
158,2008,50,355.921
158,2009,50,370.84
158,2010,50,377.719
158,2011,50,380.649
158,2012,50,384.71
158,2013,50,388.108
158,2014,50,387.41
158,2015,50,381.619
158,2016,50,379.762
158,2017,50,369.142
158,2018,50,364.903
158,2019,50,373.842
158,2020,50,373.405
158,2021,50,364.976
158,2022,50,350.472
158,2023,50,343.064
408,1950,50,71.634
408,1951,50,67.41
408,1952,50,65.404
408,1953,50,64.774
408,1954,50,64.303
408,1955,50,64.163
408,1956,50,64.298
408,1957,50,64.406
408,1958,50,65.155
408,1959,50,66.76
408,1960,50,68.462
408,1961,50,70.263
408,1962,50,72.3
408,1963,50,73.964
408,1964,50,75.228
408,1965,50,77.101
408,1966,50,80.533
408,1967,50,84.774
408,1968,50,89.168
408,1969,50,93.311
408,1970,50,96.635
408,1971,50,99.888
408,1972,50,103.375
408,1973,50,107.073
408,1974,50,110.967
408,1975,50,115.222
408,1976,50,120.085
408,1977,50,124.694
408,1978,50,128.947
408,1979,50,136.597
408,1980,50,146.494
408,1981,50,155.716
408,1982,50,166.366
408,1983,50,180.228
408,1984,50,197.398
408,1985,50,213.444
408,1986,50,228.976
408,1987,50,245.609
408,1988,50,259.028
408,1989,50,266.072
408,1990,50,268.785
408,1991,50,270.514
408,1992,50,270.59
408,1993,50,268.676
408,1994,50,265.118
408,1995,50,263.595
408,1996,50,266.299
408,1997,50,265.266
408,1998,50,254.552
408,1999,50,242.687
408,2000,50,245.132
408,2001,50,200.198
408,2002,50,156.103
408,2003,50,183.502
408,2004,50,222.163
408,2005,50,252.557
408,2006,50,264.493
408,2007,50,299.71
408,2008,50,341.98
408,2009,50,328.45
408,2010,50,314.417
408,2011,50,314.096
408,2012,50,319.65
408,2013,50,348.676
408,2014,50,367.136
408,2015,50,375.496
408,2016,50,394.77
408,2017,50,430.899
408,2018,50,448.48
408,2019,50,445.41
408,2020,50,449.018
408,2021,50,444.908
408,2022,50,448.07
408,2023,50,424.449
392,1950,50,771.414
392,1951,50,801.056
392,1952,50,811.692
392,1953,50,791.103
392,1954,50,784.271
392,1955,50,777.965
392,1956,50,818.136
392,1957,50,882.004
392,1958,50,901.479
392,1959,50,915.294
392,1960,50,921.966
392,1961,50,948.102
392,1962,50,960.583
392,1963,50,972.095
392,1964,50,974.643
392,1965,50,972.962
392,1966,50,972.933
392,1967,50,956.024
392,1968,50,934.557
392,1969,50,1017.977
392,1970,50,1089.709
392,1971,50,1086.334
392,1972,50,1130.533
392,1973,50,1190.86
392,1974,50,1275.735
392,1975,50,1368.869
392,1976,50,1425.9
392,1977,50,1446.751
392,1978,50,1468.391
392,1979,50,1492.265
392,1980,50,1533.774
392,1981,50,1578.143
392,1982,50,1599.127
392,1983,50,1597.264
392,1984,50,1608.667
392,1985,50,1656.945
392,1986,50,1675.54
392,1987,50,1631.612
392,1988,50,1541.11
392,1989,50,1595.528
392,1990,50,1793.995
392,1991,50,1893.062
392,1992,50,1879.012
392,1993,50,1878.787
392,1994,50,1733.814
392,1995,50,1514.656
392,1996,50,1855.457
392,1997,50,2300.68
392,1998,50,2365.401
392,1999,50,2249.392
392,2000,50,2099.683
392,2001,50,1993.273
392,2002,50,1864.951
392,2003,50,1749.213
392,2004,50,1643.264
392,2005,50,1612.173
392,2006,50,1590.971
392,2007,50,1519.071
392,2008,50,1520.246
392,2009,50,1564.497
392,2010,50,1560.187
392,2011,50,1549.105
392,2012,50,1547.555
392,2013,50,1567.346
392,2014,50,1614.993
392,2015,50,1685.67
392,2016,50,1548.955
392,2017,50,1597.997
392,2018,50,1808.741
392,2019,50,1818.144
392,2020,50,1878.056
392,2021,50,1946.971
392,2022,50,1997.326
392,2023,50,2041.814
496,1950,50,8.231
496,1951,50,8.064
496,1952,50,7.857
496,1953,50,7.861
496,1954,50,8.193
496,1955,50,8.601
496,1956,50,9.016
496,1957,50,9.517
496,1958,50,9.688
496,1959,50,9.46
496,1960,50,9.244
496,1961,50,9.174
496,1962,50,9.236
496,1963,50,9.471
496,1964,50,9.467
496,1965,50,9.353
496,1966,50,9.212
496,1967,50,9.14
496,1968,50,9.236
496,1969,50,9.567
496,1970,50,9.914
496,1971,50,10.068
496,1972,50,10.022
496,1973,50,9.809
496,1974,50,9.487
496,1975,50,9.243
496,1976,50,9.237
496,1977,50,9.466
496,1978,50,9.901
496,1979,50,10.478
496,1980,50,11.047
496,1981,50,11.478
496,1982,50,11.731
496,1983,50,11.798
496,1984,50,11.698
496,1985,50,11.575
496,1986,50,11.58
496,1987,50,11.751
496,1988,50,12.099
496,1989,50,12.594
496,1990,50,13.064
496,1991,50,13.377
496,1992,50,13.498
496,1993,50,13.414
496,1994,50,13.128
496,1995,50,12.741
496,1996,50,12.413
496,1997,50,12.276
496,1998,50,12.368
496,1999,50,12.7
496,2000,50,13.282
496,2001,50,14.233
496,2002,50,15.268
496,2003,50,16.419
496,2004,50,17.741
496,2005,50,19.291
496,2006,50,21.085
496,2007,50,23.006
496,2008,50,24.873
496,2009,50,26.569
496,2010,50,27.997
496,2011,50,29.115
496,2012,50,30.127
496,2013,50,31.003
496,2014,50,31.75
496,2015,50,32.362
496,2016,50,32.871
496,2017,50,33.361
496,2018,50,33.901
496,2019,50,34.508
496,2020,50,35.186
496,2021,50,35.984
496,2022,50,36.864
496,2023,50,37.804
410,1950,50,144.769
410,1951,50,137.692
410,1952,50,132.9
410,1953,50,134.555
410,1954,50,143.561
410,1955,50,155.59
410,1956,50,167.606
410,1957,50,180.367
410,1958,50,189.876
410,1959,50,193.58
410,1960,50,194.524
410,1961,50,196.257
410,1962,50,197.989
410,1963,50,198.809
410,1964,50,197.912
410,1965,50,200.525
410,1966,50,207.608
410,1967,50,211.782
410,1968,50,208.825
410,1969,50,207.451
410,1970,50,222.092
410,1971,50,238.773
410,1972,50,249.775
410,1973,50,259.135
410,1974,50,258.294
410,1975,50,255.385
410,1976,50,261.56
410,1977,50,266.493
410,1978,50,274.79
410,1979,50,287.062
410,1980,50,291.289
410,1981,50,300.708
410,1982,50,329.068
410,1983,50,342.559
410,1984,50,357.659
410,1985,50,383.093
410,1986,50,392.914
410,1987,50,401.409
410,1988,50,414.019
410,1989,50,425.069
410,1990,50,425.413
410,1991,50,437.709
410,1992,50,459.944
410,1993,50,439.346
410,1994,50,407.659
410,1995,50,399.581
410,1996,50,425.082
410,1997,50,477.943
410,1998,50,501.259
410,1999,50,494.0
410,2000,50,486.393
410,2001,50,481.306
410,2002,50,533.339
410,2003,50,563.79
410,2004,50,589.585
410,2005,50,671.794
410,2006,50,700.756
410,2007,50,722.339
410,2008,50,771.569
410,2009,50,803.838
410,2010,50,814.653
410,2011,50,817.546
410,2012,50,833.21
410,2013,50,831.263
410,2014,50,819.777
410,2015,50,822.754
410,2016,50,832.488
410,2017,50,834.422
410,2018,50,878.522
410,2019,50,911.115
410,2020,50,907.977
410,2021,50,913.523
410,2022,50,895.884
410,2023,50,868.408
4,1950,50,57.216
4,1951,50,57.809
4,1952,50,58.508
4,1953,50,59.057
4,1954,50,59.269
4,1955,50,59.439
4,1956,50,59.679
4,1957,50,59.936
4,1958,50,60.377
4,1959,50,61.069
4,1960,50,62.054
4,1961,50,63.12
4,1962,50,64.293
4,1963,50,65.497
4,1964,50,66.666
4,1965,50,67.856
4,1966,50,69.156
4,1967,50,70.478
4,1968,50,71.883
4,1969,50,73.339
4,1970,50,74.895
4,1971,50,76.495
4,1972,50,77.985
4,1973,50,79.693
4,1974,50,81.644
4,1975,50,83.549
4,1976,50,85.341
4,1977,50,86.949
4,1978,50,88.352
4,1979,50,89.158
4,1980,50,87.184
4,1981,50,81.133
4,1982,50,69.716
4,1983,50,67.55
4,1984,50,67.257
4,1985,50,69.278
4,1986,50,69.208
4,1987,50,68.88
4,1988,50,68.054
4,1989,50,68.549
4,1990,50,69.733
4,1991,50,68.751
4,1992,50,70.94
4,1993,50,80.246
4,1994,50,89.944
4,1995,50,95.38
4,1996,50,99.378
4,1997,50,102.427
4,1998,50,103.437
4,1999,50,104.202
4,2000,50,104.088
4,2001,50,100.707
4,2002,50,104.019
4,2003,50,111.921
4,2004,50,116.974
4,2005,50,119.708
4,2006,50,125.344
4,2007,50,129.996
4,2008,50,130.354
4,2009,50,136.337
4,2010,50,141.222
4,2011,50,145.838
4,2012,50,153.677
4,2013,50,160.569
4,2014,50,167.642
4,2015,50,176.214
4,2016,50,182.742
4,2017,50,190.453
4,2018,50,198.767
4,2019,50,207.522
4,2020,50,216.195
4,2021,50,225.624
4,2022,50,231.781
4,2023,50,237.833
50,1950,50,291.488
50,1951,50,300.49
50,1952,50,310.022
50,1953,50,318.675
50,1954,50,325.553
50,1955,50,332.239
50,1956,50,339.247
50,1957,50,346.258
50,1958,50,354.087
50,1959,50,362.959
50,1960,50,373.025
50,1961,50,383.329
50,1962,50,394.038
50,1963,50,404.562
50,1964,50,414.587
50,1965,50,424.561
50,1966,50,434.939
50,1967,50,445.357
50,1968,50,456.521
50,1969,50,468.447
50,1970,50,479.339
50,1971,50,484.37
50,1972,50,492.649
50,1973,50,504.555
50,1974,50,517.031
50,1975,50,528.527
50,1976,50,537.86
50,1977,50,546.631
50,1978,50,555.839
50,1979,50,566.227
50,1980,50,576.866
50,1981,50,587.547
50,1982,50,602.181
50,1983,50,618.381
50,1984,50,633.841
50,1985,50,649.317
50,1986,50,667.893
50,1987,50,689.529
50,1988,50,710.644
50,1989,50,729.244
50,1990,50,747.627
50,1991,50,768.215
50,1992,50,791.177
50,1993,50,813.018
50,1994,50,835.115
50,1995,50,857.475
50,1996,50,877.611
50,1997,50,892.694
50,1998,50,884.225
50,1999,50,873.931
50,2000,50,913.802
50,2001,50,969.585
50,2002,50,1014.12
50,2003,50,1057.468
50,2004,50,1101.572
50,2005,50,1144.464
50,2006,50,1183.121
50,2007,50,1219.172
50,2008,50,1251.228
50,2009,50,1281.226
50,2010,50,1313.126
50,2011,50,1344.259
50,2012,50,1372.262
50,2013,50,1391.827
50,2014,50,1406.881
50,2015,50,1423.171
50,2016,50,1449.754
50,2017,50,1486.962
50,2018,50,1498.639
50,2019,50,1505.39
50,2020,50,1517.795
50,2021,50,1536.12
50,2022,50,1554.175
50,2023,50,1593.091
64,1950,50,1.107
64,1951,50,1.134
64,1952,50,1.162
64,1953,50,1.192
64,1954,50,1.226
64,1955,50,1.262
64,1956,50,1.297
64,1957,50,1.334
64,1958,50,1.372
64,1959,50,1.412
64,1960,50,1.455
64,1961,50,1.501
64,1962,50,1.548
64,1963,50,1.602
64,1964,50,1.66
64,1965,50,1.721
64,1966,50,1.785
64,1967,50,1.856
64,1968,50,1.928
64,1969,50,2.005
64,1970,50,2.089
64,1971,50,2.176
64,1972,50,2.267
64,1973,50,2.364
64,1974,50,2.466
64,1975,50,2.573
64,1976,50,2.683
64,1977,50,2.798
64,1978,50,2.918
64,1979,50,3.039
64,1980,50,3.163
64,1981,50,3.29
64,1982,50,3.417
64,1983,50,3.543
64,1984,50,3.669
64,1985,50,3.792
64,1986,50,3.923
64,1987,50,4.06
64,1988,50,4.19
64,1989,50,4.307
64,1990,50,4.423
64,1991,50,4.538
64,1992,50,4.6
64,1993,50,4.239
64,1994,50,4.297
64,1995,50,4.299
64,1996,50,4.264
64,1997,50,4.356
64,1998,50,4.304
64,1999,50,4.371
64,2000,50,4.416
64,2001,50,4.421
64,2002,50,4.522
64,2003,50,4.639
64,2004,50,4.785
64,2005,50,4.972
64,2006,50,5.146
64,2007,50,5.264
64,2008,50,5.351
64,2009,50,5.422
64,2010,50,5.511
64,2011,50,5.613
64,2012,50,5.716
64,2013,50,5.827
64,2014,50,5.963
64,2015,50,6.175
64,2016,50,6.448
64,2017,50,6.711
64,2018,50,6.945
64,2019,50,7.095
64,2020,50,7.238
64,2021,50,7.358
64,2022,50,7.496
64,2023,50,7.702
356,1950,50,2801.236
356,1951,50,2797.131
356,1952,50,2791.013
356,1953,50,2826.597
356,1954,50,2929.603
356,1955,50,3060.829
356,1956,50,3188.034
356,1957,50,3322.585
356,1958,50,3425.602
356,1959,50,3484.276
356,1960,50,3525.041
356,1961,50,3571.157
356,1962,50,3614.755
356,1963,50,3666.194
356,1964,50,3741.078
356,1965,50,3822.791
356,1966,50,3901.309
356,1967,50,3980.451
356,1968,50,4061.038
356,1969,50,4128.972
356,1970,50,4196.463
356,1971,50,4272.784
356,1972,50,4341.131
356,1973,50,4421.61
356,1974,50,4511.82
356,1975,50,4613.509
356,1976,50,4716.621
356,1977,50,4820.624
356,1978,50,4928.529
356,1979,50,5032.673
356,1980,50,5145.376
356,1981,50,5255.908
356,1982,50,5364.906
356,1983,50,5475.334
356,1984,50,5587.181
356,1985,50,5689.541
356,1986,50,5811.191
356,1987,50,5953.499
356,1988,50,6060.94
356,1989,50,6105.713
356,1990,50,6132.613
356,1991,50,6191.724
356,1992,50,6280.715
356,1993,50,6402.229
356,1994,50,6555.637
356,1995,50,6735.054
356,1996,50,6936.976
356,1997,50,7133.889
356,1998,50,7333.095
356,1999,50,7967.451
356,2000,50,8685.135
356,2001,50,9051.712
356,2002,50,9418.151
356,2003,50,9792.964
356,2004,50,10161.65
356,2005,50,10494.417
356,2006,50,10782.887
356,2007,50,11061.491
356,2008,50,11306.055
356,2009,50,11532.773
356,2010,50,11803.248
356,2011,50,12095.711
356,2012,50,12376.361
356,2013,50,12649.224
356,2014,50,12907.296
356,2015,50,13127.354
356,2016,50,13347.782
356,2017,50,13636.111
356,2018,50,13958.539
356,2019,50,14244.074
356,2020,50,14514.557
356,2021,50,14854.049
356,2022,50,15217.571
356,2023,50,15601.55
364,1950,50,128.349
364,1951,50,132.18
364,1952,50,136.17
364,1953,50,139.609
364,1954,50,141.928
364,1955,50,143.514
364,1956,50,145.675
364,1957,50,148.063
364,1958,50,149.3
364,1959,50,148.908
364,1960,50,148.079
364,1961,50,148.064
364,1962,50,148.622
364,1963,50,149.882
364,1964,50,152.726
364,1965,50,157.581
364,1966,50,162.219
364,1967,50,165.839
364,1968,50,172.634
364,1969,50,185.557
364,1970,50,200.307
364,1971,50,215.918
364,1972,50,232.923
364,1973,50,245.679
364,1974,50,250.989
364,1975,50,253.529
364,1976,50,256.317
364,1977,50,257.855
364,1978,50,261.453
364,1979,50,268.949
364,1980,50,278.043
364,1981,50,286.4
364,1982,50,303.507
364,1983,50,312.194
364,1984,50,319.067
364,1985,50,324.01
364,1986,50,331.671
364,1987,50,341.173
364,1988,50,347.749
364,1989,50,349.049
364,1990,50,349.232
364,1991,50,353.899
364,1992,50,360.239
364,1993,50,366.139
364,1994,50,366.969
364,1995,50,379.417
364,1996,50,395.498
364,1997,50,414.193
364,1998,50,432.981
364,1999,50,481.892
364,2000,50,535.341
364,2001,50,560.202
364,2002,50,582.826
364,2003,50,599.713
364,2004,50,606.236
364,2005,50,618.333
364,2006,50,633.928
364,2007,50,654.333
364,2008,50,687.121
364,2009,50,719.959
364,2010,50,750.838
364,2011,50,779.335
364,2012,50,800.615
364,2013,50,808.651
364,2014,50,817.216
364,2015,50,826.846
364,2016,50,863.697
364,2017,50,894.715
364,2018,50,931.159
364,2019,50,989.025
364,2020,50,1024.733
364,2021,50,1069.889
364,2022,50,1076.901
364,2023,50,1077.346
462,1950,50,0.445
462,1951,50,0.446
462,1952,50,0.449
462,1953,50,0.459
462,1954,50,0.48
462,1955,50,0.506
462,1956,50,0.532
462,1957,50,0.56
462,1958,50,0.586
462,1959,50,0.606
462,1960,50,0.623
462,1961,50,0.642
462,1962,50,0.662
462,1963,50,0.681
462,1964,50,0.703
462,1965,50,0.723
462,1966,50,0.727
462,1967,50,0.739
462,1968,50,0.763
462,1969,50,0.792
462,1970,50,0.824
462,1971,50,0.856
462,1972,50,0.891
462,1973,50,0.926
462,1974,50,0.96
462,1975,50,0.995
462,1976,50,1.031
462,1977,50,1.065
462,1978,50,1.097
462,1979,50,1.133
462,1980,50,1.16
462,1981,50,1.194
462,1982,50,1.231
462,1983,50,1.262
462,1984,50,1.302
462,1985,50,1.366
462,1986,50,1.393
462,1987,50,1.387
462,1988,50,1.381
462,1989,50,1.383
462,1990,50,1.408
462,1991,50,1.401
462,1992,50,1.368
462,1993,50,1.338
462,1994,50,1.315
462,1995,50,1.311
462,1996,50,1.301
462,1997,50,1.285
462,1998,50,1.296
462,1999,50,1.316
462,2000,50,1.342
462,2001,50,1.406
462,2002,50,1.491
462,2003,50,1.583
462,2004,50,1.719
462,2005,50,1.925
462,2006,50,2.185
462,2007,50,2.457
462,2008,50,2.698
462,2009,50,2.894
462,2010,50,3.058
462,2011,50,3.179
462,2012,50,3.26
462,2013,50,3.378
462,2014,50,3.544
462,2015,50,3.702
462,2016,50,3.82
462,2017,50,3.98
462,2018,50,4.174
462,2019,50,4.387
462,2020,50,4.609
462,2021,50,4.819
462,2022,50,5.038
462,2023,50,5.264
524,1950,50,60.452
524,1951,50,62.211
524,1952,50,63.911
524,1953,50,65.544
524,1954,50,67.107
524,1955,50,68.643
524,1956,50,70.151
524,1957,50,71.631
524,1958,50,73.076
524,1959,50,74.459
524,1960,50,75.922
524,1961,50,77.484
524,1962,50,79.174
524,1963,50,80.985
524,1964,50,82.911
524,1965,50,84.882
524,1966,50,86.794
524,1967,50,88.548
524,1968,50,90.169
524,1969,50,91.648
524,1970,50,93.086
524,1971,50,94.624
524,1972,50,96.257
524,1973,50,98.076
524,1974,50,100.043
524,1975,50,102.067
524,1976,50,104.057
524,1977,50,105.918
524,1978,50,107.813
524,1979,50,109.644
524,1980,50,111.494
524,1981,50,113.506
524,1982,50,115.647
524,1983,50,118.025
524,1984,50,120.646
524,1985,50,123.211
524,1986,50,125.615
524,1987,50,127.777
524,1988,50,129.669
524,1989,50,131.508
524,1990,50,138.186
524,1991,50,146.953
524,1992,50,152.338
524,1993,50,156.899
524,1994,50,159.325
524,1995,50,160.758
524,1996,50,163.426
524,1997,50,169.725
524,1998,50,177.879
524,1999,50,180.839
524,2000,50,180.765
524,2001,50,183.562
524,2002,50,186.779
524,2003,50,190.199
524,2004,50,193.43
524,2005,50,196.026
524,2006,50,198.194
524,2007,50,200.226
524,2008,50,202.466
524,2009,50,204.646
524,2010,50,207.933
524,2011,50,212.377
524,2012,50,214.97
524,2013,50,217.006
524,2014,50,219.395
524,2015,50,222.34
524,2016,50,226.121
524,2017,50,229.65
524,2018,50,233.463
524,2019,50,236.938
524,2020,50,253.186
524,2021,50,269.62
524,2022,50,276.268
524,2023,50,277.492
586,1950,50,230.445
586,1951,50,245.566
586,1952,50,261.688
586,1953,50,273.426
586,1954,50,280.964
586,1955,50,284.98
586,1956,50,288.128
586,1957,50,292.948
586,1958,50,299.888
586,1959,50,308.9
586,1960,50,319.726
586,1961,50,330.97
586,1962,50,341.47
586,1963,50,351.452
586,1964,50,360.965
586,1965,50,370.106
586,1966,50,379.375
586,1967,50,389.276
586,1968,50,399.864
586,1969,50,411.108
586,1970,50,422.942
586,1971,50,434.432
586,1972,50,445.941
586,1973,50,458.096
586,1974,50,470.222
586,1975,50,482.455
586,1976,50,495.164
586,1977,50,508.753
586,1978,50,523.289
586,1979,50,538.777
586,1980,50,557.138
586,1981,50,580.149
586,1982,50,600.676
586,1983,50,620.032
586,1984,50,637.823
586,1985,50,653.729
586,1986,50,672.566
586,1987,50,692.675
586,1988,50,714.143
586,1989,50,736.276
586,1990,50,759.455
586,1991,50,786.281
586,1992,50,813.249
586,1993,50,837.201
586,1994,50,865.457
586,1995,50,891.681
586,1996,50,915.212
586,1997,50,927.24
586,1998,50,916.521
586,1999,50,892.29
586,2000,50,905.081
586,2001,50,957.704
586,2002,50,1010.814
586,2003,50,1060.247
586,2004,50,1112.376
586,2005,50,1164.903
586,2006,50,1216.398
586,2007,50,1267.433
586,2008,50,1322.185
586,2009,50,1371.177
586,2010,50,1419.505
586,2011,50,1462.55
586,2012,50,1497.797
586,2013,50,1524.588
586,2014,50,1547.86
586,2015,50,1568.804
586,2016,50,1587.97
586,2017,50,1606.239
586,2018,50,1628.63
586,2019,50,1651.56
586,2020,50,1678.578
586,2021,50,1715.706
586,2022,50,1761.236
586,2023,50,1806.648
144,1950,50,51.045
144,1951,50,52.976
144,1952,50,55.1
144,1953,50,57.061
144,1954,50,58.583
144,1955,50,59.992
144,1956,50,61.52
144,1957,50,63.064
144,1958,50,64.818
144,1959,50,66.942
144,1960,50,69.223
144,1961,50,71.582
144,1962,50,74.089
144,1963,50,76.519
144,1964,50,78.723
144,1965,50,80.957
144,1966,50,83.22
144,1967,50,85.408
144,1968,50,87.906
144,1969,50,90.979
144,1970,50,94.261
144,1971,50,97.428
144,1972,50,100.555
144,1973,50,103.509
144,1974,50,106.098
144,1975,50,108.339
144,1976,50,110.665
144,1977,50,113.08
144,1978,50,115.057
144,1979,50,116.28
144,1980,50,117.204
144,1981,50,118.187
144,1982,50,118.989
144,1983,50,119.601
144,1984,50,120.428
144,1985,50,121.364
144,1986,50,123.489
144,1987,50,126.467
144,1988,50,129.213
144,1989,50,131.545
144,1990,50,134.318
144,1991,50,137.022
144,1992,50,141.407
144,1993,50,146.704
144,1994,50,152.308
144,1995,50,158.545
144,1996,50,168.131
144,1997,50,179.519
144,1998,50,189.66
144,1999,50,198.088
144,2000,50,208.317
144,2001,50,219.415
144,2002,50,225.475
144,2003,50,227.675
144,2004,50,230.623
144,2005,50,234.851
144,2006,50,239.722
144,2007,50,245.243
144,2008,50,250.336
144,2009,50,254.225
144,2010,50,256.938
144,2011,50,258.088
144,2012,50,258.001
144,2013,50,258.437
144,2014,50,259.348
144,2015,50,261.041
144,2016,50,263.537
144,2017,50,266.667
144,2018,50,269.582
144,2019,50,271.393
144,2020,50,271.791
144,2021,50,270.641
144,2022,50,268.427
144,2023,50,267.249
96,1950,50,0.406
96,1951,50,0.422
96,1952,50,0.432
96,1953,50,0.442
96,1954,50,0.451
96,1955,50,0.462
96,1956,50,0.476
96,1957,50,0.487
96,1958,50,0.5
96,1959,50,0.516
96,1960,50,0.533
96,1961,50,0.555
96,1962,50,0.58
96,1963,50,0.599
96,1964,50,0.611
96,1965,50,0.631
96,1966,50,0.664
96,1967,50,0.707
96,1968,50,0.751
96,1969,50,0.791
96,1970,50,0.833
96,1971,50,0.863
96,1972,50,0.901
96,1973,50,0.91
96,1974,50,0.901
96,1975,50,0.909
96,1976,50,0.933
96,1977,50,0.96
96,1978,50,0.993
96,1979,50,1.058
96,1980,50,1.131
96,1981,50,1.196
96,1982,50,1.23
96,1983,50,1.238
96,1984,50,1.248
96,1985,50,1.252
96,1986,50,1.259
96,1987,50,1.285
96,1988,50,1.336
96,1989,50,1.418
96,1990,50,1.511
96,1991,50,1.578
96,1992,50,1.623
96,1993,50,1.652
96,1994,50,1.683
96,1995,50,1.763
96,1996,50,1.939
96,1997,50,2.179
96,1998,50,2.443
96,1999,50,2.701
96,2000,50,2.935
96,2001,50,3.178
96,2002,50,3.439
96,2003,50,3.708
96,2004,50,3.984
96,2005,50,4.241
96,2006,50,4.477
96,2007,50,4.711
96,2008,50,4.699
96,2009,50,4.689
96,2010,50,4.659
96,2011,50,4.587
96,2012,50,4.6
96,2013,50,4.691
96,2014,50,4.793
96,2015,50,4.913
96,2016,50,5.035
96,2017,50,5.184
96,2018,50,5.374
96,2019,50,5.564
96,2020,50,5.744
96,2021,50,5.911
96,2022,50,6.069
96,2023,50,6.183
116,1950,50,29.494
116,1951,50,30.208
116,1952,50,30.939
116,1953,50,31.653
116,1954,50,32.307
116,1955,50,32.96
116,1956,50,33.622
116,1957,50,34.291
116,1958,50,34.99
116,1959,50,35.709
116,1960,50,36.49
116,1961,50,37.299
116,1962,50,38.136
116,1963,50,38.998
116,1964,50,39.791
116,1965,50,40.596
116,1966,50,41.421
116,1967,50,42.256
116,1968,50,43.112
116,1969,50,43.992
116,1970,50,44.702
116,1971,50,44.113
116,1972,50,44.139
116,1973,50,44.374
116,1974,50,44.578
116,1975,50,42.971
116,1976,50,39.593
116,1977,50,36.239
116,1978,50,32.973
116,1979,50,31.078
116,1980,50,32.023
116,1981,50,31.552
116,1982,50,31.744
116,1983,50,31.929
116,1984,50,32.461
116,1985,50,32.443
116,1986,50,32.639
116,1987,50,33.16
116,1988,50,33.668
116,1989,50,33.718
116,1990,50,34.297
116,1991,50,35.169
116,1992,50,36.32
116,1993,50,39.05
116,1994,50,41.449
116,1995,50,47.744
116,1996,50,54.732
116,1997,50,63.081
116,1998,50,72.538
116,1999,50,75.613
116,2000,50,79.605
116,2001,50,82.558
116,2002,50,85.121
116,2003,50,87.771
116,2004,50,91.246
116,2005,50,95.678
116,2006,50,100.069
116,2007,50,107.107
116,2008,50,114.02
116,2009,50,119.932
116,2010,50,126.5
116,2011,50,131.629
116,2012,50,135.369
116,2013,50,138.238
116,2014,50,141.214
116,2015,50,144.295
116,2016,50,146.654
116,2017,50,150.414
116,2018,50,154.041
116,2019,50,156.125
116,2020,50,157.646
116,2021,50,157.568
116,2022,50,153.57
116,2023,50,147.01
360,1950,50,470.363
360,1951,50,494.032
360,1952,50,518.092
360,1953,50,541.131
360,1954,50,562.607
360,1955,50,581.015
360,1956,50,598.437
360,1957,50,619.397
360,1958,50,641.938
360,1959,50,663.218
360,1960,50,683.406
360,1961,50,701.889
360,1962,50,717.673
360,1963,50,730.231
360,1964,50,739.588
360,1965,50,744.186
360,1966,50,746.103
360,1967,50,752.241
360,1968,50,762.77
360,1969,50,778.173
360,1970,50,797.822
360,1971,50,821.79
360,1972,50,850.544
360,1973,50,884.271
360,1974,50,922.863
360,1975,50,965.864
360,1976,50,1011.23
360,1977,50,1055.795
360,1978,50,1097.772
360,1979,50,1136.898
360,1980,50,1173.385
360,1981,50,1208.155
360,1982,50,1242.894
360,1983,50,1278.675
360,1984,50,1315.585
360,1985,50,1353.21
360,1986,50,1389.729
360,1987,50,1422.308
360,1988,50,1449.419
360,1989,50,1471.115
360,1990,50,1487.755
360,1991,50,1500.334
360,1992,50,1510.548
360,1993,50,1519.797
360,1994,50,1528.922
360,1995,50,1539.868
360,1996,50,1559.776
360,1997,50,1570.809
360,1998,50,1577.171
360,1999,50,1573.036
360,2000,50,1615.707
360,2001,50,1717.309
360,2002,50,1810.986
360,2003,50,1907.223
360,2004,50,2006.707
360,2005,50,2109.077
360,2006,50,2209.063
360,2007,50,2305.881
360,2008,50,2403.388
360,2009,50,2501.883
360,2010,50,2599.594
360,2011,50,2693.002
360,2012,50,2780.265
360,2013,50,2863.746
360,2014,50,2947.256
360,2015,50,3036.13
360,2016,50,3129.355
360,2017,50,3210.386
360,2018,50,3276.808
360,2019,50,3346.388
360,2020,50,3408.544
360,2021,50,3452.098
360,2022,50,3497.368
360,2023,50,3559.03
418,1950,50,12.382
418,1951,50,12.85
418,1952,50,13.347
418,1953,50,13.772
418,1954,50,14.066
418,1955,50,14.322
418,1956,50,14.58
418,1957,50,14.815
418,1958,50,15.114
418,1959,50,15.531
418,1960,50,15.99
418,1961,50,16.439
418,1962,50,16.9
418,1963,50,17.332
418,1964,50,17.697
418,1965,50,18.034
418,1966,50,18.38
418,1967,50,18.726
418,1968,50,19.069
418,1969,50,19.408
418,1970,50,19.75
418,1971,50,20.084
418,1972,50,20.408
418,1973,50,20.748
418,1974,50,21.121
418,1975,50,21.463
418,1976,50,21.764
418,1977,50,22.03
418,1978,50,22.205
418,1979,50,22.268
418,1980,50,22.33
418,1981,50,22.448
418,1982,50,22.6
418,1983,50,22.841
418,1984,50,23.204
418,1985,50,23.616
418,1986,50,24.112
418,1987,50,24.712
418,1988,50,25.248
418,1989,50,25.616
418,1990,50,25.958
418,1991,50,26.445
418,1992,50,27.058
418,1993,50,27.789
418,1994,50,28.643
418,1995,50,29.595
418,1996,50,30.58
418,1997,50,31.458
418,1998,50,31.888
418,1999,50,31.142
418,2000,50,32.724
418,2001,50,35.385
418,2002,50,35.954
418,2003,50,36.637
418,2004,50,37.278
418,2005,50,37.962
418,2006,50,38.899
418,2007,50,40.294
418,2008,50,41.915
418,2009,50,43.829
418,2010,50,45.955
418,2011,50,48.143
418,2012,50,50.201
418,2013,50,52.088
418,2014,50,54.019
418,2015,50,56.059
418,2016,50,57.34
418,2017,50,58.493
418,2018,50,59.769
418,2019,50,60.982
418,2020,50,62.396
418,2021,50,64.182
418,2022,50,66.071
418,2023,50,67.921
458,1950,50,41.55
458,1951,50,41.045
458,1952,50,40.38
458,1953,50,41.176
458,1954,50,44.499
458,1955,50,48.623
458,1956,50,52.912
458,1957,50,57.669
458,1958,50,60.644
458,1959,50,60.507
458,1960,50,59.361
458,1961,50,58.254
458,1962,50,57.022
458,1963,50,56.752
458,1964,50,58.292
458,1965,50,60.61
458,1966,50,62.899
458,1967,50,65.443
458,1968,50,67.269
458,1969,50,67.846
458,1970,50,68.081
458,1971,50,68.364
458,1972,50,68.694
458,1973,50,69.75
458,1974,50,71.998
458,1975,50,74.694
458,1976,50,77.66
458,1977,50,81.102
458,1978,50,83.816
458,1979,50,85.218
458,1980,50,86.725
458,1981,50,88.287
458,1982,50,89.584
458,1983,50,93.032
458,1984,50,98.726
458,1985,50,104.095
458,1986,50,110.308
458,1987,50,117.353
458,1988,50,122.923
458,1989,50,126.14
458,1990,50,128.275
458,1991,50,130.997
458,1992,50,133.891
458,1993,50,137.026
458,1994,50,140.785
458,1995,50,146.083
458,1996,50,154.54
458,1997,50,166.069
458,1998,50,179.361
458,1999,50,192.338
458,2000,50,204.021
458,2001,50,214.835
458,2002,50,225.475
458,2003,50,234.322
458,2004,50,241.915
458,2005,50,250.199
458,2006,50,259.478
458,2007,50,269.669
458,2008,50,278.682
458,2009,50,285.862
458,2010,50,292.749
458,2011,50,299.865
458,2012,50,306.588
458,2013,50,312.803
458,2014,50,318.364
458,2015,50,323.102
458,2016,50,327.362
458,2017,50,331.726
458,2018,50,336.3
458,2019,50,341.039
458,2020,50,347.046
458,2021,50,356.781
458,2022,50,369.293
458,2023,50,381.364
104,1950,50,145.132
104,1951,50,149.322
104,1952,50,153.78
104,1953,50,157.531
104,1954,50,159.958
104,1955,50,161.821
104,1956,50,163.969
104,1957,50,166.287
104,1958,50,168.584
104,1959,50,170.92
104,1960,50,173.839
104,1961,50,176.538
104,1962,50,178.804
104,1963,50,182.404
104,1964,50,188.305
104,1965,50,194.813
104,1966,50,201.749
104,1967,50,209.27
104,1968,50,215.058
104,1969,50,217.916
104,1970,50,219.92
104,1971,50,222.167
104,1972,50,223.822
104,1973,50,226.848
104,1974,50,232.574
104,1975,50,239.489
104,1976,50,245.963
104,1977,50,252.319
104,1978,50,258.111
104,1979,50,262.617
104,1980,50,266.172
104,1981,50,270.161
104,1982,50,274.201
104,1983,50,276.788
104,1984,50,277.76
104,1985,50,277.401
104,1986,50,277.812
104,1987,50,278.863
104,1988,50,279.417
104,1989,50,279.121
104,1990,50,279.046
104,1991,50,280.258
104,1992,50,282.879
104,1993,50,287.528
104,1994,50,294.022
104,1995,50,301.952
104,1996,50,310.418
104,1997,50,317.316
104,1998,50,324.206
104,1999,50,352.958
104,2000,50,387.01
104,2001,50,403.296
104,2002,50,416.718
104,2003,50,429.897
104,2004,50,442.747
104,2005,50,454.989
104,2006,50,467.001
104,2007,50,479.061
104,2008,50,489.713
104,2009,50,499.938
104,2010,50,510.617
104,2011,50,521.724
104,2012,50,533.969
104,2013,50,546.701
104,2014,50,559.647
104,2015,50,573.095
104,2016,50,584.851
104,2017,50,595.0
104,2018,50,605.16
104,2019,50,615.242
104,2020,50,625.09
104,2021,50,634.717
104,2022,50,643.959
104,2023,50,652.923
608,1950,50,97.46
608,1951,50,101.849
608,1952,50,106.547
608,1953,50,111.586
608,1954,50,115.489
608,1955,50,119.301
608,1956,50,126.565
608,1957,50,136.593
608,1958,50,145.148
608,1959,50,153.451
608,1960,50,162.892
608,1961,50,168.624
608,1962,50,173.194
608,1963,50,177.726
608,1964,50,182.229
608,1965,50,187.824
608,1966,50,192.939
608,1967,50,197.221
608,1968,50,201.708
608,1969,50,206.167
608,1970,50,210.447
608,1971,50,213.42
608,1972,50,216.399
608,1973,50,219.677
608,1974,50,223.234
608,1975,50,225.86
608,1976,50,228.164
608,1977,50,231.497
608,1978,50,236.54
608,1979,50,241.697
608,1980,50,247.859
608,1981,50,256.925
608,1982,50,268.121
608,1983,50,281.188
608,1984,50,291.98
608,1985,50,297.121
608,1986,50,303.938
608,1987,50,314.362
608,1988,50,324.384
608,1989,50,330.555
608,1990,50,334.043
608,1991,50,340.278
608,1992,50,345.674
608,1993,50,352.365
608,1994,50,360.308
608,1995,50,374.331
608,1996,50,391.874
608,1997,50,419.445
608,1998,50,461.965
608,1999,50,516.816
608,2000,50,544.459
608,2001,50,557.093
608,2002,50,585.781
608,2003,50,617.158
608,2004,50,650.437
608,2005,50,684.638
608,2006,50,719.495
608,2007,50,752.833
608,2008,50,788.6
608,2009,50,823.695
608,2010,50,861.489
608,2011,50,894.637
608,2012,50,920.112
608,2013,50,945.37
608,2014,50,964.063
608,2015,50,978.166
608,2016,50,987.898
608,2017,50,999.19
608,2018,50,1016.826
608,2019,50,1047.043
608,2020,50,1080.86
608,2021,50,1098.985
608,2022,50,1104.872
608,2023,50,1107.157
702,1950,50,7.21
702,1951,50,7.838
702,1952,50,8.45
702,1953,50,9.038
702,1954,50,9.644
702,1955,50,10.236
702,1956,50,10.785
702,1957,50,11.334
702,1958,50,11.907
702,1959,50,12.531
702,1960,50,13.057
702,1961,50,13.443
702,1962,50,13.769
702,1963,50,14.032
702,1964,50,14.197
702,1965,50,14.214
702,1966,50,14.2
702,1967,50,14.318
702,1968,50,14.592
702,1969,50,14.93
702,1970,50,15.213
702,1971,50,15.462
702,1972,50,15.688
702,1973,50,15.952
702,1974,50,16.251
702,1975,50,16.613
702,1976,50,17.235
702,1977,50,18.22
702,1978,50,19.327
702,1979,50,20.187
702,1980,50,20.524
702,1981,50,20.602
702,1982,50,21.209
702,1983,50,21.965
702,1984,50,22.953
702,1985,50,23.808
702,1986,50,22.894
702,1987,50,22.248
702,1988,50,24.655
702,1989,50,28.272
702,1990,50,30.272
702,1991,50,29.844
702,1992,50,27.964
702,1993,50,27.869
702,1994,50,28.584
702,1995,50,28.891
702,1996,50,34.712
702,1997,50,43.815
702,1998,50,48.426
702,1999,50,50.239
702,2000,50,51.564
702,2001,50,52.748
702,2002,50,54.867
702,2003,50,56.886
702,2004,50,59.148
702,2005,50,61.507
702,2006,50,63.9
702,2007,50,66.545
702,2008,50,68.907
702,2009,50,70.758
702,2010,50,71.841
702,2011,50,72.492
702,2012,50,73.23
702,2013,50,74.5
702,2014,50,75.119
702,2015,50,74.645
702,2016,50,73.754
702,2017,50,72.175
702,2018,50,70.535
702,2019,50,69.582
702,2020,50,69.916
702,2021,50,70.264
702,2022,50,71.48
702,2023,50,74.225
764,1950,50,140.686
764,1951,50,143.544
764,1952,50,146.293
764,1953,50,149.41
764,1954,50,153.308
764,1955,50,157.445
764,1956,50,161.487
764,1957,50,165.604
764,1958,50,169.323
764,1959,50,172.141
764,1960,50,174.62
764,1961,50,177.299
764,1962,50,180.157
764,1963,50,182.927
764,1964,50,185.592
764,1965,50,188.509
764,1966,50,191.935
764,1967,50,195.72
764,1968,50,200.097
764,1969,50,205.356
764,1970,50,211.971
764,1971,50,218.882
764,1972,50,225.674
764,1973,50,234.539
764,1974,50,246.505
764,1975,50,259.616
764,1976,50,273.155
764,1977,50,287.384
764,1978,50,300.683
764,1979,50,311.354
764,1980,50,321.424
764,1981,50,331.702
764,1982,50,341.537
764,1983,50,353.352
764,1984,50,368.579
764,1985,50,384.081
764,1986,50,401.736
764,1987,50,421.332
764,1988,50,436.277
764,1989,50,442.641
764,1990,50,445.947
764,1991,50,458.023
764,1992,50,465.542
764,1993,50,471.362
764,1994,50,482.657
764,1995,50,500.819
764,1996,50,527.155
764,1997,50,562.373
764,1998,50,599.844
764,1999,50,647.803
764,2000,50,699.201
764,2001,50,731.32
764,2002,50,755.992
764,2003,50,784.96
764,2004,50,817.395
764,2005,50,852.473
764,2006,50,886.766
764,2007,50,915.961
764,2008,50,943.381
764,2009,50,971.82
764,2010,50,995.206
764,2011,50,1015.41
764,2012,50,1039.181
764,2013,50,1062.069
764,2014,50,1074.638
764,2015,50,1084.139
764,2016,50,1093.288
764,2017,50,1106.195
764,2018,50,1119.455
764,2019,50,1124.272
764,2020,50,1122.61
764,2021,50,1113.62
764,2022,50,1101.198
764,2023,50,1086.577
626,1950,50,2.885
626,1951,50,3.002
626,1952,50,3.129
626,1953,50,3.185
626,1954,50,3.144
626,1955,50,3.064
626,1956,50,2.987
626,1957,50,2.902
626,1958,50,2.863
626,1959,50,2.905
626,1960,50,2.987
626,1961,50,3.055
626,1962,50,3.119
626,1963,50,3.211
626,1964,50,3.343
626,1965,50,3.478
626,1966,50,3.626
626,1967,50,3.794
626,1968,50,3.917
626,1969,50,3.965
626,1970,50,3.992
626,1971,50,4.012
626,1972,50,4.03
626,1973,50,4.095
626,1974,50,4.217
626,1975,50,4.302
626,1976,50,4.433
626,1977,50,4.588
626,1978,50,4.685
626,1979,50,4.692
626,1980,50,4.703
626,1981,50,4.695
626,1982,50,4.596
626,1983,50,4.592
626,1984,50,4.683
626,1985,50,4.793
626,1986,50,4.891
626,1987,50,4.98
626,1988,50,5.004
626,1989,50,5.006
626,1990,50,5.014
626,1991,50,5.083
626,1992,50,5.276
626,1993,50,5.456
626,1994,50,5.626
626,1995,50,5.788
626,1996,50,5.946
626,1997,50,6.118
626,1998,50,6.311
626,1999,50,6.518
626,2000,50,4.948
626,2001,50,5.433
626,2002,50,6.017
626,2003,50,6.554
626,2004,50,6.783
626,2005,50,7.006
626,2006,50,7.076
626,2007,50,7.071
626,2008,50,7.012
626,2009,50,6.933
626,2010,50,6.873
626,2011,50,6.948
626,2012,50,7.162
626,2013,50,7.411
626,2014,50,7.713
626,2015,50,8.044
626,2016,50,8.357
626,2017,50,8.694
626,2018,50,9.149
626,2019,50,9.662
626,2020,50,10.121
626,2021,50,10.465
626,2022,50,10.782
626,2023,50,11.088
704,1950,50,248.449
704,1951,50,260.015
704,1952,50,272.921
704,1953,50,279.902
704,1954,50,277.708
704,1955,50,273.128
704,1956,50,268.919
704,1957,50,263.145
704,1958,50,261.375
704,1959,50,268.241
704,1960,50,278.079
704,1961,50,288.143
704,1962,50,299.548
704,1963,50,306.239
704,1964,50,305.666
704,1965,50,303.351
704,1966,50,300.772
704,1967,50,297.877
704,1968,50,298.489
704,1969,50,305.069
704,1970,50,314.09
704,1971,50,323.452
704,1972,50,334.223
704,1973,50,340.984
704,1974,50,342.042
704,1975,50,342.653
704,1976,50,343.547
704,1977,50,342.013
704,1978,50,345.581
704,1979,50,358.654
704,1980,50,372.025
704,1981,50,387.371
704,1982,50,404.256
704,1983,50,414.37
704,1984,50,410.675
704,1985,50,400.082
704,1986,50,390.747
704,1987,50,380.777
704,1988,50,372.834
704,1989,50,369.457
704,1990,50,368.735
704,1991,50,368.976
704,1992,50,370.949
704,1993,50,376.224
704,1994,50,384.614
704,1995,50,396.138
704,1996,50,410.798
704,1997,50,428.529
704,1998,50,461.203
704,1999,50,560.975
704,2000,50,644.263
704,2001,50,624.407
704,2002,50,662.715
704,2003,50,722.022
704,2004,50,764.842
704,2005,50,802.527
704,2006,50,806.839
704,2007,50,884.584
704,2008,50,975.13
704,2009,50,1025.488
704,2010,50,1058.868
704,2011,50,1040.831
704,2012,50,1036.339
704,2013,50,1125.16
704,2014,50,1176.47
704,2015,50,1176.477
704,2016,50,1144.747
704,2017,50,1110.875
704,2018,50,1145.514
704,2019,50,1201.475
704,2020,50,1221.876
704,2021,50,1231.299
704,2022,50,1252.742
704,2023,50,1240.637
51,1950,50,10.783
51,1951,50,11.698
51,1952,50,12.701
51,1953,50,13.49
51,1954,50,13.897
51,1955,50,14.164
51,1956,50,14.334
51,1957,50,14.431
51,1958,50,14.668
51,1959,50,15.085
51,1960,50,15.405
51,1961,50,15.814
51,1962,50,16.372
51,1963,50,16.247
51,1964,50,14.946
51,1965,50,13.282
51,1966,50,11.746
51,1967,50,10.22
51,1968,50,9.416
51,1969,50,10.006
51,1970,50,11.662
51,1971,50,13.098
51,1972,50,14.434
51,1973,50,16.783
51,1974,50,20.63
51,1975,50,24.682
51,1976,50,29.183
51,1977,50,33.892
51,1978,50,36.533
51,1979,50,37.056
51,1980,50,35.504
51,1981,50,33.539
51,1982,50,32.387
51,1983,50,31.453
51,1984,50,30.671
51,1985,50,32.447
51,1986,50,36.112
51,1987,50,38.844
51,1988,50,39.319
51,1989,50,37.72
51,1990,50,36.025
51,1991,50,32.067
51,1992,50,25.625
51,1993,50,17.976
51,1994,50,14.492
51,1995,50,16.157
51,1996,50,21.372
51,1997,50,26.046
51,1998,50,28.294
51,1999,50,29.63
51,2000,50,31.836
51,2001,50,34.016
51,2002,50,35.55
51,2003,50,36.381
51,2004,50,37.61
51,2005,50,39.502
51,2006,50,41.414
51,2007,50,43.329
51,2008,50,45.357
51,2009,50,46.9
51,2010,50,47.69
51,2011,50,46.489
51,2012,50,44.049
51,2013,50,41.634
51,2014,50,39.537
51,2015,50,37.059
51,2016,50,34.89
51,2017,50,32.943
51,2018,50,31.522
51,2019,50,31.452
51,2020,50,31.758
51,2021,50,32.129
51,2022,50,32.279
51,2023,50,32.471
31,1950,50,26.854
31,1951,50,27.07
31,1952,50,27.326
31,1953,50,27.391
31,1954,50,27.203
31,1955,50,27.201
31,1956,50,27.422
31,1957,50,27.614
31,1958,50,27.782
31,1959,50,27.96
31,1960,50,28.004
31,1961,50,27.791
31,1962,50,27.369
31,1963,50,26.869
31,1964,50,26.392
31,1965,50,25.908
31,1966,50,25.503
31,1967,50,25.328
31,1968,50,25.474
31,1969,50,26.144
31,1970,50,27.415
31,1971,50,29.351
31,1972,50,31.957
31,1973,50,35.164
31,1974,50,38.797
31,1975,50,42.419
31,1976,50,45.827
31,1977,50,50.138
31,1978,50,58.605
31,1979,50,65.69
31,1980,50,64.045
31,1981,50,59.992
31,1982,50,58.984
31,1983,50,64.169
31,1984,50,63.675
31,1985,50,67.367
31,1986,50,74.322
31,1987,50,77.956
31,1988,50,77.853
31,1989,50,72.601
31,1990,50,65.675
31,1991,50,57.561
31,1992,50,45.657
31,1993,50,32.823
31,1994,50,24.892
31,1995,50,27.234
31,1996,50,35.726
31,1997,50,46.222
31,1998,50,54.013
31,1999,50,56.397
31,2000,50,61.958
31,2001,50,67.561
31,2002,50,70.138
31,2003,50,72.931
31,2004,50,78.3
31,2005,50,89.092
31,2006,50,99.157
31,2007,50,107.512
31,2008,50,117.773
31,2009,50,125.75
31,2010,50,134.755
31,2011,50,140.16
31,2012,50,137.149
31,2013,50,138.138
31,2014,50,136.717
31,2015,50,136.475
31,2016,50,136.792
31,2017,50,129.346
31,2018,50,128.805
31,2019,50,128.192
31,2020,50,129.402
31,2021,50,125.518
31,2022,50,118.091
31,2023,50,115.263
48,1950,50,0.724
48,1951,50,0.747
48,1952,50,0.772
48,1953,50,0.799
48,1954,50,0.832
48,1955,50,0.867
48,1956,50,0.899
48,1957,50,0.936
48,1958,50,0.979
48,1959,50,1.028
48,1960,50,1.081
48,1961,50,1.139
48,1962,50,1.199
48,1963,50,1.256
48,1964,50,1.306
48,1965,50,1.358
48,1966,50,1.405
48,1967,50,1.449
48,1968,50,1.508
48,1969,50,1.543
48,1970,50,1.566
48,1971,50,1.566
48,1972,50,1.595
48,1973,50,1.639
48,1974,50,1.686
48,1975,50,1.747
48,1976,50,1.823
48,1977,50,1.904
48,1978,50,1.989
48,1979,50,2.088
48,1980,50,2.213
48,1981,50,2.371
48,1982,50,2.48
48,1983,50,2.532
48,1984,50,2.589
48,1985,50,2.662
48,1986,50,2.735
48,1987,50,2.789
48,1988,50,2.841
48,1989,50,2.951
48,1990,50,3.029
48,1991,50,3.046
48,1992,50,3.02
48,1993,50,3.04
48,1994,50,3.227
48,1995,50,3.484
48,1996,50,3.74
48,1997,50,4.004
48,1998,50,4.337
48,1999,50,4.803
48,2000,50,5.318
48,2001,50,5.819
48,2002,50,6.477
48,2003,50,7.212
48,2004,50,8.019
48,2005,50,8.935
48,2006,50,9.905
48,2007,50,10.892
48,2008,50,11.897
48,2009,50,12.894
48,2010,50,13.886
48,2011,50,14.163
48,2012,50,14.133
48,2013,50,14.349
48,2014,50,15.145
48,2015,50,15.804
48,2016,50,16.263
48,2017,50,16.642
48,2018,50,17.099
48,2019,50,17.34
48,2020,50,17.54
48,2021,50,15.712
48,2022,50,16.326
48,2023,50,19.325
196,1950,50,4.614
196,1951,50,4.613
196,1952,50,4.534
196,1953,50,4.476
196,1954,50,4.527
196,1955,50,4.713
196,1956,50,5.041
196,1957,50,5.451
196,1958,50,5.803
196,1959,50,6.006
196,1960,50,6.014
196,1961,50,5.815
196,1962,50,5.586
196,1963,50,5.481
196,1964,50,5.496
196,1965,50,5.597
196,1966,50,5.74
196,1967,50,5.851
196,1968,50,5.881
196,1969,50,5.855
196,1970,50,5.806
196,1971,50,5.783
196,1972,50,5.833
196,1973,50,5.954
196,1974,50,6.037
196,1975,50,6.083
196,1976,50,6.164
196,1977,50,6.235
196,1978,50,6.303
196,1979,50,6.374
196,1980,50,6.455
196,1981,50,6.537
196,1982,50,6.616
196,1983,50,6.701
196,1984,50,6.808
196,1985,50,6.942
196,1986,50,7.091
196,1987,50,7.249
196,1988,50,7.411
196,1989,50,7.592
196,1990,50,7.803
196,1991,50,8.051
196,1992,50,8.343
196,1993,50,8.696
196,1994,50,9.12
196,1995,50,9.52
196,1996,50,9.884
196,1997,50,10.201
196,1998,50,10.485
196,1999,50,10.741
196,2000,50,10.975
196,2001,50,11.2
196,2002,50,11.428
196,2003,50,11.683
196,2004,50,11.992
196,2005,50,12.369
196,2006,50,12.828
196,2007,50,13.341
196,2008,50,13.827
196,2009,50,14.231
196,2010,50,14.527
196,2011,50,14.714
196,2012,50,14.836
196,2013,50,14.959
196,2014,50,15.149
196,2015,50,15.423
196,2016,50,15.772
196,2017,50,16.171
196,2018,50,16.548
196,2019,50,16.858
196,2020,50,17.094
196,2021,50,17.248
196,2022,50,17.366
196,2023,50,17.561
268,1950,50,33.714
268,1951,50,35.644
268,1952,50,37.442
268,1953,50,38.65
268,1954,50,39.256
268,1955,50,39.627
268,1956,50,39.885
268,1957,50,40.264
268,1958,50,41.29
268,1959,50,42.908
268,1960,50,44.652
268,1961,50,46.515
268,1962,50,47.674
268,1963,50,46.59
268,1964,50,43.367
268,1965,50,39.629
268,1966,50,36.163
268,1967,50,33.819
268,1968,50,33.578
268,1969,50,35.507
268,1970,50,37.439
268,1971,50,39.323
268,1972,50,41.615
268,1973,50,45.973
268,1974,50,51.709
268,1975,50,57.834
268,1976,50,63.817
268,1977,50,68.434
268,1978,50,71.86
268,1979,50,72.925
268,1980,50,71.102
268,1981,50,67.948
268,1982,50,64.681
268,1983,50,63.261
268,1984,50,63.871
268,1985,50,65.518
268,1986,50,69.248
268,1987,50,73.683
268,1988,50,76.654
268,1989,50,76.121
268,1990,50,72.418
268,1991,50,64.979
268,1992,50,52.156
268,1993,50,38.348
268,1994,50,30.589
268,1995,50,31.432
268,1996,50,36.968
268,1997,50,42.972
268,1998,50,47.209
268,1999,50,49.646
268,2000,50,51.185
268,2001,50,51.001
268,2002,50,50.031
268,2003,50,49.984
268,2004,50,51.089
268,2005,50,53.167
268,2006,50,54.32
268,2007,50,54.358
268,2008,50,55.302
268,2009,50,57.87
268,2010,50,61.339
268,2011,50,61.587
268,2012,50,59.047
268,2013,50,56.193
268,2014,50,53.276
268,2015,50,50.942
268,2016,50,48.575
268,2017,50,46.749
268,2018,50,45.99
268,2019,50,46.057
268,2020,50,46.273
268,2021,50,46.305
268,2022,50,46.282
268,2023,50,46.515
368,1950,50,53.005
368,1951,50,54.997
368,1952,50,56.939
368,1953,50,58.547
368,1954,50,59.664
368,1955,50,60.552
368,1956,50,61.458
368,1957,50,62.291
368,1958,50,62.975
368,1959,50,63.502
368,1960,50,64.133
368,1961,50,64.728
368,1962,50,65.185
368,1963,50,65.828
368,1964,50,66.794
368,1965,50,67.723
368,1966,50,68.635
368,1967,50,69.888
368,1968,50,70.707
368,1969,50,70.476
368,1970,50,70.086
368,1971,50,69.827
368,1972,50,69.506
368,1973,50,69.592
368,1974,50,70.305
368,1975,50,71.337
368,1976,50,72.351
368,1977,50,73.433
368,1978,50,75.033
368,1979,50,77.139
368,1980,50,79.263
368,1981,50,81.67
368,1982,50,84.005
368,1983,50,86.18
368,1984,50,88.249
368,1985,50,90.283
368,1986,50,91.167
368,1987,50,93.427
368,1988,50,95.006
368,1989,50,97.136
368,1990,50,99.833
368,1991,50,98.964
368,1992,50,101.412
368,1993,50,104.957
368,1994,50,111.653
368,1995,50,114.972
368,1996,50,117.227
368,1997,50,117.373
368,1998,50,123.73
368,1999,50,130.96
368,2000,50,134.946
368,2001,50,143.995
368,2002,50,157.32
368,2003,50,169.41
368,2004,50,174.378
368,2005,50,169.694
368,2006,50,165.787
368,2007,50,147.148
368,2008,50,131.295
368,2009,50,146.931
368,2010,50,160.175
368,2011,50,174.471
368,2012,50,211.157
368,2013,50,243.749
368,2014,50,256.449
368,2015,50,267.087
368,2016,50,278.009
368,2017,50,288.694
368,2018,50,301.555
368,2019,50,315.977
368,2020,50,329.484
368,2021,50,342.784
368,2022,50,355.714
368,2023,50,368.548
376,1950,50,12.294
376,1951,50,13.042
376,1952,50,13.805
376,1953,50,14.707
376,1954,50,15.777
376,1955,50,16.971
376,1956,50,18.27
376,1957,50,19.697
376,1958,50,21.114
376,1959,50,22.38
376,1960,50,23.419
376,1961,50,24.173
376,1962,50,24.61
376,1963,50,24.704
376,1964,50,24.488
376,1965,50,24.112
376,1966,50,23.73
376,1967,50,23.593
376,1968,50,23.895
376,1969,50,24.647
376,1970,50,25.757
376,1971,50,27.118
376,1972,50,28.59
376,1973,50,29.958
376,1974,50,30.954
376,1975,50,31.447
376,1976,50,31.28
376,1977,50,30.831
376,1978,50,30.997
376,1979,50,30.856
376,1980,50,31.584
376,1981,50,31.514
376,1982,50,31.6
376,1983,50,33.106
376,1984,50,32.209
376,1985,50,32.604
376,1986,50,34.095
376,1987,50,34.151
376,1988,50,33.805
376,1989,50,33.324
376,1990,50,33.356
376,1991,50,34.23
376,1992,50,34.752
376,1993,50,36.055
376,1994,50,39.085
376,1995,50,45.124
376,1996,50,55.023
376,1997,50,64.245
376,1998,50,65.817
376,1999,50,63.54
376,2000,50,67.658
376,2001,50,72.404
376,2002,50,73.487
376,2003,50,73.39
376,2004,50,72.598
376,2005,50,73.106
376,2006,50,73.574
376,2007,50,73.24
376,2008,50,73.953
376,2009,50,74.864
376,2010,50,76.524
376,2011,50,76.413
376,2012,50,75.308
376,2013,50,75.614
376,2014,50,76.912
376,2015,50,79.019
376,2016,50,80.436
376,2017,50,80.243
376,2018,50,82.155
376,2019,50,86.798
376,2020,50,91.0
376,2021,50,95.431
376,2022,50,97.517
376,2023,50,99.002
400,1950,50,2.942
400,1951,50,3.081
400,1952,50,3.226
400,1953,50,3.398
400,1954,50,3.604
400,1955,50,3.822
400,1956,50,4.056
400,1957,50,4.311
400,1958,50,4.544
400,1959,50,4.709
400,1960,50,4.822
400,1961,50,4.907
400,1962,50,4.97
400,1963,50,5.041
400,1964,50,5.172
400,1965,50,5.399
400,1966,50,5.712
400,1967,50,6.101
400,1968,50,6.564
400,1969,50,7.072
400,1970,50,7.568
400,1971,50,8.032
400,1972,50,8.464
400,1973,50,8.848
400,1974,50,9.164
400,1975,50,9.432
400,1976,50,9.687
400,1977,50,9.938
400,1978,50,10.243
400,1979,50,10.653
400,1980,50,11.186
400,1981,50,11.816
400,1982,50,12.518
400,1983,50,13.29
400,1984,50,14.12
400,1985,50,15.108
400,1986,50,16.229
400,1987,50,17.258
400,1988,50,18.114
400,1989,50,18.789
400,1990,50,19.322
400,1991,50,21.211
400,1992,50,21.987
400,1993,50,22.975
400,1994,50,24.123
400,1995,50,25.332
400,1996,50,26.57
400,1997,50,27.923
400,1998,50,29.421
400,1999,50,30.799
400,2000,50,32.221
400,2001,50,34.045
400,2002,50,36.063
400,2003,50,38.182
400,2004,50,40.438
400,2005,50,42.983
400,2006,50,45.684
400,2007,50,52.255
400,2008,50,55.25
400,2009,50,58.491
400,2010,50,61.531
400,2011,50,65.266
400,2012,50,69.123
400,2013,50,71.495
400,2014,50,75.266
400,2015,50,79.608
400,2016,50,87.81
400,2017,50,92.482
400,2018,50,97.106
400,2019,50,100.989
400,2020,50,104.107
400,2021,50,107.553
400,2022,50,110.82
400,2023,50,113.283
414,1950,50,1.046
414,1951,50,1.067
414,1952,50,1.097
414,1953,50,1.107
414,1954,50,1.093
414,1955,50,1.077
414,1956,50,1.149
414,1957,50,1.235
414,1958,50,1.352
414,1959,50,1.507
414,1960,50,1.706
414,1961,50,1.916
414,1962,50,2.15
414,1963,50,2.4
414,1964,50,2.64
414,1965,50,2.888
414,1966,50,3.15
414,1967,50,3.433
414,1968,50,3.761
414,1969,50,4.129
414,1970,50,4.528
414,1971,50,4.935
414,1972,50,5.332
414,1973,50,5.728
414,1974,50,6.158
414,1975,50,6.623
414,1976,50,7.132
414,1977,50,7.558
414,1978,50,8.001
414,1979,50,8.453
414,1980,50,8.954
414,1981,50,9.54
414,1982,50,10.039
414,1983,50,10.604
414,1984,50,11.222
414,1985,50,12.006
414,1986,50,12.732
414,1987,50,14.234
414,1988,50,15.938
414,1989,50,17.824
414,1990,50,19.958
414,1991,50,10.92
414,1992,50,16.179
414,1993,50,17.748
414,1994,50,14.877
414,1995,50,11.93
414,1996,50,11.631
414,1997,50,12.47
414,1998,50,13.325
414,1999,50,14.199
414,2000,50,15.1
414,2001,50,16.047
414,2002,50,17.062
414,2003,50,18.15
414,2004,50,19.317
414,2005,50,20.563
414,2006,50,22.089
414,2007,50,23.791
414,2008,50,25.369
414,2009,50,27.035
414,2010,50,29.046
414,2011,50,31.493
414,2012,50,35.933
414,2013,50,40.138
414,2014,50,44.571
414,2015,50,49.1
414,2016,50,54.19
414,2017,50,62.164
414,2018,50,70.456
414,2019,50,80.198
414,2020,50,86.819
414,2021,50,89.02
414,2022,50,63.787
414,2023,50,74.854
422,1950,50,11.166
422,1951,50,11.449
422,1952,50,11.765
422,1953,50,12.081
422,1954,50,12.362
422,1955,50,12.676
422,1956,50,12.949
422,1957,50,13.12
422,1958,50,13.424
422,1959,50,13.994
422,1960,50,14.523
422,1961,50,15.26
422,1962,50,16.114
422,1963,50,16.303
422,1964,50,15.552
422,1965,50,14.469
422,1966,50,13.412
422,1967,50,12.225
422,1968,50,11.631
422,1969,50,12.45
422,1970,50,13.915
422,1971,50,15.267
422,1972,50,16.748
422,1973,50,18.115
422,1974,50,19.135
422,1975,50,19.857
422,1976,50,20.464
422,1977,50,21.125
422,1978,50,21.814
422,1979,50,22.208
422,1980,50,22.417
422,1981,50,22.642
422,1982,50,22.7
422,1983,50,22.633
422,1984,50,22.607
422,1985,50,22.613
422,1986,50,22.69
422,1987,50,23.093
422,1988,50,23.146
422,1989,50,22.937
422,1990,50,22.73
422,1991,50,22.707
422,1992,50,22.939
422,1993,50,23.347
422,1994,50,23.934
422,1995,50,24.809
422,1996,50,26.04
422,1997,50,27.608
422,1998,50,30.006
422,1999,50,32.621
422,2000,50,37.791
422,2001,50,42.564
422,2002,50,43.903
422,2003,50,45.038
422,2004,50,46.436
422,2005,50,47.954
422,2006,50,49.563
422,2007,50,51.44
422,2008,50,53.378
422,2009,50,55.131
422,2010,50,56.975
422,2011,50,58.349
422,2012,50,60.107
422,2013,50,63.28
422,2014,50,73.422
422,2015,50,78.221
422,2016,50,76.435
422,2017,50,74.805
422,2018,50,72.962
422,2019,50,70.457
422,2020,50,66.83
422,2021,50,65.379
422,2022,50,64.11
422,2023,50,63.226
512,1950,50,3.228
512,1951,50,3.268
512,1952,50,3.308
512,1953,50,3.35
512,1954,50,3.399
512,1955,50,3.451
512,1956,50,3.501
512,1957,50,3.549
512,1958,50,3.597
512,1959,50,3.646
512,1960,50,3.697
512,1961,50,3.745
512,1962,50,3.796
512,1963,50,3.844
512,1964,50,3.884
512,1965,50,3.922
512,1966,50,3.962
512,1967,50,4.004
512,1968,50,4.054
512,1969,50,4.12
512,1970,50,4.191
512,1971,50,4.263
512,1972,50,4.334
512,1973,50,4.401
512,1974,50,4.466
512,1975,50,4.582
512,1976,50,4.713
512,1977,50,4.874
512,1978,50,5.054
512,1979,50,5.268
512,1980,50,5.513
512,1981,50,5.779
512,1982,50,6.083
512,1983,50,6.42
512,1984,50,6.778
512,1985,50,7.153
512,1986,50,7.563
512,1987,50,8.045
512,1988,50,8.565
512,1989,50,9.122
512,1990,50,9.763
512,1991,50,10.537
512,1992,50,11.462
512,1993,50,12.544
512,1994,50,13.712
512,1995,50,14.182
512,1996,50,14.565
512,1997,50,14.864
512,1998,50,15.126
512,1999,50,15.39
512,2000,50,15.555
512,2001,50,15.622
512,2002,50,15.643
512,2003,50,15.899
512,2004,50,16.507
512,2005,50,17.138
512,2006,50,17.772
512,2007,50,18.603
512,2008,50,19.502
512,2009,50,20.273
512,2010,50,20.63
512,2011,50,20.813
512,2012,50,26.375
512,2013,50,29.593
512,2014,50,31.016
512,2015,50,32.673
512,2016,50,33.85
512,2017,50,35.516
512,2018,50,37.532
512,2019,50,39.248
512,2020,50,40.221
512,2021,50,39.954
512,2022,50,40.857
512,2023,50,44.926
634,1950,50,0.174
634,1951,50,0.178
634,1952,50,0.181
634,1953,50,0.185
634,1954,50,0.189
634,1955,50,0.193
634,1956,50,0.197
634,1957,50,0.203
634,1958,50,0.208
634,1959,50,0.214
634,1960,50,0.225
634,1961,50,0.24
634,1962,50,0.267
634,1963,50,0.299
634,1964,50,0.338
634,1965,50,0.387
634,1966,50,0.442
634,1967,50,0.505
634,1968,50,0.576
634,1969,50,0.656
634,1970,50,0.75
634,1971,50,0.784
634,1972,50,0.822
634,1973,50,0.859
634,1974,50,0.904
634,1975,50,0.956
634,1976,50,1.022
634,1977,50,1.1
634,1978,50,1.176
634,1979,50,1.256
634,1980,50,1.366
634,1981,50,1.518
634,1982,50,1.68
634,1983,50,1.848
634,1984,50,2.039
634,1985,50,2.295
634,1986,50,2.633
634,1987,50,2.831
634,1988,50,2.949
634,1989,50,3.077
634,1990,50,3.237
634,1991,50,3.443
634,1992,50,3.644
634,1993,50,3.841
634,1994,50,4.058
634,1995,50,4.308
634,1996,50,4.592
634,1997,50,4.896
634,1998,50,5.364
634,1999,50,5.93
634,2000,50,6.577
634,2001,50,7.294
634,2002,50,8.071
634,2003,50,8.905
634,2004,50,9.801
634,2005,50,10.293
634,2006,50,11.409
634,2007,50,12.867
634,2008,50,14.023
634,2009,50,15.597
634,2010,50,17.32
634,2011,50,18.726
634,2012,50,19.536
634,2013,50,19.998
634,2014,50,21.042
634,2015,50,23.363
634,2016,50,25.721
634,2017,50,27.307
634,2018,50,27.824
634,2019,50,28.864
634,2020,50,31.242
634,2021,50,32.236
634,2022,50,32.82
634,2023,50,35.897
682,1950,50,12.586
682,1951,50,12.809
682,1952,50,13.036
682,1953,50,13.264
682,1954,50,13.49
682,1955,50,13.714
682,1956,50,13.948
682,1957,50,14.195
682,1958,50,14.439
682,1959,50,14.674
682,1960,50,15.033
682,1961,50,15.536
682,1962,50,16.07
682,1963,50,16.652
682,1964,50,17.295
682,1965,50,17.994
682,1966,50,18.738
682,1967,50,19.534
682,1968,50,20.386
682,1969,50,21.297
682,1970,50,22.269
682,1971,50,23.292
682,1972,50,24.365
682,1973,50,25.502
682,1974,50,26.71
682,1975,50,27.97
682,1976,50,29.27
682,1977,50,30.632
682,1978,50,32.065
682,1979,50,33.56
682,1980,50,35.136
682,1981,50,36.891
682,1982,50,38.875
682,1983,50,41.03
682,1984,50,43.294
682,1985,50,45.657
682,1986,50,48.31
682,1987,50,51.345
682,1988,50,54.614
682,1989,50,58.033
682,1990,50,61.774
682,1991,50,66.132
682,1992,50,71.161
682,1993,50,76.742
682,1994,50,82.723
682,1995,50,88.973
682,1996,50,95.649
682,1997,50,102.633
682,1998,50,108.631
682,1999,50,116.592
682,2000,50,126.339
682,2001,50,131.841
682,2002,50,137.408
682,2003,50,143.165
682,2004,50,149.182
682,2005,50,155.592
682,2006,50,162.536
682,2007,50,170.166
682,2008,50,178.591
682,2009,50,187.891
682,2010,50,197.628
682,2011,50,208.176
682,2012,50,220.405
682,2013,50,234.648
682,2014,50,251.188
682,2015,50,270.217
682,2016,50,291.93
682,2017,50,309.225
682,2018,50,313.209
682,2019,50,309.558
682,2020,50,312.547
682,2021,50,311.484
682,2022,50,308.946
682,2023,50,330.027
275,1950,50,6.234
275,1951,50,6.091
275,1952,50,5.958
275,1953,50,5.879
275,1954,50,5.859
275,1955,50,5.855
275,1956,50,5.869
275,1957,50,5.905
275,1958,50,5.895
275,1959,50,5.813
275,1960,50,5.725
275,1961,50,5.667
275,1962,50,5.62
275,1963,50,5.59
275,1964,50,5.609
275,1965,50,5.625
275,1966,50,5.599
275,1967,50,5.536
275,1968,50,5.471
275,1969,50,5.435
275,1970,50,5.434
275,1971,50,5.511
275,1972,50,5.68
275,1973,50,5.847
275,1974,50,5.974
275,1975,50,6.115
275,1976,50,6.275
275,1977,50,6.397
275,1978,50,6.594
275,1979,50,6.89
275,1980,50,7.173
275,1981,50,7.466
275,1982,50,7.798
275,1983,50,8.146
275,1984,50,8.553
275,1985,50,9.021
275,1986,50,9.31
275,1987,50,9.709
275,1988,50,10.38
275,1989,50,10.632
275,1990,50,10.944
275,1991,50,11.324
275,1992,50,11.733
275,1993,50,12.242
275,1994,50,12.807
275,1995,50,13.37
275,1996,50,13.975
275,1997,50,14.609
275,1998,50,14.944
275,1999,50,15.725
275,2000,50,16.492
275,2001,50,16.927
275,2002,50,17.663
275,2003,50,18.272
275,2004,50,18.959
275,2005,50,19.676
275,2006,50,20.442
275,2007,50,21.274
275,2008,50,22.149
275,2009,50,23.098
275,2010,50,24.066
275,2011,50,25.057
275,2012,50,26.107
275,2013,50,27.117
275,2014,50,28.082
275,2015,50,29.08
275,2016,50,30.02
275,2017,50,30.936
275,2018,50,31.707
275,2019,50,32.478
275,2020,50,33.324
275,2021,50,34.266
275,2022,50,35.33
275,2023,50,36.543
760,1950,50,24.725
760,1951,50,24.374
760,1952,50,24.04
760,1953,50,23.722
760,1954,50,23.419
760,1955,50,23.13
760,1956,50,22.856
760,1957,50,23.312
760,1958,50,24.489
760,1959,50,26.358
760,1960,50,30.296
760,1961,50,31.92
760,1962,50,29.9
760,1963,50,27.995
760,1964,50,27.581
760,1965,50,29.424
760,1966,50,31.129
760,1967,50,31.944
760,1968,50,32.753
760,1969,50,34.179
760,1970,50,36.264
760,1971,50,37.926
760,1972,50,39.537
760,1973,50,41.381
760,1974,50,43.564
760,1975,50,46.115
760,1976,50,48.301
760,1977,50,49.988
760,1978,50,51.613
760,1979,50,53.154
760,1980,50,54.706
760,1981,50,56.317
760,1982,50,57.803
760,1983,50,59.194
760,1984,50,59.938
760,1985,50,59.754
760,1986,50,60.266
760,1987,50,61.876
760,1988,50,63.649
760,1989,50,64.355
760,1990,50,64.375
760,1991,50,66.056
760,1992,50,68.577
760,1993,50,69.928
760,1994,50,72.102
760,1995,50,75.583
760,1996,50,80.094
760,1997,50,86.74
760,1998,50,94.38
760,1999,50,94.45
760,2000,50,92.967
760,2001,50,97.616
760,2002,50,102.56
760,2003,50,107.678
760,2004,50,113.115
760,2005,50,118.853
760,2006,50,124.528
760,2007,50,134.12
760,2008,50,144.792
760,2009,50,148.831
760,2010,50,155.637
760,2011,50,162.81
760,2012,50,168.623
760,2013,50,169.535
760,2014,50,163.543
760,2015,50,160.735
760,2016,50,161.417
760,2017,50,166.006
760,2018,50,168.805
760,2019,50,176.297
760,2020,50,184.499
760,2021,50,191.152
760,2022,50,196.898
760,2023,50,206.226
792,1950,50,163.211
792,1951,50,169.651
792,1952,50,175.685
792,1953,50,181.074
792,1954,50,185.883
792,1955,50,190.253
792,1956,50,194.389
792,1957,50,198.05
792,1958,50,200.755
792,1959,50,202.722
792,1960,50,204.206
792,1961,50,205.693
792,1962,50,207.372
792,1963,50,209.277
792,1964,50,211.587
792,1965,50,214.457
792,1966,50,218.285
792,1967,50,223.957
792,1968,50,229.753
792,1969,50,235.79
792,1970,50,242.203
792,1971,50,249.45
792,1972,50,258.618
792,1973,50,267.876
792,1974,50,277.307
792,1975,50,286.969
792,1976,50,296.988
792,1977,50,307.324
792,1978,50,317.231
792,1979,50,326.756
792,1980,50,336.015
792,1981,50,344.485
792,1982,50,352.319
792,1983,50,361.202
792,1984,50,369.829
792,1985,50,377.993
792,1986,50,385.84
792,1987,50,393.553
792,1988,50,401.568
792,1989,50,410.092
792,1990,50,419.02
792,1991,50,428.511
792,1992,50,438.487
792,1993,50,449.489
792,1994,50,461.507
792,1995,50,474.398
792,1996,50,486.785
792,1997,50,501.01
792,1998,50,517.811
792,1999,50,537.953
792,2000,50,561.672
792,2001,50,587.663
792,2002,50,615.69
792,2003,50,645.452
792,2004,50,675.428
792,2005,50,703.467
792,2006,50,728.191
792,2007,50,748.56
792,2008,50,764.24
792,2009,50,765.48
792,2010,50,777.626
792,2011,50,812.716
792,2012,50,867.738
792,2013,50,920.543
792,2014,50,958.114
792,2015,50,979.916
792,2016,50,983.081
792,2017,50,967.879
792,2018,50,954.72
792,2019,50,952.041
792,2020,50,965.3
792,2021,50,990.909
792,2022,50,1027.931
792,2023,50,1071.767
784,1950,50,0.521
784,1951,50,0.525
784,1952,50,0.53
784,1953,50,0.534
784,1954,50,0.54
784,1955,50,0.546
784,1956,50,0.553
784,1957,50,0.565
784,1958,50,0.58
784,1959,50,0.602
784,1960,50,0.626
784,1961,50,0.659
784,1962,50,0.701
784,1963,50,0.749
784,1964,50,0.809
784,1965,50,0.874
784,1966,50,0.956
784,1967,50,1.054
784,1968,50,1.158
784,1969,50,1.276
784,1970,50,1.434
784,1971,50,1.684
784,1972,50,2.037
784,1973,50,2.44
784,1974,50,2.861
784,1975,50,3.272
784,1976,50,3.647
784,1977,50,3.791
784,1978,50,4.124
784,1979,50,4.604
784,1980,50,5.184
784,1981,50,5.807
784,1982,50,6.03
784,1983,50,6.395
784,1984,50,6.947
784,1985,50,7.72
784,1986,50,8.705
784,1987,50,9.534
784,1988,50,10.19
784,1989,50,10.691
784,1990,50,11.089
784,1991,50,11.484
784,1992,50,12.145
784,1993,50,13.3
784,1994,50,14.991
784,1995,50,17.205
784,1996,50,19.903
784,1997,50,23.475
784,1998,50,26.722
784,1999,50,29.627
784,2000,50,33.006
784,2001,50,36.103
784,2002,50,37.668
784,2003,50,39.642
784,2004,50,42.729
784,2005,50,47.705
784,2006,50,53.394
784,2007,50,58.382
784,2008,50,66.881
784,2009,50,73.684
784,2010,50,76.907
784,2011,50,80.05
784,2012,50,83.494
784,2013,50,87.204
784,2014,50,91.632
784,2015,50,97.221
784,2016,50,103.308
784,2017,50,106.978
784,2018,50,108.437
784,2019,50,108.316
784,2020,50,107.641
784,2021,50,108.715
784,2022,50,114.127
784,2023,50,118.817
887,1950,50,32.557
887,1951,50,32.938
887,1952,50,33.346
887,1953,50,33.815
887,1954,50,34.418
887,1955,50,35.088
887,1956,50,35.764
887,1957,50,36.471
887,1958,50,37.196
887,1959,50,37.915
887,1960,50,38.654
887,1961,50,39.439
887,1962,50,40.238
887,1963,50,41.038
887,1964,50,41.882
887,1965,50,42.788
887,1966,50,43.729
887,1967,50,44.708
887,1968,50,45.735
887,1969,50,46.839
887,1970,50,48.016
887,1971,50,49.13
887,1972,50,50.283
887,1973,50,51.487
887,1974,50,52.74
887,1975,50,54.028
887,1976,50,55.336
887,1977,50,56.666
887,1978,50,58.016
887,1979,50,59.404
887,1980,50,60.832
887,1981,50,62.353
887,1982,50,63.964
887,1983,50,65.568
887,1984,50,67.083
887,1985,50,68.531
887,1986,50,70.28
887,1987,50,72.404
887,1988,50,74.394
887,1989,50,75.801
887,1990,50,77.19
887,1991,50,78.713
887,1992,50,80.061
887,1993,50,81.597
887,1994,50,83.534
887,1995,50,85.75
887,1996,50,88.637
887,1997,50,91.093
887,1998,50,90.373
887,1999,50,87.889
887,2000,50,84.84
887,2001,50,84.451
887,2002,50,87.854
887,2003,50,91.433
887,2004,50,95.294
887,2005,50,99.584
887,2006,50,104.667
887,2007,50,110.004
887,2008,50,115.762
887,2009,50,121.966
887,2010,50,128.434
887,2011,50,134.989
887,2012,50,141.91
887,2013,50,149.361
887,2014,50,157.64
887,2015,50,166.377
887,2016,50,175.131
887,2017,50,184.384
887,2018,50,193.414
887,2019,50,202.3
887,2020,50,212.029
887,2021,50,221.283
887,2022,50,230.599
887,2023,50,241.041
112,1950,50,72.0
112,1951,50,75.97
112,1952,50,75.86
112,1953,50,79.192
112,1954,50,79.026
112,1955,50,77.349
112,1956,50,78.317
112,1957,50,77.783
112,1958,50,83.345
112,1959,50,82.811
112,1960,50,85.848
112,1961,50,87.432
112,1962,50,83.151
112,1963,50,86.52
112,1964,50,83.674
112,1965,50,75.668
112,1966,50,60.791
112,1967,50,51.82
112,1968,50,59.704
112,1969,50,67.948
112,1970,50,73.008
112,1971,50,76.18
112,1972,50,89.605
112,1973,50,108.996
112,1974,50,114.177
112,1975,50,118.158
112,1976,50,123.36
112,1977,50,129.552
112,1978,50,141.046
112,1979,50,142.813
112,1980,50,145.221
112,1981,50,137.817
112,1982,50,132.883
112,1983,50,129.731
112,1984,50,115.127
112,1985,50,119.55
112,1986,50,133.905
112,1987,50,141.699
112,1988,50,141.435
112,1989,50,136.435
112,1990,50,126.566
112,1991,50,117.384
112,1992,50,103.007
112,1993,50,80.179
112,1994,50,74.265
112,1995,50,75.551
112,1996,50,83.921
112,1997,50,106.201
112,1998,50,118.123
112,1999,50,131.185
112,2000,50,135.983
112,2001,50,132.155
112,2002,50,133.797
112,2003,50,131.923
112,2004,50,136.476
112,2005,50,144.72
112,2006,50,148.532
112,2007,50,152.419
112,2008,50,157.32
112,2009,50,160.264
112,2010,50,160.737
112,2011,50,159.502
112,2012,50,154.286
112,2013,50,148.262
112,2014,50,142.401
112,2015,50,135.612
112,2016,50,130.25
112,2017,50,126.711
112,2018,50,124.774
112,2019,50,123.472
112,2020,50,123.782
112,2021,50,125.513
112,2022,50,125.672
112,2023,50,124.116
100,1950,50,79.667
100,1951,50,85.425
100,1952,50,80.759
100,1953,50,83.66
100,1954,50,87.977
100,1955,50,91.924
100,1956,50,96.788
100,1957,50,97.371
100,1958,50,95.482
100,1959,50,96.001
100,1960,50,100.742
100,1961,50,101.309
100,1962,50,103.406
100,1963,50,90.746
100,1964,50,93.652
100,1965,50,110.346
100,1966,50,84.555
100,1967,50,55.591
100,1968,50,55.092
100,1969,50,78.978
100,1970,50,107.543
100,1971,50,119.711
100,1972,50,123.389
100,1973,50,123.779
100,1974,50,126.266
100,1975,50,130.92
100,1976,50,131.485
100,1977,50,127.056
100,1978,50,123.1
100,1979,50,119.824
100,1980,50,121.403
100,1981,50,121.103
100,1982,50,121.358
100,1983,50,125.354
100,1984,50,124.725
100,1985,50,121.894
100,1986,50,115.051
100,1987,50,110.808
100,1988,50,105.932
100,1989,50,102.322
100,1990,50,102.011
100,1991,50,102.88
100,1992,50,102.161
100,1993,50,102.188
100,1994,50,101.992
100,1995,50,105.706
100,1996,50,115.852
100,1997,50,118.48
100,1998,50,117.538
100,1999,50,121.192
100,2000,50,124.455
100,2001,50,117.816
100,2002,50,110.424
100,2003,50,111.832
100,2004,50,110.795
100,2005,50,110.813
100,2006,50,111.344
100,2007,50,108.43
100,2008,50,105.335
100,2009,50,103.509
100,2010,50,103.114
100,2011,50,103.388
100,2012,50,101.169
100,2013,50,98.553
100,2014,50,97.273
100,2015,50,94.58
100,2016,50,91.619
100,2017,50,91.116
100,2018,50,97.699
100,2019,50,104.955
100,2020,50,104.729
100,2021,50,102.011
100,2022,50,99.221
100,2023,50,101.175
203,1950,50,125.559
203,1951,50,129.825
203,1952,50,132.819
203,1953,50,133.5
203,1954,50,133.234
203,1955,50,131.983
203,1956,50,135.006
203,1957,50,139.029
203,1958,50,139.831
203,1959,50,142.316
203,1960,50,143.114
203,1961,50,141.278
203,1962,50,138.588
203,1963,50,137.378
203,1964,50,134.103
203,1965,50,113.166
203,1966,50,83.153
203,1967,50,66.728
203,1968,50,62.83
203,1969,50,81.379
203,1970,50,113.954
203,1971,50,132.231
203,1972,50,137.77
203,1973,50,138.526
203,1974,50,135.466
203,1975,50,131.216
203,1976,50,128.159
203,1977,50,125.569
203,1978,50,123.746
203,1979,50,123.499
203,1980,50,123.653
203,1981,50,122.444
203,1982,50,118.793
203,1983,50,113.166
203,1984,50,108.388
203,1985,50,104.876
203,1986,50,101.776
203,1987,50,100.629
203,1988,50,101.955
203,1989,50,106.048
203,1990,50,113.414
203,1991,50,119.481
203,1992,50,123.95
203,1993,50,133.775
203,1994,50,141.244
203,1995,50,140.501
203,1996,50,152.318
203,1997,50,168.302
203,1998,50,167.007
203,1999,50,160.485
203,2000,50,159.404
203,2001,50,161.54
203,2002,50,161.078
203,2003,50,157.664
203,2004,50,155.022
203,2005,50,153.213
203,2006,50,150.887
203,2007,50,147.29
203,2008,50,139.047
203,2009,50,128.55
203,2010,50,124.109
203,2011,50,125.829
203,2012,50,128.315
203,2013,50,136.564
203,2014,50,145.926
203,2015,50,144.911
203,2016,50,138.73
203,2017,50,135.068
203,2018,50,133.883
203,2019,50,136.888
203,2020,50,142.874
203,2021,50,148.397
203,2022,50,155.538
203,2023,50,170.174
348,1950,50,122.912
348,1951,50,124.302
348,1952,50,124.527
348,1953,50,126.691
348,1954,50,124.55
348,1955,50,123.014
348,1956,50,125.717
348,1957,50,130.698
348,1958,50,134.746
348,1959,50,138.335
348,1960,50,140.541
348,1961,50,139.334
348,1962,50,141.356
348,1963,50,142.627
348,1964,50,140.086
348,1965,50,118.556
348,1966,50,84.762
348,1967,50,71.593
348,1968,50,70.078
348,1969,50,98.088
348,1970,50,134.539
348,1971,50,144.605
348,1972,50,146.962
348,1973,50,146.49
348,1974,50,141.28
348,1975,50,142.465
348,1976,50,145.408
348,1977,50,139.712
348,1978,50,138.712
348,1979,50,139.625
348,1980,50,140.867
348,1981,50,138.196
348,1982,50,133.339
348,1983,50,132.271
348,1984,50,129.331
348,1985,50,126.17
348,1986,50,122.707
348,1987,50,120.841
348,1988,50,122.16
348,1989,50,122.829
348,1990,50,126.333
348,1991,50,128.179
348,1992,50,129.8
348,1993,50,132.118
348,1994,50,135.379
348,1995,50,131.337
348,1996,50,124.128
348,1997,50,132.627
348,1998,50,142.66
348,1999,50,146.965
348,2000,50,151.054
348,2001,50,151.017
348,2002,50,148.291
348,2003,50,155.206
348,2004,50,170.629
348,2005,50,173.615
348,2006,50,163.424
348,2007,50,147.853
348,2008,50,135.488
348,2009,50,129.685
348,2010,50,126.81
348,2011,50,123.794
348,2012,50,118.492
348,2013,50,116.239
348,2014,50,118.255
348,2015,50,119.559
348,2016,50,122.48
348,2017,50,130.6
348,2018,50,139.649
348,2019,50,142.999
348,2020,50,142.964
348,2021,50,141.636
348,2022,50,141.705
348,2023,50,144.298
616,1950,50,273.653
616,1951,50,284.119
616,1952,50,293.946
616,1953,50,303.754
616,1954,50,313.882
616,1955,50,323.389
616,1956,50,331.624
616,1957,50,338.373
616,1958,50,343.242
616,1959,50,344.498
616,1960,50,354.48
616,1961,50,348.255
616,1962,50,346.199
616,1963,50,342.87
616,1964,50,327.304
616,1965,50,289.107
616,1966,50,240.615
616,1967,50,221.161
616,1968,50,218.095
616,1969,50,261.102
616,1970,50,320.79
616,1971,50,339.267
616,1972,50,362.109
616,1973,50,393.44
616,1974,50,400.506
616,1975,50,415.931
616,1976,50,419.923
616,1977,50,408.647
616,1978,50,423.662
616,1979,50,439.014
616,1980,50,449.852
616,1981,50,449.357
616,1982,50,435.728
616,1983,50,421.379
616,1984,50,409.98
616,1985,50,413.495
616,1986,50,417.216
616,1987,50,408.855
616,1988,50,397.762
616,1989,50,392.338
616,1990,50,385.718
616,1991,50,366.919
616,1992,50,343.708
616,1993,50,333.604
616,1994,50,337.69
616,1995,50,345.527
616,1996,50,407.258
616,1997,50,488.053
616,1998,50,526.736
616,1999,50,549.119
616,2000,50,564.306
616,2001,50,586.203
616,2002,50,599.123
616,2003,50,603.895
616,2004,50,606.247
616,2005,50,615.7
616,2006,50,620.148
616,2007,50,615.297
616,2008,50,607.78
616,2009,50,587.514
616,2010,50,557.702
616,2011,50,525.38
616,2012,50,502.88
616,2013,50,486.355
616,2014,50,472.866
616,2015,50,461.34
616,2016,50,452.875
616,2017,50,447.818
616,2018,50,447.861
616,2019,50,453.845
616,2020,50,465.444
616,2021,50,481.92
616,2022,50,501.238
616,2023,50,533.399
498,1950,50,23.601
498,1951,50,24.737
498,1952,50,24.897
498,1953,50,24.709
498,1954,50,24.524
498,1955,50,24.72
498,1956,50,25.145
498,1957,50,25.594
498,1958,50,26.616
498,1959,50,27.948
498,1960,50,29.812
498,1961,50,31.413
498,1962,50,32.047
498,1963,50,31.643
498,1964,50,30.407
498,1965,50,29.359
498,1966,50,28.994
498,1967,50,29.194
498,1968,50,30.606
498,1969,50,33.203
498,1970,50,36.387
498,1971,50,38.72
498,1972,50,39.955
498,1973,50,40.741
498,1974,50,41.375
498,1975,50,42.575
498,1976,50,44.304
498,1977,50,45.828
498,1978,50,47.202
498,1979,50,48.253
498,1980,50,47.76
498,1981,50,47.467
498,1982,50,46.765
498,1983,50,46.415
498,1984,50,46.415
498,1985,50,47.316
498,1986,50,48.896
498,1987,50,50.322
498,1988,50,50.512
498,1989,50,48.514
498,1990,50,46.922
498,1991,50,47.679
498,1992,50,46.014
498,1993,50,40.044
498,1994,50,33.484
498,1995,50,29.404
498,1996,50,30.156
498,1997,50,35.77
498,1998,50,44.916
498,1999,50,55.108
498,2000,50,60.958
498,2001,50,60.881
498,2002,50,58.583
498,2003,50,57.019
498,2004,50,56.674
498,2005,50,56.504
498,2006,50,56.418
498,2007,50,57.22
498,2008,50,58.452
498,2009,50,59.301
498,2010,50,58.564
498,2011,50,55.749
498,2012,50,51.962
498,2013,50,48.199
498,2014,50,44.175
498,2015,50,40.966
498,2016,50,39.349
498,2017,50,38.577
498,2018,50,37.617
498,2019,50,36.564
498,2020,50,35.96
498,2021,50,36.175
498,2022,50,36.829
498,2023,50,38.389
642,1950,50,176.546
642,1951,50,182.546
642,1952,50,188.208
642,1953,50,191.369
642,1954,50,192.913
642,1955,50,196.372
642,1956,50,200.56
642,1957,50,205.533
642,1958,50,212.703
642,1959,50,217.84
642,1960,50,222.016
642,1961,50,225.348
642,1962,50,225.08
642,1963,50,218.693
642,1964,50,204.311
642,1965,50,185.266
642,1966,50,168.238
642,1967,50,160.262
642,1968,50,156.246
642,1969,50,167.153
642,1970,50,195.248
642,1971,50,219.151
642,1972,50,244.119
642,1973,50,257.851
642,1974,50,269.367
642,1975,50,280.97
642,1976,50,283.747
642,1977,50,286.212
642,1978,50,293.02
642,1979,50,294.481
642,1980,50,299.108
642,1981,50,299.197
642,1982,50,303.873
642,1983,50,303.411
642,1984,50,294.236
642,1985,50,295.27
642,1986,50,301.9
642,1987,50,306.72
642,1988,50,299.979
642,1989,50,293.566
642,1990,50,280.635
642,1991,50,257.931
642,1992,50,238.712
642,1993,50,226.151
642,1994,50,230.517
642,1995,50,227.661
642,1996,50,233.251
642,1997,50,249.641
642,1998,50,260.29
642,1999,50,293.12
642,2000,50,315.165
642,2001,50,308.231
642,2002,50,300.888
642,2003,50,295.804
642,2004,50,300.301
642,2005,50,314.133
642,2006,50,315.326
642,2007,50,301.767
642,2008,50,284.23
642,2009,50,266.46
642,2010,50,250.332
642,2011,50,234.909
642,2012,50,225.775
642,2013,50,220.525
642,2014,50,215.32
642,2015,50,211.681
642,2016,50,217.033
642,2017,50,292.365
642,2018,50,377.014
642,2019,50,367.878
642,2020,50,327.98
642,2021,50,304.296
642,2022,50,292.481
642,2023,50,284.174
643,1950,50,990.845
643,1951,50,1020.49
643,1952,50,961.995
643,1953,50,1131.484
643,1954,50,1163.584
643,1955,50,1137.983
643,1956,50,1182.097
643,1957,50,1207.88
643,1958,50,1272.229
643,1959,50,1286.293
643,1960,50,1374.703
643,1961,50,1424.847
643,1962,50,1429.901
643,1963,50,1480.986
643,1964,50,1478.38
643,1965,50,1368.443
643,1966,50,1105.806
643,1967,50,924.279
643,1968,50,1066.228
643,1969,50,1157.574
643,1970,50,1036.083
643,1971,50,1083.736
643,1972,50,1220.315
643,1973,50,1429.112
643,1974,50,1613.086
643,1975,50,1733.473
643,1976,50,1906.813
643,1977,50,2073.034
643,1978,50,2189.626
643,1979,50,2193.383
643,1980,50,2087.453
643,1981,50,1910.219
643,1982,50,1791.132
643,1983,50,1623.375
643,1984,50,1443.141
643,1985,50,1586.42
643,1986,50,1847.029
643,1987,50,2130.158
643,1988,50,2301.849
643,1989,50,2242.36
643,1990,50,2080.079
643,1991,50,1899.164
643,1992,50,1510.625
643,1993,50,960.966
643,1994,50,755.325
643,1995,50,891.93
643,1996,50,1321.062
643,1997,50,1714.757
643,1998,50,1812.93
643,1999,50,2016.283
643,2000,50,2160.452
643,2001,50,2119.913
643,2002,50,2182.572
643,2003,50,2181.299
643,2004,50,2212.664
643,2005,50,2301.619
643,2006,50,2288.573
643,2007,50,2310.128
643,2008,50,2348.251
643,2009,50,2370.864
643,2010,50,2450.37
643,2011,50,2429.16
643,2012,50,2272.884
643,2013,50,2166.475
643,2014,50,2076.836
643,2015,50,1969.115
643,2016,50,1842.449
643,2017,50,1748.077
643,2018,50,1721.152
643,2019,50,1743.358
643,2020,50,1856.832
643,2021,50,1915.259
643,2022,50,1913.612
643,2023,50,1943.973
703,1950,50,41.631
703,1951,50,43.037
703,1952,50,42.869
703,1953,50,43.031
703,1954,50,43.672
703,1955,50,44.154
703,1956,50,44.702
703,1957,50,46.203
703,1958,50,48.518
703,1959,50,50.763
703,1960,50,50.621
703,1961,50,48.865
703,1962,50,49.682
703,1963,50,50.53
703,1964,50,50.674
703,1965,50,43.61
703,1966,50,30.939
703,1967,50,24.895
703,1968,50,23.64
703,1969,50,35.261
703,1970,50,49.377
703,1971,50,55.31
703,1972,50,59.337
703,1973,50,60.243
703,1974,50,59.071
703,1975,50,56.299
703,1976,50,55.736
703,1977,50,55.666
703,1978,50,55.377
703,1979,50,55.662
703,1980,50,56.1
703,1981,50,56.184
703,1982,50,55.832
703,1983,50,53.98
703,1984,50,51.69
703,1985,50,51.094
703,1986,50,50.0
703,1987,50,49.074
703,1988,50,49.627
703,1989,50,50.785
703,1990,50,52.59
703,1991,50,53.582
703,1992,50,53.481
703,1993,50,53.41
703,1994,50,55.091
703,1995,50,55.407
703,1996,50,56.165
703,1997,50,62.677
703,1998,50,68.303
703,1999,50,69.98
703,2000,50,73.428
703,2001,50,78.26
703,2002,50,80.76
703,2003,50,80.946
703,2004,50,80.917
703,2005,50,82.06
703,2006,50,83.025
703,2007,50,82.141
703,2008,50,79.698
703,2009,50,76.551
703,2010,50,75.089
703,2011,50,75.231
703,2012,50,73.761
703,2013,50,73.786
703,2014,50,75.554
703,2015,50,74.555
703,2016,50,72.009
703,2017,50,69.546
703,2018,50,67.855
703,2019,50,69.107
703,2020,50,71.26
703,2021,50,72.848
703,2022,50,76.024
703,2023,50,81.836
804,1950,50,384.242
804,1951,50,409.299
804,1952,50,436.078
804,1953,50,458.358
804,1954,50,472.768
804,1955,50,485.767
804,1956,50,496.497
804,1957,50,501.395
804,1958,50,513.031
804,1959,50,500.925
804,1960,50,539.638
804,1961,50,555.27
804,1962,50,556.058
804,1963,50,579.477
804,1964,50,563.832
804,1965,50,501.471
804,1966,50,383.209
804,1967,50,323.447
804,1968,50,380.905
804,1969,50,446.246
804,1970,50,433.629
804,1971,50,467.42
804,1972,50,540.424
804,1973,50,606.268
804,1974,50,656.677
804,1975,50,684.203
804,1976,50,711.814
804,1977,50,750.337
804,1978,50,776.708
804,1979,50,776.498
804,1980,50,760.585
804,1981,50,680.613
804,1982,50,599.639
804,1983,50,523.607
804,1984,50,494.695
804,1985,50,588.047
804,1986,50,710.431
804,1987,50,839.755
804,1988,50,892.297
804,1989,50,839.241
804,1990,50,788.846
804,1991,50,673.732
804,1992,50,602.449
804,1993,50,480.258
804,1994,50,419.486
804,1995,50,425.114
804,1996,50,398.323
804,1997,50,549.781
804,1998,50,555.698
804,1999,50,606.42
804,2000,50,724.288
804,2001,50,688.78
804,2002,50,697.304
804,2003,50,674.281
804,2004,50,667.656
804,2005,50,691.831
804,2006,50,703.116
804,2007,50,728.54
804,2008,50,724.334
804,2009,50,745.801
804,2010,50,755.756
804,2011,50,725.256
804,2012,50,733.974
804,2013,50,736.599
804,2014,50,723.575
804,2015,50,706.408
804,2016,50,656.212
804,2017,50,614.594
804,2018,50,583.328
804,2019,50,617.097
804,2020,50,685.781
804,2021,50,634.03
804,2022,50,565.361
804,2023,50,470.52
208,1950,50,52.052
208,1951,50,52.639
208,1952,50,53.627
208,1953,50,54.406
208,1954,50,55.127
208,1955,50,56.223
208,1956,50,56.797
208,1957,50,57.592
208,1958,50,58.886
208,1959,50,61.079
208,1960,50,61.745
208,1961,50,60.648
208,1962,50,61.138
208,1963,50,61.043
208,1964,50,60.239
208,1965,50,58.738
208,1966,50,57.46
208,1967,50,57.34
208,1968,50,58.071
208,1969,50,57.807
208,1970,50,60.951
208,1971,50,64.176
208,1972,50,60.874
208,1973,50,59.256
208,1974,50,59.527
208,1975,50,58.443
208,1976,50,57.171
208,1977,50,55.938
208,1978,50,55.36
208,1979,50,54.468
208,1980,50,53.846
208,1981,50,53.844
208,1982,50,53.384
208,1983,50,53.16
208,1984,50,53.592
208,1985,50,54.549
208,1986,50,55.445
208,1987,50,56.944
208,1988,50,58.308
208,1989,50,58.992
208,1990,50,60.132
208,1991,50,61.981
208,1992,50,66.362
208,1993,50,71.975
208,1994,50,77.026
208,1995,50,81.901
208,1996,50,84.987
208,1997,50,84.574
208,1998,50,80.412
208,1999,50,75.741
208,2000,50,73.787
208,2001,50,72.627
208,2002,50,71.835
208,2003,50,72.896
208,2004,50,72.784
208,2005,50,72.621
208,2006,50,73.546
208,2007,50,73.55
208,2008,50,73.297
208,2009,50,73.331
208,2010,50,74.623
208,2011,50,76.08
208,2012,50,77.048
208,2013,50,80.307
208,2014,50,83.416
208,2015,50,85.351
208,2016,50,87.935
208,2017,50,86.46
208,2018,50,80.903
208,2019,50,77.002
208,2020,50,75.807
208,2021,50,77.737
208,2022,50,80.186
208,2023,50,79.544
233,1950,50,12.78
233,1951,50,13.242
233,1952,50,13.731
233,1953,50,14.087
233,1954,50,14.218
233,1955,50,14.286
233,1956,50,14.279
233,1957,50,14.183
233,1958,50,14.238
233,1959,50,15.102
233,1960,50,15.625
233,1961,50,15.689
233,1962,50,15.426
233,1963,50,15.449
233,1964,50,15.109
233,1965,50,14.036
233,1966,50,11.982
233,1967,50,10.246
233,1968,50,11.18
233,1969,50,12.422
233,1970,50,12.518
233,1971,50,13.981
233,1972,50,15.741
233,1973,50,16.878
233,1974,50,17.555
233,1975,50,17.833
233,1976,50,18.57
233,1977,50,19.957
233,1978,50,20.959
233,1979,50,20.832
233,1980,50,20.714
233,1981,50,20.728
233,1982,50,20.477
233,1983,50,19.475
233,1984,50,18.091
233,1985,50,18.436
233,1986,50,19.564
233,1987,50,20.885
233,1988,50,21.582
233,1989,50,21.24
233,1990,50,20.274
233,1991,50,20.729
233,1992,50,19.667
233,1993,50,15.841
233,1994,50,14.245
233,1995,50,14.277
233,1996,50,15.831
233,1997,50,17.764
233,1998,50,18.482
233,1999,50,19.193
233,2000,50,19.238
233,2001,50,18.857
233,2002,50,19.075
233,2003,50,18.7
233,2004,50,18.786
233,2005,50,19.379
233,2006,50,19.204
233,2007,50,18.837
233,2008,50,18.85
233,2009,50,19.012
233,2010,50,19.228
233,2011,50,19.22
233,2012,50,18.772
233,2013,50,17.958
233,2014,50,17.493
233,2015,50,17.054
233,2016,50,16.412
233,2017,50,16.189
233,2018,50,16.601
233,2019,50,17.456
233,2020,50,18.066
233,2021,50,18.457
233,2022,50,18.479
233,2023,50,18.625
234,1950,50,0.281
234,1951,50,0.283
234,1952,50,0.281
234,1953,50,0.285
234,1954,50,0.293
234,1955,50,0.3
234,1956,50,0.309
234,1957,50,0.323
234,1958,50,0.336
234,1959,50,0.348
234,1960,50,0.357
234,1961,50,0.365
234,1962,50,0.37
234,1963,50,0.374
234,1964,50,0.385
234,1965,50,0.397
234,1966,50,0.408
234,1967,50,0.417
234,1968,50,0.423
234,1969,50,0.424
234,1970,50,0.425
234,1971,50,0.43
234,1972,50,0.43
234,1973,50,0.43
234,1974,50,0.428
234,1975,50,0.424
234,1976,50,0.42
234,1977,50,0.418
234,1978,50,0.42
234,1979,50,0.413
234,1980,50,0.415
234,1981,50,0.427
234,1982,50,0.42
234,1983,50,0.399
234,1984,50,0.386
234,1985,50,0.393
234,1986,50,0.392
234,1987,50,0.416
234,1988,50,0.431
234,1989,50,0.423
234,1990,50,0.456
234,1991,50,0.491
234,1992,50,0.521
234,1993,50,0.558
234,1994,50,0.557
234,1995,50,0.523
234,1996,50,0.513
234,1997,50,0.552
234,1998,50,0.593
234,1999,50,0.624
234,2000,50,0.633
234,2001,50,0.617
234,2002,50,0.593
234,2003,50,0.586
234,2004,50,0.582
234,2005,50,0.589
234,2006,50,0.616
234,2007,50,0.631
234,2008,50,0.651
234,2009,50,0.658
234,2010,50,0.628
234,2011,50,0.653
234,2012,50,0.661
234,2013,50,0.678
234,2014,50,0.669
234,2015,50,0.669
234,2016,50,0.706
234,2017,50,0.722
234,2018,50,0.696
234,2019,50,0.668
234,2020,50,0.648
234,2021,50,0.632
234,2022,50,0.667
234,2023,50,0.684
246,1950,50,44.608
246,1951,50,45.578
246,1952,50,46.637
246,1953,50,46.947
246,1954,50,48.74
246,1955,50,50.055
246,1956,50,51.359
246,1957,50,53.865
246,1958,50,54.678
246,1959,50,55.702
246,1960,50,56.509
246,1961,50,55.971
246,1962,50,55.862
246,1963,50,54.489
246,1964,50,52.996
246,1965,50,51.478
246,1966,50,48.863
246,1967,50,48.37
246,1968,50,49.277
246,1969,50,45.615
246,1970,50,48.522
246,1971,50,54.789
246,1972,50,53.629
246,1973,50,54.47
246,1974,50,55.42
246,1975,50,55.704
246,1976,50,56.417
246,1977,50,55.895
246,1978,50,56.522
246,1979,50,57.495
246,1980,50,57.596
246,1981,50,56.448
246,1982,50,54.156
246,1983,50,51.48
246,1984,50,50.998
246,1985,50,53.085
246,1986,50,53.65
246,1987,50,54.239
246,1988,50,56.896
246,1989,50,59.25
246,1990,50,55.498
246,1991,50,61.122
246,1992,50,60.031
246,1993,50,54.669
246,1994,50,61.888
246,1995,50,70.663
246,1996,50,82.427
246,1997,50,87.573
246,1998,50,88.204
246,1999,50,87.04
246,2000,50,84.423
246,2001,50,81.07
246,2002,50,80.43
246,2003,50,79.881
246,2004,50,78.483
246,2005,50,78.434
246,2006,50,78.321
246,2007,50,77.29
246,2008,50,74.358
246,2009,50,73.639
246,2010,50,74.817
246,2011,50,74.949
246,2012,50,75.176
246,2013,50,75.779
246,2014,50,75.791
246,2015,50,74.609
246,2016,50,73.668
246,2017,50,73.212
246,2018,50,71.987
246,2019,50,68.674
246,2020,50,65.623
246,2021,50,63.981
246,2022,50,62.182
246,2023,50,60.959
831,1950,50,0.559
831,1951,50,0.585
831,1952,50,0.606
831,1953,50,0.619
831,1954,50,0.627
831,1955,50,0.639
831,1956,50,0.638
831,1957,50,0.624
831,1958,50,0.646
831,1959,50,0.658
831,1960,50,0.651
831,1961,50,0.653
831,1962,50,0.658
831,1963,50,0.669
831,1964,50,0.662
831,1965,50,0.645
831,1966,50,0.623
831,1967,50,0.598
831,1968,50,0.582
831,1969,50,0.612
831,1970,50,0.638
831,1971,50,0.644
831,1972,50,0.644
831,1973,50,0.657
831,1974,50,0.672
831,1975,50,0.674
831,1976,50,0.659
831,1977,50,0.629
831,1978,50,0.614
831,1979,50,0.606
831,1980,50,0.62
831,1981,50,0.641
831,1982,50,0.623
831,1983,50,0.611
831,1984,50,0.621
831,1985,50,0.635
831,1986,50,0.661
831,1987,50,0.682
831,1988,50,0.695
831,1989,50,0.695
831,1990,50,0.676
831,1991,50,0.656
831,1992,50,0.637
831,1993,50,0.644
831,1994,50,0.688
831,1995,50,0.73
831,1996,50,0.87
831,1997,50,0.988
831,1998,50,0.924
831,1999,50,0.881
831,2000,50,0.87
831,2001,50,0.836
831,2002,50,0.816
831,2003,50,0.823
831,2004,50,0.812
831,2005,50,0.797
831,2006,50,0.819
831,2007,50,0.858
831,2008,50,0.902
831,2009,50,0.928
831,2010,50,0.928
831,2011,50,0.939
831,2012,50,0.964
831,2013,50,0.996
831,2014,50,0.999
831,2015,50,0.993
831,2016,50,1.001
831,2017,50,0.983
831,2018,50,0.966
831,2019,50,0.993
831,2020,50,1.007
831,2021,50,0.976
831,2022,50,0.937
831,2023,50,0.903
352,1950,50,1.417
352,1951,50,1.432
352,1952,50,1.417
352,1953,50,1.477
352,1954,50,1.571
352,1955,50,1.59
352,1956,50,1.606
352,1957,50,1.602
352,1958,50,1.564
352,1959,50,1.624
352,1960,50,1.645
352,1961,50,1.671
352,1962,50,1.743
352,1963,50,1.753
352,1964,50,1.77
352,1965,50,1.785
352,1966,50,1.787
352,1967,50,1.837
352,1968,50,1.884
352,1969,50,1.857
352,1970,50,1.909
352,1971,50,2.064
352,1972,50,2.061
352,1973,50,2.063
352,1974,50,2.074
352,1975,50,2.051
352,1976,50,2.122
352,1977,50,2.162
352,1978,50,2.181
352,1979,50,2.208
352,1980,50,2.329
352,1981,50,2.361
352,1982,50,2.26
352,1983,50,2.16
352,1984,50,2.121
352,1985,50,2.119
352,1986,50,2.101
352,1987,50,2.1
352,1988,50,2.052
352,1989,50,2.043
352,1990,50,2.082
352,1991,50,2.172
352,1992,50,2.4
352,1993,50,2.61
352,1994,50,2.719
352,1995,50,2.865
352,1996,50,2.961
352,1997,50,3.067
352,1998,50,3.225
352,1999,50,3.322
352,2000,50,3.452
352,2001,50,3.559
352,2002,50,3.572
352,2003,50,3.71
352,2004,50,3.827
352,2005,50,3.89
352,2006,50,4.104
352,2007,50,4.309
352,2008,50,4.375
352,2009,50,4.432
352,2010,50,4.477
352,2011,50,4.301
352,2012,50,4.262
352,2013,50,4.373
352,2014,50,4.403
352,2015,50,4.384
352,2016,50,4.393
352,2017,50,4.317
352,2018,50,4.206
352,2019,50,4.265
352,2020,50,4.275
352,2021,50,4.323
352,2022,50,4.679
352,2023,50,4.933
372,1950,50,35.12
372,1951,50,35.626
372,1952,50,31.925
372,1953,50,30.467
372,1954,50,30.643
372,1955,50,31.354
372,1956,50,31.883
372,1957,50,31.292
372,1958,50,31.118
372,1959,50,31.908
372,1960,50,33.756
372,1961,50,35.314
372,1962,50,35.263
372,1963,50,34.206
372,1964,50,33.63
372,1965,50,33.675
372,1966,50,34.053
372,1967,50,32.688
372,1968,50,31.006
372,1969,50,32.049
372,1970,50,33.42
372,1971,50,33.759
372,1972,50,33.038
372,1973,50,32.008
372,1974,50,31.373
372,1975,50,31.07
372,1976,50,30.613
372,1977,50,30.061
372,1978,50,29.989
372,1979,50,30.862
372,1980,50,30.774
372,1981,50,30.083
372,1982,50,29.894
372,1983,50,30.064
372,1984,50,29.768
372,1985,50,30.112
372,1986,50,31.012
372,1987,50,31.077
372,1988,50,30.985
372,1989,50,32.123
372,1990,50,32.766
372,1991,50,32.604
372,1992,50,33.923
372,1993,50,36.091
372,1994,50,37.543
372,1995,50,40.008
372,1996,50,42.577
372,1997,50,44.017
372,1998,50,45.204
372,1999,50,45.937
372,2000,50,46.012
372,2001,50,46.234
372,2002,50,47.631
372,2003,50,48.817
372,2004,50,49.538
372,2005,50,50.305
372,2006,50,51.251
372,2007,50,52.832
372,2008,50,53.767
372,2009,50,54.965
372,2010,50,56.91
372,2011,50,57.936
372,2012,50,58.352
372,2013,50,59.4
372,2014,50,60.908
372,2015,50,61.709
372,2016,50,61.675
372,2017,50,61.963
372,2018,50,62.624
372,2019,50,64.391
372,2020,50,67.398
372,2021,50,69.261
372,2022,50,70.309
372,2023,50,72.858
833,1950,50,0.812
833,1951,50,0.856
833,1952,50,0.841
833,1953,50,0.821
833,1954,50,0.822
833,1955,50,0.831
833,1956,50,0.826
833,1957,50,0.804
833,1958,50,0.781
833,1959,50,0.776
833,1960,50,0.767
833,1961,50,0.734
833,1962,50,0.708
833,1963,50,0.716
833,1964,50,0.715
833,1965,50,0.688
833,1966,50,0.651
833,1967,50,0.622
833,1968,50,0.591
833,1969,50,0.606
833,1970,50,0.669
833,1971,50,0.724
833,1972,50,0.714
833,1973,50,0.69
833,1974,50,0.698
833,1975,50,0.705
833,1976,50,0.702
833,1977,50,0.686
833,1978,50,0.672
833,1979,50,0.668
833,1980,50,0.672
833,1981,50,0.673
833,1982,50,0.639
833,1983,50,0.633
833,1984,50,0.653
833,1985,50,0.672
833,1986,50,0.7
833,1987,50,0.714
833,1988,50,0.735
833,1989,50,0.762
833,1990,50,0.761
833,1991,50,0.782
833,1992,50,0.83
833,1993,50,0.881
833,1994,50,0.917
833,1995,50,0.935
833,1996,50,1.019
833,1997,50,1.118
833,1998,50,1.119
833,1999,50,1.091
833,2000,50,1.093
833,2001,50,1.065
833,2002,50,1.031
833,2003,50,1.025
833,2004,50,1.032
833,2005,50,1.039
833,2006,50,1.06
833,2007,50,1.136
833,2008,50,1.178
833,2009,50,1.18
833,2010,50,1.209
833,2011,50,1.279
833,2012,50,1.321
833,2013,50,1.351
833,2014,50,1.366
833,2015,50,1.327
833,2016,50,1.299
833,2017,50,1.307
833,2018,50,1.323
833,2019,50,1.326
833,2020,50,1.313
833,2021,50,1.313
833,2022,50,1.31
833,2023,50,1.265
832,1950,50,0.778
832,1951,50,0.789
832,1952,50,0.793
832,1953,50,0.799
832,1954,50,0.816
832,1955,50,0.84
832,1956,50,0.862
832,1957,50,0.887
832,1958,50,0.917
832,1959,50,0.925
832,1960,50,0.941
832,1961,50,0.974
832,1962,50,0.968
832,1963,50,0.944
832,1964,50,0.895
832,1965,50,0.851
832,1966,50,0.789
832,1967,50,0.723
832,1968,50,0.708
832,1969,50,0.75
832,1970,50,0.847
832,1971,50,0.886
832,1972,50,0.884
832,1973,50,0.883
832,1974,50,0.889
832,1975,50,0.902
832,1976,50,0.902
832,1977,50,0.881
832,1978,50,0.858
832,1979,50,0.852
832,1980,50,0.883
832,1981,50,0.887
832,1982,50,0.857
832,1983,50,0.873
832,1984,50,0.914
832,1985,50,0.953
832,1986,50,0.984
832,1987,50,0.99
832,1988,50,0.988
832,1989,50,0.983
832,1990,50,0.955
832,1991,50,0.958
832,1992,50,0.913
832,1993,50,0.97
832,1994,50,1.052
832,1995,50,1.062
832,1996,50,1.164
832,1997,50,1.296
832,1998,50,1.293
832,1999,50,1.261
832,2000,50,1.227
832,2001,50,1.218
832,2002,50,1.24
832,2003,50,1.24
832,2004,50,1.235
832,2005,50,1.245
832,2006,50,1.28
832,2007,50,1.363
832,2008,50,1.442
832,2009,50,1.472
832,2010,50,1.467
832,2011,50,1.491
832,2012,50,1.563
832,2013,50,1.643
832,2014,50,1.702
832,2015,50,1.719
832,2016,50,1.713
832,2017,50,1.703
832,2018,50,1.707
832,2019,50,1.694
832,2020,50,1.645
832,2021,50,1.638
832,2022,50,1.587
832,2023,50,1.507
428,1950,50,22.091
428,1951,50,23.358
428,1952,50,24.729
428,1953,50,25.767
428,1954,50,26.207
428,1955,50,26.413
428,1956,50,26.579
428,1957,50,26.588
428,1958,50,26.699
428,1959,50,27.089
428,1960,50,27.704
428,1961,50,27.882
428,1962,50,27.596
428,1963,50,27.473
428,1964,50,26.406
428,1965,50,23.866
428,1966,50,20.171
428,1967,50,17.906
428,1968,50,19.422
428,1969,50,21.542
428,1970,50,22.445
428,1971,50,25.286
428,1972,50,28.399
428,1973,50,30.678
428,1974,50,30.871
428,1975,50,31.027
428,1976,50,32.403
428,1977,50,34.63
428,1978,50,36.441
428,1979,50,35.713
428,1980,50,35.317
428,1981,50,34.956
428,1982,50,34.709
428,1983,50,33.802
428,1984,50,31.377
428,1985,50,31.816
428,1986,50,34.429
428,1987,50,36.59
428,1988,50,37.986
428,1989,50,38.058
428,1990,50,38.134
428,1991,50,38.012
428,1992,50,34.83
428,1993,50,30.972
428,1994,50,27.881
428,1995,50,25.882
428,1996,50,25.553
428,1997,50,27.465
428,1998,50,29.633
428,1999,50,31.158
428,2000,50,31.007
428,2001,50,29.959
428,2002,50,29.753
428,2003,50,29.02
428,2004,50,29.437
428,2005,50,30.543
428,2006,50,30.652
428,2007,50,31.231
428,2008,50,32.224
428,2009,50,32.19
428,2010,50,31.973
428,2011,50,31.67
428,2012,50,30.808
428,2013,50,29.554
428,2014,50,28.322
428,2015,50,26.973
428,2016,50,26.258
428,2017,50,26.176
428,2018,50,25.957
428,2019,50,25.855
428,2020,50,26.011
428,2021,50,26.468
428,2022,50,26.382
428,2023,50,26.005
440,1950,50,27.029
440,1951,50,27.972
440,1952,50,28.58
440,1953,50,29.231
440,1954,50,30.006
440,1955,50,31.212
440,1956,50,32.191
440,1957,50,32.164
440,1958,50,31.819
440,1959,50,31.311
440,1960,50,28.808
440,1961,50,28.874
440,1962,50,28.259
440,1963,50,28.758
440,1964,50,27.873
440,1965,50,25.291
440,1966,50,22.62
440,1967,50,20.984
440,1968,50,20.712
440,1969,50,23.844
440,1970,50,28.599
440,1971,50,31.25
440,1972,50,34.032
440,1973,50,36.805
440,1974,50,37.754
440,1975,50,38.499
440,1976,50,39.294
440,1977,50,41.629
440,1978,50,45.776
440,1979,50,46.006
440,1980,50,44.878
440,1981,50,44.892
440,1982,50,45.092
440,1983,50,45.919
440,1984,50,43.856
440,1985,50,43.611
440,1986,50,45.747
440,1987,50,45.726
440,1988,50,45.204
440,1989,50,44.413
440,1990,50,43.251
440,1991,50,44.784
440,1992,50,46.409
440,1993,50,43.606
440,1994,50,38.106
440,1995,50,37.9
440,1996,50,38.643
440,1997,50,36.835
440,1998,50,38.833
440,1999,50,41.706
440,2000,50,42.917
440,2001,50,42.798
440,2002,50,42.303
440,2003,50,41.015
440,2004,50,40.832
440,2005,50,42.704
440,2006,50,43.448
440,2007,50,44.832
440,2008,50,47.933
440,2009,50,49.973
440,2010,50,50.389
440,2011,50,49.786
440,2012,50,48.186
440,2013,50,45.75
440,2014,50,44.053
440,2015,50,42.626
440,2016,50,41.433
440,2017,50,40.775
440,2018,50,40.332
440,2019,50,40.138
440,2020,50,40.35
440,2021,50,40.799
440,2022,50,40.067
440,2023,50,38.639
578,1950,50,41.319
578,1951,50,41.994
578,1952,50,42.16
578,1953,50,42.628
578,1954,50,42.881
578,1955,50,43.043
578,1956,50,43.558
578,1957,50,44.011
578,1958,50,44.893
578,1959,50,46.321
578,1960,50,47.054
578,1961,50,47.179
578,1962,50,48.195
578,1963,50,48.637
578,1964,50,48.488
578,1965,50,48.267
578,1966,50,48.071
578,1967,50,49.256
578,1968,50,50.171
578,1969,50,48.569
578,1970,50,51.55
578,1971,50,53.954
578,1972,50,51.376
578,1973,50,50.699
578,1974,50,49.435
578,1975,50,47.042
578,1976,50,45.748
578,1977,50,44.403
578,1978,50,42.942
578,1979,50,42.177
578,1980,50,41.757
578,1981,50,41.174
578,1982,50,40.244
578,1983,50,38.655
578,1984,50,37.21
578,1985,50,36.891
578,1986,50,37.245
578,1987,50,38.454
578,1988,50,39.87
578,1989,50,41.337
578,1990,50,42.391
578,1991,50,42.09
578,1992,50,44.139
578,1993,50,48.949
578,1994,50,54.082
578,1995,50,58.22
578,1996,50,62.6
578,1997,50,64.558
578,1998,50,62.364
578,1999,50,60.813
578,2000,50,59.935
578,2001,50,58.975
578,2002,50,59.335
578,2003,50,60.866
578,2004,50,61.291
578,2005,50,61.918
578,2006,50,63.047
578,2007,50,63.304
578,2008,50,63.555
578,2009,50,64.491
578,2010,50,64.734
578,2011,50,65.0
578,2012,50,66.07
578,2013,50,67.52
578,2014,50,69.78
578,2015,50,71.867
578,2016,50,73.026
578,2017,50,73.768
578,2018,50,74.953
578,2019,50,76.301
578,2020,50,76.056
578,2021,50,75.751
578,2022,50,76.27
578,2023,50,75.423
752,1950,50,90.496
752,1951,50,93.931
752,1952,50,95.366
752,1953,50,95.599
752,1954,50,96.367
752,1955,50,98.376
752,1956,50,100.548
752,1957,50,102.811
752,1958,50,104.978
752,1959,50,107.626
752,1960,50,107.84
752,1961,50,106.352
752,1962,50,107.101
752,1963,50,107.236
752,1964,50,106.146
752,1965,50,103.744
752,1966,50,101.681
752,1967,50,102.035
752,1968,50,101.323
752,1969,50,100.08
752,1970,50,110.479
752,1971,50,117.278
752,1972,50,109.255
752,1973,50,104.154
752,1974,50,101.827
752,1975,50,99.514
752,1976,50,96.704
752,1977,50,93.34
752,1978,50,92.48
752,1979,50,91.135
752,1980,50,89.914
752,1981,50,89.429
752,1982,50,87.869
752,1983,50,85.514
752,1984,50,83.942
752,1985,50,84.964
752,1986,50,87.227
752,1987,50,89.774
752,1988,50,92.662
752,1989,50,96.553
752,1990,50,97.79
752,1991,50,99.506
752,1992,50,108.261
752,1993,50,119.644
752,1994,50,128.699
752,1995,50,133.484
752,1996,50,134.607
752,1997,50,133.797
752,1998,50,131.846
752,1999,50,128.583
752,2000,50,123.691
752,2001,50,118.641
752,2002,50,116.442
752,2003,50,117.186
752,2004,50,115.932
752,2005,50,115.481
752,2006,50,117.333
752,2007,50,117.936
752,2008,50,117.041
752,2009,50,116.571
752,2010,50,116.606
752,2011,50,117.055
752,2012,50,119.827
752,2013,50,124.799
752,2014,50,132.599
752,2015,50,137.92
752,2016,50,138.44
752,2017,50,138.402
752,2018,50,135.335
752,2019,50,130.184
752,2020,50,129.128
752,2021,50,132.126
752,2022,50,134.41
752,2023,50,134.096
826,1950,50,674.573
826,1951,50,692.677
826,1952,50,700.612
826,1953,50,703.584
826,1954,50,709.73
826,1955,50,718.501
826,1956,50,722.735
826,1957,50,728.736
826,1958,50,740.034
826,1959,50,739.796
826,1960,50,735.105
826,1961,50,730.901
826,1962,50,729.263
826,1963,50,732.349
826,1964,50,735.0
826,1965,50,715.929
826,1966,50,670.476
826,1967,50,615.147
826,1968,50,574.307
826,1969,50,624.79
826,1970,50,750.942
826,1971,50,785.459
826,1972,50,737.796
826,1973,50,705.38
826,1974,50,686.235
826,1975,50,676.167
826,1976,50,668.419
826,1977,50,656.49
826,1978,50,645.444
826,1979,50,642.271
826,1980,50,641.563
826,1981,50,635.221
826,1982,50,619.442
826,1983,50,602.515
826,1984,50,597.244
826,1985,50,606.686
826,1986,50,618.041
826,1987,50,625.768
826,1988,50,634.593
826,1989,50,639.494
826,1990,50,628.036
826,1991,50,611.907
826,1992,50,635.505
826,1993,50,678.123
826,1994,50,704.54
826,1995,50,712.342
826,1996,50,771.621
826,1997,50,860.418
826,1998,50,849.533
826,1999,50,791.844
826,2000,50,761.372
826,2001,50,743.056
826,2002,50,742.429
826,2003,50,754.165
826,2004,50,760.387
826,2005,50,764.473
826,2006,50,777.631
826,2007,50,796.945
826,2008,50,822.297
826,2009,50,831.496
826,2010,50,834.687
826,2011,50,860.221
826,2012,50,875.351
826,2013,50,876.88
826,2014,50,882.7
826,2015,50,898.684
826,2016,50,903.45
826,2017,50,908.501
826,2018,50,920.115
826,2019,50,927.303
826,2020,50,913.993
826,2021,50,906.732
826,2022,50,928.354
826,2023,50,905.236
8,1950,50,9.84
8,1951,50,9.461
8,1952,50,9.309
8,1953,50,9.455
8,1954,50,9.8
8,1955,50,10.212
8,1956,50,10.573
8,1957,50,10.921
8,1958,50,11.332
8,1959,50,11.774
8,1960,50,12.16
8,1961,50,12.421
8,1962,50,12.609
8,1963,50,12.814
8,1964,50,13.018
8,1965,50,13.237
8,1966,50,13.476
8,1967,50,13.72
8,1968,50,13.953
8,1969,50,14.179
8,1970,50,14.518
8,1971,50,14.988
8,1972,50,15.509
8,1973,50,15.98
8,1974,50,16.235
8,1975,50,16.647
8,1976,50,17.272
8,1977,50,18.049
8,1978,50,19.083
8,1979,50,19.847
8,1980,50,20.579
8,1981,50,21.164
8,1982,50,21.493
8,1983,50,22.262
8,1984,50,23.203
8,1985,50,24.261
8,1986,50,25.259
8,1987,50,25.581
8,1988,50,25.96
8,1989,50,27.148
8,1990,50,28.061
8,1991,50,28.368
8,1992,50,29.56
8,1993,50,29.402
8,1994,50,27.123
8,1995,50,25.089
8,1996,50,25.084
8,1997,50,26.782
8,1998,50,28.901
8,1999,50,30.592
8,2000,50,31.297
8,2001,50,31.356
8,2002,50,31.733
8,2003,50,32.781
8,2004,50,34.549
8,2005,50,36.445
8,2006,50,37.912
8,2007,50,38.955
8,2008,50,39.884
8,2009,50,40.876
8,2010,50,41.528
8,2011,50,41.531
8,2012,50,41.275
8,2013,50,40.548
8,2014,50,39.491
8,2015,50,38.378
8,2016,50,37.538
8,2017,50,37.155
8,2018,50,37.064
8,2019,50,36.916
8,2020,50,36.195
8,2021,50,35.04
8,2022,50,33.677
8,2023,50,32.479
20,1950,50,0.077
20,1951,50,0.079
20,1952,50,0.076
20,1953,50,0.076
20,1954,50,0.075
20,1955,50,0.081
20,1956,50,0.086
20,1957,50,0.091
20,1958,50,0.097
20,1959,50,0.101
20,1960,50,0.105
20,1961,50,0.11
20,1962,50,0.12
20,1963,50,0.127
20,1964,50,0.138
20,1965,50,0.15
20,1966,50,0.163
20,1967,50,0.175
20,1968,50,0.182
20,1969,50,0.192
20,1970,50,0.201
20,1971,50,0.217
20,1972,50,0.234
20,1973,50,0.25
20,1974,50,0.264
20,1975,50,0.286
20,1976,50,0.304
20,1977,50,0.316
20,1978,50,0.335
20,1979,50,0.355
20,1980,50,0.371
20,1981,50,0.39
20,1982,50,0.412
20,1983,50,0.426
20,1984,50,0.434
20,1985,50,0.446
20,1986,50,0.48
20,1987,50,0.495
20,1988,50,0.463
20,1989,50,0.425
20,1990,50,0.511
20,1991,50,0.58
20,1992,50,0.591
20,1993,50,0.675
20,1994,50,0.784
20,1995,50,0.781
20,1996,50,0.759
20,1997,50,0.8
20,1998,50,0.887
20,1999,50,0.902
20,2000,50,0.951
20,2001,50,0.921
20,2002,50,0.879
20,2003,50,0.959
20,2004,50,1.01
20,2005,50,1.102
20,2006,50,1.152
20,2007,50,1.19
20,2008,50,1.262
20,2009,50,1.296
20,2010,50,1.367
20,2011,50,1.293
20,2012,50,1.297
20,2013,50,1.345
20,2014,50,1.306
20,2015,50,1.292
20,2016,50,1.29
20,2017,50,1.3
20,2018,50,1.368
20,2019,50,1.373
20,2020,50,1.348
20,2021,50,1.364
20,2022,50,1.469
20,2023,50,1.522
70,1950,50,23.177
70,1951,50,23.732
70,1952,50,23.984
70,1953,50,24.456
70,1954,50,25.225
70,1955,50,26.215
70,1956,50,27.144
70,1957,50,27.665
70,1958,50,27.687
70,1959,50,27.604
70,1960,50,27.56
70,1961,50,27.662
70,1962,50,27.499
70,1963,50,26.63
70,1964,50,24.892
70,1965,50,22.192
70,1966,50,19.203
70,1967,50,17.374
70,1968,50,18.285
70,1969,50,21.502
70,1970,50,25.26
70,1971,50,28.467
70,1972,50,30.468
70,1973,50,31.809
70,1974,50,33.572
70,1975,50,35.82
70,1976,50,38.604
70,1977,50,41.871
70,1978,50,44.991
70,1979,50,47.43
70,1980,50,48.891
70,1981,50,49.698
70,1982,50,50.568
70,1983,50,51.71
70,1984,50,53.094
70,1985,50,54.242
70,1986,50,54.71
70,1987,50,54.576
70,1988,50,54.124
70,1989,50,53.246
70,1990,50,51.599
70,1991,50,48.99
70,1992,50,45.335
70,1993,50,38.792
70,1994,50,35.364
70,1995,50,34.706
70,1996,50,37.572
70,1997,50,41.826
70,1998,50,45.92
70,1999,50,48.661
70,2000,50,50.708
70,2001,50,53.015
70,2002,50,55.25
70,2003,50,57.311
70,2004,50,58.973
70,2005,50,59.089
70,2006,50,58.655
70,2007,50,58.395
70,2008,50,58.44
70,2009,50,58.949
70,2010,50,59.287
70,2011,50,58.848
70,2012,50,57.678
70,2013,50,55.945
70,2014,50,54.176
70,2015,50,52.365
70,2016,50,50.326
70,2017,50,47.991
70,2018,50,45.476
70,2019,50,43.301
70,2020,50,42.137
70,2021,50,42.048
70,2022,50,42.79
70,2023,50,44.366
191,1950,50,44.174
191,1951,50,45.423
191,1952,50,46.352
191,1953,50,47.029
191,1954,50,48.076
191,1955,50,49.325
191,1956,50,50.637
191,1957,50,51.965
191,1958,50,53.088
191,1959,50,53.588
191,1960,50,53.538
191,1961,50,53.198
191,1962,50,52.509
191,1963,50,50.781
191,1964,50,46.705
191,1965,50,40.381
191,1966,50,33.582
191,1967,50,29.64
191,1968,50,31.661
191,1969,50,38.085
191,1970,50,45.592
191,1971,50,51.649
191,1972,50,54.659
191,1973,50,55.792
191,1974,50,56.752
191,1975,50,57.912
191,1976,50,59.356
191,1977,50,61.05
191,1978,50,63.004
191,1979,50,65.303
191,1980,50,67.592
191,1981,50,68.732
191,1982,50,68.504
191,1983,50,68.043
191,1984,50,67.495
191,1985,50,66.303
191,1986,50,65.5
191,1987,50,65.063
191,1988,50,63.631
191,1989,50,62.29
191,1990,50,61.263
191,1991,50,59.88
191,1992,50,58.468
191,1993,50,55.54
191,1994,50,50.32
191,1995,50,45.387
191,1996,50,49.904
191,1997,50,58.205
191,1998,50,60.199
191,1999,50,62.016
191,2000,50,63.568
191,2001,50,61.221
191,2002,50,61.974
191,2003,50,64.683
191,2004,50,66.226
191,2005,50,67.322
191,2006,50,67.397
191,2007,50,65.801
191,2008,50,64.217
191,2009,50,64.668
191,2010,50,64.505
191,2011,50,63.749
191,2012,50,62.404
191,2013,50,60.674
191,2014,50,59.312
191,2015,50,59.91
191,2016,50,60.541
191,2017,50,58.713
191,2018,50,56.217
191,2019,50,54.397
191,2020,50,52.417
191,2021,50,52.273
191,2022,50,53.389
191,2023,50,53.431
292,1950,50,0.279
292,1951,50,0.278
292,1952,50,0.279
292,1953,50,0.279
292,1954,50,0.28
292,1955,50,0.284
292,1956,50,0.285
292,1957,50,0.284
292,1958,50,0.287
292,1959,50,0.29
292,1960,50,0.285
292,1961,50,0.282
292,1962,50,0.289
292,1963,50,0.298
292,1964,50,0.31
292,1965,50,0.309
292,1966,50,0.292
292,1967,50,0.29
292,1968,50,0.31
292,1969,50,0.325
292,1970,50,0.348
292,1971,50,0.355
292,1972,50,0.332
292,1973,50,0.325
292,1974,50,0.326
292,1975,50,0.312
292,1976,50,0.302
292,1977,50,0.305
292,1978,50,0.306
292,1979,50,0.323
292,1980,50,0.334
292,1981,50,0.318
292,1982,50,0.324
292,1983,50,0.335
292,1984,50,0.329
292,1985,50,0.333
292,1986,50,0.344
292,1987,50,0.345
292,1988,50,0.342
292,1989,50,0.35
292,1990,50,0.357
292,1991,50,0.338
292,1992,50,0.283
292,1993,50,0.239
292,1994,50,0.287
292,1995,50,0.424
292,1996,50,0.459
292,1997,50,0.407
292,1998,50,0.413
292,1999,50,0.407
292,2000,50,0.388
292,2001,50,0.386
292,2002,50,0.37
292,2003,50,0.375
292,2004,50,0.389
292,2005,50,0.384
292,2006,50,0.397
292,2007,50,0.41
292,2008,50,0.403
292,2009,50,0.408
292,2010,50,0.425
292,2011,50,0.439
292,2012,50,0.454
292,2013,50,0.459
292,2014,50,0.453
292,2015,50,0.486
292,2016,50,0.511
292,2017,50,0.484
292,2018,50,0.469
292,2019,50,0.462
292,2020,50,0.467
292,2021,50,0.476
292,2022,50,0.481
292,2023,50,0.496
300,1950,50,75.138
300,1951,50,77.796
300,1952,50,80.207
300,1953,50,82.438
300,1954,50,84.795
300,1955,50,86.736
300,1956,50,87.72
300,1957,50,89.099
300,1958,50,91.541
300,1959,50,93.676
300,1960,50,95.046
300,1961,50,95.806
300,1962,50,96.17
300,1963,50,95.052
300,1964,50,93.618
300,1965,50,91.595
300,1966,50,98.67
300,1967,50,85.589
300,1968,50,85.334
300,1969,50,78.129
300,1970,50,91.962
300,1971,50,95.722
300,1972,50,96.785
300,1973,50,96.949
300,1974,50,98.613
300,1975,50,111.8
300,1976,50,118.902
300,1977,50,125.812
300,1978,50,129.798
300,1979,50,133.726
300,1980,50,134.835
300,1981,50,137.77
300,1982,50,130.678
300,1983,50,130.887
300,1984,50,133.764
300,1985,50,138.021
300,1986,50,139.041
300,1987,50,131.632
300,1988,50,128.713
300,1989,50,127.179
300,1990,50,132.871
300,1991,50,120.791
300,1992,50,101.395
300,1993,50,101.707
300,1994,50,109.607
300,1995,50,127.237
300,1996,50,136.689
300,1997,50,137.097
300,1998,50,133.003
300,1999,50,130.021
300,2000,50,131.331
300,2001,50,133.227
300,2002,50,133.437
300,2003,50,132.743
300,2004,50,134.496
300,2005,50,140.225
300,2006,50,144.768
300,2007,50,144.986
300,2008,50,146.347
300,2009,50,150.423
300,2010,50,152.797
300,2011,50,153.228
300,2012,50,151.792
300,2013,50,149.445
300,2014,50,148.924
300,2015,50,151.607
300,2016,50,155.896
300,2017,50,161.646
300,2018,50,164.674
300,2019,50,164.253
300,2020,50,163.241
300,2021,50,161.369
300,2022,50,157.896
300,2023,50,154.5
336,1950,50,0.008
336,1951,50,0.007
336,1952,50,0.006
336,1953,50,0.006
336,1954,50,0.007
336,1955,50,0.008
336,1956,50,0.008
336,1957,50,0.008
336,1958,50,0.008
336,1959,50,0.009
336,1960,50,0.009
336,1961,50,0.009
336,1962,50,0.009
336,1963,50,0.009
336,1964,50,0.009
336,1965,50,0.009
336,1966,50,0.009
336,1967,50,0.007
336,1968,50,0.008
336,1969,50,0.009
336,1970,50,0.009
336,1971,50,0.01
336,1972,50,0.011
336,1973,50,0.01
336,1974,50,0.011
336,1975,50,0.012
336,1976,50,0.012
336,1977,50,0.013
336,1978,50,0.014
336,1979,50,0.015
336,1980,50,0.014
336,1981,50,0.014
336,1982,50,0.013
336,1983,50,0.013
336,1984,50,0.014
336,1985,50,0.015
336,1986,50,0.016
336,1987,50,0.017
336,1988,50,0.016
336,1989,50,0.016
336,1990,50,0.016
336,1991,50,0.016
336,1992,50,0.016
336,1993,50,0.017
336,1994,50,0.019
336,1995,50,0.018
336,1996,50,0.019
336,1997,50,0.022
336,1998,50,0.024
336,1999,50,0.012
336,2000,50,0.003
336,2001,50,0.005
336,2002,50,0.005
336,2003,50,0.005
336,2004,50,0.005
336,2005,50,0.005
336,2006,50,0.006
336,2007,50,0.006
336,2008,50,0.006
336,2009,50,0.006
336,2010,50,0.006
336,2011,50,0.006
336,2012,50,0.006
336,2013,50,0.007
336,2014,50,0.007
336,2015,50,0.007
336,2016,50,0.007
336,2017,50,0.007
336,2018,50,0.007
336,2019,50,0.007
336,2020,50,0.007
336,2021,50,0.006
336,2022,50,0.006
336,2023,50,0.006
380,1950,50,512.316
380,1951,50,519.733
380,1952,50,528.33
380,1953,50,534.831
380,1954,50,554.014
380,1955,50,577.235
380,1956,50,589.887
380,1957,50,602.348
380,1958,50,624.681
380,1959,50,648.483
380,1960,50,661.668
380,1961,50,664.6
380,1962,50,672.243
380,1963,50,683.636
380,1964,50,674.059
380,1965,50,642.209
380,1966,50,563.861
380,1967,50,453.343
380,1968,50,390.809
380,1969,50,423.246
380,1970,50,598.474
380,1971,50,709.751
380,1972,50,702.935
380,1973,50,713.257
380,1974,50,715.592
380,1975,50,714.504
380,1976,50,712.003
380,1977,50,715.284
380,1978,50,713.642
380,1979,50,713.948
380,1980,50,728.832
380,1981,50,734.6
380,1982,50,719.436
380,1983,50,700.03
380,1984,50,705.619
380,1985,50,708.555
380,1986,50,702.693
380,1987,50,704.565
380,1988,50,732.744
380,1989,50,764.786
380,1990,50,757.982
380,1991,50,743.682
380,1992,50,708.35
380,1993,50,672.845
380,1994,50,675.34
380,1995,50,687.023
380,1996,50,728.868
380,1997,50,785.157
380,1998,50,803.786
380,1999,50,795.339
380,2000,50,775.319
380,2001,50,756.972
380,2002,50,741.314
380,2003,50,735.562
380,2004,50,746.332
380,2005,50,767.358
380,2006,50,791.785
380,2007,50,787.145
380,2008,50,800.302
380,2009,50,837.104
380,2010,50,872.737
380,2011,50,887.636
380,2012,50,906.415
380,2013,50,944.185
380,2014,50,970.918
380,2015,50,991.854
380,2016,50,990.615
380,2017,50,979.145
380,2018,50,982.257
380,2019,50,973.132
380,2020,50,959.16
380,2021,50,961.209
380,2022,50,957.008
380,2023,50,946.87
412,1950,50,6.014
412,1951,50,6.309
412,1952,50,6.49
412,1953,50,6.493
412,1954,50,6.421
412,1955,50,6.625
412,1956,50,6.932
412,1957,50,7.18
412,1958,50,7.406
412,1959,50,7.55
412,1960,50,7.772
412,1961,50,7.924
412,1962,50,7.819
412,1963,50,7.57
412,1964,50,7.309
412,1965,50,7.166
412,1966,50,7.023
412,1967,50,7.0
412,1968,50,7.179
412,1969,50,7.234
412,1970,50,7.322
412,1971,50,7.319
412,1972,50,7.659
412,1973,50,8.113
412,1974,50,8.652
412,1975,50,9.195
412,1976,50,9.694
412,1977,50,10.214
412,1978,50,10.793
412,1979,50,11.424
412,1980,50,12.088
412,1981,50,12.743
412,1982,50,13.283
412,1983,50,13.704
412,1984,50,14.016
412,1985,50,14.256
412,1986,50,14.481
412,1987,50,14.719
412,1988,50,14.967
412,1989,50,14.902
412,1990,50,14.717
412,1991,50,14.383
412,1992,50,14.397
412,1993,50,14.482
412,1994,50,14.673
412,1995,50,14.96
412,1996,50,15.331
412,1997,50,15.802
412,1998,50,16.522
412,1999,50,15.481
412,2000,50,14.925
412,2001,50,15.307
412,2002,50,15.743
412,2003,50,15.953
412,2004,50,16.302
412,2005,50,16.537
412,2006,50,16.561
412,2007,50,16.575
412,2008,50,16.816
412,2009,50,17.282
412,2010,50,17.692
412,2011,50,17.906
412,2012,50,18.222
412,2013,50,18.57
412,2014,50,19.033
412,2015,50,19.339
412,2016,50,19.379
412,2017,50,19.693
412,2018,50,20.192
412,2019,50,20.651
412,2020,50,20.857
412,2021,50,21.125
412,2022,50,21.283
412,2023,50,21.489
470,1950,50,2.854
470,1951,50,2.886
470,1952,50,2.91
470,1953,50,2.949
470,1954,50,3.029
470,1955,50,3.153
470,1956,50,3.255
470,1957,50,3.306
470,1958,50,3.316
470,1959,50,3.304
470,1960,50,3.249
470,1961,50,3.136
470,1962,50,3.034
470,1963,50,2.938
470,1964,50,2.858
470,1965,50,2.824
470,1966,50,2.814
470,1967,50,2.834
470,1968,50,2.891
470,1969,50,2.989
470,1970,50,3.1
470,1971,50,3.226
470,1972,50,3.359
470,1973,50,3.485
470,1974,50,3.572
470,1975,50,3.601
470,1976,50,3.571
470,1977,50,3.506
470,1978,50,3.444
470,1979,50,3.411
470,1980,50,3.433
470,1981,50,3.506
470,1982,50,3.597
470,1983,50,3.682
470,1984,50,3.739
470,1985,50,3.761
470,1986,50,3.777
470,1987,50,3.821
470,1988,50,3.833
470,1989,50,3.845
470,1990,50,3.787
470,1991,50,3.64
470,1992,50,3.498
470,1993,50,3.797
470,1994,50,4.967
470,1995,50,5.822
470,1996,50,5.999
470,1997,50,6.259
470,1998,50,6.395
470,1999,50,6.288
470,2000,50,6.177
470,2001,50,5.994
470,2002,50,5.78
470,2003,50,5.703
470,2004,50,5.779
470,2005,50,5.995
470,2006,50,6.13
470,2007,50,6.228
470,2008,50,6.216
470,2009,50,6.188
470,2010,50,6.223
470,2011,50,6.146
470,2012,50,5.971
470,2013,50,5.749
470,2014,50,5.498
470,2015,50,5.428
470,2016,50,5.256
470,2017,50,5.195
470,2018,50,5.439
470,2019,50,5.581
470,2020,50,5.814
470,2021,50,6.206
470,2022,50,6.519
470,2023,50,6.715
499,1950,50,3.539
499,1951,50,3.544
499,1952,50,3.525
499,1953,50,3.495
499,1954,50,3.475
499,1955,50,3.532
499,1956,50,3.622
499,1957,50,3.729
499,1958,50,3.875
499,1959,50,3.999
499,1960,50,4.033
499,1961,50,3.948
499,1962,50,3.887
499,1963,50,3.816
499,1964,50,3.666
499,1965,50,3.47
499,1966,50,3.217
499,1967,50,2.955
499,1968,50,2.877
499,1969,50,3.137
499,1970,50,3.624
499,1971,50,3.99
499,1972,50,4.195
499,1973,50,4.405
499,1974,50,4.679
499,1975,50,5.08
499,1976,50,5.514
499,1977,50,5.931
499,1978,50,6.299
499,1979,50,6.471
499,1980,50,6.505
499,1981,50,6.514
499,1982,50,6.567
499,1983,50,6.69
499,1984,50,6.804
499,1985,50,6.922
499,1986,50,7.083
499,1987,50,7.235
499,1988,50,7.374
499,1989,50,7.413
499,1990,50,7.222
499,1991,50,6.827
499,1992,50,6.353
499,1993,50,5.891
499,1994,50,5.568
499,1995,50,5.475
499,1996,50,5.75
499,1997,50,6.498
499,1998,50,7.203
499,1999,50,7.711
499,2000,50,8.174
499,2001,50,8.296
499,2002,50,8.317
499,2003,50,8.675
499,2004,50,8.974
499,2005,50,8.992
499,2006,50,8.854
499,2007,50,8.78
499,2008,50,8.892
499,2009,50,8.909
499,2010,50,8.764
499,2011,50,8.72
499,2012,50,8.749
499,2013,50,8.67
499,2014,50,8.46
499,2015,50,8.305
499,2016,50,8.214
499,2017,50,8.051
499,2018,50,7.826
499,2019,50,7.697
499,2020,50,7.661
499,2021,50,7.696
499,2022,50,7.75
499,2023,50,8.112
807,1950,50,9.395
807,1951,50,9.929
807,1952,50,10.407
807,1953,50,10.711
807,1954,50,10.831
807,1955,50,10.993
807,1956,50,11.25
807,1957,50,11.576
807,1958,50,11.988
807,1959,50,12.4
807,1960,50,12.89
807,1961,50,13.263
807,1962,50,13.279
807,1963,50,12.737
807,1964,50,11.907
807,1965,50,11.03
807,1966,50,10.335
807,1967,50,10.154
807,1968,50,10.477
807,1969,50,11.265
807,1970,50,12.529
807,1971,50,13.888
807,1972,50,14.917
807,1973,50,15.594
807,1974,50,16.25
807,1975,50,16.944
807,1976,50,17.412
807,1977,50,17.777
807,1978,50,18.28
807,1979,50,18.831
807,1980,50,19.364
807,1981,50,19.871
807,1982,50,20.331
807,1983,50,20.665
807,1984,50,20.844
807,1985,50,20.716
807,1986,50,20.284
807,1987,50,19.904
807,1988,50,19.832
807,1989,50,20.018
807,1990,50,20.471
807,1991,50,20.952
807,1992,50,20.969
807,1993,50,20.654
807,1994,50,20.037
807,1995,50,19.392
807,1996,50,19.635
807,1997,50,21.928
807,1998,50,24.426
807,1999,50,25.424
807,2000,50,25.833
807,2001,50,26.063
807,2002,50,26.695
807,2003,50,27.621
807,2004,50,28.155
807,2005,50,28.251
807,2006,50,28.155
807,2007,50,28.077
807,2008,50,28.184
807,2009,50,28.53
807,2010,50,28.706
807,2011,50,28.242
807,2012,50,27.639
807,2013,50,27.575
807,2014,50,27.958
807,2015,50,28.091
807,2016,50,27.56
807,2017,50,27.045
807,2018,50,26.55
807,2019,50,25.889
807,2020,50,25.222
807,2021,50,24.866
807,2022,50,24.921
807,2023,50,24.802
620,1950,50,85.809
620,1951,50,93.339
620,1952,50,88.187
620,1953,50,90.394
620,1954,50,88.395
620,1955,50,92.417
620,1956,50,94.247
620,1957,50,93.689
620,1958,50,96.711
620,1959,50,93.839
620,1960,50,102.897
620,1961,50,106.995
620,1962,50,101.024
620,1963,50,100.652
620,1964,50,96.698
620,1965,50,97.803
620,1966,50,94.729
620,1967,50,89.361
620,1968,50,87.745
620,1969,50,81.924
620,1970,50,96.846
620,1971,50,105.588
620,1972,50,99.218
620,1973,50,101.923
620,1974,50,103.196
620,1975,50,109.373
620,1976,50,112.281
620,1977,50,110.391
620,1978,50,111.288
620,1979,50,111.614
620,1980,50,114.671
620,1981,50,117.206
620,1982,50,117.475
620,1983,50,116.876
620,1984,50,114.759
620,1985,50,115.947
620,1986,50,117.375
620,1987,50,115.186
620,1988,50,114.42
620,1989,50,114.101
620,1990,50,111.106
620,1991,50,106.131
620,1992,50,106.688
620,1993,50,111.514
620,1994,50,115.342
620,1995,50,120.767
620,1996,50,121.363
620,1997,50,119.779
620,1998,50,126.444
620,1999,50,130.879
620,2000,50,130.966
620,2001,50,134.023
620,2002,50,135.613
620,2003,50,134.584
620,2004,50,134.752
620,2005,50,138.43
620,2006,50,139.808
620,2007,50,141.148
620,2008,50,144.203
620,2009,50,145.329
620,2010,50,148.903
620,2011,50,152.91
620,2012,50,152.955
620,2013,50,152.58
620,2014,50,153.834
620,2015,50,154.278
620,2016,50,152.498
620,2017,50,150.505
620,2018,50,148.948
620,2019,50,148.731
620,2020,50,150.468
620,2021,50,153.988
620,2022,50,156.929
620,2023,50,157.947
674,1950,50,0.157
674,1951,50,0.157
674,1952,50,0.157
674,1953,50,0.155
674,1954,50,0.155
674,1955,50,0.157
674,1956,50,0.159
674,1957,50,0.162
674,1958,50,0.164
674,1959,50,0.167
674,1960,50,0.174
674,1961,50,0.184
674,1962,50,0.195
674,1963,50,0.204
674,1964,50,0.209
674,1965,50,0.206
674,1966,50,0.189
674,1967,50,0.176
674,1968,50,0.183
674,1969,50,0.212
674,1970,50,0.258
674,1971,50,0.258
674,1972,50,0.251
674,1973,50,0.235
674,1974,50,0.215
674,1975,50,0.231
674,1976,50,0.24
674,1977,50,0.239
674,1978,50,0.234
674,1979,50,0.239
674,1980,50,0.271
674,1981,50,0.284
674,1982,50,0.278
674,1983,50,0.281
674,1984,50,0.267
674,1985,50,0.266
674,1986,50,0.268
674,1987,50,0.283
674,1988,50,0.291
674,1989,50,0.278
674,1990,50,0.275
674,1991,50,0.272
674,1992,50,0.296
674,1993,50,0.311
674,1994,50,0.288
674,1995,50,0.319
674,1996,50,0.354
674,1997,50,0.35
674,1998,50,0.363
674,1999,50,0.347
674,2000,50,0.333
674,2001,50,0.346
674,2002,50,0.362
674,2003,50,0.369
674,2004,50,0.374
674,2005,50,0.386
674,2006,50,0.398
674,2007,50,0.409
674,2008,50,0.434
674,2009,50,0.463
674,2010,50,0.483
674,2011,50,0.513
674,2012,50,0.568
674,2013,50,0.598
674,2014,50,0.617
674,2015,50,0.622
674,2016,50,0.63
674,2017,50,0.643
674,2018,50,0.638
674,2019,50,0.64
674,2020,50,0.623
674,2021,50,0.613
674,2022,50,0.604
674,2023,50,0.595
688,1950,50,67.927
688,1951,50,70.202
688,1952,50,71.929
688,1953,50,72.464
688,1954,50,73.245
688,1955,50,74.551
688,1956,50,75.457
688,1957,50,76.371
688,1958,50,77.767
688,1959,50,79.467
688,1960,50,81.092
688,1961,50,81.619
688,1962,50,79.457
688,1963,50,74.731
688,1964,50,67.188
688,1965,50,57.7
688,1966,50,49.034
688,1967,50,44.383
688,1968,50,47.879
688,1969,50,58.517
688,1970,50,71.845
688,1971,50,84.361
688,1972,50,92.946
688,1973,50,97.994
688,1974,50,101.932
688,1975,50,105.725
688,1976,50,109.986
688,1977,50,114.445
688,1978,50,118.31
688,1979,50,121.267
688,1980,50,123.235
688,1981,50,123.441
688,1982,50,122.48
688,1983,50,121.867
688,1984,50,120.698
688,1985,50,118.115
688,1986,50,114.462
688,1987,50,110.605
688,1988,50,107.405
688,1989,50,104.814
688,1990,50,101.572
688,1991,50,96.969
688,1992,50,91.79
688,1993,50,86.3
688,1994,50,82.598
688,1995,50,83.563
688,1996,50,89.059
688,1997,50,97.772
688,1998,50,107.671
688,1999,50,115.609
688,2000,50,121.101
688,2001,50,124.752
688,2002,50,126.641
688,2003,50,127.246
688,2004,50,126.744
688,2005,50,124.556
688,2006,50,120.392
688,2007,50,114.114
688,2008,50,108.481
688,2009,50,106.84
688,2010,50,106.815
688,2011,50,104.839
688,2012,50,102.324
688,2013,50,99.221
688,2014,50,95.956
688,2015,50,94.64
688,2016,50,94.377
688,2017,50,93.514
688,2018,50,92.844
688,2019,50,92.226
688,2020,50,91.675
688,2021,50,91.884
688,2022,50,92.908
688,2023,50,93.18
705,1950,50,17.138
705,1951,50,17.687
705,1952,50,18.123
705,1953,50,18.135
705,1954,50,18.174
705,1955,50,18.401
705,1956,50,18.828
705,1957,50,19.167
705,1958,50,19.484
705,1959,50,20.231
705,1960,50,20.599
705,1961,50,20.164
705,1962,50,20.092
705,1963,50,20.008
705,1964,50,19.437
705,1965,50,16.405
705,1966,50,12.067
705,1967,50,9.999
705,1968,50,10.037
705,1969,50,13.011
705,1970,50,16.602
705,1971,50,18.627
705,1972,50,19.824
705,1973,50,20.551
705,1974,50,20.99
705,1975,50,21.361
705,1976,50,22.002
705,1977,50,22.696
705,1978,50,23.526
705,1979,50,24.169
705,1980,50,25.182
705,1981,50,25.59
705,1982,50,24.896
705,1983,50,24.521
705,1984,50,23.957
705,1985,50,23.739
705,1986,50,23.879
705,1987,50,24.041
705,1988,50,23.614
705,1989,50,23.752
705,1990,50,24.152
705,1991,50,24.148
705,1992,50,24.621
705,1993,50,25.168
705,1994,50,23.714
705,1995,50,20.233
705,1996,50,20.569
705,1997,50,24.839
705,1998,50,26.25
705,1999,50,27.177
705,2000,50,29.293
705,2001,50,30.331
705,2002,50,30.809
705,2003,50,31.765
705,2004,50,31.785
705,2005,50,31.781
705,2006,50,32.112
705,2007,50,31.586
705,2008,50,30.698
705,2009,50,30.361
705,2010,50,30.602
705,2011,50,30.939
705,2012,50,31.119
705,2013,50,30.9
705,2014,50,30.845
705,2015,50,31.337
705,2016,50,31.785
705,2017,50,31.175
705,2018,50,30.075
705,2019,50,29.29
705,2020,50,28.7
705,2021,50,28.964
705,2022,50,29.913
705,2023,50,30.562
724,1950,50,322.109
724,1951,50,344.35
724,1952,50,310.457
724,1953,50,320.412
724,1954,50,317.825
724,1955,50,334.312
724,1956,50,335.247
724,1957,50,327.036
724,1958,50,335.818
724,1959,50,332.514
724,1960,50,351.612
724,1961,50,354.383
724,1962,50,345.604
724,1963,50,347.369
724,1964,50,342.425
724,1965,50,344.135
724,1966,50,336.315
724,1967,50,331.083
724,1968,50,341.355
724,1969,50,341.444
724,1970,50,369.628
724,1971,50,401.238
724,1972,50,414.085
724,1973,50,423.415
724,1974,50,423.509
724,1975,50,430.284
724,1976,50,437.463
724,1977,50,441.141
724,1978,50,448.522
724,1979,50,454.888
724,1980,50,467.296
724,1981,50,473.525
724,1982,50,473.379
724,1983,50,479.21
724,1984,50,470.087
724,1985,50,458.678
724,1986,50,459.557
724,1987,50,438.185
724,1988,50,390.05
724,1989,50,354.397
724,1990,50,389.172
724,1991,50,406.663
724,1992,50,394.491
724,1993,50,434.788
724,1994,50,462.578
724,1995,50,475.493
724,1996,50,471.976
724,1997,50,471.582
724,1998,50,501.909
724,1999,50,507.664
724,2000,50,486.369
724,2001,50,480.62
724,2002,50,499.269
724,2003,50,519.231
724,2004,50,522.999
724,2005,50,540.019
724,2006,50,565.745
724,2007,50,599.798
724,2008,50,635.182
724,2009,50,653.217
724,2010,50,668.164
724,2011,50,679.051
724,2012,50,691.225
724,2013,50,709.416
724,2014,50,734.7
724,2015,50,742.781
724,2016,50,742.352
724,2017,50,748.277
724,2018,50,743.178
724,2019,50,744.478
724,2020,50,753.023
724,2021,50,760.593
724,2022,50,770.783
724,2023,50,781.995
40,1950,50,103.468
40,1951,50,105.418
40,1952,50,107.238
40,1953,50,106.511
40,1954,50,105.957
40,1955,50,105.558
40,1956,50,104.738
40,1957,50,103.793
40,1958,50,102.28
40,1959,50,102.478
40,1960,50,102.495
40,1961,50,99.172
40,1962,50,98.184
40,1963,50,97.29
40,1964,50,93.105
40,1965,50,80.192
40,1966,50,61.869
40,1967,50,52.99
40,1968,50,53.762
40,1969,50,64.173
40,1970,50,84.235
40,1971,50,95.444
40,1972,50,97.545
40,1973,50,96.716
40,1974,50,95.225
40,1975,50,94.008
40,1976,50,91.694
40,1977,50,89.094
40,1978,50,89.128
40,1979,50,89.039
40,1980,50,88.645
40,1981,50,87.223
40,1982,50,84.387
40,1983,50,81.33
40,1984,50,77.82
40,1985,50,75.451
40,1986,50,74.886
40,1987,50,75.267
40,1988,50,79.215
40,1989,50,100.256
40,1990,50,120.198
40,1991,50,118.656
40,1992,50,106.153
40,1993,50,98.094
40,1994,50,98.445
40,1995,50,87.167
40,1996,50,83.6
40,1997,50,100.006
40,1998,50,107.487
40,1999,50,104.3
40,2000,50,101.312
40,2001,50,98.826
40,2002,50,99.307
40,2003,50,101.449
40,2004,50,103.127
40,2005,50,107.14
40,2006,50,113.765
40,2007,50,118.524
40,2008,50,120.24
40,2009,50,123.924
40,2010,50,128.689
40,2011,50,133.342
40,2012,50,137.572
40,2013,50,140.794
40,2014,50,143.142
40,2015,50,143.377
40,2016,50,142.818
40,2017,50,142.493
40,2018,50,142.754
40,2019,50,141.301
40,2020,50,135.715
40,2021,50,130.268
40,2022,50,126.893
40,2023,50,123.687
56,1950,50,122.732
56,1951,50,126.715
56,1952,50,128.928
56,1953,50,127.163
56,1954,50,126.763
56,1955,50,126.714
56,1956,50,125.564
56,1957,50,125.731
56,1958,50,125.719
56,1959,50,123.646
56,1960,50,122.207
56,1961,50,119.915
56,1962,50,120.12
56,1963,50,121.903
56,1964,50,120.087
56,1965,50,109.487
56,1966,50,90.756
56,1967,50,76.691
56,1968,50,71.68
56,1969,50,85.698
56,1970,50,116.101
56,1971,50,131.379
56,1972,50,128.811
56,1973,50,128.372
56,1974,50,128.973
56,1975,50,128.626
56,1976,50,127.135
56,1977,50,124.687
56,1978,50,123.777
56,1979,50,124.1
56,1980,50,126.933
56,1981,50,128.92
56,1982,50,126.717
56,1983,50,121.999
56,1984,50,118.06
56,1985,50,115.193
56,1986,50,113.117
56,1987,50,113.342
56,1988,50,115.685
56,1989,50,116.008
56,1990,50,109.61
56,1991,50,98.615
56,1992,50,97.314
56,1993,50,108.001
56,1994,50,117.421
56,1995,50,120.023
56,1996,50,130.292
56,1997,50,140.456
56,1998,50,140.282
56,1999,50,139.338
56,2000,50,138.454
56,2001,50,137.957
56,2002,50,139.998
56,2003,50,142.823
56,2004,50,144.642
56,2005,50,147.543
56,2006,50,149.802
56,2007,50,151.968
56,2008,50,154.902
56,2009,50,158.343
56,2010,50,160.334
56,2011,50,161.563
56,2012,50,162.569
56,2013,50,164.418
56,2014,50,167.537
56,2015,50,166.617
56,2016,50,162.539
56,2017,50,158.598
56,2018,50,156.345
56,2019,50,156.449
56,2020,50,157.698
56,2021,50,158.03
56,2022,50,155.783
56,2023,50,153.534
250,1950,50,574.759
250,1951,50,589.135
250,1952,50,603.457
250,1953,50,601.938
250,1954,50,597.459
250,1955,50,598.007
250,1956,50,598.439
250,1957,50,595.08
250,1958,50,597.764
250,1959,50,602.16
250,1960,50,600.837
250,1961,50,585.253
250,1962,50,586.319
250,1963,50,600.267
250,1964,50,589.752
250,1965,50,488.563
250,1966,50,352.958
250,1967,50,321.729
250,1968,50,349.206
250,1969,50,392.271
250,1970,50,548.663
250,1971,50,672.862
250,1972,50,654.119
250,1973,50,642.148
250,1974,50,637.362
250,1975,50,642.519
250,1976,50,646.644
250,1977,50,642.527
250,1978,50,643.778
250,1979,50,643.682
250,1980,50,651.238
250,1981,50,657.2
250,1982,50,648.841
250,1983,50,632.196
250,1984,50,620.391
250,1985,50,610.507
250,1986,50,597.636
250,1987,50,590.937
250,1988,50,582.354
250,1989,50,581.283
250,1990,50,563.795
250,1991,50,527.685
250,1992,50,538.364
250,1993,50,583.974
250,1994,50,609.092
250,1995,50,618.412
250,1996,50,716.638
250,1997,50,832.083
250,1998,50,855.415
250,1999,50,860.449
250,2000,50,866.106
250,2001,50,853.635
250,2002,50,843.687
250,2003,50,844.116
250,2004,50,842.172
250,2005,50,848.674
250,2006,50,849.471
250,2007,50,853.372
250,2008,50,853.348
250,2009,50,859.098
250,2010,50,868.771
250,2011,50,868.73
250,2012,50,862.189
250,2013,50,871.873
250,2014,50,889.211
250,2015,50,886.638
250,2016,50,878.094
250,2017,50,861.215
250,2018,50,849.995
250,2019,50,857.907
250,2020,50,870.829
250,2021,50,884.07
250,2022,50,894.451
250,2023,50,894.501
276,1950,50,1003.034
276,1951,50,1036.039
276,1952,50,1064.387
276,1953,50,1063.623
276,1954,50,1065.369
276,1955,50,1083.741
276,1956,50,1080.234
276,1957,50,1080.288
276,1958,50,1096.334
276,1959,50,1099.52
276,1960,50,1079.243
276,1961,50,1034.176
276,1962,50,1031.328
276,1963,50,1032.098
276,1964,50,994.377
276,1965,50,864.1
276,1966,50,658.797
276,1967,50,533.254
276,1968,50,509.959
276,1969,50,647.435
276,1970,50,895.839
276,1971,50,1005.218
276,1972,50,973.221
276,1973,50,914.538
276,1974,50,885.063
276,1975,50,910.126
276,1976,50,932.086
276,1977,50,929.699
276,1978,50,961.893
276,1979,50,985.617
276,1980,50,985.97
276,1981,50,959.277
276,1982,50,907.339
276,1983,50,882.981
276,1984,50,970.225
276,1985,50,1091.087
276,1986,50,1127.643
276,1987,50,1137.124
276,1988,50,1186.323
276,1989,50,1257.532
276,1990,50,1305.891
276,1991,50,1279.36
276,1992,50,1131.988
276,1993,50,1035.819
276,1994,50,1036.151
276,1995,50,892.729
276,1996,50,808.723
276,1997,50,909.612
276,1998,50,984.285
276,1999,50,1047.257
276,2000,50,1102.114
276,2001,50,1109.197
276,2002,50,1108.866
276,2003,50,1112.068
276,2004,50,1122.327
276,2005,50,1144.945
276,2006,50,1165.863
276,2007,50,1193.001
276,2008,50,1215.001
276,2009,50,1257.61
276,2010,50,1300.027
276,2011,50,1331.108
276,2012,50,1358.43
276,2013,50,1395.345
276,2014,50,1422.082
276,2015,50,1414.908
276,2016,50,1403.15
276,2017,50,1381.864
276,2018,50,1346.939
276,2019,50,1301.113
276,2020,50,1229.262
276,2021,50,1164.509
276,2022,50,1095.595
276,2023,50,1017.989
438,1950,50,0.146
438,1951,50,0.153
438,1952,50,0.158
438,1953,50,0.163
438,1954,50,0.171
438,1955,50,0.173
438,1956,50,0.178
438,1957,50,0.178
438,1958,50,0.18
438,1959,50,0.192
438,1960,50,0.198
438,1961,50,0.196
438,1962,50,0.197
438,1963,50,0.208
438,1964,50,0.207
438,1965,50,0.188
438,1966,50,0.158
438,1967,50,0.15
438,1968,50,0.171
438,1969,50,0.203
438,1970,50,0.224
438,1971,50,0.249
438,1972,50,0.259
438,1973,50,0.243
438,1974,50,0.237
438,1975,50,0.234
438,1976,50,0.237
438,1977,50,0.231
438,1978,50,0.219
438,1979,50,0.224
438,1980,50,0.216
438,1981,50,0.216
438,1982,50,0.23
438,1983,50,0.259
438,1984,50,0.274
438,1985,50,0.247
438,1986,50,0.243
438,1987,50,0.278
438,1988,50,0.291
438,1989,50,0.302
438,1990,50,0.339
438,1991,50,0.359
438,1992,50,0.386
438,1993,50,0.418
438,1994,50,0.449
438,1995,50,0.426
438,1996,50,0.427
438,1997,50,0.478
438,1998,50,0.492
438,1999,50,0.496
438,2000,50,0.48
438,2001,50,0.478
438,2002,50,0.494
438,2003,50,0.508
438,2004,50,0.514
438,2005,50,0.521
438,2006,50,0.532
438,2007,50,0.552
438,2008,50,0.561
438,2009,50,0.568
438,2010,50,0.598
438,2011,50,0.594
438,2012,50,0.597
438,2013,50,0.626
438,2014,50,0.651
438,2015,50,0.643
438,2016,50,0.618
438,2017,50,0.621
438,2018,50,0.657
438,2019,50,0.658
438,2020,50,0.633
438,2021,50,0.616
438,2022,50,0.582
438,2023,50,0.584
442,1950,50,4.038
442,1951,50,4.14
442,1952,50,4.228
442,1953,50,4.31
442,1954,50,4.391
442,1955,50,4.463
442,1956,50,4.521
442,1957,50,4.57
442,1958,50,4.621
442,1959,50,4.665
442,1960,50,4.628
442,1961,50,4.566
442,1962,50,4.636
442,1963,50,4.595
442,1964,50,4.476
442,1965,50,4.254
442,1966,50,3.714
442,1967,50,3.335
442,1968,50,3.169
442,1969,50,3.414
442,1970,50,4.019
442,1971,50,4.251
442,1972,50,4.086
442,1973,50,4.162
442,1974,50,4.277
442,1975,50,4.328
442,1976,50,4.557
442,1977,50,4.811
442,1978,50,5.031
442,1979,50,5.126
442,1980,50,5.141
442,1981,50,5.091
442,1982,50,4.848
442,1983,50,4.621
442,1984,50,4.544
442,1985,50,4.491
442,1986,50,4.541
442,1987,50,4.573
442,1988,50,4.652
442,1989,50,4.796
442,1990,50,4.729
442,1991,50,4.477
442,1992,50,4.587
442,1993,50,4.901
442,1994,50,4.899
442,1995,50,4.745
442,1996,50,5.068
442,1997,50,5.492
442,1998,50,5.645
442,1999,50,5.798
442,2000,50,5.82
442,2001,50,5.644
442,2002,50,5.841
442,2003,50,6.139
442,2004,50,6.32
442,2005,50,6.463
442,2006,50,6.587
442,2007,50,6.895
442,2008,50,7.1
442,2009,50,7.258
442,2010,50,7.5
442,2011,50,7.735
442,2012,50,8.042
442,2013,50,8.368
442,2014,50,8.768
442,2015,50,8.991
442,2016,50,9.125
442,2017,50,9.25
442,2018,50,9.372
442,2019,50,9.397
442,2020,50,9.332
442,2021,50,9.367
442,2022,50,9.41
442,2023,50,9.219
492,1950,50,0.332
492,1951,50,0.357
492,1952,50,0.358
492,1953,50,0.358
492,1954,50,0.359
492,1955,50,0.361
492,1956,50,0.367
492,1957,50,0.369
492,1958,50,0.369
492,1959,50,0.368
492,1960,50,0.362
492,1961,50,0.346
492,1962,50,0.318
492,1963,50,0.298
492,1964,50,0.288
492,1965,50,0.267
492,1966,50,0.239
492,1967,50,0.226
492,1968,50,0.245
492,1969,50,0.304
492,1970,50,0.349
492,1971,50,0.361
492,1972,50,0.36
492,1973,50,0.366
492,1974,50,0.373
492,1975,50,0.379
492,1976,50,0.371
492,1977,50,0.366
492,1978,50,0.364
492,1979,50,0.358
492,1980,50,0.357
492,1981,50,0.355
492,1982,50,0.352
492,1983,50,0.349
492,1984,50,0.351
492,1985,50,0.352
492,1986,50,0.364
492,1987,50,0.377
492,1988,50,0.394
492,1989,50,0.416
492,1990,50,0.431
492,1991,50,0.44
492,1992,50,0.439
492,1993,50,0.45
492,1994,50,0.466
492,1995,50,0.49
492,1996,50,0.516
492,1997,50,0.513
492,1998,50,0.494
492,1999,50,0.479
492,2000,50,0.472
492,2001,50,0.45
492,2002,50,0.429
492,2003,50,0.436
492,2004,50,0.447
492,2005,50,0.495
492,2006,50,0.495
492,2007,50,0.46
492,2008,50,0.476
492,2009,50,0.489
492,2010,50,0.493
492,2011,50,0.517
492,2012,50,0.527
492,2013,50,0.499
492,2014,50,0.488
492,2015,50,0.485
492,2016,50,0.47
492,2017,50,0.496
492,2018,50,0.488
492,2019,50,0.438
492,2020,50,0.414
492,2021,50,0.394
492,2022,50,0.374
492,2023,50,0.359
528,1950,50,107.505
528,1951,50,111.136
528,1952,50,115.815
528,1953,50,117.883
528,1954,50,119.48
528,1955,50,121.392
528,1956,50,122.345
528,1957,50,124.39
528,1958,50,126.756
528,1959,50,128.787
528,1960,50,128.314
528,1961,50,126.193
528,1962,50,129.125
528,1963,50,133.573
528,1964,50,134.798
528,1965,50,132.125
528,1966,50,129.732
528,1967,50,130.205
528,1968,50,127.716
528,1969,50,127.629
528,1970,50,141.071
528,1971,50,151.24
528,1972,50,148.583
528,1973,50,149.839
528,1974,50,150.157
528,1975,50,147.283
528,1976,50,146.248
528,1977,50,145.406
528,1978,50,147.003
528,1979,50,148.904
528,1980,50,151.853
528,1981,50,153.324
528,1982,50,152.604
528,1983,50,152.46
528,1984,50,150.826
528,1985,50,151.566
528,1986,50,152.328
528,1987,50,153.079
528,1988,50,157.451
528,1989,50,162.81
528,1990,50,167.167
528,1991,50,167.54
528,1992,50,168.769
528,1993,50,178.992
528,1994,50,190.281
528,1995,50,190.606
528,1996,50,221.23
528,1997,50,251.422
528,1998,50,240.314
528,1999,50,230.146
528,2000,50,224.168
528,2001,50,221.121
528,2002,50,223.577
528,2003,50,226.596
528,2004,50,227.021
528,2005,50,229.279
528,2006,50,233.098
528,2007,50,237.112
528,2008,50,241.082
528,2009,50,246.862
528,2010,50,251.094
528,2011,50,255.59
528,2012,50,260.124
528,2013,50,263.184
528,2014,50,266.905
528,2015,50,266.328
528,2016,50,260.634
528,2017,50,256.698
528,2018,50,256.419
528,2019,50,263.108
528,2020,50,265.814
528,2021,50,258.112
528,2022,50,247.359
528,2023,50,233.373
756,1950,50,62.38
756,1951,50,64.01
756,1952,50,65.844
756,1953,50,65.551
756,1954,50,65.761
756,1955,50,67.181
756,1956,50,68.294
756,1957,50,68.735
756,1958,50,70.06
756,1959,50,70.698
756,1960,50,70.417
756,1961,50,69.671
756,1962,50,69.394
756,1963,50,69.791
756,1964,50,69.058
756,1965,50,65.678
756,1966,50,61.69
756,1967,50,60.123
756,1968,50,59.949
756,1969,50,61.641
756,1970,50,68.365
756,1971,50,74.259
756,1972,50,73.721
756,1973,50,73.423
756,1974,50,73.669
756,1975,50,73.841
756,1976,50,74.012
756,1977,50,73.393
756,1978,50,73.36
756,1979,50,74.275
756,1980,50,75.621
756,1981,50,76.029
756,1982,50,75.997
756,1983,50,76.902
756,1984,50,77.772
756,1985,50,78.677
756,1986,50,78.963
756,1987,50,78.39
756,1988,50,78.644
756,1989,50,80.385
756,1990,50,81.946
756,1991,50,84.958
756,1992,50,89.737
756,1993,50,93.862
756,1994,50,96.546
756,1995,50,98.009
756,1996,50,99.723
756,1997,50,100.646
756,1998,50,100.466
756,1999,50,99.776
756,2000,50,99.17
756,2001,50,97.686
756,2002,50,97.54
756,2003,50,99.134
756,2004,50,100.212
756,2005,50,102.7
756,2006,50,105.565
756,2007,50,108.529
756,2008,50,110.84
756,2009,50,114.266
756,2010,50,118.027
756,2011,50,121.45
756,2012,50,125.21
756,2013,50,130.013
756,2014,50,134.889
756,2015,50,136.252
756,2016,50,135.364
756,2017,50,134.119
756,2018,50,132.329
756,2019,50,130.654
756,2020,50,127.874
756,2021,50,125.928
756,2022,50,123.725
756,2023,50,121.854
660,1950,50,0.036
660,1951,50,0.037
660,1952,50,0.039
660,1953,50,0.041
660,1954,50,0.041
660,1955,50,0.041
660,1956,50,0.043
660,1957,50,0.045
660,1958,50,0.047
660,1959,50,0.05
660,1960,50,0.055
660,1961,50,0.061
660,1962,50,0.061
660,1963,50,0.06
660,1964,50,0.057
660,1965,50,0.051
660,1966,50,0.048
660,1967,50,0.044
660,1968,50,0.041
660,1969,50,0.04
660,1970,50,0.041
660,1971,50,0.042
660,1972,50,0.041
660,1973,50,0.041
660,1974,50,0.04
660,1975,50,0.039
660,1976,50,0.038
660,1977,50,0.037
660,1978,50,0.036
660,1979,50,0.038
660,1980,50,0.04
660,1981,50,0.039
660,1982,50,0.037
660,1983,50,0.04
660,1984,50,0.046
660,1985,50,0.047
660,1986,50,0.045
660,1987,50,0.048
660,1988,50,0.049
660,1989,50,0.05
660,1990,50,0.052
660,1991,50,0.051
660,1992,50,0.054
660,1993,50,0.057
660,1994,50,0.05
660,1995,50,0.057
660,1996,50,0.075
660,1997,50,0.08
660,1998,50,0.083
660,1999,50,0.091
660,2000,50,0.107
660,2001,50,0.119
660,2002,50,0.118
660,2003,50,0.123
660,2004,50,0.137
660,2005,50,0.145
660,2006,50,0.152
660,2007,50,0.16
660,2008,50,0.165
660,2009,50,0.171
660,2010,50,0.18
660,2011,50,0.193
660,2012,50,0.204
660,2013,50,0.205
660,2014,50,0.212
660,2015,50,0.221
660,2016,50,0.225
660,2017,50,0.227
660,2018,50,0.229
660,2019,50,0.231
660,2020,50,0.229
660,2021,50,0.231
660,2022,50,0.226
660,2023,50,0.231
28,1950,50,0.423
28,1951,50,0.434
28,1952,50,0.444
28,1953,50,0.451
28,1954,50,0.455
28,1955,50,0.457
28,1956,50,0.459
28,1957,50,0.462
28,1958,50,0.46
28,1959,50,0.453
28,1960,50,0.446
28,1961,50,0.438
28,1962,50,0.425
28,1963,50,0.427
28,1964,50,0.449
28,1965,50,0.48
28,1966,50,0.505
28,1967,50,0.523
28,1968,50,0.526
28,1969,50,0.52
28,1970,50,0.522
28,1971,50,0.527
28,1972,50,0.531
28,1973,50,0.533
28,1974,50,0.531
28,1975,50,0.527
28,1976,50,0.519
28,1977,50,0.509
28,1978,50,0.511
28,1979,50,0.517
28,1980,50,0.52
28,1981,50,0.521
28,1982,50,0.517
28,1983,50,0.508
28,1984,50,0.492
28,1985,50,0.461
28,1986,50,0.431
28,1987,50,0.408
28,1988,50,0.396
28,1989,50,0.393
28,1990,50,0.4
28,1991,50,0.421
28,1992,50,0.451
28,1993,50,0.479
28,1994,50,0.502
28,1995,50,0.538
28,1996,50,0.578
28,1997,50,0.6
28,1998,50,0.611
28,1999,50,0.637
28,2000,50,0.703
28,2001,50,0.784
28,2002,50,0.807
28,2003,50,0.787
28,2004,50,0.817
28,2005,50,0.878
28,2006,50,0.925
28,2007,50,0.977
28,2008,50,1.047
28,2009,50,1.11
28,2010,50,1.142
28,2011,50,1.153
28,2012,50,1.177
28,2013,50,1.225
28,2014,50,1.297
28,2015,50,1.368
28,2016,50,1.373
28,2017,50,1.354
28,2018,50,1.349
28,2019,50,1.353
28,2020,50,1.376
28,2021,50,1.385
28,2022,50,1.339
28,2023,50,1.255
533,1950,50,0.27
533,1951,50,0.293
533,1952,50,0.315
533,1953,50,0.336
533,1954,50,0.362
533,1955,50,0.397
533,1956,50,0.432
533,1957,50,0.468
533,1958,50,0.499
533,1959,50,0.513
533,1960,50,0.519
533,1961,50,0.515
533,1962,50,0.502
533,1963,50,0.494
533,1964,50,0.497
533,1965,50,0.493
533,1966,50,0.482
533,1967,50,0.468
533,1968,50,0.431
533,1969,50,0.406
533,1970,50,0.399
533,1971,50,0.396
533,1972,50,0.395
533,1973,50,0.407
533,1974,50,0.423
533,1975,50,0.439
533,1976,50,0.456
533,1977,50,0.464
533,1978,50,0.492
533,1979,50,0.532
533,1980,50,0.562
533,1981,50,0.585
533,1982,50,0.619
533,1983,50,0.648
533,1984,50,0.656
533,1985,50,0.678
533,1986,50,0.71
533,1987,50,0.719
533,1988,50,0.713
533,1989,50,0.715
533,1990,50,0.728
533,1991,50,0.739
533,1992,50,0.748
533,1993,50,0.771
533,1994,50,0.839
533,1995,50,0.912
533,1996,50,0.963
533,1997,50,1.003
533,1998,50,1.045
533,1999,50,1.083
533,2000,50,1.178
533,2001,50,1.268
533,2002,50,1.322
533,2003,50,1.37
533,2004,50,1.4
533,2005,50,1.464
533,2006,50,1.524
533,2007,50,1.587
533,2008,50,1.66
533,2009,50,1.709
533,2010,50,1.771
533,2011,50,1.818
533,2012,50,1.84
533,2013,50,1.842
533,2014,50,1.825
533,2015,50,1.793
533,2016,50,1.751
533,2017,50,1.713
533,2018,50,1.681
533,2019,50,1.653
533,2020,50,1.626
533,2021,50,1.589
533,2022,50,1.552
533,2023,50,1.52
44,1950,50,0.582
44,1951,50,0.603
44,1952,50,0.623
44,1953,50,0.642
44,1954,50,0.661
44,1955,50,0.686
44,1956,50,0.718
44,1957,50,0.758
44,1958,50,0.806
44,1959,50,0.86
44,1960,50,0.918
44,1961,50,0.978
44,1962,50,1.038
44,1963,50,1.097
44,1964,50,1.158
44,1965,50,1.199
44,1966,50,1.231
44,1967,50,1.255
44,1968,50,1.273
44,1969,50,1.287
44,1970,50,1.303
44,1971,50,1.325
44,1972,50,1.356
44,1973,50,1.394
44,1974,50,1.443
44,1975,50,1.502
44,1976,50,1.57
44,1977,50,1.645
44,1978,50,1.72
44,1979,50,1.799
44,1980,50,1.876
44,1981,50,1.948
44,1982,50,2.016
44,1983,50,2.08
44,1984,50,2.144
44,1985,50,2.22
44,1986,50,2.316
44,1987,50,2.427
44,1988,50,2.552
44,1989,50,2.689
44,1990,50,2.817
44,1991,50,2.921
44,1992,50,2.991
44,1993,50,3.023
44,1994,50,3.205
44,1995,50,3.349
44,1996,50,3.286
44,1997,50,3.224
44,1998,50,3.175
44,1999,50,3.127
44,2000,50,3.085
44,2001,50,3.08
44,2002,50,3.117
44,2003,50,3.195
44,2004,50,3.294
44,2005,50,3.413
44,2006,50,3.548
44,2007,50,3.691
44,2008,50,3.845
44,2009,50,4.027
44,2010,50,4.242
44,2011,50,4.476
44,2012,50,4.704
44,2013,50,4.931
44,2014,50,5.151
44,2015,50,5.324
44,2016,50,5.442
44,2017,50,5.534
44,2018,50,5.607
44,2019,50,5.632
44,2020,50,5.625
44,2021,50,5.608
44,2022,50,5.574
44,2023,50,5.523
52,1950,50,1.956
52,1951,50,2.059
52,1952,50,2.16
52,1953,50,2.214
52,1954,50,2.204
52,1955,50,2.172
52,1956,50,2.126
52,1957,50,2.072
52,1958,50,2.061
52,1959,50,2.107
52,1960,50,2.169
52,1961,50,2.216
52,1962,50,2.256
52,1963,50,2.286
52,1964,50,2.294
52,1965,50,2.287
52,1966,50,2.294
52,1967,50,2.305
52,1968,50,2.28
52,1969,50,2.201
52,1970,50,2.11
52,1971,50,2.016
52,1972,50,1.918
52,1973,50,1.875
52,1974,50,1.902
52,1975,50,1.947
52,1976,50,1.978
52,1977,50,2.018
52,1978,50,2.068
52,1979,50,2.122
52,1980,50,2.176
52,1981,50,2.227
52,1982,50,2.255
52,1983,50,2.25
52,1984,50,2.231
52,1985,50,2.213
52,1986,50,2.203
52,1987,50,2.187
52,1988,50,2.146
52,1989,50,2.092
52,1990,50,2.009
52,1991,50,2.018
52,1992,50,2.06
52,1993,50,2.165
52,1994,50,2.317
52,1995,50,2.467
52,1996,50,2.616
52,1997,50,2.776
52,1998,50,2.91
52,1999,50,3.059
52,2000,50,3.18
52,2001,50,3.133
52,2002,50,3.243
52,2003,50,3.438
52,2004,50,3.642
52,2005,50,3.843
52,2006,50,3.924
52,2007,50,3.975
52,2008,50,3.953
52,2009,50,4.024
52,2010,50,4.21
52,2011,50,4.242
52,2012,50,4.164
52,2013,50,4.132
52,2014,50,4.157
52,2015,50,4.137
52,2016,50,4.074
52,2017,50,3.991
52,2018,50,3.858
52,2019,50,3.8
52,2020,50,3.869
52,2021,50,3.981
52,2022,50,4.066
52,2023,50,3.993
535,1950,50,0.088
535,1951,50,0.088
535,1952,50,0.088
535,1953,50,0.088
535,1954,50,0.088
535,1955,50,0.09
535,1956,50,0.085
535,1957,50,0.082
535,1958,50,0.078
535,1959,50,0.074
535,1960,50,0.07
535,1961,50,0.068
535,1962,50,0.069
535,1963,50,0.07
535,1964,50,0.068
535,1965,50,0.067
535,1966,50,0.068
535,1967,50,0.068
535,1968,50,0.067
535,1969,50,0.068
535,1970,50,0.071
535,1971,50,0.072
535,1972,50,0.066
535,1973,50,0.058
535,1974,50,0.057
535,1975,50,0.06
535,1976,50,0.065
535,1977,50,0.069
535,1978,50,0.069
535,1979,50,0.07
535,1980,50,0.075
535,1981,50,0.08
535,1982,50,0.097
535,1983,50,0.113
535,1984,50,0.115
535,1985,50,0.113
535,1986,50,0.11
535,1987,50,0.109
535,1988,50,0.112
535,1989,50,0.117
535,1990,50,0.117
535,1991,50,0.125
535,1992,50,0.138
535,1993,50,0.143
535,1994,50,0.143
535,1995,50,0.15
535,1996,50,0.159
535,1997,50,0.164
535,1998,50,0.172
535,1999,50,0.176
535,2000,50,0.181
535,2001,50,0.191
535,2002,50,0.201
535,2003,50,0.21
535,2004,50,0.219
535,2005,50,0.235
535,2006,50,0.256
535,2007,50,0.281
535,2008,50,0.31
535,2009,50,0.337
535,2010,50,0.357
535,2011,50,0.382
535,2012,50,0.416
535,2013,50,0.432
535,2014,50,0.443
535,2015,50,0.451
535,2016,50,0.432
535,2017,50,0.424
535,2018,50,0.42
535,2019,50,0.403
535,2020,50,0.4
535,2021,50,0.395
535,2022,50,0.406
535,2023,50,0.414
92,1950,50,0.043
92,1951,50,0.045
92,1952,50,0.048
92,1953,50,0.05
92,1954,50,0.05
92,1955,50,0.049
92,1956,50,0.046
92,1957,50,0.043
92,1958,50,0.043
92,1959,50,0.044
92,1960,50,0.047
92,1961,50,0.05
92,1962,50,0.052
92,1963,50,0.055
92,1964,50,0.057
92,1965,50,0.058
92,1966,50,0.061
92,1967,50,0.064
92,1968,50,0.065
92,1969,50,0.064
92,1970,50,0.063
92,1971,50,0.061
92,1972,50,0.061
92,1973,50,0.063
92,1974,50,0.062
92,1975,50,0.059
92,1976,50,0.061
92,1977,50,0.064
92,1978,50,0.066
92,1979,50,0.07
92,1980,50,0.07
92,1981,50,0.069
92,1982,50,0.069
92,1983,50,0.072
92,1984,50,0.076
92,1985,50,0.08
92,1986,50,0.083
92,1987,50,0.088
92,1988,50,0.096
92,1989,50,0.105
92,1990,50,0.113
92,1991,50,0.116
92,1992,50,0.125
92,1993,50,0.142
92,1994,50,0.162
92,1995,50,0.175
92,1996,50,0.185
92,1997,50,0.2
92,1998,50,0.213
92,1999,50,0.23
92,2000,50,0.242
92,2001,50,0.253
92,2002,50,0.262
92,2003,50,0.277
92,2004,50,0.296
92,2005,50,0.307
92,2006,50,0.32
92,2007,50,0.34
92,2008,50,0.376
92,2009,50,0.402
92,2010,50,0.417
92,2011,50,0.437
92,2012,50,0.454
92,2013,50,0.469
92,2014,50,0.473
92,2015,50,0.48
92,2016,50,0.506
92,2017,50,0.514
92,2018,50,0.522
92,2019,50,0.555
92,2020,50,0.585
92,2021,50,0.596
92,2022,50,0.602
92,2023,50,0.614
136,1950,50,0.067
136,1951,50,0.066
136,1952,50,0.065
136,1953,50,0.062
136,1954,50,0.06
136,1955,50,0.061
136,1956,50,0.062
136,1957,50,0.065
136,1958,50,0.07
136,1959,50,0.075
136,1960,50,0.077
136,1961,50,0.078
136,1962,50,0.08
136,1963,50,0.081
136,1964,50,0.08
136,1965,50,0.078
136,1966,50,0.076
136,1967,50,0.077
136,1968,50,0.079
136,1969,50,0.082
136,1970,50,0.084
136,1971,50,0.088
136,1972,50,0.091
136,1973,50,0.094
136,1974,50,0.099
136,1975,50,0.111
136,1976,50,0.126
136,1977,50,0.132
136,1978,50,0.142
136,1979,50,0.152
136,1980,50,0.156
136,1981,50,0.157
136,1982,50,0.163
136,1983,50,0.174
136,1984,50,0.184
136,1985,50,0.194
136,1986,50,0.202
136,1987,50,0.21
136,1988,50,0.219
136,1989,50,0.233
136,1990,50,0.239
136,1991,50,0.234
136,1992,50,0.245
136,1993,50,0.267
136,1994,50,0.296
136,1995,50,0.328
136,1996,50,0.352
136,1997,50,0.382
136,1998,50,0.416
136,1999,50,0.462
136,2000,50,0.507
136,2001,50,0.528
136,2002,50,0.546
136,2003,50,0.569
136,2004,50,0.603
136,2005,50,0.621
136,2006,50,0.645
136,2007,50,0.682
136,2008,50,0.716
136,2009,50,0.764
136,2010,50,0.828
136,2011,50,0.887
136,2012,50,0.932
136,2013,50,0.972
136,2014,50,1.0
136,2015,50,1.026
136,2016,50,1.059
136,2017,50,1.104
136,2018,50,1.146
136,2019,50,1.176
136,2020,50,1.208
136,2021,50,1.235
136,2022,50,1.255
136,2023,50,1.271
192,1950,50,49.744
192,1951,50,53.225
192,1952,50,56.973
192,1953,50,59.916
192,1954,50,61.477
192,1955,50,62.476
192,1956,50,63.485
192,1957,50,64.303
192,1958,50,65.268
192,1959,50,66.675
192,1960,50,68.104
192,1961,50,69.386
192,1962,50,70.624
192,1963,50,71.414
192,1964,50,71.59
192,1965,50,71.563
192,1966,50,71.567
192,1967,50,71.544
192,1968,50,71.688
192,1969,50,72.19
192,1970,50,72.944
192,1971,50,73.692
192,1972,50,74.48
192,1973,50,75.285
192,1974,50,76.402
192,1975,50,77.761
192,1976,50,79.077
192,1977,50,80.191
192,1978,50,81.104
192,1979,50,81.874
192,1980,50,82.581
192,1981,50,83.314
192,1982,50,84.355
192,1983,50,85.172
192,1984,50,86.799
192,1985,50,89.082
192,1986,50,91.897
192,1987,50,95.587
192,1988,50,99.697
192,1989,50,103.598
192,1990,50,107.037
192,1991,50,110.236
192,1992,50,112.888
192,1993,50,114.973
192,1994,50,117.002
192,1995,50,118.948
192,1996,50,120.991
192,1997,50,123.463
192,1998,50,125.943
192,1999,50,128.036
192,2000,50,129.583
192,2001,50,130.336
192,2002,50,131.015
192,2003,50,131.965
192,2004,50,131.694
192,2005,50,130.074
192,2006,50,129.477
192,2007,50,129.903
192,2008,50,132.116
192,2009,50,139.613
192,2010,50,152.235
192,2011,50,165.137
192,2012,50,182.303
192,2013,50,199.845
192,2014,50,207.26
192,2015,50,208.174
192,2016,50,206.37
192,2017,50,203.14
192,2018,50,198.836
192,2019,50,195.412
192,2020,50,195.128
192,2021,50,198.141
192,2022,50,200.005
192,2023,50,191.453
531,1950,50,0.773
531,1951,50,0.799
531,1952,50,0.837
531,1953,50,0.887
531,1954,50,0.948
531,1955,50,1.018
531,1956,50,1.082
531,1957,50,1.126
531,1958,50,1.147
531,1959,50,1.147
531,1960,50,1.128
531,1961,50,1.08
531,1962,50,1.07
531,1963,50,1.071
531,1964,50,1.08
531,1965,50,1.096
531,1966,50,1.112
531,1967,50,1.12
531,1968,50,1.127
531,1969,50,1.131
531,1970,50,1.133
531,1971,50,1.134
531,1972,50,1.136
531,1973,50,1.13
531,1974,50,1.138
531,1975,50,1.15
531,1976,50,1.167
531,1977,50,1.19
531,1978,50,1.216
531,1979,50,1.241
531,1980,50,1.269
531,1981,50,1.303
531,1982,50,1.338
531,1983,50,1.371
531,1984,50,1.406
531,1985,50,1.426
531,1986,50,1.43
531,1987,50,1.426
531,1988,50,1.421
531,1989,50,1.431
531,1990,50,1.461
531,1991,50,1.511
531,1992,50,1.585
531,1993,50,1.669
531,1994,50,1.738
531,1995,50,1.79
531,1996,50,1.82
531,1997,50,1.832
531,1998,50,1.827
531,1999,50,1.829
531,2000,50,1.842
531,2001,50,1.868
531,2002,50,1.925
531,2003,50,2.027
531,2004,50,2.128
531,2005,50,2.227
531,2006,50,2.315
531,2007,50,2.402
531,2008,50,2.477
531,2009,50,2.538
531,2010,50,2.592
531,2011,50,2.646
531,2012,50,2.73
531,2013,50,2.751
531,2014,50,2.742
531,2015,50,2.701
531,2016,50,2.624
531,2017,50,2.533
531,2018,50,2.458
531,2019,50,2.57
531,2020,50,2.479
531,2021,50,2.464
531,2022,50,2.45
531,2023,50,2.432
212,1950,50,0.298
212,1951,50,0.318
212,1952,50,0.337
212,1953,50,0.352
212,1954,50,0.362
212,1955,50,0.378
212,1956,50,0.4
212,1957,50,0.422
212,1958,50,0.448
212,1959,50,0.471
212,1960,50,0.484
212,1961,50,0.478
212,1962,50,0.469
212,1963,50,0.464
212,1964,50,0.471
212,1965,50,0.481
212,1966,50,0.49
212,1967,50,0.495
212,1968,50,0.498
212,1969,50,0.499
212,1970,50,0.489
212,1971,50,0.471
212,1972,50,0.458
212,1973,50,0.445
212,1974,50,0.439
212,1975,50,0.444
212,1976,50,0.455
212,1977,50,0.461
212,1978,50,0.471
212,1979,50,0.482
212,1980,50,0.481
212,1981,50,0.47
212,1982,50,0.455
212,1983,50,0.447
212,1984,50,0.453
212,1985,50,0.462
212,1986,50,0.46
212,1987,50,0.444
212,1988,50,0.433
212,1989,50,0.429
212,1990,50,0.419
212,1991,50,0.426
212,1992,50,0.461
212,1993,50,0.479
212,1994,50,0.473
212,1995,50,0.483
212,1996,50,0.508
212,1997,50,0.523
212,1998,50,0.528
212,1999,50,0.54
212,2000,50,0.564
212,2001,50,0.585
212,2002,50,0.613
212,2003,50,0.639
212,2004,50,0.66
212,2005,50,0.688
212,2006,50,0.719
212,2007,50,0.756
212,2008,50,0.792
212,2009,50,0.826
212,2010,50,0.842
212,2011,50,0.849
212,2012,50,0.859
212,2013,50,0.878
212,2014,50,0.916
212,2015,50,0.943
212,2016,50,0.974
212,2017,50,0.984
212,2018,50,0.98
212,2019,50,0.986
212,2020,50,0.993
212,2021,50,0.978
212,2022,50,0.946
212,2023,50,0.896
214,1950,50,13.864
214,1951,50,14.218
214,1952,50,14.565
214,1953,50,14.921
214,1954,50,15.289
214,1955,50,15.667
214,1956,50,16.065
214,1957,50,16.483
214,1958,50,16.909
214,1959,50,17.338
214,1960,50,17.777
214,1961,50,18.231
214,1962,50,18.699
214,1963,50,19.187
214,1964,50,19.701
214,1965,50,20.226
214,1966,50,20.772
214,1967,50,21.359
214,1968,50,21.974
214,1969,50,22.625
214,1970,50,23.311
214,1971,50,24.018
214,1972,50,24.746
214,1973,50,25.511
214,1974,50,26.322
214,1975,50,27.183
214,1976,50,28.029
214,1977,50,28.861
214,1978,50,29.785
214,1979,50,30.853
214,1980,50,31.989
214,1981,50,33.13
214,1982,50,34.272
214,1983,50,35.327
214,1984,50,36.358
214,1985,50,37.224
214,1986,50,38.395
214,1987,50,39.824
214,1988,50,40.734
214,1989,50,40.719
214,1990,50,40.513
214,1991,50,40.836
214,1992,50,41.474
214,1993,50,42.447
214,1994,50,43.877
214,1995,50,46.256
214,1996,50,49.305
214,1997,50,52.629
214,1998,50,56.048
214,1999,50,58.381
214,2000,50,61.441
214,2001,50,65.592
214,2002,50,69.349
214,2003,50,73.233
214,2004,50,77.055
214,2005,50,80.792
214,2006,50,84.391
214,2007,50,87.797
214,2008,50,91.003
214,2009,50,94.013
214,2010,50,96.799
214,2011,50,99.339
214,2012,50,101.615
214,2013,50,103.629
214,2014,50,105.413
214,2015,50,106.947
214,2016,50,108.75
214,2017,50,110.252
214,2018,50,110.914
214,2019,50,111.956
214,2020,50,113.785
214,2021,50,116.109
214,2022,50,118.744
214,2023,50,121.547
308,1950,50,0.601
308,1951,50,0.577
308,1952,50,0.555
308,1953,50,0.536
308,1954,50,0.522
308,1955,50,0.513
308,1956,50,0.503
308,1957,50,0.493
308,1958,50,0.489
308,1959,50,0.489
308,1960,50,0.492
308,1961,50,0.492
308,1962,50,0.493
308,1963,50,0.492
308,1964,50,0.486
308,1965,50,0.48
308,1966,50,0.474
308,1967,50,0.47
308,1968,50,0.469
308,1969,50,0.468
308,1970,50,0.47
308,1971,50,0.471
308,1972,50,0.493
308,1973,50,0.517
308,1974,50,0.545
308,1975,50,0.573
308,1976,50,0.6
308,1977,50,0.623
308,1978,50,0.639
308,1979,50,0.644
308,1980,50,0.642
308,1981,50,0.635
308,1982,50,0.632
308,1983,50,0.631
308,1984,50,0.634
308,1985,50,0.64
308,1986,50,0.644
308,1987,50,0.649
308,1988,50,0.653
308,1989,50,0.654
308,1990,50,0.652
308,1991,50,0.641
308,1992,50,0.628
308,1993,50,0.618
308,1994,50,0.62
308,1995,50,0.635
308,1996,50,0.666
308,1997,50,0.706
308,1998,50,0.748
308,1999,50,0.788
308,2000,50,0.824
308,2001,50,0.863
308,2002,50,0.903
308,2003,50,0.962
308,2004,50,1.03
308,2005,50,1.095
308,2006,50,1.171
308,2007,50,1.25
308,2008,50,1.314
308,2009,50,1.367
308,2010,50,1.412
308,2011,50,1.443
308,2012,50,1.451
308,2013,50,1.447
308,2014,50,1.425
308,2015,50,1.389
308,2016,50,1.34
308,2017,50,1.29
308,2018,50,1.251
308,2019,50,1.227
308,2020,50,1.218
308,2021,50,1.221
308,2022,50,1.234
308,2023,50,1.238
312,1950,50,1.599
312,1951,50,1.609
312,1952,50,1.647
312,1953,50,1.693
312,1954,50,1.745
312,1955,50,1.8
312,1956,50,1.879
312,1957,50,1.952
312,1958,50,2.016
312,1959,50,2.09
312,1960,50,2.171
312,1961,50,2.247
312,1962,50,2.299
312,1963,50,2.341
312,1964,50,2.344
312,1965,50,2.324
312,1966,50,2.306
312,1967,50,2.302
312,1968,50,2.358
312,1969,50,2.469
312,1970,50,2.552
312,1971,50,2.597
312,1972,50,2.627
312,1973,50,2.653
312,1974,50,2.7
312,1975,50,2.752
312,1976,50,2.785
312,1977,50,2.783
312,1978,50,2.748
312,1979,50,2.736
312,1980,50,2.727
312,1981,50,2.721
312,1982,50,2.75
312,1983,50,2.801
312,1984,50,2.897
312,1985,50,2.992
312,1986,50,3.054
312,1987,50,3.098
312,1988,50,3.14
312,1989,50,3.151
312,1990,50,3.166
312,1991,50,3.238
312,1992,50,3.374
312,1993,50,3.623
312,1994,50,3.952
312,1995,50,4.252
312,1996,50,4.452
312,1997,50,4.599
312,1998,50,4.792
312,1999,50,5.031
312,2000,50,5.262
312,2001,50,5.242
312,2002,50,5.304
312,2003,50,5.326
312,2004,50,5.278
312,2005,50,5.297
312,2006,50,5.246
312,2007,50,5.321
312,2008,50,5.46
312,2009,50,5.613
312,2010,50,5.877
312,2011,50,6.11
312,2012,50,6.34
312,2013,50,6.453
312,2014,50,6.519
312,2015,50,6.472
312,2016,50,6.433
312,2017,50,6.373
312,2018,50,6.485
312,2019,50,6.29
312,2020,50,6.122
312,2021,50,6.191
312,2022,50,5.947
312,2023,50,5.503
332,1950,50,24.814
332,1951,50,25.732
332,1952,50,26.673
332,1953,50,27.488
332,1954,50,28.1
332,1955,50,28.613
332,1956,50,29.109
332,1957,50,29.554
332,1958,50,30.008
332,1959,50,30.507
332,1960,50,30.998
332,1961,50,31.458
332,1962,50,31.899
332,1963,50,32.259
332,1964,50,32.523
332,1965,50,32.751
332,1966,50,32.965
332,1967,50,33.16
332,1968,50,33.343
332,1969,50,33.509
332,1970,50,33.653
332,1971,50,33.817
332,1972,50,34.002
332,1973,50,34.145
332,1974,50,34.23
332,1975,50,34.341
332,1976,50,34.458
332,1977,50,34.572
332,1978,50,34.867
332,1979,50,35.482
332,1980,50,36.32
332,1981,50,37.188
332,1982,50,38.092
332,1983,50,39.14
332,1984,50,40.366
332,1985,50,41.639
332,1986,50,43.067
332,1987,50,44.649
332,1988,50,45.962
332,1989,50,46.749
332,1990,50,47.236
332,1991,50,47.805
332,1992,50,48.568
332,1993,50,49.494
332,1994,50,50.437
332,1995,50,51.25
332,1996,50,51.715
332,1997,50,52.397
332,1998,50,53.846
332,1999,50,54.734
332,2000,50,55.977
332,2001,50,57.997
332,2002,50,59.647
332,2003,50,61.331
332,2004,50,62.949
332,2005,50,64.69
332,2006,50,66.506
332,2007,50,68.017
332,2008,50,69.527
332,2009,50,71.286
332,2010,50,72.571
332,2011,50,73.902
332,2012,50,75.811
332,2013,50,77.869
332,2014,50,80.161
332,2015,50,82.295
332,2016,50,84.211
332,2017,50,86.196
332,2018,50,88.296
332,2019,50,90.473
332,2020,50,92.718
332,2021,50,95.256
332,2022,50,98.204
332,2023,50,101.335
388,1950,50,11.709
388,1951,50,12.845
388,1952,50,13.974
388,1953,50,14.632
388,1954,50,14.617
388,1955,50,14.331
388,1956,50,14.0
388,1957,50,13.568
388,1958,50,13.498
388,1959,50,14.082
388,1960,50,14.887
388,1961,50,15.643
388,1962,50,16.372
388,1963,50,16.725
388,1964,50,16.529
388,1965,50,16.07
388,1966,50,15.59
388,1967,50,15.122
388,1968,50,14.753
388,1969,50,14.488
388,1970,50,14.245
388,1971,50,14.027
388,1972,50,13.875
388,1973,50,13.659
388,1974,50,13.41
388,1975,50,13.212
388,1976,50,12.95
388,1977,50,12.601
388,1978,50,12.483
388,1979,50,12.778
388,1980,50,13.183
388,1981,50,13.682
388,1982,50,14.274
388,1983,50,14.532
388,1984,50,14.236
388,1985,50,13.809
388,1986,50,13.531
388,1987,50,13.342
388,1988,50,13.499
388,1989,50,14.14
388,1990,50,15.006
388,1991,50,15.829
388,1992,50,16.609
388,1993,50,17.295
388,1994,50,17.84
388,1995,50,18.196
388,1996,50,18.334
388,1997,50,18.237
388,1998,50,17.908
388,1999,50,16.937
388,2000,50,17.318
388,2001,50,18.956
388,2002,50,19.627
388,2003,50,20.339
388,2004,50,21.46
388,2005,50,22.782
388,2006,50,24.374
388,2007,50,26.096
388,2008,50,27.833
388,2009,50,28.945
388,2010,50,30.069
388,2011,50,31.131
388,2012,50,31.488
388,2013,50,32.14
388,2014,50,33.011
388,2015,50,33.209
388,2016,50,33.056
388,2017,50,33.181
388,2018,50,33.144
388,2019,50,32.982
388,2020,50,33.167
388,2021,50,33.66
388,2022,50,34.209
388,2023,50,35.377
474,1950,50,1.792
474,1951,50,1.796
474,1952,50,1.81
474,1953,50,1.855
474,1954,50,1.947
474,1955,50,2.049
474,1956,50,2.114
474,1957,50,2.144
474,1958,50,2.192
474,1959,50,2.285
474,1960,50,2.393
474,1961,50,2.47
474,1962,50,2.509
474,1963,50,2.539
474,1964,50,2.565
474,1965,50,2.496
474,1966,50,2.389
474,1967,50,2.36
474,1968,50,2.4
474,1969,50,2.507
474,1970,50,2.642
474,1971,50,2.691
474,1972,50,2.661
474,1973,50,2.687
474,1974,50,2.784
474,1975,50,2.823
474,1976,50,2.804
474,1977,50,2.812
474,1978,50,2.863
474,1979,50,2.91
474,1980,50,2.906
474,1981,50,2.858
474,1982,50,2.874
474,1983,50,3.0
474,1984,50,3.188
474,1985,50,3.342
474,1986,50,3.408
474,1987,50,3.392
474,1988,50,3.347
474,1989,50,3.321
474,1990,50,3.316
474,1991,50,3.398
474,1992,50,3.347
474,1993,50,3.448
474,1994,50,3.746
474,1995,50,4.201
474,1996,50,4.714
474,1997,50,4.963
474,1998,50,5.117
474,1999,50,5.33
474,2000,50,5.273
474,2001,50,5.239
474,2002,50,5.283
474,2003,50,5.496
474,2004,50,5.665
474,2005,50,5.724
474,2006,50,5.6
474,2007,50,5.674
474,2008,50,5.795
474,2009,50,5.957
474,2010,50,6.136
474,2011,50,6.252
474,2012,50,6.421
474,2013,50,6.516
474,2014,50,6.598
474,2015,50,6.596
474,2016,50,6.539
474,2017,50,6.348
474,2018,50,6.268
474,2019,50,5.666
474,2020,50,5.514
474,2021,50,5.553
474,2022,50,5.386
474,2023,50,4.935
500,1950,50,0.079
500,1951,50,0.085
500,1952,50,0.092
500,1953,50,0.096
500,1954,50,0.098
500,1955,50,0.098
500,1956,50,0.098
500,1957,50,0.101
500,1958,50,0.103
500,1959,50,0.106
500,1960,50,0.11
500,1961,50,0.109
500,1962,50,0.101
500,1963,50,0.097
500,1964,50,0.095
500,1965,50,0.099
500,1966,50,0.1
500,1967,50,0.094
500,1968,50,0.092
500,1969,50,0.093
500,1970,50,0.094
500,1971,50,0.091
500,1972,50,0.092
500,1973,50,0.093
500,1974,50,0.092
500,1975,50,0.088
500,1976,50,0.083
500,1977,50,0.081
500,1978,50,0.077
500,1979,50,0.074
500,1980,50,0.072
500,1981,50,0.07
500,1982,50,0.068
500,1983,50,0.065
500,1984,50,0.07
500,1985,50,0.07
500,1986,50,0.069
500,1987,50,0.069
500,1988,50,0.068
500,1989,50,0.073
500,1990,50,0.074
500,1991,50,0.079
500,1992,50,0.085
500,1993,50,0.085
500,1994,50,0.08
500,1995,50,0.08
500,1996,50,0.084
500,1997,50,0.086
500,1998,50,0.078
500,1999,50,0.066
500,2000,50,0.067
500,2001,50,0.068
500,2002,50,0.065
500,2003,50,0.067
500,2004,50,0.069
500,2005,50,0.069
500,2006,50,0.066
500,2007,50,0.067
500,2008,50,0.064
500,2009,50,0.059
500,2010,50,0.064
500,2011,50,0.069
500,2012,50,0.071
500,2013,50,0.074
500,2014,50,0.07
500,2015,50,0.07
500,2016,50,0.077
500,2017,50,0.08
500,2018,50,0.076
500,2019,50,0.066
500,2020,50,0.06
500,2021,50,0.059
500,2022,50,0.067
500,2023,50,0.061
630,1950,50,14.233
630,1951,50,14.441
630,1952,50,14.616
630,1953,50,14.744
630,1954,50,14.824
630,1955,50,14.998
630,1956,50,15.355
630,1957,50,16.01
630,1958,50,16.903
630,1959,50,17.67
630,1960,50,18.264
630,1961,50,19.098
630,1962,50,20.03
630,1963,50,20.531
630,1964,50,20.426
630,1965,50,20.24
630,1966,50,20.224
630,1967,50,20.393
630,1968,50,20.592
630,1969,50,20.755
630,1970,50,21.027
630,1971,50,21.789
630,1972,50,22.59
630,1973,50,23.382
630,1974,50,24.219
630,1975,50,24.975
630,1976,50,25.291
630,1977,50,25.402
630,1978,50,25.392
630,1979,50,25.737
630,1980,50,26.908
630,1981,50,27.554
630,1982,50,28.214
630,1983,50,28.691
630,1984,50,29.151
630,1985,50,30.649
630,1986,50,31.438
630,1987,50,31.732
630,1988,50,32.545
630,1989,50,33.704
630,1990,50,34.717
630,1991,50,35.958
630,1992,50,37.435
630,1993,50,38.697
630,1994,50,39.958
630,1995,50,41.752
630,1996,50,43.817
630,1997,50,45.43
630,1998,50,45.948
630,1999,50,46.547
630,2000,50,47.284
630,2001,50,45.136
630,2002,50,44.815
630,2003,50,46.236
630,2004,50,47.072
630,2005,50,47.562
630,2006,50,48.208
630,2007,50,48.676
630,2008,50,48.615
630,2009,50,48.609
630,2010,50,48.642
630,2011,50,48.826
630,2012,50,48.944
630,2013,50,49.091
630,2014,50,49.24
630,2015,50,48.981
630,2016,50,48.083
630,2017,50,46.901
630,2018,50,45.316
630,2019,50,45.287
630,2020,50,45.255
630,2021,50,44.55
630,2022,50,43.469
630,2023,50,42.686
652,1950,50,0.02
652,1951,50,0.022
652,1952,50,0.024
652,1953,50,0.028
652,1954,50,0.029
652,1955,50,0.027
652,1956,50,0.025
652,1957,50,0.023
652,1958,50,0.02
652,1959,50,0.02
652,1960,50,0.021
652,1961,50,0.02
652,1962,50,0.021
652,1963,50,0.023
652,1964,50,0.021
652,1965,50,0.017
652,1966,50,0.014
652,1967,50,0.012
652,1968,50,0.012
652,1969,50,0.014
652,1970,50,0.012
652,1971,50,0.018
652,1972,50,0.028
652,1973,50,0.028
652,1974,50,0.03
652,1975,50,0.03
652,1976,50,0.031
652,1977,50,0.03
652,1978,50,0.03
652,1979,50,0.032
652,1980,50,0.032
652,1981,50,0.033
652,1982,50,0.039
652,1983,50,0.046
652,1984,50,0.052
652,1985,50,0.052
652,1986,50,0.047
652,1987,50,0.049
652,1988,50,0.049
652,1989,50,0.051
652,1990,50,0.053
652,1991,50,0.054
652,1992,50,0.055
652,1993,50,0.05
652,1994,50,0.054
652,1995,50,0.061
652,1996,50,0.066
652,1997,50,0.076
652,1998,50,0.079
652,1999,50,0.077
652,2000,50,0.08
652,2001,50,0.09
652,2002,50,0.097
652,2003,50,0.099
652,2004,50,0.111
652,2005,50,0.119
652,2006,50,0.121
652,2007,50,0.124
652,2008,50,0.132
652,2009,50,0.151
652,2010,50,0.16
652,2011,50,0.165
652,2012,50,0.166
652,2013,50,0.163
652,2014,50,0.155
652,2015,50,0.151
652,2016,50,0.163
652,2017,50,0.176
652,2018,50,0.188
652,2019,50,0.188
652,2020,50,0.165
652,2021,50,0.146
652,2022,50,0.151
652,2023,50,0.147
659,1950,50,0.409
659,1951,50,0.401
659,1952,50,0.392
659,1953,50,0.396
659,1954,50,0.426
659,1955,50,0.462
659,1956,50,0.492
659,1957,50,0.512
659,1958,50,0.521
659,1959,50,0.518
659,1960,50,0.51
659,1961,50,0.504
659,1962,50,0.496
659,1963,50,0.487
659,1964,50,0.473
659,1965,50,0.453
659,1966,50,0.432
659,1967,50,0.413
659,1968,50,0.394
659,1969,50,0.371
659,1970,50,0.349
659,1971,50,0.335
659,1972,50,0.324
659,1973,50,0.321
659,1974,50,0.313
659,1975,50,0.304
659,1976,50,0.297
659,1977,50,0.289
659,1978,50,0.281
659,1979,50,0.273
659,1980,50,0.263
659,1981,50,0.253
659,1982,50,0.248
659,1983,50,0.239
659,1984,50,0.231
659,1985,50,0.224
659,1986,50,0.217
659,1987,50,0.214
659,1988,50,0.213
659,1989,50,0.214
659,1990,50,0.213
659,1991,50,0.218
659,1992,50,0.218
659,1993,50,0.224
659,1994,50,0.239
659,1995,50,0.24
659,1996,50,0.246
659,1997,50,0.263
659,1998,50,0.284
659,1999,50,0.309
659,2000,50,0.349
659,2001,50,0.395
659,2002,50,0.437
659,2003,50,0.478
659,2004,50,0.513
659,2005,50,0.547
659,2006,50,0.579
659,2007,50,0.613
659,2008,50,0.648
659,2009,50,0.669
659,2010,50,0.663
659,2011,50,0.634
659,2012,50,0.625
659,2013,50,0.637
659,2014,50,0.651
659,2015,50,0.67
659,2016,50,0.665
659,2017,50,0.625
659,2018,50,0.595
659,2019,50,0.592
659,2020,50,0.614
659,2021,50,0.631
659,2022,50,0.629
659,2023,50,0.621
662,1950,50,0.617
662,1951,50,0.634
662,1952,50,0.652
662,1953,50,0.654
662,1954,50,0.64
662,1955,50,0.628
662,1956,50,0.62
662,1957,50,0.616
662,1958,50,0.627
662,1959,50,0.642
662,1960,50,0.648
662,1961,50,0.654
662,1962,50,0.661
662,1963,50,0.663
662,1964,50,0.661
662,1965,50,0.656
662,1966,50,0.65
662,1967,50,0.653
662,1968,50,0.662
662,1969,50,0.684
662,1970,50,0.714
662,1971,50,0.723
662,1972,50,0.727
662,1973,50,0.726
662,1974,50,0.715
662,1975,50,0.694
662,1976,50,0.672
662,1977,50,0.652
662,1978,50,0.656
662,1979,50,0.668
662,1980,50,0.687
662,1981,50,0.679
662,1982,50,0.668
662,1983,50,0.659
662,1984,50,0.652
662,1985,50,0.646
662,1986,50,0.636
662,1987,50,0.623
662,1988,50,0.62
662,1989,50,0.678
662,1990,50,0.738
662,1991,50,0.806
662,1992,50,0.836
662,1993,50,0.875
662,1994,50,0.909
662,1995,50,0.937
662,1996,50,0.965
662,1997,50,0.998
662,1998,50,1.029
662,1999,50,1.097
662,2000,50,1.158
662,2001,50,1.233
662,2002,50,1.261
662,2003,50,1.283
662,2004,50,1.345
662,2005,50,1.43
662,2006,50,1.491
662,2007,50,1.546
662,2008,50,1.714
662,2009,50,1.872
662,2010,50,1.984
662,2011,50,2.076
662,2012,50,2.166
662,2013,50,2.239
662,2014,50,2.305
662,2015,50,2.373
662,2016,50,2.417
662,2017,50,2.434
662,2018,50,2.436
662,2019,50,2.437
662,2020,50,2.433
662,2021,50,2.426
662,2022,50,2.429
662,2023,50,2.429
663,1950,50,0.021
663,1951,50,0.023
663,1952,50,0.025
663,1953,50,0.025
663,1954,50,0.025
663,1955,50,0.026
663,1956,50,0.028
663,1957,50,0.028
663,1958,50,0.03
663,1959,50,0.032
663,1960,50,0.033
663,1961,50,0.035
663,1962,50,0.038
663,1963,50,0.039
663,1964,50,0.038
663,1965,50,0.037
663,1966,50,0.038
663,1967,50,0.037
663,1968,50,0.036
663,1969,50,0.037
663,1970,50,0.038
663,1971,50,0.039
663,1972,50,0.041
663,1973,50,0.042
663,1974,50,0.042
663,1975,50,0.044
663,1976,50,0.046
663,1977,50,0.048
663,1978,50,0.051
663,1979,50,0.052
663,1980,50,0.054
663,1981,50,0.056
663,1982,50,0.06
663,1983,50,0.071
663,1984,50,0.081
663,1985,50,0.091
663,1986,50,0.101
663,1987,50,0.108
663,1988,50,0.122
663,1989,50,0.145
663,1990,50,0.163
663,1991,50,0.177
663,1992,50,0.193
663,1993,50,0.211
663,1994,50,0.237
663,1995,50,0.256
663,1996,50,0.268
663,1997,50,0.282
663,1998,50,0.295
663,1999,50,0.302
663,2000,50,0.316
663,2001,50,0.332
663,2002,50,0.354
663,2003,50,0.375
663,2004,50,0.392
663,2005,50,0.408
663,2006,50,0.425
663,2007,50,0.446
663,2008,50,0.466
663,2009,50,0.494
663,2010,50,0.534
663,2011,50,0.559
663,2012,50,0.568
663,2013,50,0.574
663,2014,50,0.553
663,2015,50,0.577
663,2016,50,0.624
663,2017,50,0.633
663,2018,50,0.627
663,2019,50,0.544
663,2020,50,0.438
663,2021,50,0.425
663,2022,50,0.415
663,2023,50,0.376
670,1950,50,0.444
670,1951,50,0.454
670,1952,50,0.465
670,1953,50,0.475
670,1954,50,0.487
670,1955,50,0.499
670,1956,50,0.511
670,1957,50,0.523
670,1958,50,0.536
670,1959,50,0.548
670,1960,50,0.56
670,1961,50,0.571
670,1962,50,0.582
670,1963,50,0.592
670,1964,50,0.601
670,1965,50,0.608
670,1966,50,0.612
670,1967,50,0.611
670,1968,50,0.612
670,1969,50,0.613
670,1970,50,0.611
670,1971,50,0.613
670,1972,50,0.608
670,1973,50,0.601
670,1974,50,0.606
670,1975,50,0.597
670,1976,50,0.588
670,1977,50,0.596
670,1978,50,0.6
670,1979,50,0.595
670,1980,50,0.589
670,1981,50,0.587
670,1982,50,0.587
670,1983,50,0.592
670,1984,50,0.595
670,1985,50,0.597
670,1986,50,0.601
670,1987,50,0.605
670,1988,50,0.609
670,1989,50,0.613
670,1990,50,0.616
670,1991,50,0.617
670,1992,50,0.624
670,1993,50,0.637
670,1994,50,0.657
670,1995,50,0.684
670,1996,50,0.717
670,1997,50,0.748
670,1998,50,0.777
670,1999,50,0.804
670,2000,50,0.833
670,2001,50,0.853
670,2002,50,0.875
670,2003,50,0.922
670,2004,50,0.982
670,2005,50,1.055
670,2006,50,1.139
670,2007,50,1.21
670,2008,50,1.253
670,2009,50,1.282
670,2010,50,1.325
670,2011,50,1.364
670,2012,50,1.396
670,2013,50,1.425
670,2014,50,1.433
670,2015,50,1.439
670,2016,50,1.433
670,2017,50,1.394
670,2018,50,1.329
670,2019,50,1.282
670,2020,50,1.284
670,2021,50,1.312
670,2022,50,1.323
670,2023,50,1.305
534,1950,50,0.017
534,1951,50,0.015
534,1952,50,0.013
534,1953,50,0.013
534,1954,50,0.015
534,1955,50,0.015
534,1956,50,0.015
534,1957,50,0.017
534,1958,50,0.019
534,1959,50,0.019
534,1960,50,0.019
534,1961,50,0.02
534,1962,50,0.023
534,1963,50,0.025
534,1964,50,0.028
534,1965,50,0.03
534,1966,50,0.032
534,1967,50,0.036
534,1968,50,0.039
534,1969,50,0.043
534,1970,50,0.045
534,1971,50,0.045
534,1972,50,0.046
534,1973,50,0.047
534,1974,50,0.049
534,1975,50,0.051
534,1976,50,0.051
534,1977,50,0.054
534,1978,50,0.059
534,1979,50,0.063
534,1980,50,0.068
534,1981,50,0.068
534,1982,50,0.069
534,1983,50,0.071
534,1984,50,0.078
534,1985,50,0.09
534,1986,50,0.102
534,1987,50,0.117
534,1988,50,0.141
534,1989,50,0.157
534,1990,50,0.171
534,1991,50,0.202
534,1992,50,0.229
534,1993,50,0.252
534,1994,50,0.275
534,1995,50,0.3
534,1996,50,0.324
534,1997,50,0.347
534,1998,50,0.361
534,1999,50,0.368
534,2000,50,0.391
534,2001,50,0.425
534,2002,50,0.425
534,2003,50,0.434
534,2004,50,0.485
534,2005,50,0.508
534,2006,50,0.504
534,2007,50,0.514
534,2008,50,0.544
534,2009,50,0.564
534,2010,50,0.559
534,2011,50,0.558
534,2012,50,0.594
534,2013,50,0.637
534,2014,50,0.671
534,2015,50,0.695
534,2016,50,0.704
534,2017,50,0.717
534,2018,50,0.737
534,2019,50,0.733
534,2020,50,0.725
534,2021,50,0.723
534,2022,50,0.721
534,2023,50,0.719
780,1950,50,5.025
780,1951,50,5.236
780,1952,50,5.459
780,1953,50,5.666
780,1954,50,5.834
780,1955,50,5.993
780,1956,50,6.155
780,1957,50,6.308
780,1958,50,6.479
780,1959,50,6.684
780,1960,50,6.882
780,1961,50,7.053
780,1962,50,7.185
780,1963,50,7.287
780,1964,50,7.352
780,1965,50,7.401
780,1966,50,7.453
780,1967,50,7.516
780,1968,50,7.587
780,1969,50,7.653
780,1970,50,7.701
780,1971,50,7.706
780,1972,50,7.693
780,1973,50,7.683
780,1974,50,7.709
780,1975,50,7.786
780,1976,50,7.84
780,1977,50,7.841
780,1978,50,7.83
780,1979,50,7.829
780,1980,50,7.839
780,1981,50,7.87
780,1982,50,7.906
780,1983,50,7.949
780,1984,50,7.967
780,1985,50,7.924
780,1986,50,7.941
780,1987,50,8.041
780,1988,50,8.215
780,1989,50,8.437
780,1990,50,8.713
780,1991,50,9.08
780,1992,50,9.518
780,1993,50,10.039
780,1994,50,10.643
780,1995,50,11.259
780,1996,50,11.901
780,1997,50,12.599
780,1998,50,13.312
780,1999,50,14.056
780,2000,50,14.805
780,2001,50,15.434
780,2002,50,15.961
780,2003,50,16.714
780,2004,50,17.862
780,2005,50,18.471
780,2006,50,18.212
780,2007,50,18.049
780,2008,50,18.459
780,2009,50,19.261
780,2010,50,20.065
780,2011,50,20.77
780,2012,50,21.311
780,2013,50,21.318
780,2014,50,20.742
780,2015,50,19.929
780,2016,50,19.1
780,2017,50,18.477
780,2018,50,18.179
780,2019,50,18.21
780,2020,50,18.165
780,2021,50,18.569
780,2022,50,19.172
780,2023,50,19.789
796,1950,50,0.038
796,1951,50,0.039
796,1952,50,0.038
796,1953,50,0.037
796,1954,50,0.037
796,1955,50,0.038
796,1956,50,0.04
796,1957,50,0.044
796,1958,50,0.047
796,1959,50,0.047
796,1960,50,0.048
796,1961,50,0.05
796,1962,50,0.047
796,1963,50,0.044
796,1964,50,0.044
796,1965,50,0.046
796,1966,50,0.047
796,1967,50,0.049
796,1968,50,0.05
796,1969,50,0.049
796,1970,50,0.043
796,1971,50,0.042
796,1972,50,0.042
796,1973,50,0.043
796,1974,50,0.045
796,1975,50,0.049
796,1976,50,0.054
796,1977,50,0.054
796,1978,50,0.056
796,1979,50,0.06
796,1980,50,0.064
796,1981,50,0.066
796,1982,50,0.065
796,1983,50,0.063
796,1984,50,0.063
796,1985,50,0.065
796,1986,50,0.067
796,1987,50,0.072
796,1988,50,0.082
796,1989,50,0.094
796,1990,50,0.104
796,1991,50,0.111
796,1992,50,0.116
796,1993,50,0.119
796,1994,50,0.114
796,1995,50,0.12
796,1996,50,0.134
796,1997,50,0.141
796,1998,50,0.141
796,1999,50,0.144
796,2000,50,0.16
796,2001,50,0.184
796,2002,50,0.212
796,2003,50,0.233
796,2004,50,0.243
796,2005,50,0.255
796,2006,50,0.278
796,2007,50,0.306
796,2008,50,0.333
796,2009,50,0.369
796,2010,50,0.408
796,2011,50,0.442
796,2012,50,0.476
796,2013,50,0.492
796,2014,50,0.502
796,2015,50,0.52
796,2016,50,0.541
796,2017,50,0.587
796,2018,50,0.636
796,2019,50,0.668
796,2020,50,0.703
796,2021,50,0.732
796,2022,50,0.759
796,2023,50,0.775
850,1950,50,0.218
850,1951,50,0.215
850,1952,50,0.216
850,1953,50,0.215
850,1954,50,0.218
850,1955,50,0.222
850,1956,50,0.228
850,1957,50,0.233
850,1958,50,0.242
850,1959,50,0.257
850,1960,50,0.275
850,1961,50,0.266
850,1962,50,0.281
850,1963,50,0.296
850,1964,50,0.31
850,1965,50,0.327
850,1966,50,0.351
850,1967,50,0.382
850,1968,50,0.417
850,1969,50,0.452
850,1970,50,0.491
850,1971,50,0.52
850,1972,50,0.549
850,1973,50,0.575
850,1974,50,0.599
850,1975,50,0.619
850,1976,50,0.633
850,1977,50,0.65
850,1978,50,0.675
850,1979,50,0.72
850,1980,50,0.781
850,1981,50,0.778
850,1982,50,0.789
850,1983,50,0.833
850,1984,50,0.876
850,1985,50,0.927
850,1986,50,0.971
850,1987,50,1.018
850,1988,50,1.065
850,1989,50,1.142
850,1990,50,1.217
850,1991,50,1.282
850,1992,50,1.349
850,1993,50,1.411
850,1994,50,1.472
850,1995,50,1.535
850,1996,50,1.584
850,1997,50,1.606
850,1998,50,1.613
850,1999,50,1.6
850,2000,50,1.562
850,2001,50,1.531
850,2002,50,1.508
850,2003,50,1.49
850,2004,50,1.489
850,2005,50,1.51
850,2006,50,1.535
850,2007,50,1.568
850,2008,50,1.592
850,2009,50,1.596
850,2010,50,1.589
850,2011,50,1.582
850,2012,50,1.555
850,2013,50,1.532
850,2014,50,1.509
850,2015,50,1.48
850,2016,50,1.45
850,2017,50,1.416
850,2018,50,1.368
850,2019,50,1.312
850,2020,50,1.253
850,2021,50,1.204
850,2022,50,1.158
850,2023,50,1.115
84,1950,50,0.531
84,1951,50,0.534
84,1952,50,0.543
84,1953,50,0.555
84,1954,50,0.575
84,1955,50,0.599
84,1956,50,0.621
84,1957,50,0.638
84,1958,50,0.655
84,1959,50,0.672
84,1960,50,0.686
84,1961,50,0.698
84,1962,50,0.708
84,1963,50,0.709
84,1964,50,0.706
84,1965,50,0.704
84,1966,50,0.7
84,1967,50,0.706
84,1968,50,0.718
84,1969,50,0.724
84,1970,50,0.725
84,1971,50,0.726
84,1972,50,0.738
84,1973,50,0.75
84,1974,50,0.76
84,1975,50,0.775
84,1976,50,0.801
84,1977,50,0.834
84,1978,50,0.867
84,1979,50,0.889
84,1980,50,0.897
84,1981,50,0.906
84,1982,50,0.914
84,1983,50,0.901
84,1984,50,0.883
84,1985,50,0.887
84,1986,50,0.9
84,1987,50,0.907
84,1988,50,0.924
84,1989,50,0.95
84,1990,50,0.97
84,1991,50,0.977
84,1992,50,0.963
84,1993,50,0.923
84,1994,50,0.895
84,1995,50,0.916
84,1996,50,0.983
84,1997,50,1.093
84,1998,50,1.226
84,1999,50,1.341
84,2000,50,1.446
84,2001,50,1.541
84,2002,50,1.632
84,2003,50,1.724
84,2004,50,1.819
84,2005,50,1.929
84,2006,50,2.048
84,2007,50,2.169
84,2008,50,2.302
84,2009,50,2.454
84,2010,50,2.603
84,2011,50,2.737
84,2012,50,2.853
84,2013,50,2.948
84,2014,50,3.029
84,2015,50,3.102
84,2016,50,3.194
84,2017,50,3.302
84,2018,50,3.424
84,2019,50,3.578
84,2020,50,3.742
84,2021,50,3.887
84,2022,50,3.987
84,2023,50,4.102
188,1950,50,6.043
188,1951,50,6.19
188,1952,50,6.312
188,1953,50,6.449
188,1954,50,6.627
188,1955,50,6.863
188,1956,50,7.162
188,1957,50,7.494
188,1958,50,7.834
188,1959,50,8.182
188,1960,50,8.53
188,1961,50,8.852
188,1962,50,9.14
188,1963,50,9.377
188,1964,50,9.548
188,1965,50,9.658
188,1966,50,9.744
188,1967,50,9.875
188,1968,50,10.118
188,1969,50,10.477
188,1970,50,10.912
188,1971,50,11.395
188,1972,50,11.892
188,1973,50,12.471
188,1974,50,13.084
188,1975,50,13.626
188,1976,50,14.215
188,1977,50,14.873
188,1978,50,15.517
188,1979,50,16.042
188,1980,50,16.467
188,1981,50,16.931
188,1982,50,17.424
188,1983,50,17.923
188,1984,50,18.516
188,1985,50,19.154
188,1986,50,19.856
188,1987,50,20.684
188,1988,50,21.416
188,1989,50,21.956
188,1990,50,22.524
188,1991,50,23.289
188,1992,50,24.188
188,1993,50,25.188
188,1994,50,26.339
188,1995,50,27.696
188,1996,50,29.261
188,1997,50,30.818
188,1998,50,32.495
188,1999,50,34.167
188,2000,50,35.561
188,2001,50,37.111
188,2002,50,38.864
188,2003,50,40.634
188,2004,50,42.423
188,2005,50,44.26
188,2006,50,46.205
188,2007,50,48.368
188,2008,50,50.692
188,2009,50,52.941
188,2010,50,55.003
188,2011,50,56.794
188,2012,50,58.249
188,2013,50,59.336
188,2014,50,60.064
188,2015,50,60.482
188,2016,50,60.628
188,2017,50,60.565
188,2018,50,59.9
188,2019,50,59.623
188,2020,50,59.922
188,2021,50,59.927
188,2022,50,60.052
188,2023,50,60.408
222,1950,50,14.318
222,1951,50,14.549
222,1952,50,14.787
222,1953,50,15.036
222,1954,50,15.288
222,1955,50,15.548
222,1956,50,15.825
222,1957,50,16.131
222,1958,50,16.436
222,1959,50,16.713
222,1960,50,17.017
222,1961,50,17.355
222,1962,50,17.711
222,1963,50,18.071
222,1964,50,18.462
222,1965,50,18.854
222,1966,50,19.213
222,1967,50,19.596
222,1968,50,20.086
222,1969,50,20.591
222,1970,50,21.07
222,1971,50,21.813
222,1972,50,22.555
222,1973,50,23.116
222,1974,50,23.609
222,1975,50,24.15
222,1976,50,24.878
222,1977,50,25.688
222,1978,50,26.448
222,1979,50,27.164
222,1980,50,27.767
222,1981,50,28.164
222,1982,50,28.353
222,1983,50,28.857
222,1984,50,29.403
222,1985,50,29.958
222,1986,50,30.419
222,1987,50,30.763
222,1988,50,31.085
222,1989,50,31.54
222,1990,50,32.037
222,1991,50,32.613
222,1992,50,33.497
222,1993,50,34.782
222,1994,50,36.328
222,1995,50,37.504
222,1996,50,38.331
222,1997,50,39.215
222,1998,50,40.502
222,1999,50,41.983
222,2000,50,43.246
222,2001,50,44.224
222,2002,50,45.001
222,2003,50,45.497
222,2004,50,45.824
222,2005,50,46.377
222,2006,50,47.149
222,2007,50,47.775
222,2008,50,48.773
222,2009,50,49.556
222,2010,50,50.449
222,2011,50,51.693
222,2012,50,53.009
222,2013,50,54.157
222,2014,50,55.208
222,2015,50,56.679
222,2016,50,58.275
222,2017,50,59.524
222,2018,50,60.46
222,2019,50,61.01
222,2020,50,61.523
222,2021,50,62.45
222,2022,50,63.301
222,2023,50,63.821
320,1950,50,19.361
320,1951,50,19.876
320,1952,50,20.102
320,1953,50,20.263
320,1954,50,20.536
320,1955,50,21.037
320,1956,50,21.549
320,1957,50,21.981
320,1958,50,22.512
320,1959,50,23.307
320,1960,50,24.276
320,1961,50,25.018
320,1962,50,25.587
320,1963,50,26.171
320,1964,50,26.783
320,1965,50,27.455
320,1966,50,28.153
320,1967,50,28.889
320,1968,50,29.714
320,1969,50,30.632
320,1970,50,31.865
320,1971,50,33.571
320,1972,50,35.598
320,1973,50,37.632
320,1974,50,39.182
320,1975,50,40.268
320,1976,50,41.431
320,1977,50,43.01
320,1978,50,44.637
320,1979,50,45.364
320,1980,50,45.278
320,1981,50,45.415
320,1982,50,45.802
320,1983,50,45.652
320,1984,50,45.178
320,1985,50,44.827
320,1986,50,44.583
320,1987,50,44.606
320,1988,50,45.002
320,1989,50,45.985
320,1990,50,47.407
320,1991,50,49.07
320,1992,50,51.01
320,1993,50,53.019
320,1994,50,55.02
320,1995,50,57.115
320,1996,50,59.355
320,1997,50,61.796
320,1998,50,65.064
320,1999,50,68.201
320,2000,50,69.99
320,2001,50,72.115
320,2002,50,75.136
320,2003,50,78.214
320,2004,50,81.214
320,2005,50,84.137
320,2006,50,86.799
320,2007,50,89.298
320,2008,50,91.299
320,2009,50,92.893
320,2010,50,94.641
320,2011,50,96.635
320,2012,50,98.668
320,2013,50,100.865
320,2014,50,103.41
320,2015,50,106.096
320,2016,50,109.079
320,2017,50,112.144
320,2018,50,114.813
320,2019,50,117.527
320,2020,50,120.771
320,2021,50,124.823
320,2022,50,129.422
320,2023,50,134.738
340,1950,50,11.24
340,1951,50,11.246
340,1952,50,11.259
340,1953,50,11.332
340,1954,50,11.515
340,1955,50,11.781
340,1956,50,12.003
340,1957,50,12.182
340,1958,50,12.437
340,1959,50,12.81
340,1960,50,13.162
340,1961,50,13.58
340,1962,50,14.088
340,1963,50,14.367
340,1964,50,14.232
340,1965,50,13.991
340,1966,50,13.675
340,1967,50,13.361
340,1968,50,13.454
340,1969,50,14.129
340,1970,50,15.054
340,1971,50,15.985
340,1972,50,17.019
340,1973,50,17.792
340,1974,50,18.056
340,1975,50,18.212
340,1976,50,18.417
340,1977,50,18.562
340,1978,50,18.837
340,1979,50,19.417
340,1980,50,20.107
340,1981,50,20.797
340,1982,50,21.543
340,1983,50,22.196
340,1984,50,22.627
340,1985,50,22.935
340,1986,50,23.396
340,1987,50,24.0
340,1988,50,24.527
340,1989,50,24.788
340,1990,50,25.039
340,1991,50,25.522
340,1992,50,26.229
340,1993,50,27.152
340,1994,50,28.307
340,1995,50,29.687
340,1996,50,31.263
340,1997,50,33.341
340,1998,50,35.77
340,1999,50,38.707
340,2000,50,41.302
340,2001,50,42.89
340,2002,50,44.458
340,2003,50,46.02
340,2004,50,47.543
340,2005,50,49.016
340,2006,50,50.444
340,2007,50,51.845
340,2008,50,53.233
340,2009,50,54.627
340,2010,50,56.06
340,2011,50,57.597
340,2012,50,59.26
340,2013,50,61.067
340,2014,50,63.097
340,2015,50,65.384
340,2016,50,67.819
340,2017,50,70.334
340,2018,50,73.128
340,2019,50,76.335
340,2020,50,79.978
340,2021,50,83.831
340,2022,50,87.573
340,2023,50,91.109
484,1950,50,183.117
484,1951,50,189.582
484,1952,50,193.508
484,1953,50,196.968
484,1954,50,199.965
484,1955,50,203.342
484,1956,50,208.222
484,1957,50,213.875
484,1958,50,219.124
484,1959,50,223.664
484,1960,50,227.512
484,1961,50,231.531
484,1962,50,234.476
484,1963,50,237.37
484,1964,50,240.36
484,1965,50,242.826
484,1966,50,245.392
484,1967,50,250.051
484,1968,50,257.885
484,1969,50,266.818
484,1970,50,275.579
484,1971,50,286.912
484,1972,50,301.495
484,1973,50,316.359
484,1974,50,327.854
484,1975,50,334.938
484,1976,50,342.135
484,1977,50,351.922
484,1978,50,361.54
484,1979,50,367.814
484,1980,50,371.609
484,1981,50,377.524
484,1982,50,389.602
484,1983,50,402.058
484,1984,50,413.514
484,1985,50,426.837
484,1986,50,445.146
484,1987,50,464.983
484,1988,50,484.856
484,1989,50,505.446
484,1990,50,527.163
484,1991,50,543.441
484,1992,50,560.136
484,1993,50,580.209
484,1994,50,600.431
484,1995,50,622.578
484,1996,50,648.078
484,1997,50,674.376
484,1998,50,698.424
484,1999,50,721.981
484,2000,50,748.359
484,2001,50,775.907
484,2002,50,806.251
484,2003,50,840.478
484,2004,50,872.777
484,2005,50,906.559
484,2006,50,944.353
484,2007,50,983.3
484,2008,50,1023.538
484,2009,50,1064.633
484,2010,50,1103.293
484,2011,50,1140.977
484,2012,50,1178.22
484,2013,50,1212.38
484,2014,50,1247.001
484,2015,50,1280.546
484,2016,50,1309.522
484,2017,50,1338.986
484,2018,50,1372.241
484,2019,50,1402.93
484,2020,50,1430.351
484,2021,50,1458.297
484,2022,50,1486.235
484,2023,50,1511.69
558,1950,50,7.909
558,1951,50,8.095
558,1952,50,8.291
558,1953,50,8.497
558,1954,50,8.713
558,1955,50,8.936
558,1956,50,9.169
558,1957,50,9.411
558,1958,50,9.664
558,1959,50,9.926
558,1960,50,10.193
558,1961,50,10.476
558,1962,50,10.781
558,1963,50,11.076
558,1964,50,11.355
558,1965,50,11.66
558,1966,50,11.967
558,1967,50,12.265
558,1968,50,12.642
558,1969,50,13.154
558,1970,50,13.714
558,1971,50,14.274
558,1972,50,14.814
558,1973,50,15.304
558,1974,50,15.729
558,1975,50,16.105
558,1976,50,16.492
558,1977,50,16.877
558,1978,50,17.22
558,1979,50,17.5
558,1980,50,17.785
558,1981,50,18.113
558,1982,50,18.441
558,1983,50,18.76
558,1984,50,19.078
558,1985,50,19.408
558,1986,50,19.737
558,1987,50,20.047
558,1988,50,20.389
558,1989,50,20.813
558,1990,50,21.198
558,1991,50,21.507
558,1992,50,21.878
558,1993,50,22.296
558,1994,50,22.717
558,1995,50,23.142
558,1996,50,23.498
558,1997,50,24.314
558,1998,50,26.002
558,1999,50,28.781
558,2000,50,31.069
558,2001,50,32.045
558,2002,50,32.768
558,2003,50,33.524
558,2004,50,34.412
558,2005,50,35.425
558,2006,50,36.572
558,2007,50,37.665
558,2008,50,38.868
558,2009,50,40.178
558,2010,50,41.578
558,2011,50,42.914
558,2012,50,44.294
558,2013,50,45.846
558,2014,50,47.506
558,2015,50,49.287
558,2016,50,51.162
558,2017,50,53.147
558,2018,50,55.211
558,2019,50,57.283
558,2020,50,59.289
558,2021,50,61.352
558,2022,50,63.515
558,2023,50,65.877
591,1950,50,5.868
591,1951,50,6.009
591,1952,50,6.162
591,1953,50,6.316
591,1954,50,6.468
591,1955,50,6.626
591,1956,50,6.786
591,1957,50,6.943
591,1958,50,7.113
591,1959,50,7.304
591,1960,50,7.506
591,1961,50,7.707
591,1962,50,7.913
591,1963,50,8.123
591,1964,50,8.334
591,1965,50,8.547
591,1966,50,8.773
591,1967,50,9.006
591,1968,50,9.233
591,1969,50,9.444
591,1970,50,9.648
591,1971,50,9.855
591,1972,50,10.066
591,1973,50,10.287
591,1974,50,10.524
591,1975,50,10.777
591,1976,50,11.046
591,1977,50,11.327
591,1978,50,11.624
591,1979,50,11.946
591,1980,50,12.294
591,1981,50,12.665
591,1982,50,13.067
591,1983,50,13.503
591,1984,50,13.968
591,1985,50,14.462
591,1986,50,15.005
591,1987,50,15.589
591,1988,50,16.177
591,1989,50,16.746
591,1990,50,17.315
591,1991,50,17.918
591,1992,50,18.555
591,1993,50,19.229
591,1994,50,19.938
591,1995,50,20.672
591,1996,50,21.423
591,1997,50,22.195
591,1998,50,22.953
591,1999,50,24.036
591,2000,50,25.212
591,2001,50,26.185
591,2002,50,27.253
591,2003,50,28.389
591,2004,50,29.464
591,2005,50,30.487
591,2006,50,31.574
591,2007,50,32.72
591,2008,50,33.916
591,2009,50,35.245
591,2010,50,36.747
591,2011,50,38.37
591,2012,50,39.999
591,2013,50,41.579
591,2014,50,43.024
591,2015,50,44.292
591,2016,50,45.543
591,2017,50,46.723
591,2018,50,47.776
591,2019,50,48.808
591,2020,50,49.899
591,2021,50,50.953
591,2022,50,51.833
591,2023,50,52.484
32,1950,50,170.921
32,1951,50,176.325
32,1952,50,181.875
32,1953,50,187.046
32,1954,50,191.473
32,1955,50,195.576
32,1956,50,199.633
32,1957,50,203.515
32,1958,50,207.821
32,1959,50,212.777
32,1960,50,217.61
32,1961,50,222.624
32,1962,50,227.915
32,1963,50,232.265
32,1964,50,235.002
32,1965,50,237.431
32,1966,50,239.703
32,1967,50,241.348
32,1968,50,244.12
32,1969,50,249.235
32,1970,50,255.337
32,1971,50,261.051
32,1972,50,266.678
32,1973,50,272.165
32,1974,50,277.16
32,1975,50,281.456
32,1976,50,286.084
32,1977,50,290.934
32,1978,50,294.115
32,1979,50,294.588
32,1980,50,293.77
32,1981,50,293.045
32,1982,50,292.5
32,1983,50,292.535
32,1984,50,293.543
32,1985,50,295.509
32,1986,50,297.599
32,1987,50,299.739
32,1988,50,302.879
32,1989,50,307.715
32,1990,50,313.919
32,1991,50,320.834
32,1992,50,328.263
32,1993,50,336.124
32,1994,50,344.56
32,1995,50,353.532
32,1996,50,363.001
32,1997,50,372.98
32,1998,50,381.617
32,1999,50,386.244
32,2000,50,391.719
32,2001,50,399.342
32,2002,50,405.467
32,2003,50,411.053
32,2004,50,415.522
32,2005,50,419.584
32,2006,50,424.304
32,2007,50,428.123
32,2008,50,429.01
32,2009,50,433.393
32,2010,50,439.951
32,2011,50,442.797
32,2012,50,446.623
32,2013,50,450.782
32,2014,50,452.512
32,2015,50,450.586
32,2016,50,448.26
32,2017,50,451.957
32,2018,50,460.786
32,2019,50,471.987
32,2020,50,483.552
32,2021,50,496.414
32,2022,50,510.552
32,2023,50,525.489
68,1950,50,21.784
68,1951,50,22.123
68,1952,50,22.472
68,1953,50,22.873
68,1954,50,23.325
68,1955,50,23.832
68,1956,50,24.354
68,1957,50,24.87
68,1958,50,25.44
68,1959,50,26.076
68,1960,50,26.667
68,1961,50,27.335
68,1962,50,28.075
68,1963,50,28.565
68,1964,50,28.672
68,1965,50,28.653
68,1966,50,28.678
68,1967,50,28.733
68,1968,50,28.99
68,1969,50,29.622
68,1970,50,30.526
68,1971,50,31.365
68,1972,50,32.153
68,1973,50,33.147
68,1974,50,34.451
68,1975,50,35.82
68,1976,50,37.259
68,1977,50,38.804
68,1978,50,40.07
68,1979,50,40.786
68,1980,50,41.24
68,1981,50,41.829
68,1982,50,42.479
68,1983,50,43.094
68,1984,50,43.68
68,1985,50,44.361
68,1986,50,45.129
68,1987,50,45.934
68,1988,50,46.918
68,1989,50,48.239
68,1990,50,49.786
68,1991,50,51.433
68,1992,50,53.288
68,1993,50,55.4
68,1994,50,57.405
68,1995,50,59.42
68,1996,50,61.116
68,1997,50,61.997
68,1998,50,61.052
68,1999,50,59.48
68,2000,50,60.187
68,2001,50,61.903
68,2002,50,63.017
68,2003,50,64.625
68,2004,50,66.462
68,2005,50,68.55
68,2006,50,70.782
68,2007,50,73.134
68,2008,50,75.644
68,2009,50,78.175
68,2010,50,80.727
68,2011,50,83.201
68,2012,50,85.639
68,2013,50,88.099
68,2014,50,90.48
68,2015,50,92.784
68,2016,50,95.213
68,2017,50,97.923
68,2018,50,100.786
68,2019,50,103.559
68,2020,50,105.955
68,2021,50,108.072
68,2022,50,110.366
68,2023,50,113.309
76,1950,50,345.564
76,1951,50,359.268
76,1952,50,370.973
76,1953,50,382.025
76,1954,50,393.814
76,1955,50,406.165
76,1956,50,419.517
76,1957,50,434.195
76,1958,50,450.594
76,1959,50,468.226
76,1960,50,485.957
76,1961,50,501.974
76,1962,50,515.707
76,1963,50,529.151
76,1964,50,542.811
76,1965,50,554.657
76,1966,50,564.694
76,1967,50,576.135
76,1968,50,591.427
76,1969,50,610.393
76,1970,50,632.297
76,1971,50,658.114
76,1972,50,688.751
76,1973,50,722.057
76,1974,50,753.715
76,1975,50,780.876
76,1976,50,806.674
76,1977,50,834.942
76,1978,50,862.629
76,1979,50,885.417
76,1980,50,903.105
76,1981,50,920.339
76,1982,50,937.969
76,1983,50,952.383
76,1984,50,963.588
76,1985,50,975.19
76,1986,50,997.011
76,1987,50,1025.043
76,1988,50,1053.328
76,1989,50,1084.087
76,1990,50,1110.214
76,1991,50,1137.288
76,1992,50,1167.877
76,1993,50,1197.812
76,1994,50,1232.02
76,1995,50,1268.621
76,1996,50,1310.93
76,1997,50,1373.339
76,1998,50,1451.727
76,1999,50,1546.411
76,2000,50,1625.086
76,2001,50,1681.913
76,2002,50,1745.442
76,2003,50,1808.819
76,2004,50,1873.151
76,2005,50,1938.554
76,2006,50,2004.877
76,2007,50,2071.804
76,2008,50,2138.921
76,2009,50,2205.05
76,2010,50,2266.659
76,2011,50,2323.822
76,2012,50,2379.032
76,2013,50,2430.291
76,2014,50,2467.782
76,2015,50,2487.844
76,2016,50,2497.252
76,2017,50,2499.793
76,2018,50,2502.51
76,2019,50,2520.751
76,2020,50,2557.968
76,2021,50,2603.145
76,2022,50,2652.207
76,2023,50,2704.667
152,1950,50,47.282
152,1951,50,48.145
152,1952,50,48.995
152,1953,50,50.06
152,1954,50,51.495
152,1955,50,53.101
152,1956,50,54.687
152,1957,50,56.291
152,1958,50,57.892
152,1959,50,59.416
152,1960,50,60.804
152,1961,50,62.328
152,1962,50,64.029
152,1963,50,65.458
152,1964,50,66.356
152,1965,50,67.155
152,1966,50,68.095
152,1967,50,69.078
152,1968,50,70.424
152,1969,50,72.524
152,1970,50,75.398
152,1971,50,77.99
152,1972,50,80.157
152,1973,50,83.343
152,1974,50,88.294
152,1975,50,93.462
152,1976,50,98.819
152,1977,50,104.344
152,1978,50,107.868
152,1979,50,108.19
152,1980,50,107.005
152,1981,50,106.134
152,1982,50,105.238
152,1983,50,104.739
152,1984,50,105.141
152,1985,50,106.084
152,1986,50,106.961
152,1987,50,107.874
152,1988,50,109.096
152,1989,50,110.821
152,1990,50,113.013
152,1991,50,115.627
152,1992,50,118.777
152,1993,50,122.578
152,1994,50,126.961
152,1995,50,131.083
152,1996,50,136.356
152,1997,50,143.956
152,1998,50,152.528
152,1999,50,160.007
152,2000,50,166.554
152,2001,50,172.245
152,2002,50,176.643
152,2003,50,181.605
152,2004,50,186.854
152,2005,50,192.374
152,2006,50,198.614
152,2007,50,204.353
152,2008,50,209.419
152,2009,50,214.46
152,2010,50,218.956
152,2011,50,222.955
152,2012,50,226.929
152,2013,50,230.873
152,2014,50,234.406
152,2015,50,237.683
152,2016,50,240.844
152,2017,50,244.244
152,2018,50,247.8
152,2019,50,251.097
152,2020,50,253.831
152,2021,50,255.096
152,2022,50,256.359
152,2023,50,257.79
170,1950,50,72.094
170,1951,50,74.16
170,1952,50,76.436
170,1953,50,78.588
170,1954,50,80.447
170,1955,50,82.458
170,1956,50,84.4
170,1957,50,86.136
170,1958,50,88.559
170,1959,50,92.113
170,1960,50,95.994
170,1961,50,100.11
170,1962,50,104.664
170,1963,50,108.149
170,1964,50,109.689
170,1965,50,110.651
170,1966,50,111.787
170,1967,50,112.644
170,1968,50,114.262
170,1969,50,117.449
170,1970,50,121.44
170,1971,50,125.199
170,1972,50,128.801
170,1973,50,132.65
170,1974,50,136.72
170,1975,50,140.782
170,1976,50,144.893
170,1977,50,149.024
170,1978,50,153.181
170,1979,50,156.927
170,1980,50,160.347
170,1981,50,164.433
170,1982,50,169.099
170,1983,50,173.378
170,1984,50,176.736
170,1985,50,179.913
170,1986,50,183.711
170,1987,50,187.861
170,1988,50,193.091
170,1989,50,200.152
170,1990,50,208.485
170,1991,50,217.49
170,1992,50,227.138
170,1993,50,238.023
170,1994,50,249.565
170,1995,50,261.545
170,1996,50,273.425
170,1997,50,284.818
170,1998,50,295.101
170,1999,50,313.56
170,2000,50,333.99
170,2001,50,348.31
170,2002,50,364.431
170,2003,50,381.985
170,2004,50,399.867
170,2005,50,418.274
170,2006,50,437.187
170,2007,50,456.349
170,2008,50,475.474
170,2009,50,493.857
170,2010,50,511.918
170,2011,50,529.584
170,2012,50,545.875
170,2013,50,560.198
170,2014,50,571.924
170,2015,50,580.754
170,2016,50,586.85
170,2017,50,591.428
170,2018,50,595.628
170,2019,50,598.656
170,2020,50,600.831
170,2021,50,602.023
170,2022,50,604.507
170,2023,50,610.239
218,1950,50,26.71
218,1951,50,27.116
218,1952,50,27.589
218,1953,50,28.009
218,1954,50,28.324
218,1955,50,28.682
218,1956,50,29.02
218,1957,50,29.279
218,1958,50,29.784
218,1959,50,30.721
218,1960,50,31.76
218,1961,50,32.891
218,1962,50,34.121
218,1963,50,34.999
218,1964,50,35.293
218,1965,50,35.362
218,1966,50,35.515
218,1967,50,35.643
218,1968,50,35.983
218,1969,50,36.795
218,1970,50,37.866
218,1971,50,38.917
218,1972,50,40.007
218,1973,50,41.188
218,1974,50,42.463
218,1975,50,43.799
218,1976,50,45.207
218,1977,50,46.692
218,1978,50,48.176
218,1979,50,49.594
218,1980,50,50.986
218,1981,50,52.508
218,1982,50,54.143
218,1983,50,55.753
218,1984,50,57.29
218,1985,50,58.907
218,1986,50,60.604
218,1987,50,62.317
218,1988,50,64.299
218,1989,50,66.718
218,1990,50,69.285
218,1991,50,71.768
218,1992,50,74.381
218,1993,50,77.301
218,1994,50,80.2
218,1995,50,82.861
218,1996,50,85.126
218,1997,50,88.003
218,1998,50,93.501
218,1999,50,99.99
218,2000,50,103.644
218,2001,50,105.819
218,2002,50,108.648
218,2003,50,111.631
218,2004,50,114.696
218,2005,50,117.836
218,2006,50,121.094
218,2007,50,124.501
218,2008,50,128.056
218,2009,50,131.75
218,2010,50,135.588
218,2011,50,139.55
218,2012,50,143.635
218,2013,50,147.835
218,2014,50,152.137
218,2015,50,156.536
218,2016,50,160.995
218,2017,50,165.602
218,2018,50,170.398
218,2019,50,175.508
218,2020,50,180.229
218,2021,50,184.37
218,2022,50,188.545
218,2023,50,192.943
238,1950,50,0.012
238,1951,50,0.017
238,1952,50,0.022
238,1953,50,0.027
238,1954,50,0.028
238,1955,50,0.028
238,1956,50,0.028
238,1957,50,0.029
238,1958,50,0.03
238,1959,50,0.03
238,1960,50,0.03
238,1961,50,0.03
238,1962,50,0.029
238,1963,50,0.029
238,1964,50,0.029
238,1965,50,0.029
238,1966,50,0.028
238,1967,50,0.027
238,1968,50,0.027
238,1969,50,0.027
238,1970,50,0.028
238,1971,50,0.028
238,1972,50,0.028
238,1973,50,0.028
238,1974,50,0.028
238,1975,50,0.028
238,1976,50,0.029
238,1977,50,0.031
238,1978,50,0.029
238,1979,50,0.025
238,1980,50,0.023
238,1981,50,0.023
238,1982,50,0.023
238,1983,50,0.027
238,1984,50,0.03
238,1985,50,0.029
238,1986,50,0.029
238,1987,50,0.033
238,1988,50,0.038
238,1989,50,0.038
238,1990,50,0.036
238,1991,50,0.032
238,1992,50,0.033
238,1993,50,0.033
238,1994,50,0.035
238,1995,50,0.038
238,1996,50,0.04
238,1997,50,0.044
238,1998,50,0.048
238,1999,50,0.049
238,2000,50,0.047
238,2001,50,0.044
238,2002,50,0.042
238,2003,50,0.043
238,2004,50,0.038
238,2005,50,0.035
238,2006,50,0.035
238,2007,50,0.038
238,2008,50,0.046
238,2009,50,0.056
238,2010,50,0.056
238,2011,50,0.054
238,2012,50,0.053
238,2013,50,0.054
238,2014,50,0.06
238,2015,50,0.059
238,2016,50,0.058
238,2017,50,0.058
238,2018,50,0.06
238,2019,50,0.064
238,2020,50,0.067
238,2021,50,0.07
238,2022,50,0.069
238,2023,50,0.069
254,1950,50,0.232
254,1951,50,0.234
254,1952,50,0.236
254,1953,50,0.238
254,1954,50,0.24
254,1955,50,0.244
254,1956,50,0.254
254,1957,50,0.265
254,1958,50,0.278
254,1959,50,0.292
254,1960,50,0.307
254,1961,50,0.321
254,1962,50,0.335
254,1963,50,0.343
254,1964,50,0.351
254,1965,50,0.361
254,1966,50,0.373
254,1967,50,0.384
254,1968,50,0.393
254,1969,50,0.4
254,1970,50,0.408
254,1971,50,0.415
254,1972,50,0.42
254,1973,50,0.424
254,1974,50,0.431
254,1975,50,0.437
254,1976,50,0.446
254,1977,50,0.455
254,1978,50,0.464
254,1979,50,0.475
254,1980,50,0.489
254,1981,50,0.507
254,1982,50,0.526
254,1983,50,0.544
254,1984,50,0.573
254,1985,50,0.608
254,1986,50,0.649
254,1987,50,0.694
254,1988,50,0.741
254,1989,50,0.781
254,1990,50,0.822
254,1991,50,0.873
254,1992,50,0.938
254,1993,50,1.016
254,1994,50,1.113
254,1995,50,1.22
254,1996,50,1.317
254,1997,50,1.403
254,1998,50,1.486
254,1999,50,1.568
254,2000,50,1.599
254,2001,50,1.634
254,2002,50,1.716
254,2003,50,1.799
254,2004,50,1.885
254,2005,50,1.957
254,2006,50,2.025
254,2007,50,2.068
254,2008,50,2.148
254,2009,50,2.227
254,2010,50,2.332
254,2011,50,2.415
254,2012,50,2.482
254,2013,50,2.566
254,2014,50,2.578
254,2015,50,2.668
254,2016,50,2.734
254,2017,50,2.773
254,2018,50,2.936
254,2019,50,3.002
254,2020,50,3.156
254,2021,50,3.221
254,2022,50,3.187
254,2023,50,3.252
328,1950,50,3.306
328,1951,50,3.499
328,1952,50,3.671
328,1953,50,3.757
328,1954,50,3.748
328,1955,50,3.698
328,1956,50,3.665
328,1957,50,3.667
328,1958,50,3.729
328,1959,50,3.862
328,1960,50,4.051
328,1961,50,4.205
328,1962,50,4.326
328,1963,50,4.385
328,1964,50,4.372
328,1965,50,4.299
328,1966,50,4.212
328,1967,50,4.161
328,1968,50,4.17
328,1969,50,4.247
328,1970,50,4.392
328,1971,50,4.555
328,1972,50,4.675
328,1973,50,4.757
328,1974,50,4.803
328,1975,50,4.816
328,1976,50,4.812
328,1977,50,4.805
328,1978,50,4.795
328,1979,50,4.779
328,1980,50,4.758
328,1981,50,4.729
328,1982,50,4.686
328,1983,50,4.66
328,1984,50,4.644
328,1985,50,4.629
328,1986,50,4.613
328,1987,50,4.593
328,1988,50,4.569
328,1989,50,4.554
328,1990,50,4.558
328,1991,50,4.584
328,1992,50,4.643
328,1993,50,4.735
328,1994,50,4.87
328,1995,50,5.052
328,1996,50,5.271
328,1997,50,5.499
328,1998,50,5.706
328,1999,50,5.875
328,2000,50,6.009
328,2001,50,6.12
328,2002,50,6.223
328,2003,50,6.355
328,2004,50,6.544
328,2005,50,6.769
328,2006,50,7.015
328,2007,50,7.26
328,2008,50,7.483
328,2009,50,7.659
328,2010,50,7.783
328,2011,50,7.864
328,2012,50,7.904
328,2013,50,7.986
328,2014,50,8.067
328,2015,50,8.147
328,2016,50,8.23
328,2017,50,8.31
328,2018,50,8.37
328,2019,50,8.654
328,2020,50,8.594
328,2021,50,8.612
328,2022,50,8.643
328,2023,50,8.675
600,1950,50,8.922
600,1951,50,9.056
600,1952,50,9.204
600,1953,50,9.356
600,1954,50,9.498
600,1955,50,9.633
600,1956,50,9.769
600,1957,50,9.936
600,1958,50,10.225
600,1959,50,10.719
600,1960,50,11.397
600,1961,50,12.169
600,1962,50,12.926
600,1963,50,13.509
600,1964,50,13.774
600,1965,50,13.774
600,1966,50,13.668
600,1967,50,13.596
600,1968,50,13.683
600,1969,50,14.048
600,1970,50,14.67
600,1971,50,15.405
600,1972,50,16.14
600,1973,50,16.874
600,1974,50,17.686
600,1975,50,18.529
600,1976,50,19.408
600,1977,50,20.238
600,1978,50,20.795
600,1979,50,20.882
600,1980,50,20.563
600,1981,50,20.069
600,1982,50,19.623
600,1983,50,19.448
600,1984,50,19.834
600,1985,50,20.707
600,1986,50,21.759
600,1987,50,22.78
600,1988,50,23.651
600,1989,50,24.309
600,1990,50,25.078
600,1991,50,26.364
600,1992,50,27.83
600,1993,50,28.953
600,1994,50,29.786
600,1995,50,30.507
600,1996,50,31.239
600,1997,50,32.185
600,1998,50,33.629
600,1999,50,35.083
600,2000,50,35.688
600,2001,50,36.385
600,2002,50,37.688
600,2003,50,39.011
600,2004,50,40.39
600,2005,50,41.838
600,2006,50,43.335
600,2007,50,44.889
600,2008,50,46.485
600,2009,50,48.045
600,2010,50,49.644
600,2011,50,51.663
600,2012,50,54.096
600,2013,50,56.345
600,2014,50,58.109
600,2015,50,59.42
600,2016,50,60.222
600,2017,50,60.645
600,2018,50,60.961
600,2019,50,61.378
600,2020,50,61.909
600,2021,50,62.362
600,2022,50,62.74
600,2023,50,63.447
604,1950,50,56.83
604,1951,50,57.357
604,1952,50,57.768
604,1953,50,58.58
604,1954,50,60.325
604,1955,50,62.445
604,1956,50,64.501
604,1957,50,66.629
604,1958,50,68.557
604,1959,50,70.026
604,1960,50,71.202
604,1961,50,72.59
604,1962,50,74.157
604,1963,50,75.201
604,1964,50,75.736
604,1965,50,76.188
604,1966,50,76.604
604,1967,50,76.826
604,1968,50,77.63
604,1969,50,79.602
604,1970,50,81.926
604,1971,50,84.291
604,1972,50,87.031
604,1973,50,89.534
604,1974,50,91.842
604,1975,50,94.037
604,1976,50,96.32
604,1977,50,98.539
604,1978,50,101.366
604,1979,50,105.062
604,1980,50,109.071
604,1981,50,113.425
604,1982,50,117.977
604,1983,50,122.198
604,1984,50,125.646
604,1985,50,128.619
604,1986,50,132.16
604,1987,50,136.131
604,1988,50,139.572
604,1989,50,141.926
604,1990,50,144.027
604,1991,50,147.017
604,1992,50,150.759
604,1993,50,155.595
604,1994,50,161.29
604,1995,50,168.594
604,1996,50,177.091
604,1997,50,186.107
604,1998,50,194.828
604,1999,50,203.457
604,2000,50,211.636
604,2001,50,218.648
604,2002,50,225.254
604,2003,50,231.451
604,2004,50,237.098
604,2005,50,242.421
604,2006,50,247.455
604,2007,50,252.255
604,2008,50,257.399
604,2009,50,264.36
604,2010,50,271.041
604,2011,50,277.445
604,2012,50,283.508
604,2013,50,289.627
604,2014,50,296.564
604,2015,50,304.248
604,2016,50,312.612
604,2017,50,322.597
604,2018,50,334.002
604,2019,50,346.009
604,2020,50,355.63
604,2021,50,366.234
604,2022,50,376.951
604,2023,50,386.1
740,1950,50,1.589
740,1951,50,1.573
740,1952,50,1.576
740,1953,50,1.584
740,1954,50,1.599
740,1955,50,1.62
740,1956,50,1.643
740,1957,50,1.676
740,1958,50,1.712
740,1959,50,1.742
740,1960,50,1.763
740,1961,50,1.784
740,1962,50,1.817
740,1963,50,1.873
740,1964,50,1.967
740,1965,50,1.981
740,1966,50,1.954
740,1967,50,1.932
740,1968,50,1.929
740,1969,50,1.969
740,1970,50,2.044
740,1971,50,2.161
740,1972,50,2.319
740,1973,50,2.424
740,1974,50,2.502
740,1975,50,2.547
740,1976,50,2.568
740,1977,50,2.58
740,1978,50,2.598
740,1979,50,2.635
740,1980,50,2.688
740,1981,50,2.723
740,1982,50,2.748
740,1983,50,2.76
740,1984,50,2.752
740,1985,50,2.733
740,1986,50,2.713
740,1987,50,2.686
740,1988,50,2.647
740,1989,50,2.628
740,1990,50,2.603
740,1991,50,2.567
740,1992,50,2.539
740,1993,50,2.522
740,1994,50,2.505
740,1995,50,2.525
740,1996,50,2.657
740,1997,50,2.799
740,1998,50,2.949
740,1999,50,3.151
740,2000,50,3.429
740,2001,50,3.748
740,2002,50,4.085
740,2003,50,4.367
740,2004,50,4.599
740,2005,50,4.784
740,2006,50,4.984
740,2007,50,5.179
740,2008,50,5.393
740,2009,50,5.63
740,2010,50,5.905
740,2011,50,6.188
740,2012,50,6.46
740,2013,50,6.708
740,2014,50,6.894
740,2015,50,7.015
740,2016,50,7.065
740,2017,50,7.039
740,2018,50,7.004
740,2019,50,7.028
740,2020,50,7.122
740,2021,50,7.265
740,2022,50,7.409
740,2023,50,7.451
858,1950,50,23.222
858,1951,50,23.778
858,1952,50,24.416
858,1953,50,24.926
858,1954,50,25.193
858,1955,50,25.4
858,1956,50,25.619
858,1957,50,25.739
858,1958,50,26.074
858,1959,50,26.95
858,1960,50,27.908
858,1961,50,28.942
858,1962,50,30.107
858,1963,50,30.756
858,1964,50,30.485
858,1965,50,29.862
858,1966,50,29.288
858,1967,50,28.578
858,1968,50,28.259
858,1969,50,28.876
858,1970,50,29.906
858,1971,50,30.817
858,1972,50,31.747
858,1973,50,32.584
858,1974,50,33.167
858,1975,50,33.588
858,1976,50,34.07
858,1977,50,34.553
858,1978,50,34.891
858,1979,50,34.985
858,1980,50,34.933
858,1981,50,34.868
858,1982,50,34.78
858,1983,50,34.662
858,1984,50,34.533
858,1985,50,34.392
858,1986,50,34.253
858,1987,50,34.05
858,1988,50,33.814
858,1989,50,33.58
858,1990,50,33.388
858,1991,50,33.244
858,1992,50,33.139
858,1993,50,33.072
858,1994,50,33.1
858,1995,50,33.262
858,1996,50,33.551
858,1997,50,33.991
858,1998,50,34.055
858,1999,50,33.795
858,2000,50,34.056
858,2001,50,34.607
858,2002,50,35.178
858,2003,50,35.82
858,2004,50,36.475
858,2005,50,36.917
858,2006,50,37.453
858,2007,50,38.045
858,2008,50,38.468
858,2009,50,38.851
858,2010,50,39.243
858,2011,50,39.809
858,2012,50,40.465
858,2013,50,41.086
858,2014,50,41.284
858,2015,50,41.06
858,2016,50,40.78
858,2017,50,40.354
858,2018,50,39.974
858,2019,50,39.885
858,2020,50,40.005
858,2021,50,40.172
858,2022,50,40.507
858,2023,50,41.537
862,1950,50,33.833
862,1951,50,35.419
862,1952,50,37.029
862,1953,50,38.635
862,1954,50,40.208
862,1955,50,41.782
862,1956,50,43.405
862,1957,50,45.059
862,1958,50,46.713
862,1959,50,48.364
862,1960,50,50.041
862,1961,50,51.768
862,1962,50,53.55
862,1963,50,55.401
862,1964,50,57.343
862,1965,50,59.372
862,1966,50,61.482
862,1967,50,63.714
862,1968,50,66.066
862,1969,50,68.497
862,1970,50,71.015
862,1971,50,73.63
862,1972,50,76.321
862,1973,50,79.063
862,1974,50,81.863
862,1975,50,84.701
862,1976,50,87.548
862,1977,50,90.415
862,1978,50,93.299
862,1979,50,96.181
862,1980,50,99.063
862,1981,50,101.976
862,1982,50,104.909
862,1983,50,107.807
862,1984,50,110.603
862,1985,50,113.343
862,1986,50,116.321
862,1987,50,119.599
862,1988,50,123.009
862,1989,50,126.542
862,1990,50,130.456
862,1991,50,134.998
862,1992,50,140.13
862,1993,50,145.792
862,1994,50,151.944
862,1995,50,158.538
862,1996,50,165.483
862,1997,50,172.606
862,1998,50,178.933
862,1999,50,187.291
862,2000,50,196.48
862,2001,50,205.598
862,2002,50,216.736
862,2003,50,227.776
862,2004,50,238.586
862,2005,50,249.27
862,2006,50,259.71
862,2007,50,270.235
862,2008,50,280.484
862,2009,50,287.633
862,2010,50,293.421
862,2011,50,299.904
862,2012,50,306.291
862,2013,50,312.977
862,2014,50,319.41
862,2015,50,325.629
862,2016,50,331.478
862,2017,50,335.545
862,2018,50,335.727
862,2019,50,331.663
862,2020,50,328.866
862,2021,50,327.941
862,2022,50,328.037
862,2023,50,330.342
60,1950,50,0.352
60,1951,50,0.366
60,1952,50,0.382
60,1953,50,0.39
60,1954,50,0.392
60,1955,50,0.392
60,1956,50,0.392
60,1957,50,0.391
60,1958,50,0.404
60,1959,50,0.415
60,1960,50,0.422
60,1961,50,0.437
60,1962,50,0.457
60,1963,50,0.473
60,1964,50,0.478
60,1965,50,0.476
60,1966,50,0.473
60,1967,50,0.468
60,1968,50,0.472
60,1969,50,0.49
60,1970,50,0.511
60,1971,50,0.531
60,1972,50,0.547
60,1973,50,0.561
60,1974,50,0.577
60,1975,50,0.59
60,1976,50,0.598
60,1977,50,0.598
60,1978,50,0.593
60,1979,50,0.598
60,1980,50,0.606
60,1981,50,0.611
60,1982,50,0.614
60,1983,50,0.621
60,1984,50,0.624
60,1985,50,0.622
60,1986,50,0.62
60,1987,50,0.625
60,1988,50,0.619
60,1989,50,0.617
60,1990,50,0.618
60,1991,50,0.626
60,1992,50,0.663
60,1993,50,0.706
60,1994,50,0.741
60,1995,50,0.775
60,1996,50,0.803
60,1997,50,0.825
60,1998,50,0.845
60,1999,50,0.855
60,2000,50,0.844
60,2001,50,0.876
60,2002,50,0.915
60,2003,50,0.934
60,2004,50,0.963
60,2005,50,0.992
60,2006,50,1.021
60,2007,50,1.058
60,2008,50,1.082
60,2009,50,1.108
60,2010,50,1.12
60,2011,50,1.108
60,2012,50,1.115
60,2013,50,1.157
60,2014,50,1.156
60,2015,50,1.086
60,2016,50,1.015
60,2017,50,0.996
60,2018,50,0.967
60,2019,50,0.955
60,2020,50,1.001
60,2021,50,1.041
60,2022,50,1.017
60,2023,50,0.975
124,1950,50,136.362
124,1951,50,138.775
124,1952,50,142.149
124,1953,50,146.058
124,1954,50,150.22
124,1955,50,154.339
124,1956,50,158.312
124,1957,50,163.337
124,1958,50,168.915
124,1959,50,174.794
124,1960,50,180.703
124,1961,50,186.081
124,1962,50,191.356
124,1963,50,196.63
124,1964,50,201.215
124,1965,50,204.363
124,1966,50,206.448
124,1967,50,207.937
124,1968,50,209.444
124,1969,50,212.608
124,1970,50,218.637
124,1971,50,233.302
124,1972,50,243.881
124,1973,50,245.908
124,1974,50,246.772
124,1975,50,248.652
124,1976,50,249.055
124,1977,50,248.559
124,1978,50,248.486
124,1979,50,250.079
124,1980,50,254.044
124,1981,50,256.201
124,1982,50,255.187
124,1983,50,251.662
124,1984,50,247.484
124,1985,50,248.338
124,1986,50,251.012
124,1987,50,252.098
124,1988,50,256.817
124,1989,50,265.698
124,1990,50,276.8
124,1991,50,290.424
124,1992,50,305.616
124,1993,50,321.425
124,1994,50,333.101
124,1995,50,343.442
124,1996,50,371.249
124,1997,50,407.593
124,1998,50,421.862
124,1999,50,422.366
124,2000,50,427.604
124,2001,50,436.18
124,2002,50,446.893
124,2003,50,462.727
124,2004,50,482.397
124,2005,50,497.617
124,2006,50,507.628
124,2007,50,518.411
124,2008,50,528.468
124,2009,50,537.499
124,2010,50,549.217
124,2011,50,557.414
124,2012,50,561.031
124,2013,50,566.058
124,2014,50,564.577
124,2015,50,547.274
124,2016,50,519.293
124,2017,50,495.964
124,2018,50,486.896
124,2019,50,488.755
124,2020,50,492.976
124,2021,50,490.407
124,2022,50,480.575
124,2023,50,475.496
304,1950,50,0.164
304,1951,50,0.169
304,1952,50,0.174
304,1953,50,0.178
304,1954,50,0.182
304,1955,50,0.184
304,1956,50,0.186
304,1957,50,0.188
304,1958,50,0.192
304,1959,50,0.199
304,1960,50,0.21
304,1961,50,0.218
304,1962,50,0.224
304,1963,50,0.229
304,1964,50,0.233
304,1965,50,0.245
304,1966,50,0.251
304,1967,50,0.255
304,1968,50,0.259
304,1969,50,0.263
304,1970,50,0.269
304,1971,50,0.27
304,1972,50,0.272
304,1973,50,0.287
304,1974,50,0.308
304,1975,50,0.332
304,1976,50,0.357
304,1977,50,0.382
304,1978,50,0.413
304,1979,50,0.433
304,1980,50,0.448
304,1981,50,0.454
304,1982,50,0.456
304,1983,50,0.463
304,1984,50,0.462
304,1985,50,0.461
304,1986,50,0.465
304,1987,50,0.473
304,1988,50,0.5
304,1989,50,0.533
304,1990,50,0.572
304,1991,50,0.609
304,1992,50,0.631
304,1993,50,0.645
304,1994,50,0.642
304,1995,50,0.618
304,1996,50,0.604
304,1997,50,0.597
304,1998,50,0.599
304,1999,50,0.618
304,2000,50,0.645
304,2001,50,0.671
304,2002,50,0.695
304,2003,50,0.717
304,2004,50,0.746
304,2005,50,0.773
304,2006,50,0.807
304,2007,50,0.844
304,2008,50,0.876
304,2009,50,0.914
304,2010,50,0.949
304,2011,50,0.998
304,2012,50,1.0
304,2013,50,0.998
304,2014,50,1.058
304,2015,50,1.076
304,2016,50,1.067
304,2017,50,1.032
304,2018,50,0.979
304,2019,50,0.891
304,2020,50,0.78
304,2021,50,0.675
304,2022,50,0.593
304,2023,50,0.538
666,1950,50,0.044
666,1951,50,0.044
666,1952,50,0.044
666,1953,50,0.045
666,1954,50,0.046
666,1955,50,0.047
666,1956,50,0.049
666,1957,50,0.051
666,1958,50,0.053
666,1959,50,0.054
666,1960,50,0.055
666,1961,50,0.057
666,1962,50,0.057
666,1963,50,0.052
666,1964,50,0.052
666,1965,50,0.053
666,1966,50,0.051
666,1967,50,0.05
666,1968,50,0.05
666,1969,50,0.051
666,1970,50,0.052
666,1971,50,0.054
666,1972,50,0.056
666,1973,50,0.058
666,1974,50,0.059
666,1975,50,0.057
666,1976,50,0.057
666,1977,50,0.06
666,1978,50,0.058
666,1979,50,0.058
666,1980,50,0.058
666,1981,50,0.058
666,1982,50,0.059
666,1983,50,0.058
666,1984,50,0.059
666,1985,50,0.06
666,1986,50,0.069
666,1987,50,0.074
666,1988,50,0.069
666,1989,50,0.061
666,1990,50,0.064
666,1991,50,0.073
666,1992,50,0.076
666,1993,50,0.075
666,1994,50,0.07
666,1995,50,0.07
666,1996,50,0.075
666,1997,50,0.088
666,1998,50,0.091
666,1999,50,0.095
666,2000,50,0.096
666,2001,50,0.089
666,2002,50,0.083
666,2003,50,0.084
666,2004,50,0.087
666,2005,50,0.089
666,2006,50,0.094
666,2007,50,0.093
666,2008,50,0.094
666,2009,50,0.101
666,2010,50,0.099
666,2011,50,0.095
666,2012,50,0.097
666,2013,50,0.103
666,2014,50,0.109
666,2015,50,0.104
666,2016,50,0.106
666,2017,50,0.105
666,2018,50,0.112
666,2019,50,0.115
666,2020,50,0.112
666,2021,50,0.105
666,2022,50,0.098
666,2023,50,0.095
840,1950,50,1737.046
840,1951,50,1765.884
840,1952,50,1780.275
840,1953,50,1787.399
840,1954,50,1812.276
840,1955,50,1863.856
840,1956,50,1902.197
840,1957,50,1942.278
840,1958,50,1987.933
840,1959,50,2007.502
840,1960,50,2040.487
840,1961,50,2064.46
840,1962,50,2097.845
840,1963,50,2141.009
840,1964,50,2179.997
840,1965,50,2204.229
840,1966,50,2196.64
840,1967,50,2217.959
840,1968,50,2280.153
840,1969,50,2333.68
840,1970,50,2364.9
840,1971,50,2413.734
840,1972,50,2447.959
840,1973,50,2444.154
840,1974,50,2448.371
840,1975,50,2447.892
840,1976,50,2405.507
840,1977,50,2394.032
840,1978,50,2379.941
840,1979,50,2340.692
840,1980,50,2333.934
840,1981,50,2300.617
840,1982,50,2254.726
840,1983,50,2219.073
840,1984,50,2226.953
840,1985,50,2266.127
840,1986,50,2272.779
840,1987,50,2294.958
840,1988,50,2345.617
840,1989,50,2371.591
840,1990,50,2401.088
840,1991,50,2523.422
840,1992,50,2761.981
840,1993,50,2957.297
840,1994,50,2977.247
840,1995,50,2931.146
840,1996,50,3200.378
840,1997,50,3603.851
840,1998,50,3686.93
840,1999,50,3660.524
840,2000,50,3684.149
840,2001,50,3753.725
840,2002,50,3882.358
840,2003,50,4022.518
840,2004,50,4158.493
840,2005,50,4262.939
840,2006,50,4337.143
840,2007,50,4425.003
840,2008,50,4511.78
840,2009,50,4563.526
840,2010,50,4594.116
840,2011,50,4632.473
840,2012,50,4620.075
840,2013,50,4567.802
840,2014,50,4536.718
840,2015,50,4434.928
840,2016,50,4289.328
840,2017,50,4196.447
840,2018,50,4159.946
840,2019,50,4216.767
840,2020,50,4354.841
840,2021,50,4361.324
840,2022,50,4169.017
840,2023,50,4016.63
36,1950,50,92.589
36,1951,50,94.324
36,1952,50,94.384
36,1953,50,94.748
36,1954,50,96.857
36,1955,50,100.614
36,1956,50,103.966
36,1957,50,107.312
36,1958,50,110.791
36,1959,50,113.877
36,1960,50,117.236
36,1961,50,120.91
36,1962,50,124.755
36,1963,50,128.703
36,1964,50,132.315
36,1965,50,132.822
36,1966,50,130.368
36,1967,50,127.815
36,1968,50,125.979
36,1969,50,128.798
36,1970,50,138.802
36,1971,50,151.719
36,1972,50,156.816
36,1973,50,155.688
36,1974,50,155.672
36,1975,50,157.626
36,1976,50,161.132
36,1977,50,160.768
36,1978,50,158.163
36,1979,50,155.867
36,1980,50,155.105
36,1981,50,154.4
36,1982,50,149.143
36,1983,50,145.1
36,1984,50,144.788
36,1985,50,148.101
36,1986,50,156.172
36,1987,50,161.512
36,1988,50,164.066
36,1989,50,168.262
36,1990,50,174.234
36,1991,50,181.336
36,1992,50,185.6
36,1993,50,191.978
36,1994,50,204.674
36,1995,50,215.359
36,1996,50,230.377
36,1997,50,251.141
36,1998,50,257.781
36,1999,50,256.132
36,2000,50,259.452
36,2001,50,262.62
36,2002,50,264.374
36,2003,50,267.237
36,2004,50,270.703
36,2005,50,275.903
36,2006,50,282.063
36,2007,50,286.81
36,2008,50,292.229
36,2009,50,298.802
36,2010,50,305.956
36,2011,50,312.877
36,2012,50,316.62
36,2013,50,316.919
36,2014,50,313.455
36,2015,50,307.444
36,2016,50,304.229
36,2017,50,305.821
36,2018,50,312.513
36,2019,50,321.401
36,2020,50,333.104
36,2021,50,345.202
36,2022,50,346.409
36,2023,50,338.291
554,1950,50,20.83
554,1951,50,21.456
554,1952,50,21.617
554,1953,50,21.967
554,1954,50,22.451
554,1955,50,22.999
554,1956,50,23.697
554,1957,50,24.478
554,1958,50,25.197
554,1959,50,25.811
554,1960,50,26.278
554,1961,50,26.771
554,1962,50,27.428
554,1963,50,28.019
554,1964,50,28.274
554,1965,50,28.359
554,1966,50,28.435
554,1967,50,28.175
554,1968,50,27.583
554,1969,50,27.731
554,1970,50,29.209
554,1971,50,30.753
554,1972,50,31.273
554,1973,50,31.146
554,1974,50,31.285
554,1975,50,31.845
554,1976,50,32.253
554,1977,50,32.201
554,1978,50,31.813
554,1979,50,31.447
554,1980,50,31.221
554,1981,50,30.753
554,1982,50,30.011
554,1983,50,29.204
554,1984,50,28.63
554,1985,50,28.831
554,1986,50,29.64
554,1987,50,30.336
554,1988,50,30.924
554,1989,50,32.462
554,1990,50,34.685
554,1991,50,37.246
554,1992,50,37.523
554,1993,50,36.602
554,1994,50,37.841
554,1995,50,40.049
554,1996,50,43.411
554,1997,50,47.805
554,1998,50,49.626
554,1999,50,49.525
554,2000,50,49.596
554,2001,50,49.649
554,2002,50,49.998
554,2003,50,50.976
554,2004,50,52.509
554,2005,50,54.295
554,2006,50,56.067
554,2007,50,57.39
554,2008,50,58.686
554,2009,50,60.42
554,2010,50,62.148
554,2011,50,63.864
554,2012,50,64.928
554,2013,50,64.787
554,2014,50,63.803
554,2015,50,62.687
554,2016,50,62.366
554,2017,50,63.168
554,2018,50,64.617
554,2019,50,65.837
554,2020,50,67.001
554,2021,50,68.245
554,2022,50,67.908
554,2023,50,66.309
242,1950,50,1.69
242,1951,50,1.681
242,1952,50,1.691
242,1953,50,1.731
242,1954,50,1.78
242,1955,50,1.821
242,1956,50,1.878
242,1957,50,1.961
242,1958,50,2.05
242,1959,50,2.147
242,1960,50,2.254
242,1961,50,2.361
242,1962,50,2.472
242,1963,50,2.591
242,1964,50,2.716
242,1965,50,2.833
242,1966,50,2.931
242,1967,50,3.016
242,1968,50,3.07
242,1969,50,3.12
242,1970,50,3.163
242,1971,50,3.203
242,1972,50,3.248
242,1973,50,3.291
242,1974,50,3.339
242,1975,50,3.403
242,1976,50,3.485
242,1977,50,3.603
242,1978,50,3.757
242,1979,50,3.908
242,1980,50,4.06
242,1981,50,4.215
242,1982,50,4.371
242,1983,50,4.55
242,1984,50,4.758
242,1985,50,4.966
242,1986,50,5.161
242,1987,50,5.375
242,1988,50,5.514
242,1989,50,5.657
242,1990,50,5.786
242,1991,50,5.915
242,1992,50,6.036
242,1993,50,6.105
242,1994,50,6.15
242,1995,50,6.302
242,1996,50,6.592
242,1997,50,6.87
242,1998,50,7.094
242,1999,50,7.236
242,2000,50,7.162
242,2001,50,7.193
242,2002,50,7.479
242,2003,50,7.721
242,2004,50,7.966
242,2005,50,8.255
242,2006,50,8.548
242,2007,50,8.843
242,2008,50,9.127
242,2009,50,9.388
242,2010,50,9.591
242,2011,50,9.725
242,2012,50,9.999
242,2013,50,10.262
242,2014,50,10.259
242,2015,50,10.146
242,2016,50,10.058
242,2017,50,9.959
242,2018,50,9.838
242,2019,50,9.76
242,2020,50,9.641
242,2021,50,9.485
242,2022,50,9.278
242,2023,50,9.095
540,1950,50,0.511
540,1951,50,0.525
540,1952,50,0.541
540,1953,50,0.558
540,1954,50,0.577
540,1955,50,0.598
540,1956,50,0.621
540,1957,50,0.646
540,1958,50,0.67
540,1959,50,0.691
540,1960,50,0.71
540,1961,50,0.729
540,1962,50,0.747
540,1963,50,0.765
540,1964,50,0.781
540,1965,50,0.786
540,1966,50,0.79
540,1967,50,0.792
540,1968,50,0.795
540,1969,50,0.802
540,1970,50,0.791
540,1971,50,0.811
540,1972,50,0.845
540,1973,50,0.89
540,1974,50,0.943
540,1975,50,1.001
540,1976,50,1.062
540,1977,50,1.101
540,1978,50,1.128
540,1979,50,1.156
540,1980,50,1.183
540,1981,50,1.204
540,1982,50,1.216
540,1983,50,1.223
540,1984,50,1.242
540,1985,50,1.273
540,1986,50,1.314
540,1987,50,1.369
540,1988,50,1.436
540,1989,50,1.506
540,1990,50,1.577
540,1991,50,1.637
540,1992,50,1.692
540,1993,50,1.748
540,1994,50,1.81
540,1995,50,1.879
540,1996,50,1.949
540,1997,50,2.016
540,1998,50,2.077
540,1999,50,2.125
540,2000,50,2.167
540,2001,50,2.204
540,2002,50,2.239
540,2003,50,2.282
540,2004,50,2.338
540,2005,50,2.402
540,2006,50,2.461
540,2007,50,2.575
540,2008,50,2.711
540,2009,50,2.861
540,2010,50,3.008
540,2011,50,3.147
540,2012,50,3.286
540,2013,50,3.407
540,2014,50,3.503
540,2015,50,3.559
540,2016,50,3.604
540,2017,50,3.704
540,2018,50,3.779
540,2019,50,3.857
540,2020,50,3.963
540,2021,50,4.014
540,2022,50,4.064
540,2023,50,4.096
598,1950,50,5.683
598,1951,50,6.177
598,1952,50,6.832
598,1953,50,7.425
598,1954,50,7.981
598,1955,50,8.611
598,1956,50,9.304
598,1957,50,10.051
598,1958,50,10.814
598,1959,50,11.585
598,1960,50,12.354
598,1961,50,13.124
598,1962,50,13.706
598,1963,50,14.266
598,1964,50,14.774
598,1965,50,15.245
598,1966,50,15.723
598,1967,50,16.244
598,1968,50,16.71
598,1969,50,17.182
598,1970,50,17.646
598,1971,50,18.093
598,1972,50,18.504
598,1973,50,19.227
598,1974,50,19.87
598,1975,50,20.44
598,1976,50,20.948
598,1977,50,21.418
598,1978,50,21.873
598,1979,50,22.328
598,1980,50,22.804
598,1981,50,23.305
598,1982,50,23.553
598,1983,50,23.827
598,1984,50,24.097
598,1985,50,24.34
598,1986,50,24.542
598,1987,50,24.712
598,1988,50,24.873
598,1989,50,25.039
598,1990,50,25.336
598,1991,50,26.021
598,1992,50,26.738
598,1993,50,27.563
598,1994,50,28.498
598,1995,50,29.517
598,1996,50,30.467
598,1997,50,31.187
598,1998,50,32.156
598,1999,50,33.37
598,2000,50,34.894
598,2001,50,36.598
598,2002,50,38.152
598,2003,50,39.873
598,2004,50,41.582
598,2005,50,43.576
598,2006,50,46.008
598,2007,50,48.75
598,2008,50,51.768
598,2009,50,54.674
598,2010,50,57.498
598,2011,50,60.436
598,2012,50,63.452
598,2013,50,66.294
598,2014,50,69.001
598,2015,50,71.613
598,2016,50,74.067
598,2017,50,76.438
598,2018,50,78.733
598,2019,50,81.169
598,2020,50,83.757
598,2021,50,86.431
598,2022,50,89.483
598,2023,50,92.665
90,1950,50,0.657
90,1951,50,0.669
90,1952,50,0.682
90,1953,50,0.695
90,1954,50,0.708
90,1955,50,0.721
90,1956,50,0.735
90,1957,50,0.749
90,1958,50,0.765
90,1959,50,0.782
90,1960,50,0.801
90,1961,50,0.823
90,1962,50,0.846
90,1963,50,0.87
90,1964,50,0.896
90,1965,50,0.923
90,1966,50,0.951
90,1967,50,0.981
90,1968,50,1.01
90,1969,50,1.04
90,1970,50,1.069
90,1971,50,1.095
90,1972,50,1.117
90,1973,50,1.137
90,1974,50,1.156
90,1975,50,1.175
90,1976,50,1.196
90,1977,50,1.241
90,1978,50,1.29
90,1979,50,1.337
90,1980,50,1.382
90,1981,50,1.425
90,1982,50,1.466
90,1983,50,1.505
90,1984,50,1.545
90,1985,50,1.586
90,1986,50,1.629
90,1987,50,1.675
90,1988,50,1.725
90,1989,50,1.779
90,1990,50,1.837
90,1991,50,1.898
90,1992,50,1.96
90,1993,50,2.023
90,1994,50,2.086
90,1995,50,2.15
90,1996,50,2.214
90,1997,50,2.279
90,1998,50,2.347
90,1999,50,2.417
90,2000,50,2.483
90,2001,50,2.546
90,2002,50,2.62
90,2003,50,2.692
90,2004,50,2.754
90,2005,50,2.803
90,2006,50,2.852
90,2007,50,2.926
90,2008,50,3.041
90,2009,50,3.208
90,2010,50,3.43
90,2011,50,3.677
90,2012,50,3.877
90,2013,50,4.041
90,2014,50,4.184
90,2015,50,4.337
90,2016,50,4.544
90,2017,50,4.825
90,2018,50,5.164
90,2019,50,5.537
90,2020,50,5.85
90,2021,50,6.178
90,2022,50,6.48
90,2023,50,6.758
548,1950,50,0.298
548,1951,50,0.302
548,1952,50,0.314
548,1953,50,0.328
548,1954,50,0.331
548,1955,50,0.33
548,1956,50,0.331
548,1957,50,0.333
548,1958,50,0.338
548,1959,50,0.347
548,1960,50,0.358
548,1961,50,0.372
548,1962,50,0.389
548,1963,50,0.407
548,1964,50,0.424
548,1965,50,0.441
548,1966,50,0.458
548,1967,50,0.474
548,1968,50,0.489
548,1969,50,0.49
548,1970,50,0.492
548,1971,50,0.497
548,1972,50,0.503
548,1973,50,0.511
548,1974,50,0.523
548,1975,50,0.54
548,1976,50,0.561
548,1977,50,0.583
548,1978,50,0.606
548,1979,50,0.629
548,1980,50,0.48
548,1981,50,0.487
548,1982,50,0.496
548,1983,50,0.507
548,1984,50,0.523
548,1985,50,0.545
548,1986,50,0.571
548,1987,50,0.601
548,1988,50,0.637
548,1989,50,0.673
548,1990,50,0.71
548,1991,50,0.751
548,1992,50,0.791
548,1993,50,0.835
548,1994,50,0.883
548,1995,50,0.934
548,1996,50,0.984
548,1997,50,1.041
548,1998,50,1.122
548,1999,50,1.185
548,2000,50,1.217
548,2001,50,1.279
548,2002,50,1.358
548,2003,50,1.437
548,2004,50,1.51
548,2005,50,1.577
548,2006,50,1.638
548,2007,50,1.695
548,2008,50,1.746
548,2009,50,1.794
548,2010,50,1.84
548,2011,50,1.866
548,2012,50,1.901
548,2013,50,1.945
548,2014,50,1.997
548,2015,50,2.056
548,2016,50,2.088
548,2017,50,2.077
548,2018,50,2.116
548,2019,50,2.209
548,2020,50,2.304
548,2021,50,2.423
548,2022,50,2.539
548,2023,50,2.648
316,1950,50,0.314
316,1951,50,0.339
316,1952,50,0.36
316,1953,50,0.374
316,1954,50,0.383
316,1955,50,0.388
316,1956,50,0.391
316,1957,50,0.398
316,1958,50,0.408
316,1959,50,0.423
316,1960,50,0.441
316,1961,50,0.467
316,1962,50,0.49
316,1963,50,0.505
316,1964,50,0.512
316,1965,50,0.512
316,1966,50,0.511
316,1967,50,0.516
316,1968,50,0.529
316,1969,50,0.547
316,1970,50,0.571
316,1971,50,0.613
316,1972,50,0.658
316,1973,50,0.7
316,1974,50,0.75
316,1975,50,0.812
316,1976,50,0.854
316,1977,50,0.881
316,1978,50,0.879
316,1979,50,0.841
316,1980,50,0.82
316,1981,50,0.819
316,1982,50,0.852
316,1983,50,0.881
316,1984,50,0.865
316,1985,50,0.879
316,1986,50,0.928
316,1987,50,0.974
316,1988,50,0.994
316,1989,50,1.03
316,1990,50,1.086
316,1991,50,1.093
316,1992,50,1.067
316,1993,50,1.08
316,1994,50,1.142
316,1995,50,1.241
316,1996,50,1.368
316,1997,50,1.491
316,1998,50,1.591
316,1999,50,1.673
316,2000,50,1.723
316,2001,50,1.75
316,2002,50,1.766
316,2003,50,1.784
316,2004,50,1.812
316,2005,50,1.843
316,2006,50,1.879
316,2007,50,1.921
316,2008,50,1.972
316,2009,50,2.029
316,2010,50,2.084
316,2011,50,2.144
316,2012,50,2.193
316,2013,50,2.224
316,2014,50,2.236
316,2015,50,2.228
316,2016,50,2.204
316,2017,50,2.173
316,2018,50,2.137
316,2019,50,2.102
316,2020,50,2.067
316,2021,50,2.056
316,2022,50,2.034
316,2023,50,1.998
296,1950,50,0.319
296,1951,50,0.321
296,1952,50,0.322
296,1953,50,0.323
296,1954,50,0.323
296,1955,50,0.324
296,1956,50,0.327
296,1957,50,0.33
296,1958,50,0.335
296,1959,50,0.34
296,1960,50,0.346
296,1961,50,0.351
296,1962,50,0.356
296,1963,50,0.36
296,1964,50,0.364
296,1965,50,0.368
296,1966,50,0.373
296,1967,50,0.379
296,1968,50,0.387
296,1969,50,0.392
296,1970,50,0.399
296,1971,50,0.406
296,1972,50,0.411
296,1973,50,0.418
296,1974,50,0.436
296,1975,50,0.436
296,1976,50,0.432
296,1977,50,0.429
296,1978,50,0.436
296,1979,50,0.446
296,1980,50,0.451
296,1981,50,0.459
296,1982,50,0.455
296,1983,50,0.446
296,1984,50,0.429
296,1985,50,0.414
296,1986,50,0.417
296,1987,50,0.433
296,1988,50,0.454
296,1989,50,0.481
296,1990,50,0.51
296,1991,50,0.533
296,1992,50,0.537
296,1993,50,0.535
296,1994,50,0.527
296,1995,50,0.524
296,1996,50,0.534
296,1997,50,0.554
296,1998,50,0.58
296,1999,50,0.607
296,2000,50,0.631
296,2001,50,0.649
296,2002,50,0.662
296,2003,50,0.672
296,2004,50,0.684
296,2005,50,0.706
296,2006,50,0.737
296,2007,50,0.774
296,2008,50,0.83
296,2009,50,0.893
296,2010,50,0.951
296,2011,50,0.998
296,2012,50,1.054
296,2013,50,1.097
296,2014,50,1.124
296,2015,50,1.145
296,2016,50,1.168
296,2017,50,1.169
296,2018,50,1.142
296,2019,50,1.103
296,2020,50,1.064
296,2021,50,1.038
296,2022,50,1.023
296,2023,50,1.02
584,1950,50,0.092
584,1951,50,0.101
584,1952,50,0.107
584,1953,50,0.107
584,1954,50,0.105
584,1955,50,0.103
584,1956,50,0.102
584,1957,50,0.1
584,1958,50,0.102
584,1959,50,0.1
584,1960,50,0.103
584,1961,50,0.107
584,1962,50,0.108
584,1963,50,0.109
584,1964,50,0.11
584,1965,50,0.111
584,1966,50,0.114
584,1967,50,0.116
584,1968,50,0.126
584,1969,50,0.142
584,1970,50,0.165
584,1971,50,0.181
584,1972,50,0.176
584,1973,50,0.163
584,1974,50,0.145
584,1975,50,0.145
584,1976,50,0.149
584,1977,50,0.152
584,1978,50,0.153
584,1979,50,0.159
584,1980,50,0.161
584,1981,50,0.162
584,1982,50,0.157
584,1983,50,0.151
584,1984,50,0.152
584,1985,50,0.156
584,1986,50,0.157
584,1987,50,0.162
584,1988,50,0.165
584,1989,50,0.167
584,1990,50,0.17
584,1991,50,0.178
584,1992,50,0.184
584,1993,50,0.195
584,1994,50,0.213
584,1995,50,0.229
584,1996,50,0.252
584,1997,50,0.283
584,1998,50,0.314
584,1999,50,0.339
584,2000,50,0.36
584,2001,50,0.372
584,2002,50,0.373
584,2003,50,0.387
584,2004,50,0.405
584,2005,50,0.413
584,2006,50,0.409
584,2007,50,0.398
584,2008,50,0.396
584,2009,50,0.4
584,2010,50,0.404
584,2011,50,0.4
584,2012,50,0.396
584,2013,50,0.413
584,2014,50,0.432
584,2015,50,0.435
584,2016,50,0.425
584,2017,50,0.409
584,2018,50,0.406
584,2019,50,0.41
584,2020,50,0.406
584,2021,50,0.404
584,2022,50,0.397
584,2023,50,0.391
583,1950,50,0.231
583,1951,50,0.234
583,1952,50,0.239
583,1953,50,0.245
583,1954,50,0.249
583,1955,50,0.255
583,1956,50,0.26
583,1957,50,0.266
583,1958,50,0.272
583,1959,50,0.277
583,1960,50,0.282
583,1961,50,0.289
583,1962,50,0.297
583,1963,50,0.305
583,1964,50,0.311
583,1965,50,0.318
583,1966,50,0.327
583,1967,50,0.335
583,1968,50,0.342
583,1969,50,0.349
583,1970,50,0.358
583,1971,50,0.365
583,1972,50,0.371
583,1973,50,0.377
583,1974,50,0.383
583,1975,50,0.39
583,1976,50,0.391
583,1977,50,0.394
583,1978,50,0.401
583,1979,50,0.414
583,1980,50,0.426
583,1981,50,0.437
583,1982,50,0.445
583,1983,50,0.453
583,1984,50,0.46
583,1985,50,0.467
583,1986,50,0.473
583,1987,50,0.48
583,1988,50,0.486
583,1989,50,0.487
583,1990,50,0.49
583,1991,50,0.495
583,1992,50,0.502
583,1993,50,0.503
583,1994,50,0.525
583,1995,50,0.573
583,1996,50,0.616
583,1997,50,0.669
583,1998,50,0.729
583,1999,50,0.785
583,2000,50,0.83
583,2001,50,0.856
583,2002,50,0.874
583,2003,50,0.897
583,2004,50,0.933
583,2005,50,0.98
583,2006,50,0.999
583,2007,50,0.982
583,2008,50,0.969
583,2009,50,1.001
583,2010,50,1.054
583,2011,50,1.007
583,2012,50,0.97
583,2013,50,1.001
583,2014,50,1.005
583,2015,50,1.018
583,2016,50,1.0
583,2017,50,0.957
583,2018,50,0.951
583,2019,50,0.984
583,2020,50,0.988
583,2021,50,0.923
583,2022,50,0.905
583,2023,50,0.948
520,1950,50,0.02
520,1951,50,0.021
520,1952,50,0.023
520,1953,50,0.024
520,1954,50,0.024
520,1955,50,0.023
520,1956,50,0.026
520,1957,50,0.028
520,1958,50,0.029
520,1959,50,0.032
520,1960,50,0.03
520,1961,50,0.028
520,1962,50,0.031
520,1963,50,0.033
520,1964,50,0.039
520,1965,50,0.043
520,1966,50,0.042
520,1967,50,0.046
520,1968,50,0.047
520,1969,50,0.06
520,1970,50,0.072
520,1971,50,0.077
520,1972,50,0.079
520,1973,50,0.078
520,1974,50,0.082
520,1975,50,0.091
520,1976,50,0.096
520,1977,50,0.099
520,1978,50,0.098
520,1979,50,0.093
520,1980,50,0.088
520,1981,50,0.084
520,1982,50,0.079
520,1983,50,0.076
520,1984,50,0.072
520,1985,50,0.071
520,1986,50,0.075
520,1987,50,0.076
520,1988,50,0.07
520,1989,50,0.065
520,1990,50,0.06
520,1991,50,0.059
520,1992,50,0.062
520,1993,50,0.061
520,1994,50,0.057
520,1995,50,0.057
520,1996,50,0.064
520,1997,50,0.07
520,1998,50,0.069
520,1999,50,0.074
520,2000,50,0.081
520,2001,50,0.086
520,2002,50,0.083
520,2003,50,0.085
520,2004,50,0.093
520,2005,50,0.088
520,2006,50,0.087
520,2007,50,0.096
520,2008,50,0.1
520,2009,50,0.093
520,2010,50,0.089
520,2011,50,0.088
520,2012,50,0.086
520,2013,50,0.09
520,2014,50,0.097
520,2015,50,0.097
520,2016,50,0.095
520,2017,50,0.091
520,2018,50,0.082
520,2019,50,0.081
520,2020,50,0.081
520,2021,50,0.075
520,2022,50,0.077
520,2023,50,0.09
580,1950,50,0.047
580,1951,50,0.048
580,1952,50,0.049
580,1953,50,0.051
580,1954,50,0.052
580,1955,50,0.052
580,1956,50,0.053
580,1957,50,0.053
580,1958,50,0.05
580,1959,50,0.053
580,1960,50,0.056
580,1961,50,0.057
580,1962,50,0.06
580,1963,50,0.059
580,1964,50,0.057
580,1965,50,0.062
580,1966,50,0.062
580,1967,50,0.062
580,1968,50,0.062
580,1969,50,0.058
580,1970,50,0.056
580,1971,50,0.062
580,1972,50,0.074
580,1973,50,0.085
580,1974,50,0.09
580,1975,50,0.089
580,1976,50,0.089
580,1977,50,0.094
580,1978,50,0.099
580,1979,50,0.106
580,1980,50,0.109
580,1981,50,0.117
580,1982,50,0.126
580,1983,50,0.141
580,1984,50,0.158
580,1985,50,0.174
580,1986,50,0.198
580,1987,50,0.217
580,1988,50,0.235
580,1989,50,0.263
580,1990,50,0.293
580,1991,50,0.302
580,1992,50,0.31
580,1993,50,0.32
580,1994,50,0.336
580,1995,50,0.365
580,1996,50,0.402
580,1997,50,0.449
580,1998,50,0.5
580,1999,50,0.548
580,2000,50,0.594
580,2001,50,0.631
580,2002,50,0.663
580,2003,50,0.702
580,2004,50,0.743
580,2005,50,0.798
580,2006,50,0.854
580,2007,50,0.889
580,2008,50,0.916
580,2009,50,0.932
580,2010,50,0.926
580,2011,50,0.917
580,2012,50,0.915
580,2013,50,0.919
580,2014,50,0.929
580,2015,50,0.935
580,2016,50,0.937
580,2017,50,0.931
580,2018,50,0.912
580,2019,50,0.881
580,2020,50,0.837
580,2021,50,0.813
580,2022,50,0.787
580,2023,50,0.758
585,1950,50,0.044
585,1951,50,0.046
585,1952,50,0.048
585,1953,50,0.05
585,1954,50,0.052
585,1955,50,0.054
585,1956,50,0.053
585,1957,50,0.051
585,1958,50,0.049
585,1959,50,0.051
585,1960,50,0.049
585,1961,50,0.047
585,1962,50,0.055
585,1963,50,0.065
585,1964,50,0.067
585,1965,50,0.072
585,1966,50,0.082
585,1967,50,0.082
585,1968,50,0.081
585,1969,50,0.083
585,1970,50,0.085
585,1971,50,0.083
585,1972,50,0.085
585,1973,50,0.089
585,1974,50,0.087
585,1975,50,0.088
585,1976,50,0.091
585,1977,50,0.083
585,1978,50,0.075
585,1979,50,0.075
585,1980,50,0.074
585,1981,50,0.069
585,1982,50,0.069
585,1983,50,0.07
585,1984,50,0.075
585,1985,50,0.075
585,1986,50,0.078
585,1987,50,0.097
585,1988,50,0.106
585,1989,50,0.113
585,1990,50,0.12
585,1991,50,0.118
585,1992,50,0.126
585,1993,50,0.132
585,1994,50,0.133
585,1995,50,0.142
585,1996,50,0.158
585,1997,50,0.17
585,1998,50,0.183
585,1999,50,0.2
585,2000,50,0.209
585,2001,50,0.221
585,2002,50,0.233
585,2003,50,0.249
585,2004,50,0.265
585,2005,50,0.27
585,2006,50,0.275
585,2007,50,0.276
585,2008,50,0.276
585,2009,50,0.277
585,2010,50,0.276
585,2011,50,0.276
585,2012,50,0.276
585,2013,50,0.278
585,2014,50,0.285
585,2015,50,0.292
585,2016,50,0.3
585,2017,50,0.298
585,2018,50,0.289
585,2019,50,0.285
585,2020,50,0.284
585,2021,50,0.284
585,2022,50,0.283
585,2023,50,0.287
16,1950,50,0.112
16,1951,50,0.115
16,1952,50,0.116
16,1953,50,0.113
16,1954,50,0.107
16,1955,50,0.106
16,1956,50,0.108
16,1957,50,0.105
16,1958,50,0.106
16,1959,50,0.107
16,1960,50,0.111
16,1961,50,0.122
16,1962,50,0.129
16,1963,50,0.136
16,1964,50,0.144
16,1965,50,0.15
16,1966,50,0.15
16,1967,50,0.155
16,1968,50,0.163
16,1969,50,0.165
16,1970,50,0.168
16,1971,50,0.171
16,1972,50,0.171
16,1973,50,0.177
16,1974,50,0.186
16,1975,50,0.201
16,1976,50,0.213
16,1977,50,0.216
16,1978,50,0.221
16,1979,50,0.222
16,1980,50,0.224
16,1981,50,0.227
16,1982,50,0.222
16,1983,50,0.228
16,1984,50,0.239
16,1985,50,0.253
16,1986,50,0.27
16,1987,50,0.286
16,1988,50,0.303
16,1989,50,0.313
16,1990,50,0.318
16,1991,50,0.322
16,1992,50,0.327
16,1993,50,0.333
16,1994,50,0.341
16,1995,50,0.361
16,1996,50,0.384
16,1997,50,0.402
16,1998,50,0.427
16,1999,50,0.446
16,2000,50,0.461
16,2001,50,0.477
16,2002,50,0.49
16,2003,50,0.502
16,2004,50,0.518
16,2005,50,0.528
16,2006,50,0.535
16,2007,50,0.544
16,2008,50,0.558
16,2009,50,0.584
16,2010,50,0.604
16,2011,50,0.618
16,2012,50,0.627
16,2013,50,0.637
16,2014,50,0.647
16,2015,50,0.65
16,2016,50,0.653
16,2017,50,0.647
16,2018,50,0.646
16,2019,50,0.651
16,2020,50,0.639
16,2021,50,0.618
16,2022,50,0.61
16,2023,50,0.602
184,1950,50,0.095
184,1951,50,0.091
184,1952,50,0.091
184,1953,50,0.092
184,1954,50,0.096
184,1955,50,0.1
184,1956,50,0.1
184,1957,50,0.1
184,1958,50,0.103
184,1959,50,0.104
184,1960,50,0.108
184,1961,50,0.114
184,1962,50,0.116
184,1963,50,0.116
184,1964,50,0.12
184,1965,50,0.122
184,1966,50,0.121
184,1967,50,0.117
184,1968,50,0.118
184,1969,50,0.12
184,1970,50,0.121
184,1971,50,0.122
184,1972,50,0.123
184,1973,50,0.124
184,1974,50,0.125
184,1975,50,0.123
184,1976,50,0.122
184,1977,50,0.117
184,1978,50,0.116
184,1979,50,0.119
184,1980,50,0.12
184,1981,50,0.124
184,1982,50,0.132
184,1983,50,0.137
184,1984,50,0.135
184,1985,50,0.13
184,1986,50,0.133
184,1987,50,0.133
184,1988,50,0.133
184,1989,50,0.134
184,1990,50,0.138
184,1991,50,0.142
184,1992,50,0.141
184,1993,50,0.138
184,1994,50,0.139
184,1995,50,0.146
184,1996,50,0.146
184,1997,50,0.141
184,1998,50,0.149
184,1999,50,0.151
184,2000,50,0.138
184,2001,50,0.137
184,2002,50,0.137
184,2003,50,0.132
184,2004,50,0.142
184,2005,50,0.147
184,2006,50,0.147
184,2007,50,0.159
184,2008,50,0.175
184,2009,50,0.191
184,2010,50,0.205
184,2011,50,0.221
184,2012,50,0.239
184,2013,50,0.248
184,2014,50,0.253
184,2015,50,0.255
184,2016,50,0.251
184,2017,50,0.245
184,2018,50,0.231
184,2019,50,0.223
184,2020,50,0.213
184,2021,50,0.204
184,2022,50,0.201
184,2023,50,0.195
258,1950,50,0.373
258,1951,50,0.402
258,1952,50,0.439
258,1953,50,0.476
258,1954,50,0.506
258,1955,50,0.528
258,1956,50,0.543
258,1957,50,0.552
258,1958,50,0.562
258,1959,50,0.584
258,1960,50,0.611
258,1961,50,0.639
258,1962,50,0.66
258,1963,50,0.672
258,1964,50,0.679
258,1965,50,0.679
258,1966,50,0.673
258,1967,50,0.664
258,1968,50,0.661
258,1969,50,0.671
258,1970,50,0.697
258,1971,50,0.735
258,1972,50,0.765
258,1973,50,0.796
258,1974,50,0.83
258,1975,50,0.867
258,1976,50,0.904
258,1977,50,0.94
258,1978,50,0.977
258,1979,50,1.02
258,1980,50,1.069
258,1981,50,1.12
258,1982,50,1.171
258,1983,50,1.217
258,1984,50,1.258
258,1985,50,1.299
258,1986,50,1.342
258,1987,50,1.386
258,1988,50,1.43
258,1989,50,1.47
258,1990,50,1.506
258,1991,50,1.553
258,1992,50,1.602
258,1993,50,1.656
258,1994,50,1.709
258,1995,50,1.757
258,1996,50,1.824
258,1997,50,1.846
258,1998,50,1.89
258,1999,50,1.995
258,2000,50,2.021
258,2001,50,1.997
258,2002,50,2.271
258,2003,50,2.552
258,2004,50,2.581
258,2005,50,2.723
258,2006,50,2.896
258,2007,50,2.922
258,2008,50,2.869
258,2009,50,2.993
258,2010,50,3.115
258,2011,50,3.186
258,2012,50,3.309
258,2013,50,3.443
258,2014,50,3.581
258,2015,50,3.66
258,2016,50,3.715
258,2017,50,3.915
258,2018,50,4.003
258,2019,50,3.9
258,2020,50,3.871
258,2021,50,3.902
258,2022,50,3.907
258,2023,50,3.872
570,1950,50,0.039
570,1951,50,0.038
570,1952,50,0.036
570,1953,50,0.036
570,1954,50,0.036
570,1955,50,0.034
570,1956,50,0.034
570,1957,50,0.036
570,1958,50,0.036
570,1959,50,0.036
570,1960,50,0.035
570,1961,50,0.03
570,1962,50,0.029
570,1963,50,0.031
570,1964,50,0.03
570,1965,50,0.031
570,1966,50,0.033
570,1967,50,0.034
570,1968,50,0.033
570,1969,50,0.032
570,1970,50,0.031
570,1971,50,0.031
570,1972,50,0.031
570,1973,50,0.031
570,1974,50,0.029
570,1975,50,0.026
570,1976,50,0.025
570,1977,50,0.021
570,1978,50,0.016
570,1979,50,0.017
570,1980,50,0.024
570,1981,50,0.028
570,1982,50,0.026
570,1983,50,0.025
570,1984,50,0.023
570,1985,50,0.023
570,1986,50,0.023
570,1987,50,0.021
570,1988,50,0.027
570,1989,50,0.031
570,1990,50,0.029
570,1991,50,0.026
570,1992,50,0.026
570,1993,50,0.024
570,1994,50,0.02
570,1995,50,0.017
570,1996,50,0.017
570,1997,50,0.019
570,1998,50,0.022
570,1999,50,0.024
570,2000,50,0.019
570,2001,50,0.02
570,2002,50,0.027
570,2003,50,0.028
570,2004,50,0.029
570,2005,50,0.028
570,2006,50,0.025
570,2007,50,0.026
570,2008,50,0.03
570,2009,50,0.03
570,2010,50,0.03
570,2011,50,0.026
570,2012,50,0.021
570,2013,50,0.02
570,2014,50,0.019
570,2015,50,0.021
570,2016,50,0.019
570,2017,50,0.022
570,2018,50,0.021
570,2019,50,0.015
570,2020,50,0.018
570,2021,50,0.024
570,2022,50,0.026
570,2023,50,0.024
882,1950,50,0.438
882,1951,50,0.454
882,1952,50,0.471
882,1953,50,0.487
882,1954,50,0.502
882,1955,50,0.516
882,1956,50,0.527
882,1957,50,0.538
882,1958,50,0.546
882,1959,50,0.558
882,1960,50,0.571
882,1961,50,0.588
882,1962,50,0.608
882,1963,50,0.628
882,1964,50,0.647
882,1965,50,0.666
882,1966,50,0.685
882,1967,50,0.708
882,1968,50,0.74
882,1969,50,0.77
882,1970,50,0.796
882,1971,50,0.816
882,1972,50,0.83
882,1973,50,0.843
882,1974,50,0.864
882,1975,50,0.922
882,1976,50,0.982
882,1977,50,1.025
882,1978,50,1.038
882,1979,50,1.048
882,1980,50,1.052
882,1981,50,1.045
882,1982,50,1.026
882,1983,50,1.016
882,1984,50,1.024
882,1985,50,1.038
882,1986,50,1.05
882,1987,50,1.053
882,1988,50,1.049
882,1989,50,1.05
882,1990,50,1.052
882,1991,50,1.041
882,1992,50,1.019
882,1993,50,1.01
882,1994,50,1.007
882,1995,50,1.027
882,1996,50,1.05
882,1997,50,1.055
882,1998,50,1.072
882,1999,50,1.107
882,2000,50,1.121
882,2001,50,1.094
882,2002,50,1.191
882,2003,50,1.295
882,2004,50,1.367
882,2005,50,1.43
882,2006,50,1.481
882,2007,50,1.541
882,2008,50,1.57
882,2009,50,1.632
882,2010,50,1.704
882,2011,50,1.638
882,2012,50,1.687
882,2013,50,1.787
882,2014,50,1.743
882,2015,50,1.744
882,2016,50,1.79
882,2017,50,1.821
882,2018,50,1.869
882,2019,50,1.947
882,2020,50,2.041
882,2021,50,2.115
882,2022,50,2.056
882,2023,50,1.998
772,1950,50,0.015
772,1951,50,0.016
772,1952,50,0.014
772,1953,50,0.012
772,1954,50,0.012
772,1955,50,0.011
772,1956,50,0.011
772,1957,50,0.011
772,1958,50,0.01
772,1959,50,0.01
772,1960,50,0.01
772,1961,50,0.01
772,1962,50,0.013
772,1963,50,0.013
772,1964,50,0.012
772,1965,50,0.014
772,1966,50,0.013
772,1967,50,0.012
772,1968,50,0.013
772,1969,50,0.015
772,1970,50,0.015
772,1971,50,0.014
772,1972,50,0.015
772,1973,50,0.016
772,1974,50,0.016
772,1975,50,0.013
772,1976,50,0.011
772,1977,50,0.012
772,1978,50,0.013
772,1979,50,0.013
772,1980,50,0.015
772,1981,50,0.017
772,1982,50,0.015
772,1983,50,0.012
772,1984,50,0.01
772,1985,50,0.012
772,1986,50,0.013
772,1987,50,0.012
772,1988,50,0.012
772,1989,50,0.012
772,1990,50,0.014
772,1991,50,0.017
772,1992,50,0.017
772,1993,50,0.018
772,1994,50,0.017
772,1995,50,0.012
772,1996,50,0.01
772,1997,50,0.009
772,1998,50,0.012
772,1999,50,0.014
772,2000,50,0.013
772,2001,50,0.015
772,2002,50,0.018
772,2003,50,0.018
772,2004,50,0.014
772,2005,50,0.012
772,2006,50,0.016
772,2007,50,0.022
772,2008,50,0.025
772,2009,50,0.028
772,2010,50,0.026
772,2011,50,0.023
772,2012,50,0.02
772,2013,50,0.021
772,2014,50,0.023
772,2015,50,0.023
772,2016,50,0.023
772,2017,50,0.021
772,2018,50,0.021
772,2019,50,0.024
772,2020,50,0.026
772,2021,50,0.023
772,2022,50,0.017
772,2023,50,0.016
776,1950,50,0.3
776,1951,50,0.307
776,1952,50,0.312
776,1953,50,0.318
776,1954,50,0.323
776,1955,50,0.329
776,1956,50,0.335
776,1957,50,0.341
776,1958,50,0.347
776,1959,50,0.354
776,1960,50,0.363
776,1961,50,0.374
776,1962,50,0.387
776,1963,50,0.402
776,1964,50,0.418
776,1965,50,0.435
776,1966,50,0.453
776,1967,50,0.473
776,1968,50,0.491
776,1969,50,0.508
776,1970,50,0.525
776,1971,50,0.542
776,1972,50,0.56
776,1973,50,0.577
776,1974,50,0.594
776,1975,50,0.611
776,1976,50,0.628
776,1977,50,0.648
776,1978,50,0.662
776,1979,50,0.676
776,1980,50,0.688
776,1981,50,0.695
776,1982,50,0.694
776,1983,50,0.684
776,1984,50,0.679
776,1985,50,0.68
776,1986,50,0.677
776,1987,50,0.676
776,1988,50,0.69
776,1989,50,0.705
776,1990,50,0.704
776,1991,50,0.697
776,1992,50,0.673
776,1993,50,0.646
776,1994,50,0.655
776,1995,50,0.679
776,1996,50,0.696
776,1997,50,0.697
776,1998,50,0.687
776,1999,50,0.673
776,2000,50,0.669
776,2001,50,0.682
776,2002,50,0.701
776,2003,50,0.713
776,2004,50,0.728
776,2005,50,0.736
776,2006,50,0.732
776,2007,50,0.738
776,2008,50,0.756
776,2009,50,0.789
776,2010,50,0.82
776,2011,50,0.821
776,2012,50,0.814
776,2013,50,0.81
776,2014,50,0.829
776,2015,50,0.902
776,2016,50,0.986
776,2017,50,0.979
776,2018,50,1.003
776,2019,50,1.062
776,2020,50,1.072
776,2021,50,1.043
776,2022,50,1.0
776,2023,50,0.955
798,1950,50,0.033
798,1951,50,0.035
798,1952,50,0.036
798,1953,50,0.037
798,1954,50,0.036
798,1955,50,0.035
798,1956,50,0.036
798,1957,50,0.037
798,1958,50,0.038
798,1959,50,0.039
798,1960,50,0.04
798,1961,50,0.041
798,1962,50,0.041
798,1963,50,0.043
798,1964,50,0.046
798,1965,50,0.047
798,1966,50,0.047
798,1967,50,0.046
798,1968,50,0.045
798,1969,50,0.042
798,1970,50,0.041
798,1971,50,0.042
798,1972,50,0.043
798,1973,50,0.046
798,1974,50,0.045
798,1975,50,0.05
798,1976,50,0.055
798,1977,50,0.058
798,1978,50,0.061
798,1979,50,0.063
798,1980,50,0.064
798,1981,50,0.064
798,1982,50,0.063
798,1983,50,0.063
798,1984,50,0.064
798,1985,50,0.068
798,1986,50,0.066
798,1987,50,0.064
798,1988,50,0.066
798,1989,50,0.07
798,1990,50,0.072
798,1991,50,0.072
798,1992,50,0.074
798,1993,50,0.068
798,1994,50,0.062
798,1995,50,0.061
798,1996,50,0.065
798,1997,50,0.072
798,1998,50,0.078
798,1999,50,0.087
798,2000,50,0.094
798,2001,50,0.096
798,2002,50,0.101
798,2003,50,0.104
798,2004,50,0.105
798,2005,50,0.104
798,2006,50,0.105
798,2007,50,0.11
798,2008,50,0.123
798,2009,50,0.132
798,2010,50,0.136
798,2011,50,0.141
798,2012,50,0.133
798,2013,50,0.124
798,2014,50,0.123
798,2015,50,0.121
798,2016,50,0.122
798,2017,50,0.122
798,2018,50,0.118
798,2019,50,0.113
798,2020,50,0.109
798,2021,50,0.104
798,2022,50,0.099
798,2023,50,0.095
876,1950,50,0.042
876,1951,50,0.044
876,1952,50,0.046
876,1953,50,0.047
876,1954,50,0.048
876,1955,50,0.048
876,1956,50,0.047
876,1957,50,0.048
876,1958,50,0.047
876,1959,50,0.045
876,1960,50,0.044
876,1961,50,0.041
876,1962,50,0.037
876,1963,50,0.038
876,1964,50,0.037
876,1965,50,0.039
876,1966,50,0.048
876,1967,50,0.058
876,1968,50,0.065
876,1969,50,0.068
876,1970,50,0.07
876,1971,50,0.07
876,1972,50,0.068
876,1973,50,0.066
876,1974,50,0.065
876,1975,50,0.065
876,1976,50,0.068
876,1977,50,0.066
876,1978,50,0.063
876,1979,50,0.061
876,1980,50,0.063
876,1981,50,0.069
876,1982,50,0.07
876,1983,50,0.075
876,1984,50,0.08
876,1985,50,0.078
876,1986,50,0.082
876,1987,50,0.086
876,1988,50,0.09
876,1989,50,0.097
876,1990,50,0.101
876,1991,50,0.104
876,1992,50,0.099
876,1993,50,0.093
876,1994,50,0.098
876,1995,50,0.117
876,1996,50,0.136
876,1997,50,0.132
876,1998,50,0.134
876,1999,50,0.137
876,2000,50,0.142
876,2001,50,0.144
876,2002,50,0.145
876,2003,50,0.146
876,2004,50,0.141
876,2005,50,0.146
876,2006,50,0.141
876,2007,50,0.136
876,2008,50,0.153
876,2009,50,0.161
876,2010,50,0.158
876,2011,50,0.156
876,2012,50,0.155
876,2013,50,0.16
876,2014,50,0.152
876,2015,50,0.14
876,2016,50,0.134
876,2017,50,0.141
876,2018,50,0.162
876,2019,50,0.176
876,2020,50,0.174
876,2021,50,0.176
876,2022,50,0.186
876,2023,50,0.182
108,2024,50,76.214
108,2025,50,82.697
108,2026,50,89.01
108,2027,50,94.957
108,2028,50,101.828
108,2029,50,109.836
108,2030,50,116.824
108,2031,50,126.422
108,2032,50,134.783
108,2033,50,139.01
108,2034,50,143.021
108,2035,50,145.896
108,2036,50,148.001
108,2037,50,149.641
108,2038,50,152.042
108,2039,50,154.023
108,2040,50,155.064
108,2041,50,155.909
108,2042,50,156.694
108,2043,50,159.972
108,2044,50,146.04
108,2045,50,145.935
108,2046,50,163.19
108,2047,50,160.701
108,2048,50,159.256
108,2049,50,165.728
108,2050,50,175.537
108,2051,50,184.85
108,2052,50,196.092
108,2053,50,208.565
108,2054,50,221.732
108,2055,50,236.751
108,2056,50,251.476
108,2057,50,265.253
108,2058,50,278.912
108,2059,50,293.827
108,2060,50,311.027
108,2061,50,323.532
108,2062,50,329.289
108,2063,50,335.161
108,2064,50,341.039
108,2065,50,345.348
108,2066,50,342.902
108,2067,50,337.207
108,2068,50,335.722
108,2069,50,338.178
108,2070,50,342.761
108,2071,50,345.889
108,2072,50,348.255
108,2073,50,351.335
108,2074,50,355.599
108,2075,50,359.307
108,2076,50,362.374
108,2077,50,366.3
108,2078,50,372.131
108,2079,50,379.311
108,2080,50,387.347
108,2081,50,395.687
108,2082,50,404.331
108,2083,50,413.292
108,2084,50,420.059
108,2085,50,426.715
108,2086,50,433.602
108,2087,50,439.228
108,2088,50,445.669
108,2089,50,451.903
108,2090,50,457.422
108,2091,50,462.2
108,2092,50,466.226
108,2093,50,469.39
108,2094,50,471.814
108,2095,50,473.686
108,2096,50,474.476
108,2097,50,474.379
108,2098,50,473.881
108,2099,50,473.107
108,2100,50,472.512
174,2024,50,6.85
174,2025,50,7.114
174,2026,50,7.425
174,2027,50,7.775
174,2028,50,8.136
174,2029,50,8.471
174,2030,50,8.749
174,2031,50,8.964
174,2032,50,9.117
174,2033,50,9.243
174,2034,50,9.38
174,2035,50,9.551
174,2036,50,9.765
174,2037,50,10.015
174,2038,50,10.259
174,2039,50,10.433
174,2040,50,10.502
174,2041,50,10.463
174,2042,50,10.331
174,2043,50,10.19
174,2044,50,10.174
174,2045,50,10.36
174,2046,50,10.763
174,2047,50,11.373
174,2048,50,12.088
174,2049,50,12.744
174,2050,50,13.238
174,2051,50,13.564
174,2052,50,13.733
174,2053,50,13.794
174,2054,50,13.889
174,2055,50,14.109
174,2056,50,14.423
174,2057,50,14.825
174,2058,50,15.293
174,2059,50,15.774
174,2060,50,16.234
174,2061,50,16.654
174,2062,50,17.019
174,2063,50,17.346
174,2064,50,17.633
174,2065,50,17.89
174,2066,50,18.17
174,2067,50,18.493
174,2068,50,18.794
174,2069,50,19.028
174,2070,50,19.246
174,2071,50,19.43
174,2072,50,19.593
174,2073,50,19.773
174,2074,50,19.951
174,2075,50,20.085
174,2076,50,20.195
174,2077,50,20.321
174,2078,50,20.469
174,2079,50,20.624
174,2080,50,20.775
174,2081,50,20.929
174,2082,50,21.1
174,2083,50,21.299
174,2084,50,21.51
174,2085,50,21.718
174,2086,50,21.927
174,2087,50,22.132
174,2088,50,22.317
174,2089,50,22.505
174,2090,50,22.714
174,2091,50,22.904
174,2092,50,23.088
174,2093,50,23.268
174,2094,50,23.419
174,2095,50,23.562
174,2096,50,23.698
174,2097,50,23.822
174,2098,50,23.935
174,2099,50,24.016
174,2100,50,24.092
262,2024,50,12.141
262,2025,50,12.457
262,2026,50,12.734
262,2027,50,12.98
262,2028,50,13.181
262,2029,50,13.345
262,2030,50,13.48
262,2031,50,13.593
262,2032,50,13.71
262,2033,50,13.842
262,2034,50,14.003
262,2035,50,14.19
262,2036,50,14.422
262,2037,50,14.691
262,2038,50,14.992
262,2039,50,15.304
262,2040,50,15.655
262,2041,50,15.994
262,2042,50,16.242
262,2043,50,16.47
262,2044,50,16.675
262,2045,50,16.784
262,2046,50,16.824
262,2047,50,16.876
262,2048,50,17.182
262,2049,50,17.782
262,2050,50,18.455
262,2051,50,19.141
262,2052,50,19.834
262,2053,50,20.45
262,2054,50,20.757
262,2055,50,20.802
262,2056,50,20.77
262,2057,50,20.725
262,2058,50,20.674
262,2059,50,20.651
262,2060,50,20.691
262,2061,50,20.696
262,2062,50,20.694
262,2063,50,20.738
262,2064,50,20.79
262,2065,50,20.8
262,2066,50,20.8
262,2067,50,20.86
262,2068,50,20.944
262,2069,50,20.99
262,2070,50,21.036
262,2071,50,21.129
262,2072,50,21.234
262,2073,50,21.328
262,2074,50,21.649
262,2075,50,21.984
262,2076,50,22.113
262,2077,50,22.258
262,2078,50,22.411
262,2079,50,22.563
262,2080,50,22.711
262,2081,50,22.831
262,2082,50,22.92
262,2083,50,22.99
262,2084,50,23.048
262,2085,50,23.093
262,2086,50,23.136
262,2087,50,23.151
262,2088,50,23.136
262,2089,50,23.111
262,2090,50,23.08
262,2091,50,23.042
262,2092,50,22.99
262,2093,50,22.924
262,2094,50,22.858
262,2095,50,22.782
262,2096,50,22.742
262,2097,50,22.716
262,2098,50,22.693
262,2099,50,22.653
262,2100,50,22.627
232,2024,50,24.379
232,2025,50,25.068
232,2026,50,25.911
232,2027,50,26.376
232,2028,50,26.574
232,2029,50,26.839
232,2030,50,27.125
232,2031,50,27.255
232,2032,50,27.023
232,2033,50,26.731
232,2034,50,27.252
232,2035,50,28.644
232,2036,50,30.444
232,2037,50,32.522
232,2038,50,34.004
232,2039,50,34.931
232,2040,50,35.931
232,2041,50,36.988
232,2042,50,38.622
232,2043,50,40.428
232,2044,50,43.44
232,2045,50,46.496
232,2046,50,51.846
232,2047,50,56.313
232,2048,50,56.57
232,2049,50,57.348
232,2050,50,58.859
232,2051,50,60.566
232,2052,50,63.424
232,2053,50,66.681
232,2054,50,70.224
232,2055,50,73.402
232,2056,50,74.766
232,2057,50,75.225
232,2058,50,75.348
232,2059,50,76.797
232,2060,50,77.926
232,2061,50,78.247
232,2062,50,78.373
232,2063,50,77.991
232,2064,50,77.85
232,2065,50,77.219
232,2066,50,76.43
232,2067,50,76.244
232,2068,50,76.397
232,2069,50,77.241
232,2070,50,78.264
232,2071,50,79.442
232,2072,50,80.755
232,2073,50,82.018
232,2074,50,83.927
232,2075,50,86.036
232,2076,50,88.011
232,2077,50,89.93
232,2078,50,91.685
232,2079,50,93.363
232,2080,50,94.894
232,2081,50,96.311
232,2082,50,97.509
232,2083,50,98.558
232,2084,50,99.372
232,2085,50,100.013
232,2086,50,100.49
232,2087,50,100.92
232,2088,50,101.217
232,2089,50,101.357
232,2090,50,101.41
232,2091,50,101.443
232,2092,50,101.363
232,2093,50,101.294
232,2094,50,101.228
232,2095,50,101.218
232,2096,50,101.296
232,2097,50,101.364
232,2098,50,101.505
232,2099,50,101.768
232,2100,50,102.09
231,2024,50,840.783
231,2025,50,871.95
231,2026,50,907.659
231,2027,50,941.486
231,2028,50,974.308
231,2029,50,1006.395
231,2030,50,1036.342
231,2031,50,1060.592
231,2032,50,1077.441
231,2033,50,1094.404
231,2034,50,1133.171
231,2035,50,1198.382
231,2036,50,1275.335
231,2037,50,1356.344
231,2038,50,1424.167
231,2039,50,1481.011
231,2040,50,1544.021
231,2041,50,1609.061
231,2042,50,1677.434
231,2043,50,1744.365
231,2044,50,1803.469
231,2045,50,1857.053
231,2046,50,1910.276
231,2047,50,1964.023
231,2048,50,2012.319
231,2049,50,2068.569
231,2050,50,2132.468
231,2051,50,2203.927
231,2052,50,2286.504
231,2053,50,2365.265
231,2054,50,2447.91
231,2055,50,2536.913
231,2056,50,2607.454
231,2057,50,2657.149
231,2058,50,2691.758
231,2059,50,2706.377
231,2060,50,2722.967
231,2061,50,2751.503
231,2062,50,2770.147
231,2063,50,2782.282
231,2064,50,2826.637
231,2065,50,2905.789
231,2066,50,2996.62
231,2067,50,3087.684
231,2068,50,3189.028
231,2069,50,3305.177
231,2070,50,3404.231
231,2071,50,3473.799
231,2072,50,3529.932
231,2073,50,3580.597
231,2074,50,3631.593
231,2075,50,3673.545
231,2076,50,3709.165
231,2077,50,3750.509
231,2078,50,3788.643
231,2079,50,3824.292
231,2080,50,3856.823
231,2081,50,3885.38
231,2082,50,3911.496
231,2083,50,3936.983
231,2084,50,3961.224
231,2085,50,3985.966
231,2086,50,4011.776
231,2087,50,4040.269
231,2088,50,4072.369
231,2089,50,4104.637
231,2090,50,4139.134
231,2091,50,4178.167
231,2092,50,4218.844
231,2093,50,4257.772
231,2094,50,4292.972
231,2095,50,4326.2
231,2096,50,4356.421
231,2097,50,4385.064
231,2098,50,4416.188
231,2099,50,4446.285
231,2100,50,4468.337
404,2024,50,402.414
404,2025,50,415.346
404,2026,50,430.218
404,2027,50,445.408
404,2028,50,461.155
404,2029,50,478.284
404,2030,50,495.928
404,2031,50,515.688
404,2032,50,535.802
404,2033,50,554.327
404,2034,50,574.679
404,2035,50,596.351
404,2036,50,618.279
404,2037,50,640.072
404,2038,50,658.603
404,2039,50,674.424
404,2040,50,687.581
404,2041,50,698.111
404,2042,50,707.086
404,2043,50,717.084
404,2044,50,730.213
404,2045,50,749.184
404,2046,50,771.942
404,2047,50,795.249
404,2048,50,822.916
404,2049,50,850.529
404,2050,50,878.372
404,2051,50,910.633
404,2052,50,942.142
404,2053,50,968.926
404,2054,50,994.998
404,2055,50,1023.53
404,2056,50,1053.613
404,2057,50,1086.163
404,2058,50,1116.696
404,2059,50,1139.147
404,2060,50,1152.426
404,2061,50,1153.849
404,2062,50,1145.312
404,2063,50,1133.61
404,2064,50,1126.866
404,2065,50,1129.635
404,2066,50,1134.658
404,2067,50,1137.894
404,2068,50,1142.708
404,2069,50,1144.803
404,2070,50,1148.68
404,2071,50,1162.985
404,2072,50,1180.303
404,2073,50,1196.234
404,2074,50,1214.357
404,2075,50,1233.327
404,2076,50,1250.391
404,2077,50,1267.467
404,2078,50,1284.681
404,2079,50,1301.071
404,2080,50,1316.432
404,2081,50,1331.375
404,2082,50,1344.263
404,2083,50,1353.63
404,2084,50,1360.723
404,2085,50,1366.131
404,2086,50,1370.249
404,2087,50,1372.042
404,2088,50,1371.827
404,2089,50,1370.652
404,2090,50,1368.813
404,2091,50,1366.345
404,2092,50,1363.007
404,2093,50,1359.276
404,2094,50,1354.171
404,2095,50,1348.004
404,2096,50,1343.094
404,2097,50,1340.577
404,2098,50,1340.133
404,2099,50,1340.369
404,2100,50,1340.361
450,2024,50,226.758
450,2025,50,234.51
450,2026,50,242.398
450,2027,50,250.436
450,2028,50,258.743
450,2029,50,266.863
450,2030,50,274.012
450,2031,50,279.953
450,2032,50,286.436
450,2033,50,293.833
450,2034,50,301.73
450,2035,50,310.495
450,2036,50,317.929
450,2037,50,326.292
450,2038,50,338.479
450,2039,50,352.424
450,2040,50,367.98
450,2041,50,383.977
450,2042,50,398.824
450,2043,50,415.039
450,2044,50,433.418
450,2045,50,453.148
450,2046,50,473.428
450,2047,50,492.653
450,2048,50,510.25
450,2049,50,523.394
450,2050,50,531.199
450,2051,50,538.359
450,2052,50,545.964
450,2053,50,554.087
450,2054,50,564.404
450,2055,50,575.774
450,2056,50,587.959
450,2057,50,602.462
450,2058,50,618.998
450,2059,50,636.802
450,2060,50,650.937
450,2061,50,657.003
450,2062,50,661.8
450,2063,50,671.513
450,2064,50,682.646
450,2065,50,693.246
450,2066,50,707.095
450,2067,50,725.194
450,2068,50,746.122
450,2069,50,767.25
450,2070,50,784.838
450,2071,50,798.334
450,2072,50,810.24
450,2073,50,822.098
450,2074,50,834.417
450,2075,50,845.973
450,2076,50,856.667
450,2077,50,867.196
450,2078,50,876.866
450,2079,50,886.187
450,2080,50,895.613
450,2081,50,905.225
450,2082,50,914.073
450,2083,50,922.437
450,2084,50,931.347
450,2085,50,940.858
450,2086,50,950.37
450,2087,50,959.524
450,2088,50,968.82
450,2089,50,978.063
450,2090,50,987.392
450,2091,50,996.514
450,2092,50,1005.33
450,2093,50,1013.931
450,2094,50,1022.032
450,2095,50,1030.045
450,2096,50,1038.303
450,2097,50,1046.396
450,2098,50,1054.124
450,2099,50,1061.899
450,2100,50,1069.267
454,2024,50,118.121
454,2025,50,126.443
454,2026,50,136.025
454,2027,50,146.584
454,2028,50,158.649
454,2029,50,171.676
454,2030,50,184.934
454,2031,50,196.884
454,2032,50,206.457
454,2033,50,213.442
454,2034,50,219.096
454,2035,50,225.398
454,2036,50,231.395
454,2037,50,237.444
454,2038,50,246.251
454,2039,50,254.003
454,2040,50,260.051
454,2041,50,268.204
454,2042,50,277.321
454,2043,50,286.491
454,2044,50,295.64
454,2045,50,305.11
454,2046,50,314.66
454,2047,50,326.07
454,2048,50,340.038
454,2049,50,353.187
454,2050,50,363.884
454,2051,50,375.23
454,2052,50,389.21
454,2053,50,405.007
454,2054,50,422.557
454,2055,50,440.872
454,2056,50,458.506
454,2057,50,473.698
454,2058,50,486.278
454,2059,50,496.249
454,2060,50,503.46
454,2061,50,509.034
454,2062,50,513.498
454,2063,50,518.198
454,2064,50,521.336
454,2065,50,521.031
454,2066,50,520.837
454,2067,50,524.932
454,2068,50,533.229
454,2069,50,543.091
454,2070,50,553.532
454,2071,50,562.654
454,2072,50,571.607
454,2073,50,581.435
454,2074,50,592.481
454,2075,50,603.967
454,2076,50,613.163
454,2077,50,622.141
454,2078,50,631.844
454,2079,50,641.477
454,2080,50,649.439
454,2081,50,655.586
454,2082,50,662.051
454,2083,50,668.161
454,2084,50,673.933
454,2085,50,678.865
454,2086,50,683.313
454,2087,50,687.42
454,2088,50,691.518
454,2089,50,695.405
454,2090,50,699.079
454,2091,50,702.962
454,2092,50,706.491
454,2093,50,710.121
454,2094,50,713.938
454,2095,50,717.86
454,2096,50,722.116
454,2097,50,726.088
454,2098,50,729.741
454,2099,50,733.979
454,2100,50,738.3
480,2024,50,16.563
480,2025,50,17.079
480,2026,50,17.76
480,2027,50,18.581
480,2028,50,19.38
480,2029,50,19.896
480,2030,50,19.977
480,2031,50,19.597
480,2032,50,18.796
480,2033,50,17.811
480,2034,50,17.038
480,2035,50,16.712
480,2036,50,16.87
480,2037,50,17.474
480,2038,50,18.346
480,2039,50,19.161
480,2040,50,19.729
480,2041,50,20.012
480,2042,50,20.016
480,2043,50,19.795
480,2044,50,19.432
480,2045,50,19.006
480,2046,50,18.55
480,2047,50,18.069
480,2048,50,17.578
480,2049,50,17.213
480,2050,50,16.989
480,2051,50,16.859
480,2052,50,16.87
480,2053,50,16.916
480,2054,50,16.837
480,2055,50,16.551
480,2056,50,16.012
480,2057,50,15.264
480,2058,50,14.401
480,2059,50,13.549
480,2060,50,12.81
480,2061,50,12.196
480,2062,50,11.702
480,2063,50,11.303
480,2064,50,10.974
480,2065,50,10.714
480,2066,50,10.518
480,2067,50,10.388
480,2068,50,10.327
480,2069,50,10.336
480,2070,50,10.422
480,2071,50,10.591
480,2072,50,10.418
480,2073,50,9.985
480,2074,50,9.743
480,2075,50,9.583
480,2076,50,9.463
480,2077,50,9.37
480,2078,50,9.279
480,2079,50,9.185
480,2080,50,9.104
480,2081,50,9.023
480,2082,50,8.938
480,2083,50,8.852
480,2084,50,8.762
480,2085,50,8.671
480,2086,50,8.561
480,2087,50,8.439
480,2088,50,8.311
480,2089,50,8.162
480,2090,50,7.989
480,2091,50,7.794
480,2092,50,7.593
480,2093,50,7.385
480,2094,50,7.184
480,2095,50,6.997
480,2096,50,6.819
480,2097,50,6.662
480,2098,50,6.528
480,2099,50,6.409
480,2100,50,6.304
175,2024,50,2.35
175,2025,50,2.682
175,2026,50,3.071
175,2027,50,3.051
175,2028,50,3.101
175,2029,50,3.174
175,2030,50,3.251
175,2031,50,3.501
175,2032,50,3.633
175,2033,50,3.639
175,2034,50,3.82
175,2035,50,4.237
175,2036,50,4.283
175,2037,50,4.003
175,2038,50,3.962
175,2039,50,4.004
175,2040,50,4.143
175,2041,50,4.179
175,2042,50,4.175
175,2043,50,4.186
175,2044,50,4.012
175,2045,50,4.115
175,2046,50,4.096
175,2047,50,3.871
175,2048,50,3.898
175,2049,50,3.901
175,2050,50,3.831
175,2051,50,3.84
175,2052,50,3.905
175,2053,50,4.101
175,2054,50,4.743
175,2055,50,5.942
175,2056,50,6.72
175,2057,50,6.998
175,2058,50,7.432
175,2059,50,7.779
175,2060,50,8.119
175,2061,50,8.323
175,2062,50,8.286
175,2063,50,8.494
175,2064,50,8.812
175,2065,50,9.057
175,2066,50,9.034
175,2067,50,8.868
175,2068,50,8.899
175,2069,50,9.02
175,2070,50,9.449
175,2071,50,10.098
175,2072,50,10.078
175,2073,50,10.3
175,2074,50,10.928
175,2075,50,11.018
175,2076,50,11.12
175,2077,50,11.241
175,2078,50,11.382
175,2079,50,11.531
175,2080,50,11.698
175,2081,50,11.871
175,2082,50,12.038
175,2083,50,12.224
175,2084,50,12.425
175,2085,50,12.638
175,2086,50,12.86
175,2087,50,13.093
175,2088,50,13.333
175,2089,50,13.58
175,2090,50,13.844
175,2091,50,14.105
175,2092,50,14.369
175,2093,50,14.632
175,2094,50,14.871
175,2095,50,15.099
175,2096,50,15.297
175,2097,50,15.462
175,2098,50,15.615
175,2099,50,15.746
175,2100,50,15.861
508,2024,50,195.724
508,2025,50,199.644
508,2026,50,202.882
508,2027,50,208.371
508,2028,50,220.424
508,2029,50,236.705
508,2030,50,250.576
508,2031,50,258.687
508,2032,50,264.851
508,2033,50,274.691
508,2034,50,287.159
508,2035,50,300.935
508,2036,50,315.216
508,2037,50,328.877
508,2038,50,341.528
508,2039,50,354.771
508,2040,50,369.058
508,2041,50,383.532
508,2042,50,397.108
508,2043,50,411.172
508,2044,50,425.571
508,2045,50,440.549
508,2046,50,458.149
508,2047,50,476.613
508,2048,50,493.857
508,2049,50,511.426
508,2050,50,528.322
508,2051,50,542.456
508,2052,50,554.477
508,2053,50,566.287
508,2054,50,579.665
508,2055,50,594.813
508,2056,50,611.117
508,2057,50,631.547
508,2058,50,663.358
508,2059,50,701.027
508,2060,50,730.702
508,2061,50,752.702
508,2062,50,772.591
508,2063,50,791.265
508,2064,50,806.196
508,2065,50,822.172
508,2066,50,842.731
508,2067,50,864.239
508,2068,50,886.248
508,2069,50,908.568
508,2070,50,930.723
508,2071,50,952.968
508,2072,50,974.916
508,2073,50,994.69
508,2074,50,1013.76
508,2075,50,1033.665
508,2076,50,1053.403
508,2077,50,1071.731
508,2078,50,1091.59
508,2079,50,1110.749
508,2080,50,1127.369
508,2081,50,1142.695
508,2082,50,1155.961
508,2083,50,1168.195
508,2084,50,1180.603
508,2085,50,1193.079
508,2086,50,1205.512
508,2087,50,1217.228
508,2088,50,1228.013
508,2089,50,1239.372
508,2090,50,1250.492
508,2091,50,1259.821
508,2092,50,1268.492
508,2093,50,1277.687
508,2094,50,1287.052
508,2095,50,1295.797
508,2096,50,1304.325
508,2097,50,1312.929
508,2098,50,1321.779
508,2099,50,1330.932
508,2100,50,1338.127
638,2024,50,11.302
638,2025,50,11.292
638,2026,50,11.03
638,2027,50,10.593
638,2028,50,10.505
638,2029,50,10.693
638,2030,50,11.015
638,2031,50,11.111
638,2032,50,10.659
638,2033,50,10.416
638,2034,50,10.646
638,2035,50,10.561
638,2036,50,10.485
638,2037,50,10.321
638,2038,50,10.241
638,2039,50,10.469
638,2040,50,10.315
638,2041,50,9.921
638,2042,50,9.573
638,2043,50,9.281
638,2044,50,8.692
638,2045,50,8.008
638,2046,50,7.949
638,2047,50,8.205
638,2048,50,8.158
638,2049,50,8.215
638,2050,50,8.741
638,2051,50,9.396
638,2052,50,9.936
638,2053,50,10.347
638,2054,50,11.112
638,2055,50,11.881
638,2056,50,12.064
638,2057,50,12.3
638,2058,50,12.552
638,2059,50,12.37
638,2060,50,12.096
638,2061,50,11.866
638,2062,50,11.863
638,2063,50,11.682
638,2064,50,11.527
638,2065,50,11.498
638,2066,50,11.15
638,2067,50,10.886
638,2068,50,10.608
638,2069,50,10.521
638,2070,50,10.402
638,2071,50,10.342
638,2072,50,10.265
638,2073,50,10.32
638,2074,50,10.445
638,2075,50,10.231
638,2076,50,10.079
638,2077,50,9.961
638,2078,50,9.864
638,2079,50,9.789
638,2080,50,9.747
638,2081,50,9.731
638,2082,50,9.741
638,2083,50,9.774
638,2084,50,9.821
638,2085,50,9.889
638,2086,50,9.974
638,2087,50,10.059
638,2088,50,10.139
638,2089,50,10.21
638,2090,50,10.259
638,2091,50,10.284
638,2092,50,10.301
638,2093,50,10.294
638,2094,50,10.246
638,2095,50,10.176
638,2096,50,10.094
638,2097,50,9.993
638,2098,50,9.872
638,2099,50,9.742
638,2100,50,9.611
646,2024,50,87.652
646,2025,50,92.277
646,2026,50,99.43
646,2027,50,108.811
646,2028,50,119.777
646,2029,50,130.415
646,2030,50,139.611
646,2031,50,147.129
646,2032,50,153.054
646,2033,50,157.335
646,2034,50,161.175
646,2035,50,164.705
646,2036,50,168.214
646,2037,50,171.265
646,2038,50,174.345
646,2039,50,177.133
646,2040,50,179.827
646,2041,50,182.249
646,2042,50,184.433
646,2043,50,186.385
646,2044,50,188.911
646,2045,50,191.705
646,2046,50,195.057
646,2047,50,198.748
646,2048,50,203.779
646,2049,50,210.896
646,2050,50,220.478
646,2051,50,232.563
646,2052,50,246.813
646,2053,50,261.695
646,2054,50,274.805
646,2055,50,283.957
646,2056,50,288.811
646,2057,50,289.471
646,2058,50,287.499
646,2059,50,286.082
646,2060,50,286.471
646,2061,50,289.311
646,2062,50,294.824
646,2063,50,301.96
646,2064,50,309.463
646,2065,50,315.723
646,2066,50,320.848
646,2067,50,324.567
646,2068,50,327.427
646,2069,50,329.696
646,2070,50,331.919
646,2071,50,335.298
646,2072,50,338.3
646,2073,50,340.118
646,2074,50,343.001
646,2075,50,347.121
646,2076,50,351.581
646,2077,50,356.091
646,2078,50,360.433
646,2079,50,364.189
646,2080,50,367.723
646,2081,50,371.47
646,2082,50,375.417
646,2083,50,379.051
646,2084,50,382.672
646,2085,50,386.635
646,2086,50,390.659
646,2087,50,394.144
646,2088,50,397.184
646,2089,50,399.549
646,2090,50,402.184
646,2091,50,404.947
646,2092,50,406.483
646,2093,50,406.886
646,2094,50,407.876
646,2095,50,408.38
646,2096,50,409.186
646,2097,50,409.717
646,2098,50,410.063
646,2099,50,410.656
646,2100,50,411.229
690,2024,50,1.744
690,2025,50,1.808
690,2026,50,1.815
690,2027,50,1.836
690,2028,50,1.939
690,2029,50,2.066
690,2030,50,2.132
690,2031,50,2.153
690,2032,50,2.144
690,2033,50,2.137
690,2034,50,2.205
690,2035,50,2.307
690,2036,50,2.351
690,2037,50,2.374
690,2038,50,2.395
690,2039,50,2.401
690,2040,50,2.409
690,2041,50,2.397
690,2042,50,2.4
690,2043,50,2.457
690,2044,50,2.44
690,2045,50,2.359
690,2046,50,2.309
690,2047,50,2.218
690,2048,50,2.061
690,2049,50,1.991
690,2050,50,1.975
690,2051,50,1.874
690,2052,50,1.768
690,2053,50,1.708
690,2054,50,1.661
690,2055,50,1.618
690,2056,50,1.591
690,2057,50,1.575
690,2058,50,1.552
690,2059,50,1.538
690,2060,50,1.542
690,2061,50,1.549
690,2062,50,1.552
690,2063,50,1.554
690,2064,50,1.554
690,2065,50,1.562
690,2066,50,1.588
690,2067,50,1.615
690,2068,50,1.625
690,2069,50,1.629
690,2070,50,1.64
690,2071,50,1.695
690,2072,50,1.698
690,2073,50,1.646
690,2074,50,1.639
690,2075,50,1.642
690,2076,50,1.648
690,2077,50,1.651
690,2078,50,1.649
690,2079,50,1.641
690,2080,50,1.625
690,2081,50,1.602
690,2082,50,1.575
690,2083,50,1.55
690,2084,50,1.527
690,2085,50,1.508
690,2086,50,1.491
690,2087,50,1.477
690,2088,50,1.466
690,2089,50,1.457
690,2090,50,1.451
690,2091,50,1.449
690,2092,50,1.446
690,2093,50,1.442
690,2094,50,1.439
690,2095,50,1.436
690,2096,50,1.435
690,2097,50,1.434
690,2098,50,1.434
690,2099,50,1.431
690,2100,50,1.428
706,2024,50,100.698
706,2025,50,104.801
706,2026,50,109.623
706,2027,50,114.74
706,2028,50,120.663
706,2029,50,126.655
706,2030,50,132.035
706,2031,50,137.979
706,2032,50,144.006
706,2033,50,149.894
706,2034,50,155.854
706,2035,50,162.103
706,2036,50,168.498
706,2037,50,174.623
706,2038,50,179.996
706,2039,50,181.761
706,2040,50,177.746
706,2041,50,175.267
706,2042,50,190.493
706,2043,50,220.272
706,2044,50,240.826
706,2045,50,250.909
706,2046,50,261.076
706,2047,50,272.109
706,2048,50,283.084
706,2049,50,293.02
706,2050,50,302.063
706,2051,50,310.382
706,2052,50,318.215
706,2053,50,325.234
706,2054,50,331.811
706,2055,50,338.655
706,2056,50,345.947
706,2057,50,353.957
706,2058,50,361.44
706,2059,50,364.333
706,2060,50,364.569
706,2061,50,372.962
706,2062,50,404.099
706,2063,50,437.083
706,2064,50,454.424
706,2065,50,469.02
706,2066,50,481.763
706,2067,50,494.997
706,2068,50,512.084
706,2069,50,529.44
706,2070,50,543.496
706,2071,50,554.981
706,2072,50,569.421
706,2073,50,587.473
706,2074,50,602.864
706,2075,50,616.593
706,2076,50,629.899
706,2077,50,641.187
706,2078,50,652.149
706,2079,50,662.908
706,2080,50,672.395
706,2081,50,682.597
706,2082,50,692.743
706,2083,50,703.685
706,2084,50,714.683
706,2085,50,724.896
706,2086,50,735.218
706,2087,50,744.244
706,2088,50,751.876
706,2089,50,760.406
706,2090,50,770.128
706,2091,50,779.42
706,2092,50,786.903
706,2093,50,793.332
706,2094,50,800.776
706,2095,50,809.414
706,2096,50,818.501
706,2097,50,827.57
706,2098,50,836.391
706,2099,50,845.217
706,2100,50,853.736
728,2024,50,104.03
728,2025,50,107.461
728,2026,50,110.589
728,2027,50,113.362
728,2028,50,115.747
728,2029,50,117.614
728,2030,50,118.864
728,2031,50,119.486
728,2032,50,119.377
728,2033,50,118.251
728,2034,50,115.954
728,2035,50,112.187
728,2036,50,104.196
728,2037,50,92.465
728,2038,50,86.945
728,2039,50,98.262
728,2040,50,108.329
728,2041,50,107.65
728,2042,50,107.936
728,2043,50,109.271
728,2044,50,112.745
728,2045,50,118.4
728,2046,50,124.713
728,2047,50,131.072
728,2048,50,140.382
728,2049,50,158.614
728,2050,50,178.378
728,2051,50,193.392
728,2052,50,207.589
728,2053,50,219.948
728,2054,50,229.923
728,2055,50,238.568
728,2056,50,246.22
728,2057,50,253.722
728,2058,50,261.502
728,2059,50,268.885
728,2060,50,274.575
728,2061,50,280.797
728,2062,50,284.669
728,2063,50,279.384
728,2064,50,268.644
728,2065,50,252.204
728,2066,50,240.188
728,2067,50,235.643
728,2068,50,229.067
728,2069,50,230.624
728,2070,50,238.386
728,2071,50,243.872
728,2072,50,247.237
728,2073,50,250.987
728,2074,50,257.222
728,2075,50,264.058
728,2076,50,271.034
728,2077,50,277.885
728,2078,50,284.632
728,2079,50,291.067
728,2080,50,297.196
728,2081,50,302.439
728,2082,50,306.781
728,2083,50,310.211
728,2084,50,312.522
728,2085,50,313.901
728,2086,50,314.604
728,2087,50,314.953
728,2088,50,314.615
728,2089,50,314.136
728,2090,50,313.844
728,2091,50,313.494
728,2092,50,312.976
728,2093,50,312.481
728,2094,50,312.029
728,2095,50,311.901
728,2096,50,312.021
728,2097,50,312.025
728,2098,50,312.115
728,2099,50,312.482
728,2100,50,312.985
800,2024,50,258.821
800,2025,50,267.406
800,2026,50,276.785
800,2027,50,285.99
800,2028,50,296.261
800,2029,50,308.373
800,2030,50,320.925
800,2031,50,335.247
800,2032,50,352.968
800,2033,50,372.148
800,2034,50,393.098
800,2035,50,418.641
800,2036,50,448.355
800,2037,50,479.588
800,2038,50,510.439
800,2039,50,539.584
800,2040,50,570.137
800,2041,50,600.511
800,2042,50,631.932
800,2043,50,666.226
800,2044,50,701.326
800,2045,50,735.904
800,2046,50,761.345
800,2047,50,786.922
800,2048,50,814.488
800,2049,50,840.286
800,2050,50,866.692
800,2051,50,889.106
800,2052,50,909.288
800,2053,50,926.962
800,2054,50,944.479
800,2055,50,961.328
800,2056,50,978.127
800,2057,50,997.616
800,2058,50,1018.437
800,2059,50,1043.983
800,2060,50,1073.314
800,2061,50,1099.137
800,2062,50,1120.311
800,2063,50,1137.773
800,2064,50,1154.416
800,2065,50,1173.735
800,2066,50,1195.704
800,2067,50,1224.638
800,2068,50,1260.561
800,2069,50,1294.169
800,2070,50,1324.774
800,2071,50,1354.299
800,2072,50,1379.028
800,2073,50,1399.08
800,2074,50,1413.256
800,2075,50,1424.552
800,2076,50,1437.407
800,2077,50,1448.658
800,2078,50,1458.013
800,2079,50,1465.309
800,2080,50,1471.487
800,2081,50,1477.157
800,2082,50,1479.003
800,2083,50,1480.659
800,2084,50,1485.054
800,2085,50,1489.711
800,2086,50,1494.507
800,2087,50,1501.634
800,2088,50,1510.295
800,2089,50,1517.766
800,2090,50,1523.806
800,2091,50,1529.947
800,2092,50,1537.54
800,2093,50,1545.196
800,2094,50,1551.268
800,2095,50,1556.794
800,2096,50,1561.991
800,2097,50,1565.137
800,2098,50,1567.269
800,2099,50,1569.789
800,2100,50,1570.356
834,2024,50,438.705
834,2025,50,457.552
834,2026,50,473.632
834,2027,50,490.108
834,2028,50,507.431
834,2029,50,524.629
834,2030,50,542.299
834,2031,50,560.126
834,2032,50,579.765
834,2033,50,601.508
834,2034,50,622.23
834,2035,50,642.187
834,2036,50,662.634
834,2037,50,685.17
834,2038,50,712.171
834,2039,50,738.435
834,2040,50,761.417
834,2041,50,786.132
834,2042,50,812.323
834,2043,50,838.546
834,2044,50,870.398
834,2045,50,910.747
834,2046,50,951.7
834,2047,50,984.223
834,2048,50,1016.898
834,2049,50,1051.062
834,2050,50,1082.222
834,2051,50,1116.261
834,2052,50,1150.745
834,2053,50,1190.895
834,2054,50,1238.966
834,2055,50,1285.621
834,2056,50,1323.424
834,2057,50,1349.812
834,2058,50,1373.639
834,2059,50,1401.875
834,2060,50,1433.128
834,2061,50,1462.026
834,2062,50,1500.148
834,2063,50,1559.344
834,2064,50,1620.306
834,2065,50,1662.322
834,2066,50,1708.784
834,2067,50,1771.715
834,2068,50,1827.407
834,2069,50,1871.203
834,2070,50,1910.728
834,2071,50,1951.473
834,2072,50,1993.752
834,2073,50,2035.572
834,2074,50,2075.616
834,2075,50,2112.501
834,2076,50,2149.598
834,2077,50,2187.585
834,2078,50,2223.346
834,2079,50,2261.004
834,2080,50,2299.99
834,2081,50,2340.334
834,2082,50,2377.045
834,2083,50,2412.171
834,2084,50,2454.816
834,2085,50,2498.559
834,2086,50,2538.149
834,2087,50,2572.722
834,2088,50,2610.865
834,2089,50,2653.05
834,2090,50,2691.806
834,2091,50,2725.765
834,2092,50,2763.132
834,2093,50,2804.68
834,2094,50,2844.684
834,2095,50,2877.468
834,2096,50,2915.903
834,2097,50,2961.362
834,2098,50,2993.658
834,2099,50,3016.57
834,2100,50,3046.576
894,2024,50,138.973
894,2025,50,147.713
894,2026,50,156.135
894,2027,50,163.796
894,2028,50,171.277
894,2029,50,178.296
894,2030,50,184.888
894,2031,50,191.937
894,2032,50,200.09
894,2033,50,208.574
894,2034,50,216.812
894,2035,50,224.994
894,2036,50,232.972
894,2037,50,240.225
894,2038,50,246.997
894,2039,50,254.058
894,2040,50,261.279
894,2041,50,268.355
894,2042,50,275.189
894,2043,50,282.92
894,2044,50,292.29
894,2045,50,302.069
894,2046,50,311.608
894,2047,50,320.896
894,2048,50,331.04
894,2049,50,341.796
894,2050,50,352.125
894,2051,50,361.613
894,2052,50,371.446
894,2053,50,382.659
894,2054,50,396.211
894,2055,50,411.862
894,2056,50,427.554
894,2057,50,441.715
894,2058,50,454.237
894,2059,50,466.247
894,2060,50,477.424
894,2061,50,487.274
894,2062,50,495.622
894,2063,50,502.592
894,2064,50,508.644
894,2065,50,514.929
894,2066,50,521.799
894,2067,50,529.039
894,2068,50,537.87
894,2069,50,548.208
894,2070,50,557.472
894,2071,50,566.272
894,2072,50,576.342
894,2073,50,586.393
894,2074,50,596.829
894,2075,50,607.901
894,2076,50,619.049
894,2077,50,630.138
894,2078,50,639.3
894,2079,50,648.818
894,2080,50,659.383
894,2081,50,669.042
894,2082,50,677.747
894,2083,50,685.302
894,2084,50,692.977
894,2085,50,700.959
894,2086,50,708.347
894,2087,50,714.395
894,2088,50,719.661
894,2089,50,724.355
894,2090,50,729.424
894,2091,50,735.255
894,2092,50,741.296
894,2093,50,747.382
894,2094,50,752.995
894,2095,50,758.459
894,2096,50,764.086
894,2097,50,769.813
894,2098,50,775.669
894,2099,50,781.375
894,2100,50,786.183
716,2024,50,100.815
716,2025,50,110.128
716,2026,50,121.36
716,2027,50,132.138
716,2028,50,142.84
716,2029,50,151.899
716,2030,50,160.516
716,2031,50,174.492
716,2032,50,185.556
716,2033,50,190.536
716,2034,50,195.758
716,2035,50,197.465
716,2036,50,195.792
716,2037,50,176.505
716,2038,50,156.896
716,2039,50,154.506
716,2040,50,154.308
716,2041,50,155.839
716,2042,50,158.572
716,2043,50,156.636
716,2044,50,153.722
716,2045,50,155.384
716,2046,50,163.327
716,2047,50,178.012
716,2048,50,195.362
716,2049,50,214.36
716,2050,50,230.824
716,2051,50,243.882
716,2052,50,255.216
716,2053,50,265.426
716,2054,50,273.617
716,2055,50,278.246
716,2056,50,281.598
716,2057,50,289.768
716,2058,50,304.475
716,2059,50,323.535
716,2060,50,341.488
716,2061,50,355.346
716,2062,50,365.43
716,2063,50,368.955
716,2064,50,364.965
716,2065,50,356.307
716,2066,50,348.94
716,2067,50,344.409
716,2068,50,343.907
716,2069,50,347.467
716,2070,50,353.335
716,2071,50,360.221
716,2072,50,367.474
716,2073,50,372.002
716,2074,50,373.67
716,2075,50,376.427
716,2076,50,380.86
716,2077,50,386.236
716,2078,50,392.786
716,2079,50,399.957
716,2080,50,407.179
716,2081,50,414.37
716,2082,50,421.252
716,2083,50,427.201
716,2084,50,432.426
716,2085,50,437.277
716,2086,50,441.561
716,2087,50,445.331
716,2088,50,448.634
716,2089,50,451.722
716,2090,50,454.73
716,2091,50,457.133
716,2092,50,459.532
716,2093,50,461.717
716,2094,50,462.696
716,2095,50,463.35
716,2096,50,463.753
716,2097,50,463.791
716,2098,50,463.949
716,2099,50,464.387
716,2100,50,464.79
24,2024,50,233.345
24,2025,50,242.028
24,2026,50,250.965
24,2027,50,260.185
24,2028,50,270.035
24,2029,50,280.626
24,2030,50,291.631
24,2031,50,303.226
24,2032,50,315.194
24,2033,50,327.57
24,2034,50,340.756
24,2035,50,354.061
24,2036,50,366.808
24,2037,50,378.808
24,2038,50,390.45
24,2039,50,402.027
24,2040,50,412.983
24,2041,50,423.58
24,2042,50,432.989
24,2043,50,442.022
24,2044,50,452.055
24,2045,50,462.389
24,2046,50,473.103
24,2047,50,484.684
24,2048,50,497.503
24,2049,50,513.054
24,2050,50,531.64
24,2051,50,553.119
24,2052,50,577.299
24,2053,50,603.827
24,2054,50,632.559
24,2055,50,662.895
24,2056,50,694.013
24,2057,50,725.321
24,2058,50,757.01
24,2059,50,789.142
24,2060,50,820.535
24,2061,50,850.828
24,2062,50,881.368
24,2063,50,911.698
24,2064,50,940.847
24,2065,50,967.496
24,2066,50,992.437
24,2067,50,1017.656
24,2068,50,1043.685
24,2069,50,1070.051
24,2070,50,1097.426
24,2071,50,1125.053
24,2072,50,1150.03
24,2073,50,1173.582
24,2074,50,1198.774
24,2075,50,1223.096
24,2076,50,1249.449
24,2077,50,1277.945
24,2078,50,1306.648
24,2079,50,1336.623
24,2080,50,1361.876
24,2081,50,1385.488
24,2082,50,1409.893
24,2083,50,1434.975
24,2084,50,1461.541
24,2085,50,1487.945
24,2086,50,1513.668
24,2087,50,1534.604
24,2088,50,1557.523
24,2089,50,1583.678
24,2090,50,1608.103
24,2091,50,1629.418
24,2092,50,1647.281
24,2093,50,1666.285
24,2094,50,1686.062
24,2095,50,1706.253
24,2096,50,1727.187
24,2097,50,1748.133
24,2098,50,1768.652
24,2099,50,1789.36
24,2100,50,1808.933
120,2024,50,190.874
120,2025,50,198.262
120,2026,50,206.371
120,2027,50,215.365
120,2028,50,224.389
120,2029,50,233.878
120,2030,50,244.004
120,2031,50,255.86
120,2032,50,268.673
120,2033,50,276.947
120,2034,50,283.763
120,2035,50,294.177
120,2036,50,306.625
120,2037,50,318.759
120,2038,50,329.043
120,2039,50,338.22
120,2040,50,347.718
120,2041,50,357.94
120,2042,50,367.277
120,2043,50,375.463
120,2044,50,383.356
120,2045,50,390.73
120,2046,50,397.487
120,2047,50,405.552
120,2048,50,416.922
120,2049,50,430.694
120,2050,50,443.542
120,2051,50,455.107
120,2052,50,469.304
120,2053,50,487.143
120,2054,50,506.329
120,2055,50,525.104
120,2056,50,542.096
120,2057,50,558.307
120,2058,50,575.251
120,2059,50,592.24
120,2060,50,607.626
120,2061,50,620.683
120,2062,50,633.152
120,2063,50,645.838
120,2064,50,659.448
120,2065,50,680.292
120,2066,50,706.388
120,2067,50,728.399
120,2068,50,743.724
120,2069,50,754.269
120,2070,50,762.804
120,2071,50,771.548
120,2072,50,781.367
120,2073,50,792.404
120,2074,50,805.356
120,2075,50,817.617
120,2076,50,828.818
120,2077,50,840.699
120,2078,50,854.046
120,2079,50,866.604
120,2080,50,878.249
120,2081,50,890.02
120,2082,50,901.969
120,2083,50,914.458
120,2084,50,927.479
120,2085,50,939.203
120,2086,50,951.986
120,2087,50,966.856
120,2088,50,978.227
120,2089,50,989.44
120,2090,50,1000.99
120,2091,50,1011.512
120,2092,50,1020.051
120,2093,50,1028.067
120,2094,50,1038.552
120,2095,50,1047.205
120,2096,50,1054.863
120,2097,50,1063.817
120,2098,50,1072.084
120,2099,50,1079.892
120,2100,50,1088.158
140,2024,50,21.389
140,2025,50,20.351
140,2026,50,20.039
140,2027,50,20.747
140,2028,50,21.637
140,2029,50,22.618
140,2030,50,23.6
140,2031,50,24.538
140,2032,50,25.429
140,2033,50,26.321
140,2034,50,27.434
140,2035,50,28.721
140,2036,50,30.266
140,2037,50,32.617
140,2038,50,35.165
140,2039,50,37.046
140,2040,50,38.877
140,2041,50,41.05
140,2042,50,43.41
140,2043,50,46.522
140,2044,50,50.48
140,2045,50,54.37
140,2046,50,58.216
140,2047,50,62.072
140,2048,50,65.924
140,2049,50,70.825
140,2050,50,76.11
140,2051,50,79.592
140,2052,50,82.443
140,2053,50,86.699
140,2054,50,90.739
140,2055,50,94.191
140,2056,50,97.539
140,2057,50,99.05
140,2058,50,100.193
140,2059,50,103.074
140,2060,50,112.848
140,2061,50,122.583
140,2062,50,124.506
140,2063,50,124.435
140,2064,50,124.042
140,2065,50,123.413
140,2066,50,123.901
140,2067,50,126.029
140,2068,50,128.661
140,2069,50,131.057
140,2070,50,135.034
140,2071,50,140.676
140,2072,50,145.961
140,2073,50,159.133
140,2074,50,172.732
140,2075,50,177.698
140,2076,50,181.717
140,2077,50,186.239
140,2078,50,190.929
140,2079,50,195.36
140,2080,50,199.328
140,2081,50,202.807
140,2082,50,205.913
140,2083,50,208.091
140,2084,50,209.321
140,2085,50,210.61
140,2086,50,211.789
140,2087,50,213.072
140,2088,50,214.235
140,2089,50,215.486
140,2090,50,216.698
140,2091,50,217.359
140,2092,50,218.655
140,2093,50,220.937
140,2094,50,223.416
140,2095,50,225.855
140,2096,50,228.237
140,2097,50,230.652
140,2098,50,233.163
140,2099,50,235.701
140,2100,50,237.897
148,2024,50,117.989
148,2025,50,122.876
148,2026,50,125.81
148,2027,50,128.63
148,2028,50,131.844
148,2029,50,135.167
148,2030,50,139.246
148,2031,50,139.789
148,2032,50,140.752
148,2033,50,151.577
148,2034,50,163.028
148,2035,50,165.865
148,2036,50,168.338
148,2037,50,176.617
148,2038,50,187.024
148,2039,50,197.069
148,2040,50,206.568
148,2041,50,214.43
148,2042,50,225.822
148,2043,50,239.564
148,2044,50,246.247
148,2045,50,252.254
148,2046,50,266.201
148,2047,50,279.3
148,2048,50,288.621
148,2049,50,297.921
148,2050,50,306.133
148,2051,50,313.512
148,2052,50,318.614
148,2053,50,323.416
148,2054,50,332.157
148,2055,50,343.215
148,2056,50,352.313
148,2057,50,360.661
148,2058,50,369.703
148,2059,50,380.19
148,2060,50,392.911
148,2061,50,405.817
148,2062,50,419.28
148,2063,50,432.372
148,2064,50,445.716
148,2065,50,459.542
148,2066,50,470.194
148,2067,50,480.963
148,2068,50,494.112
148,2069,50,510.159
148,2070,50,526.02
148,2071,50,540.672
148,2072,50,559.722
148,2073,50,578.993
148,2074,50,605.937
148,2075,50,634.077
148,2076,50,646.217
148,2077,50,652.645
148,2078,50,660.297
148,2079,50,669.936
148,2080,50,679.954
148,2081,50,689.91
148,2082,50,699.121
148,2083,50,707.148
148,2084,50,715.974
148,2085,50,724.679
148,2086,50,733.395
148,2087,50,742.254
148,2088,50,751.444
148,2089,50,760.403
148,2090,50,769.709
148,2091,50,779.228
148,2092,50,789.131
148,2093,50,799.64
148,2094,50,810.367
148,2095,50,821.042
148,2096,50,831.353
148,2097,50,841.888
148,2098,50,852.34
148,2099,50,862.043
148,2100,50,871.305
178,2024,50,49.627
178,2025,50,51.981
178,2026,50,54.032
178,2027,50,55.778
178,2028,50,57.171
178,2029,50,58.074
178,2030,50,59.273
178,2031,50,60.81
178,2032,50,61.931
178,2033,50,62.692
178,2034,50,64.55
178,2035,50,66.471
178,2036,50,67.371
178,2037,50,68.26
178,2038,50,69.17
178,2039,50,70.027
178,2040,50,70.884
178,2041,50,71.847
178,2042,50,73.042
178,2043,50,74.43
178,2044,50,76.24
178,2045,50,78.244
178,2046,50,80.349
178,2047,50,82.785
178,2048,50,84.791
178,2049,50,86.672
178,2050,50,89.078
178,2051,50,93.286
178,2052,50,98.312
178,2053,50,102.003
178,2054,50,106.063
178,2055,50,110.735
178,2056,50,115.47
178,2057,50,120.591
178,2058,50,126.831
178,2059,50,133.531
178,2060,50,140.898
178,2061,50,146.789
178,2062,50,149.529
178,2063,50,150.898
178,2064,50,151.225
178,2065,50,151.606
178,2066,50,152.192
178,2067,50,153.121
178,2068,50,154.409
178,2069,50,155.785
178,2070,50,157.617
178,2071,50,159.999
178,2072,50,162.204
178,2073,50,164.539
178,2074,50,167.552
178,2075,50,170.613
178,2076,50,173.645
178,2077,50,176.915
178,2078,50,180.464
178,2079,50,184.324
178,2080,50,188.31
178,2081,50,192.142
178,2082,50,195.869
178,2083,50,199.507
178,2084,50,202.748
178,2085,50,205.793
178,2086,50,208.807
178,2087,50,211.866
178,2088,50,214.879
178,2089,50,217.718
178,2090,50,220.278
178,2091,50,222.687
178,2092,50,224.912
178,2093,50,226.921
178,2094,50,228.689
178,2095,50,230.502
178,2096,50,232.354
178,2097,50,234.014
178,2098,50,235.601
178,2099,50,237.136
178,2100,50,238.957
180,2024,50,615.387
180,2025,50,628.217
180,2026,50,642.177
180,2027,50,657.372
180,2028,50,674.281
180,2029,50,700.469
180,2030,50,733.787
180,2031,50,765.094
180,2032,50,796.221
180,2033,50,830.245
180,2034,50,867.834
180,2035,50,909.2
180,2036,50,951.207
180,2037,50,990.09
180,2038,50,1027.36
180,2039,50,1063.445
180,2040,50,1099.894
180,2041,50,1142.334
180,2042,50,1185.616
180,2043,50,1231.647
180,2044,50,1282.321
180,2045,50,1357.026
180,2046,50,1422.942
180,2047,50,1443.725
180,2048,50,1459.489
180,2049,50,1502.488
180,2050,50,1564.808
180,2051,50,1618.754
180,2052,50,1665.444
180,2053,50,1710.672
180,2054,50,1757.91
180,2055,50,1815.533
180,2056,50,1889.471
180,2057,50,1967.396
180,2058,50,2044.536
180,2059,50,2126.58
180,2060,50,2208.906
180,2061,50,2296.444
180,2062,50,2389.976
180,2063,50,2478.601
180,2064,50,2565.503
180,2065,50,2653.074
180,2066,50,2740.392
180,2067,50,2844.49
180,2068,50,2956.221
180,2069,50,3052.226
180,2070,50,3141.071
180,2071,50,3234.483
180,2072,50,3331.152
180,2073,50,3426.811
180,2074,50,3517.473
180,2075,50,3602.247
180,2076,50,3678.155
180,2077,50,3749.697
180,2078,50,3826.471
180,2079,50,3900.422
180,2080,50,3970.919
180,2081,50,4042.214
180,2082,50,4103.931
180,2083,50,4164.122
180,2084,50,4228.831
180,2085,50,4284.181
180,2086,50,4340.331
180,2087,50,4391.907
180,2088,50,4447.203
180,2089,50,4517.727
180,2090,50,4587.992
180,2091,50,4658.176
180,2092,50,4727.754
180,2093,50,4799.898
180,2094,50,4872.058
180,2095,50,4939.94
180,2096,50,5008.04
180,2097,50,5074.799
180,2098,50,5139.352
180,2099,50,5203.639
180,2100,50,5264.254
226,2024,50,15.86
226,2025,50,16.334
226,2026,50,16.8
226,2027,50,17.304
226,2028,50,17.882
226,2029,50,18.54
226,2030,50,19.285
226,2031,50,20.095
226,2032,50,20.936
226,2033,50,21.802
226,2034,50,22.854
226,2035,50,24.049
226,2036,50,25.077
226,2037,50,25.825
226,2038,50,26.235
226,2039,50,26.32
226,2040,50,26.099
226,2041,50,25.678
226,2042,50,25.183
226,2043,50,24.725
226,2044,50,24.338
226,2045,50,24.032
226,2046,50,23.801
226,2047,50,23.649
226,2048,50,23.523
226,2049,50,23.469
226,2050,50,23.798
226,2051,50,24.494
226,2052,50,25.508
226,2053,50,27.089
226,2054,50,29.137
226,2055,50,30.865
226,2056,50,32.201
226,2057,50,33.614
226,2058,50,34.972
226,2059,50,36.287
226,2060,50,37.552
226,2061,50,38.756
226,2062,50,39.808
226,2063,50,40.715
226,2064,50,41.558
226,2065,50,42.335
226,2066,50,43.053
226,2067,50,43.712
226,2068,50,44.345
226,2069,50,44.974
226,2070,50,45.629
226,2071,50,46.146
226,2072,50,46.536
226,2073,50,46.989
226,2074,50,48.19
226,2075,50,49.475
226,2076,50,50.114
226,2077,50,50.751
226,2078,50,51.416
226,2079,50,52.112
226,2080,50,52.826
226,2081,50,53.564
226,2082,50,54.328
226,2083,50,55.071
226,2084,50,55.768
226,2085,50,56.441
226,2086,50,57.098
226,2087,50,57.745
226,2088,50,58.338
226,2089,50,58.884
226,2090,50,59.427
226,2091,50,59.967
226,2092,50,60.47
226,2093,50,60.977
226,2094,50,61.486
226,2095,50,61.957
226,2096,50,62.367
226,2097,50,62.724
226,2098,50,63.054
226,2099,50,63.369
226,2100,50,63.638
266,2024,50,21.355
266,2025,50,22.241
266,2026,50,23.216
266,2027,50,24.224
266,2028,50,25.252
266,2029,50,26.268
266,2030,50,27.303
266,2031,50,28.398
266,2032,50,29.421
266,2033,50,30.353
266,2034,50,31.182
266,2035,50,31.9
266,2036,50,32.571
266,2037,50,33.209
266,2038,50,33.745
266,2039,50,34.044
266,2040,50,34.177
266,2041,50,34.224
266,2042,50,34.183
266,2043,50,34.063
266,2044,50,33.732
266,2045,50,33.213
266,2046,50,32.782
266,2047,50,32.654
266,2048,50,32.821
266,2049,50,33.161
266,2050,50,33.8
266,2051,50,34.719
266,2052,50,35.851
266,2053,50,37.191
266,2054,50,38.689
266,2055,50,40.329
266,2056,50,41.996
266,2057,50,43.659
266,2058,50,45.36
266,2059,50,47.288
266,2060,50,49.395
266,2061,50,51.41
266,2062,50,52.971
266,2063,50,54.096
266,2064,50,55.131
266,2065,50,56.289
266,2066,50,57.722
266,2067,50,59.162
266,2068,50,60.442
266,2069,50,61.521
266,2070,50,62.196
266,2071,50,62.61
266,2072,50,62.893
266,2073,50,63.076
266,2074,50,63.34
266,2075,50,63.697
266,2076,50,64.166
266,2077,50,64.637
266,2078,50,65.13
266,2079,50,65.818
266,2080,50,66.632
266,2081,50,67.434
266,2082,50,68.279
266,2083,50,69.242
266,2084,50,70.266
266,2085,50,71.315
266,2086,50,72.401
266,2087,50,73.476
266,2088,50,74.557
266,2089,50,75.677
266,2090,50,76.741
266,2091,50,77.755
266,2092,50,78.674
266,2093,50,79.516
266,2094,50,80.309
266,2095,50,81.028
266,2096,50,81.727
266,2097,50,82.333
266,2098,50,82.79
266,2099,50,83.225
266,2100,50,83.651
678,2024,50,1.786
678,2025,50,1.88
678,2026,50,1.987
678,2027,50,2.089
678,2028,50,2.161
678,2029,50,2.23
678,2030,50,2.315
678,2031,50,2.393
678,2032,50,2.462
678,2033,50,2.512
678,2034,50,2.524
678,2035,50,2.502
678,2036,50,2.448
678,2037,50,2.393
678,2038,50,2.373
678,2039,50,2.382
678,2040,50,2.42
678,2041,50,2.47
678,2042,50,2.498
678,2043,50,2.533
678,2044,50,2.602
678,2045,50,2.695
678,2046,50,2.793
678,2047,50,2.885
678,2048,50,3.014
678,2049,50,3.185
678,2050,50,3.382
678,2051,50,3.603
678,2052,50,3.8
678,2053,50,3.966
678,2054,50,4.146
678,2055,50,4.347
678,2056,50,4.537
678,2057,50,4.675
678,2058,50,4.734
678,2059,50,4.706
678,2060,50,4.606
678,2061,50,4.514
678,2062,50,4.782
678,2063,50,5.062
678,2064,50,5.031
678,2065,50,4.974
678,2066,50,4.888
678,2067,50,4.811
678,2068,50,4.801
678,2069,50,4.906
678,2070,50,4.996
678,2071,50,5.076
678,2072,50,5.197
678,2073,50,5.294
678,2074,50,5.395
678,2075,50,5.481
678,2076,50,5.559
678,2077,50,5.647
678,2078,50,5.728
678,2079,50,5.813
678,2080,50,5.895
678,2081,50,5.969
678,2082,50,6.048
678,2083,50,6.124
678,2084,50,6.194
678,2085,50,6.244
678,2086,50,6.283
678,2087,50,6.321
678,2088,50,6.348
678,2089,50,6.369
678,2090,50,6.38
678,2091,50,6.383
678,2092,50,6.388
678,2093,50,6.399
678,2094,50,6.411
678,2095,50,6.424
678,2096,50,6.435
678,2097,50,6.438
678,2098,50,6.434
678,2099,50,6.429
678,2100,50,6.43
12,2024,50,529.738
12,2025,50,546.235
12,2026,50,565.685
12,2027,50,588.345
12,2028,50,614.221
12,2029,50,641.275
12,2030,50,666.137
12,2031,50,686.994
12,2032,50,703.532
12,2033,50,715.933
12,2034,50,724.485
12,2035,50,729.591
12,2036,50,731.229
12,2037,50,729.074
12,2038,50,723.682
12,2039,50,715.717
12,2040,50,705.718
12,2041,50,693.555
12,2042,50,682.145
12,2043,50,669.925
12,2044,50,654.359
12,2045,50,637.68
12,2046,50,620.044
12,2047,50,601.468
12,2048,50,561.34
12,2049,50,532.81
12,2050,50,540.726
12,2051,50,548.014
12,2052,50,548.738
12,2053,50,559.411
12,2054,50,586.1
12,2055,50,618.424
12,2056,50,654.671
12,2057,50,694.352
12,2058,50,736.365
12,2059,50,773.557
12,2060,50,803.91
12,2061,50,830.851
12,2062,50,868.134
12,2063,50,900.565
12,2064,50,927.839
12,2065,50,953.483
12,2066,50,962.452
12,2067,50,967.72
12,2068,50,960.366
12,2069,50,946.308
12,2070,50,930.266
12,2071,50,904.58
12,2072,50,878.266
12,2073,50,854.042
12,2074,50,830.597
12,2075,50,807.19
12,2076,50,784.269
12,2077,50,763.879
12,2078,50,746.458
12,2079,50,732.567
12,2080,50,722.163
12,2081,50,714.815
12,2082,50,710.539
12,2083,50,710.032
12,2084,50,713.546
12,2085,50,719.758
12,2086,50,728.425
12,2087,50,738.936
12,2088,50,750.801
12,2089,50,764.16
12,2090,50,777.6
12,2091,50,790.343
12,2092,50,802.056
12,2093,50,812.931
12,2094,50,822.434
12,2095,50,828.854
12,2096,50,832.228
12,2097,50,832.959
12,2098,50,830.819
12,2099,50,825.679
12,2100,50,818.327
818,2024,50,1108.769
818,2025,50,1146.805
818,2026,50,1187.988
818,2027,50,1227.25
818,2028,50,1266.917
818,2029,50,1308.8
818,2030,50,1349.169
818,2031,50,1383.95
818,2032,50,1425.418
818,2033,50,1482.501
818,2034,50,1531.824
818,2035,50,1571.073
818,2036,50,1605.05
818,2037,50,1634.829
818,2038,50,1668.646
818,2039,50,1689.266
818,2040,50,1691.887
818,2041,50,1689.85
818,2042,50,1683.44
818,2043,50,1675.97
818,2044,50,1673.806
818,2045,50,1679.031
818,2046,50,1696.122
818,2047,50,1731.886
818,2048,50,1782.219
818,2049,50,1819.637
818,2050,50,1836.111
818,2051,50,1858.84
818,2052,50,1890.216
818,2053,50,1917.796
818,2054,50,1939.702
818,2055,50,1968.349
818,2056,50,2007.455
818,2057,50,2058.506
818,2058,50,2116.573
818,2059,50,2175.412
818,2060,50,2243.513
818,2061,50,2306.05
818,2062,50,2388.336
818,2063,50,2495.797
818,2064,50,2569.128
818,2065,50,2610.642
818,2066,50,2588.343
818,2067,50,2545.089
818,2068,50,2445.907
818,2069,50,2302.984
818,2070,50,2265.114
818,2071,50,2245.645
818,2072,50,2233.79
818,2073,50,2264.013
818,2074,50,2294.58
818,2075,50,2315.025
818,2076,50,2326.923
818,2077,50,2340.288
818,2078,50,2355.458
818,2079,50,2373.86
818,2080,50,2395.723
818,2081,50,2419.8
818,2082,50,2446.564
818,2083,50,2475.043
818,2084,50,2503.425
818,2085,50,2530.863
818,2086,50,2556.932
818,2087,50,2581.077
818,2088,50,2603.126
818,2089,50,2622.749
818,2090,50,2637.161
818,2091,50,2643.279
818,2092,50,2641.141
818,2093,50,2632.106
818,2094,50,2615.031
818,2095,50,2590.825
818,2096,50,2566.737
818,2097,50,2546.573
818,2098,50,2527.957
818,2099,50,2510.9
818,2100,50,2496.984
434,2024,50,97.214
434,2025,50,99.799
434,2026,50,103.055
434,2027,50,105.652
434,2028,50,107.675
434,2029,50,110.014
434,2030,50,111.123
434,2031,50,110.502
434,2032,50,109.051
434,2033,50,105.691
434,2034,50,103.798
434,2035,50,104.456
434,2036,50,103.829
434,2037,50,102.633
434,2038,50,102.162
434,2039,50,101.539
434,2040,50,100.788
434,2041,50,100.061
434,2042,50,99.655
434,2043,50,99.923
434,2044,50,100.836
434,2045,50,102.079
434,2046,50,103.475
434,2047,50,105.118
434,2048,50,106.952
434,2049,50,108.717
434,2050,50,110.586
434,2051,50,113.093
434,2052,50,116.316
434,2053,50,120.083
434,2054,50,124.01
434,2055,50,127.451
434,2056,50,130.299
434,2057,50,132.261
434,2058,50,133.246
434,2059,50,133.783
434,2060,50,136.115
434,2061,50,139.921
434,2062,50,137.572
434,2063,50,134.805
434,2064,50,137.469
434,2065,50,138.033
434,2066,50,136.281
434,2067,50,134.343
434,2068,50,132.276
434,2069,50,130.449
434,2070,50,128.937
434,2071,50,127.34
434,2072,50,125.176
434,2073,50,122.928
434,2074,50,121.012
434,2075,50,119.714
434,2076,50,118.975
434,2077,50,118.472
434,2078,50,118.091
434,2079,50,117.981
434,2080,50,118.098
434,2081,50,118.33
434,2082,50,118.782
434,2083,50,119.433
434,2084,50,120.154
434,2085,50,120.874
434,2086,50,121.695
434,2087,50,122.559
434,2088,50,123.301
434,2089,50,123.901
434,2090,50,124.454
434,2091,50,124.852
434,2092,50,125.141
434,2093,50,125.135
434,2094,50,124.836
434,2095,50,124.454
434,2096,50,123.847
434,2097,50,123.026
434,2098,50,122.159
434,2099,50,121.141
434,2100,50,120.068
504,2024,50,435.598
504,2025,50,446.064
504,2026,50,457.669
504,2027,50,468.14
504,2028,50,475.912
504,2029,50,483.821
504,2030,50,494.266
504,2031,50,506.507
504,2032,50,518.146
504,2033,50,526.53
504,2034,50,533.977
504,2035,50,541.826
504,2036,50,549.501
504,2037,50,553.826
504,2038,50,551.666
504,2039,50,551.403
504,2040,50,557.841
504,2041,50,562.176
504,2042,50,560.034
504,2043,50,554.312
504,2044,50,547.248
504,2045,50,539.697
504,2046,50,534.393
504,2047,50,536.521
504,2048,50,539.054
504,2049,50,534.705
504,2050,50,533.974
504,2051,50,538.287
504,2052,50,536.206
504,2053,50,533.647
504,2054,50,538.465
504,2055,50,548.984
504,2056,50,561.337
504,2057,50,573.022
504,2058,50,583.548
504,2059,50,593.914
504,2060,50,604.393
504,2061,50,608.325
504,2062,50,604.255
504,2063,50,595.044
504,2064,50,584.734
504,2065,50,579.29
504,2066,50,578.157
504,2067,50,576.472
504,2068,50,572.881
504,2069,50,568.803
504,2070,50,563.417
504,2071,50,556.065
504,2072,50,547.741
504,2073,50,540.188
504,2074,50,534.441
504,2075,50,529.148
504,2076,50,524.137
504,2077,50,519.444
504,2078,50,515.399
504,2079,50,512.07
504,2080,50,509.287
504,2081,50,506.348
504,2082,50,503.421
504,2083,50,501.226
504,2084,50,499.172
504,2085,50,497.403
504,2086,50,495.748
504,2087,50,494.183
504,2088,50,492.913
504,2089,50,491.335
504,2090,50,489.544
504,2091,50,487.447
504,2092,50,484.998
504,2093,50,482.455
504,2094,50,479.634
504,2095,50,476.235
504,2096,50,472.339
504,2097,50,468.486
504,2098,50,464.717
504,2099,50,460.242
504,2100,50,455.496
729,2024,50,318.871
729,2025,50,322.292
729,2026,50,334.363
729,2027,50,348.297
729,2028,50,361.801
729,2029,50,380.613
729,2030,50,401.51
729,2031,50,422.186
729,2032,50,437.275
729,2033,50,447.611
729,2034,50,462.768
729,2035,50,483.46
729,2036,50,506.971
729,2037,50,527.503
729,2038,50,547.278
729,2039,50,571.309
729,2040,50,596.966
729,2041,50,627.128
729,2042,50,662.757
729,2043,50,697.567
729,2044,50,728.159
729,2045,50,755.804
729,2046,50,782.487
729,2047,50,805.516
729,2048,50,826.913
729,2049,50,850.403
729,2050,50,873.388
729,2051,50,892.415
729,2052,50,907.086
729,2053,50,916.334
729,2054,50,923.785
729,2055,50,934.022
729,2056,50,946.177
729,2057,50,961.271
729,2058,50,978.088
729,2059,50,997.934
729,2060,50,1022.382
729,2061,50,1039.838
729,2062,50,1049.435
729,2063,50,1061.981
729,2064,50,1079.932
729,2065,50,1112.683
729,2066,50,1149.809
729,2067,50,1180.517
729,2068,50,1217.838
729,2069,50,1255.436
729,2070,50,1282.562
729,2071,50,1301.698
729,2072,50,1321.263
729,2073,50,1343.835
729,2074,50,1366.617
729,2075,50,1381.544
729,2076,50,1398.634
729,2077,50,1422.904
729,2078,50,1440.418
729,2079,50,1454.429
729,2080,50,1465.868
729,2081,50,1473.731
729,2082,50,1483.366
729,2083,50,1492.842
729,2084,50,1504.175
729,2085,50,1515.374
729,2086,50,1521.03
729,2087,50,1529.581
729,2088,50,1541.747
729,2089,50,1553.847
729,2090,50,1566.054
729,2091,50,1578.808
729,2092,50,1592.375
729,2093,50,1606.872
729,2094,50,1621.134
729,2095,50,1635.814
729,2096,50,1649.946
729,2097,50,1663.991
729,2098,50,1680.163
729,2099,50,1694.645
729,2100,50,1707.022
788,2024,50,154.696
788,2025,50,161.637
788,2026,50,163.03
788,2027,50,161.566
788,2028,50,162.063
788,2029,50,170.677
788,2030,50,181.993
788,2031,50,181.61
788,2032,50,175.377
788,2033,50,175.45
788,2034,50,183.036
788,2035,50,189.428
788,2036,50,190.274
788,2037,50,189.306
788,2038,50,182.538
788,2039,50,176.498
788,2040,50,178.702
788,2041,50,180.922
788,2042,50,181.624
788,2043,50,181.475
788,2044,50,178.405
788,2045,50,172.28
788,2046,50,164.835
788,2047,50,158.537
788,2048,50,153.267
788,2049,50,150.391
788,2050,50,149.519
788,2051,50,148.346
788,2052,50,147.055
788,2053,50,147.557
788,2054,50,149.691
788,2055,50,151.933
788,2056,50,154.607
788,2057,50,159.365
788,2058,50,166.419
788,2059,50,174.659
788,2060,50,181.965
788,2061,50,185.975
788,2062,50,189.051
788,2063,50,197.617
788,2064,50,201.367
788,2065,50,198.621
788,2066,50,197.346
788,2067,50,192.931
788,2068,50,186.228
788,2069,50,180.72
788,2070,50,173.685
788,2071,50,158.873
788,2072,50,150.324
788,2073,50,149.87
788,2074,50,146.385
788,2075,50,142.898
788,2076,50,139.586
788,2077,50,136.412
788,2078,50,133.571
788,2079,50,131.102
788,2080,50,128.974
788,2081,50,127.267
788,2082,50,126.081
788,2083,50,125.434
788,2084,50,125.307
788,2085,50,125.673
788,2086,50,126.543
788,2087,50,127.788
788,2088,50,129.272
788,2089,50,131.011
788,2090,50,132.75
788,2091,50,134.419
788,2092,50,136.049
788,2093,50,137.247
788,2094,50,137.82
788,2095,50,137.95
788,2096,50,137.659
788,2097,50,136.928
788,2098,50,135.731
788,2099,50,134.016
788,2100,50,132.01
732,2024,50,7.472
732,2025,50,7.817
732,2026,50,8.161
732,2027,50,8.471
732,2028,50,9.03
732,2029,50,9.828
732,2030,50,10.554
732,2031,50,11.079
732,2032,50,11.356
732,2033,50,11.495
732,2034,50,11.529
732,2035,50,11.489
732,2036,50,11.385
732,2037,50,11.213
732,2038,50,11.008
732,2039,50,10.787
732,2040,50,10.561
732,2041,50,10.303
732,2042,50,10.032
732,2043,50,9.778
732,2044,50,9.532
732,2045,50,9.31
732,2046,50,9.178
732,2047,50,9.141
732,2048,50,9.139
732,2049,50,9.155
732,2050,50,9.195
732,2051,50,9.231
732,2052,50,9.26
732,2053,50,9.327
732,2054,50,9.443
732,2055,50,9.605
732,2056,50,9.787
732,2057,50,9.95
732,2058,50,10.093
732,2059,50,10.22
732,2060,50,10.358
732,2061,50,10.493
732,2062,50,10.624
732,2063,50,10.737
732,2064,50,10.823
732,2065,50,10.881
732,2066,50,10.909
732,2067,50,10.931
732,2068,50,10.93
732,2069,50,10.901
732,2070,50,10.863
732,2071,50,10.808
732,2072,50,10.732
732,2073,50,10.678
732,2074,50,10.719
732,2075,50,10.725
732,2076,50,10.638
732,2077,50,10.57
732,2078,50,10.503
732,2079,50,10.451
732,2080,50,10.417
732,2081,50,10.4
732,2082,50,10.392
732,2083,50,10.391
732,2084,50,10.397
732,2085,50,10.413
732,2086,50,10.432
732,2087,50,10.454
732,2088,50,10.476
732,2089,50,10.5
732,2090,50,10.528
732,2091,50,10.552
732,2092,50,10.57
732,2093,50,10.584
732,2094,50,10.585
732,2095,50,10.581
732,2096,50,10.57
732,2097,50,10.552
732,2098,50,10.528
732,2099,50,10.5
732,2100,50,10.47
72,2024,50,19.739
72,2025,50,19.558
72,2026,50,20.263
72,2027,50,20.529
72,2028,50,21.073
72,2029,50,23.316
72,2030,50,24.344
72,2031,50,24.168
72,2032,50,25.187
72,2033,50,26.577
72,2034,50,27.39
72,2035,50,29.912
72,2036,50,33.232
72,2037,50,34.493
72,2038,50,33.463
72,2039,50,35.361
72,2040,50,38.514
72,2041,50,41.135
72,2042,50,44.396
72,2043,50,45.928
72,2044,50,46.346
72,2045,50,46.29
72,2046,50,45.994
72,2047,50,44.568
72,2048,50,43.805
72,2049,50,44.144
72,2050,50,44.033
72,2051,50,44.258
72,2052,50,44.479
72,2053,50,44.292
72,2054,50,44.263
72,2055,50,44.508
72,2056,50,44.261
72,2057,50,43.603
72,2058,50,43.06
72,2059,50,43.085
72,2060,50,43.489
72,2061,50,43.863
72,2062,50,44.153
72,2063,50,44.312
72,2064,50,44.774
72,2065,50,45.875
72,2066,50,47.057
72,2067,50,47.969
72,2068,50,48.574
72,2069,50,49.308
72,2070,50,50.518
72,2071,50,54.349
72,2072,50,55.383
72,2073,50,53.167
72,2074,50,53.178
72,2075,50,53.257
72,2076,50,53.18
72,2077,50,53.016
72,2078,50,52.785
72,2079,50,52.483
72,2080,50,52.097
72,2081,50,51.7
72,2082,50,51.322
72,2083,50,50.919
72,2084,50,50.499
72,2085,50,50.134
72,2086,50,49.8
72,2087,50,49.543
72,2088,50,49.395
72,2089,50,49.32
72,2090,50,49.288
72,2091,50,49.302
72,2092,50,49.389
72,2093,50,49.512
72,2094,50,49.651
72,2095,50,49.798
72,2096,50,49.919
72,2097,50,49.991
72,2098,50,50.053
72,2099,50,50.102
72,2100,50,50.102
748,2024,50,9.028
748,2025,50,9.433
748,2026,50,9.862
748,2027,50,10.382
748,2028,50,10.858
748,2029,50,11.67
748,2030,50,12.226
748,2031,50,12.685
748,2032,50,13.578
748,2033,50,14.077
748,2034,50,14.442
748,2035,50,14.784
748,2036,50,15.292
748,2037,50,15.67
748,2038,50,15.615
748,2039,50,16.081
748,2040,50,16.352
748,2041,50,16.346
748,2042,50,16.401
748,2043,50,16.482
748,2044,50,16.766
748,2045,50,16.91
748,2046,50,16.853
748,2047,50,16.703
748,2048,50,16.922
748,2049,50,17.788
748,2050,50,18.396
748,2051,50,18.223
748,2052,50,17.914
748,2053,50,17.991
748,2054,50,18.298
748,2055,50,18.654
748,2056,50,19.051
748,2057,50,19.417
748,2058,50,19.548
748,2059,50,19.453
748,2060,50,19.454
748,2061,50,19.744
748,2062,50,20.124
748,2063,50,20.308
748,2064,50,20.314
748,2065,50,20.291
748,2066,50,20.223
748,2067,50,20.397
748,2068,50,20.639
748,2069,50,20.68
748,2070,50,20.7
748,2071,50,20.717
748,2072,50,20.699
748,2073,50,20.533
748,2074,50,20.342
748,2075,50,20.239
748,2076,50,20.173
748,2077,50,20.103
748,2078,50,20.037
748,2079,50,19.989
748,2080,50,19.935
748,2081,50,19.886
748,2082,50,19.828
748,2083,50,19.749
748,2084,50,19.68
748,2085,50,19.613
748,2086,50,19.56
748,2087,50,19.511
748,2088,50,19.441
748,2089,50,19.366
748,2090,50,19.305
748,2091,50,19.226
748,2092,50,19.113
748,2093,50,18.994
748,2094,50,18.878
748,2095,50,18.757
748,2096,50,18.619
748,2097,50,18.474
748,2098,50,18.319
748,2099,50,18.17
748,2100,50,18.028
426,2024,50,13.719
426,2025,50,14.631
426,2026,50,15.77
426,2027,50,17.014
426,2028,50,18.315
426,2029,50,19.717
426,2030,50,21.17
426,2031,50,22.667
426,2032,50,24.254
426,2033,50,25.88
426,2034,50,27.376
426,2035,50,28.75
426,2036,50,30.091
426,2037,50,31.797
426,2038,50,33.071
426,2039,50,33.36
426,2040,50,33.357
426,2041,50,33.25
426,2042,50,33.035
426,2043,50,32.504
426,2044,50,31.982
426,2045,50,31.924
426,2046,50,32.311
426,2047,50,32.839
426,2048,50,32.771
426,2049,50,32.298
426,2050,50,32.409
426,2051,50,33.466
426,2052,50,35.217
426,2053,50,36.384
426,2054,50,36.334
426,2055,50,36.084
426,2056,50,36.417
426,2057,50,37.692
426,2058,50,39.142
426,2059,50,39.826
426,2060,50,40.274
426,2061,50,41.744
426,2062,50,43.24
426,2063,50,43.926
426,2064,50,44.37
426,2065,50,44.592
426,2066,50,45.016
426,2067,50,45.124
426,2068,50,44.655
426,2069,50,43.918
426,2070,50,43.18
426,2071,50,42.549
426,2072,50,42.109
426,2073,50,42.068
426,2074,50,42.199
426,2075,50,42.314
426,2076,50,42.46
426,2077,50,42.589
426,2078,50,42.727
426,2079,50,42.91
426,2080,50,43.125
426,2081,50,43.352
426,2082,50,43.602
426,2083,50,43.868
426,2084,50,44.139
426,2085,50,44.383
426,2086,50,44.6
426,2087,50,44.776
426,2088,50,44.835
426,2089,50,44.843
426,2090,50,44.878
426,2091,50,44.905
426,2092,50,44.835
426,2093,50,44.714
426,2094,50,44.608
426,2095,50,44.472
426,2096,50,44.309
426,2097,50,44.144
426,2098,50,44.001
426,2099,50,43.844
426,2100,50,43.661
516,2024,50,23.986
516,2025,50,24.859
516,2026,50,25.25
516,2027,50,26.003
516,2028,50,27.147
516,2029,50,28.111
516,2030,50,29.27
516,2031,50,30.297
516,2032,50,30.986
516,2033,50,32.492
516,2034,50,34.257
516,2035,50,35.239
516,2036,50,35.77
516,2037,50,36.815
516,2038,50,38.841
516,2039,50,41.132
516,2040,50,43.559
516,2041,50,45.543
516,2042,50,46.686
516,2043,50,48.02
516,2044,50,48.89
516,2045,50,48.749
516,2046,50,48.613
516,2047,50,49.024
516,2048,50,50.222
516,2049,50,51.726
516,2050,50,52.339
516,2051,50,50.981
516,2052,50,49.029
516,2053,50,48.584
516,2054,50,49.098
516,2055,50,50.034
516,2056,50,50.663
516,2057,50,51.331
516,2058,50,52.801
516,2059,50,54.035
516,2060,50,56.767
516,2061,50,59.053
516,2062,50,59.167
516,2063,50,61.031
516,2064,50,63.778
516,2065,50,66.281
516,2066,50,68.418
516,2067,50,69.659
516,2068,50,70.769
516,2069,50,71.569
516,2070,50,75.248
516,2071,50,78.614
516,2072,50,75.215
516,2073,50,69.702
516,2074,50,68.306
516,2075,50,69.16
516,2076,50,69.42
516,2077,50,69.698
516,2078,50,69.98
516,2079,50,70.245
516,2080,50,70.49
516,2081,50,70.831
516,2082,50,71.245
516,2083,50,71.698
516,2084,50,72.179
516,2085,50,72.677
516,2086,50,73.249
516,2087,50,73.876
516,2088,50,74.486
516,2089,50,75.045
516,2090,50,75.571
516,2091,50,76.069
516,2092,50,76.547
516,2093,50,76.952
516,2094,50,77.276
516,2095,50,77.573
516,2096,50,77.823
516,2097,50,77.98
516,2098,50,78.081
516,2099,50,78.162
516,2100,50,78.219
710,2024,50,630.09
710,2025,50,644.435
710,2026,50,663.573
710,2027,50,690.427
710,2028,50,725.695
710,2029,50,763.847
710,2030,50,799.326
710,2031,50,835.937
710,2032,50,866.104
710,2033,50,894.195
710,2034,50,926.172
710,2035,50,947.984
710,2036,50,960.199
710,2037,50,968.693
710,2038,50,975.872
710,2039,50,986.125
710,2040,50,997.114
710,2041,50,1003.64
710,2042,50,1001.685
710,2043,50,994.766
710,2044,50,989.958
710,2045,50,984.396
710,2046,50,970.953
710,2047,50,951.676
710,2048,50,936.315
710,2049,50,927.468
710,2050,50,916.17
710,2051,50,897.388
710,2052,50,879.909
710,2053,50,877.757
710,2054,50,901.699
710,2055,50,945.059
710,2056,50,986.686
710,2057,50,1013.017
710,2058,50,1024.878
710,2059,50,1029.149
710,2060,50,1028.227
710,2061,50,1023.272
710,2062,50,1017.496
710,2063,50,1011.898
710,2064,50,1003.551
710,2065,50,997.134
710,2066,50,1004.421
710,2067,50,1028.741
710,2068,50,1067.106
710,2069,50,1110.916
710,2070,50,1146.259
710,2071,50,1183.462
710,2072,50,1172.649
710,2073,50,1140.677
710,2074,50,1145.201
710,2075,50,1146.028
710,2076,50,1142.711
710,2077,50,1140.294
710,2078,50,1139.017
710,2079,50,1137.946
710,2080,50,1136.241
710,2081,50,1134.262
710,2082,50,1133.253
710,2083,50,1132.61
710,2084,50,1131.949
710,2085,50,1131.312
710,2086,50,1131.362
710,2087,50,1132.715
710,2088,50,1135.196
710,2089,50,1138.942
710,2090,50,1143.644
710,2091,50,1149.559
710,2092,50,1156.121
710,2093,50,1162.382
710,2094,50,1168.503
710,2095,50,1173.684
710,2096,50,1177.62
710,2097,50,1180.086
710,2098,50,1180.986
710,2099,50,1180.981
710,2100,50,1180.297
204,2024,50,94.401
204,2025,50,97.296
204,2026,50,100.373
204,2027,50,103.66
204,2028,50,107.085
204,2029,50,111.417
204,2030,50,116.845
204,2031,50,122.343
204,2032,50,127.21
204,2033,50,131.309
204,2034,50,135.475
204,2035,50,139.877
204,2036,50,144.199
204,2037,50,148.696
204,2038,50,153.282
204,2039,50,157.367
204,2040,50,161.586
204,2041,50,166.329
204,2042,50,170.932
204,2043,50,175.835
204,2044,50,184.686
204,2045,50,190.943
204,2046,50,192.903
204,2047,50,197.407
204,2048,50,202.701
204,2049,50,207.864
204,2050,50,212.797
204,2051,50,217.861
204,2052,50,223.543
204,2053,50,230.349
204,2054,50,237.539
204,2055,50,244.586
204,2056,50,253.136
204,2057,50,261.388
204,2058,50,267.38
204,2059,50,273.44
204,2060,50,280.887
204,2061,50,289.6
204,2062,50,299.395
204,2063,50,309.324
204,2064,50,318.555
204,2065,50,327.094
204,2066,50,334.861
204,2067,50,340.953
204,2068,50,344.81
204,2069,50,347.3
204,2070,50,350.24
204,2071,50,354.572
204,2072,50,359.95
204,2073,50,365.54
204,2074,50,370.653
204,2075,50,376.082
204,2076,50,381.286
204,2077,50,386.244
204,2078,50,390.759
204,2079,50,395.586
204,2080,50,400.912
204,2081,50,405.815
204,2082,50,410.346
204,2083,50,415.807
204,2084,50,422.221
204,2085,50,428.567
204,2086,50,434.418
204,2087,50,439.461
204,2088,50,444.429
204,2089,50,449.454
204,2090,50,455.39
204,2091,50,460.476
204,2092,50,464.913
204,2093,50,469.625
204,2094,50,473.77
204,2095,50,477.474
204,2096,50,481.391
204,2097,50,484.443
204,2098,50,486.374
204,2099,50,488.565
204,2100,50,490.101
854,2024,50,144.231
854,2025,50,151.455
854,2026,50,158.918
854,2027,50,167.095
854,2028,50,176.305
854,2029,50,185.356
854,2030,50,193.374
854,2031,50,200.796
854,2032,50,207.785
854,2033,50,214.486
854,2034,50,221.907
854,2035,50,229.858
854,2036,50,236.974
854,2037,50,242.939
854,2038,50,248.332
854,2039,50,253.99
854,2040,50,260.684
854,2041,50,268.106
854,2042,50,275.14
854,2043,50,281.739
854,2044,50,289.547
854,2045,50,299.269
854,2046,50,310.019
854,2047,50,320.521
854,2048,50,330.476
854,2049,50,340.471
854,2050,50,352.276
854,2051,50,364.642
854,2052,50,375.78
854,2053,50,389.033
854,2054,50,403.226
854,2055,50,417.712
854,2056,50,436.223
854,2057,50,454.679
854,2058,50,470.345
854,2059,50,484.878
854,2060,50,499.31
854,2061,50,513.76
854,2062,50,527.464
854,2063,50,540.3
854,2064,50,550.501
854,2065,50,558.727
854,2066,50,564.318
854,2067,50,566.156
854,2068,50,561.671
854,2069,50,551.284
854,2070,50,539.948
854,2071,50,538.53
854,2072,50,546.747
854,2073,50,553.574
854,2074,50,560.228
854,2075,50,566.079
854,2076,50,571.351
854,2077,50,577.078
854,2078,50,582.919
854,2079,50,588.777
854,2080,50,595.259
854,2081,50,602.81
854,2082,50,610.102
854,2083,50,618.401
854,2084,50,625.964
854,2085,50,630.354
854,2086,50,633.341
854,2087,50,636.085
854,2088,50,638.379
854,2089,50,641.111
854,2090,50,643.445
854,2091,50,645.143
854,2092,50,647.287
854,2093,50,649.081
854,2094,50,650.542
854,2095,50,650.849
854,2096,50,650.328
854,2097,50,650.116
854,2098,50,649.706
854,2099,50,649.231
854,2100,50,648.559
132,2024,50,4.773
132,2025,50,5.056
132,2026,50,5.41
132,2027,50,5.612
132,2028,50,5.725
132,2029,50,5.987
132,2030,50,6.412
132,2031,50,6.78
132,2032,50,7.004
132,2033,50,7.222
132,2034,50,7.499
132,2035,50,7.804
132,2036,50,8.137
132,2037,50,8.478
132,2038,50,8.749
132,2039,50,8.89
132,2040,50,8.965
132,2041,50,9.027
132,2042,50,8.995
132,2043,50,8.897
132,2044,50,8.84
132,2045,50,8.718
132,2046,50,8.391
132,2047,50,7.976
132,2048,50,7.661
132,2049,50,7.482
132,2050,50,7.372
132,2051,50,7.317
132,2052,50,7.451
132,2053,50,7.785
132,2054,50,8.136
132,2055,50,8.396
132,2056,50,8.552
132,2057,50,8.618
132,2058,50,8.661
132,2059,50,8.756
132,2060,50,8.885
132,2061,50,8.971
132,2062,50,8.967
132,2063,50,8.877
132,2064,50,8.791
132,2065,50,8.79
132,2066,50,8.837
132,2067,50,8.847
132,2068,50,8.757
132,2069,50,8.548
132,2070,50,8.166
132,2071,50,6.69
132,2072,50,5.444
132,2073,50,5.419
132,2074,50,5.405
132,2075,50,5.385
132,2076,50,5.366
132,2077,50,5.36
132,2078,50,5.355
132,2079,50,5.353
132,2080,50,5.354
132,2081,50,5.358
132,2082,50,5.37
132,2083,50,5.389
132,2084,50,5.412
132,2085,50,5.435
132,2086,50,5.45
132,2087,50,5.463
132,2088,50,5.471
132,2089,50,5.477
132,2090,50,5.481
132,2091,50,5.475
132,2092,50,5.468
132,2093,50,5.456
132,2094,50,5.434
132,2095,50,5.402
132,2096,50,5.365
132,2097,50,5.318
132,2098,50,5.25
132,2099,50,5.166
132,2100,50,5.065
384,2024,50,222.493
384,2025,50,235.429
384,2026,50,248.255
384,2027,50,260.196
384,2028,50,271.944
384,2029,50,284.211
384,2030,50,296.014
384,2031,50,307.819
384,2032,50,320.15
384,2033,50,331.607
384,2034,50,341.652
384,2035,50,350.209
384,2036,50,357.022
384,2037,50,362.195
384,2038,50,365.896
384,2039,50,368.269
384,2040,50,369.778
384,2041,50,370.11
384,2042,50,368.93
384,2043,50,367.134
384,2044,50,365.785
384,2045,50,364.264
384,2046,50,362.272
384,2047,50,363.735
384,2048,50,378.114
384,2049,50,401.235
384,2050,50,417.807
384,2051,50,430.594
384,2052,50,449.782
384,2053,50,473.8
384,2054,50,494.065
384,2055,50,517.194
384,2056,50,552.143
384,2057,50,587.654
384,2058,50,615.889
384,2059,50,637.535
384,2060,50,654.184
384,2061,50,666.315
384,2062,50,671.488
384,2063,50,686.325
384,2064,50,734.854
384,2065,50,772.046
384,2066,50,777.572
384,2067,50,780.957
384,2068,50,777.485
384,2069,50,776.68
384,2070,50,783.702
384,2071,50,792.247
384,2072,50,801.306
384,2073,50,810.528
384,2074,50,820.928
384,2075,50,831.447
384,2076,50,842.186
384,2077,50,854.162
384,2078,50,867.039
384,2079,50,880.799
384,2080,50,896.62
384,2081,50,914.172
384,2082,50,932.419
384,2083,50,954.029
384,2084,50,974.833
384,2085,50,993.333
384,2086,50,1014.053
384,2087,50,1035.506
384,2088,50,1054.338
384,2089,50,1071.28
384,2090,50,1089.029
384,2091,50,1106.114
384,2092,50,1122.605
384,2093,50,1136.861
384,2094,50,1149.488
384,2095,50,1161.94
384,2096,50,1173.513
384,2097,50,1184.509
384,2098,50,1194.281
384,2099,50,1203.875
384,2100,50,1213.531
270,2024,50,16.941
270,2025,50,17.059
270,2026,50,17.279
270,2027,50,17.656
270,2028,50,18.318
270,2029,50,19.217
270,2030,50,20.239
270,2031,50,21.333
270,2032,50,22.485
270,2033,50,23.719
270,2034,50,25.036
270,2035,50,26.322
270,2036,50,27.583
270,2037,50,28.864
270,2038,50,30.146
270,2039,50,31.535
270,2040,50,33.024
270,2041,50,34.453
270,2042,50,35.739
270,2043,50,36.964
270,2044,50,38.27
270,2045,50,39.413
270,2046,50,40.186
270,2047,50,40.869
270,2048,50,41.691
270,2049,50,42.57
270,2050,50,43.391
270,2051,50,44.3
270,2052,50,45.31
270,2053,50,46.456
270,2054,50,47.919
270,2055,50,49.624
270,2056,50,51.565
270,2057,50,53.371
270,2058,50,54.83
270,2059,50,56.416
270,2060,50,58.269
270,2061,50,60.281
270,2062,50,62.415
270,2063,50,64.03
270,2064,50,64.576
270,2065,50,64.606
270,2066,50,64.519
270,2067,50,64.298
270,2068,50,63.95
270,2069,50,64.231
270,2070,50,65.21
270,2071,50,66.229
270,2072,50,67.189
270,2073,50,68.14
270,2074,50,68.877
270,2075,50,69.259
270,2076,50,69.547
270,2077,50,69.797
270,2078,50,70.048
270,2079,50,70.295
270,2080,50,70.55
270,2081,50,70.818
270,2082,50,71.105
270,2083,50,71.441
270,2084,50,71.788
270,2085,50,72.12
270,2086,50,72.439
270,2087,50,72.768
270,2088,50,73.127
270,2089,50,73.463
270,2090,50,73.731
270,2091,50,73.971
270,2092,50,74.219
270,2093,50,74.412
270,2094,50,74.519
270,2095,50,74.565
270,2096,50,74.601
270,2097,50,74.676
270,2098,50,74.694
270,2099,50,74.598
270,2100,50,74.508
288,2024,50,282.552
288,2025,50,291.215
288,2026,50,297.87
288,2027,50,312.117
288,2028,50,332.578
288,2029,50,350.317
288,2030,50,352.459
288,2031,50,350.172
288,2032,50,367.301
288,2033,50,389.493
288,2034,50,399.491
288,2035,50,404.607
288,2036,50,413.459
288,2037,50,421.681
288,2038,50,428.288
288,2039,50,434.447
288,2040,50,442.294
288,2041,50,450.213
288,2042,50,456.413
288,2043,50,461.636
288,2044,50,464.682
288,2045,50,467.105
288,2046,50,469.878
288,2047,50,476.239
288,2048,50,488.075
288,2049,50,502.662
288,2050,50,521.407
288,2051,50,538.334
288,2052,50,550.067
288,2053,50,560.192
288,2054,50,569.254
288,2055,50,583.266
288,2056,50,597.284
288,2057,50,604.65
288,2058,50,612.763
288,2059,50,625.06
288,2060,50,642.589
288,2061,50,662.704
288,2062,50,680.755
288,2063,50,695.645
288,2064,50,704.581
288,2065,50,711.535
288,2066,50,714.488
288,2067,50,706.311
288,2068,50,701.623
288,2069,50,705.335
288,2070,50,709.469
288,2071,50,714.32
288,2072,50,718.866
288,2073,50,724.515
288,2074,50,730.334
288,2075,50,735.306
288,2076,50,741.42
288,2077,50,747.672
288,2078,50,754.519
288,2079,50,761.683
288,2080,50,768.667
288,2081,50,775.874
288,2082,50,783.173
288,2083,50,791.15
288,2084,50,799.094
288,2085,50,806.305
288,2086,50,813.172
288,2087,50,819.123
288,2088,50,824.682
288,2089,50,830.233
288,2090,50,835.046
288,2091,50,839.358
288,2092,50,843.313
288,2093,50,846.744
288,2094,50,849.386
288,2095,50,851.59
288,2096,50,853.992
288,2097,50,855.897
288,2098,50,857.148
288,2099,50,858.262
288,2100,50,858.867
324,2024,50,86.443
324,2025,50,88.446
324,2026,50,90.706
324,2027,50,93.43
324,2028,50,96.542
324,2029,50,100.02
324,2030,50,104.057
324,2031,50,108.602
324,2032,50,113.975
324,2033,50,119.822
324,2034,50,125.991
324,2035,50,132.864
324,2036,50,140.186
324,2037,50,147.846
324,2038,50,155.456
324,2039,50,162.746
324,2040,50,169.859
324,2041,50,177.769
324,2042,50,185.913
324,2043,50,193.062
324,2044,50,199.513
324,2045,50,204.957
324,2046,50,211.126
324,2047,50,217.723
324,2048,50,221.061
324,2049,50,224.085
324,2050,50,228.4
324,2051,50,231.252
324,2052,50,233.102
324,2053,50,236.436
324,2054,50,242.151
324,2055,50,249.115
324,2056,50,256.109
324,2057,50,262.801
324,2058,50,269.915
324,2059,50,277.17
324,2060,50,283.984
324,2061,50,289.683
324,2062,50,294.734
324,2063,50,300.387
324,2064,50,306.731
324,2065,50,313.505
324,2066,50,320.4
324,2067,50,326.242
324,2068,50,331.051
324,2069,50,336.532
324,2070,50,342.595
324,2071,50,347.674
324,2072,50,351.663
324,2073,50,355.364
324,2074,50,359.096
324,2075,50,362.276
324,2076,50,365.142
324,2077,50,368.606
324,2078,50,371.62
324,2079,50,373.551
324,2080,50,375.681
324,2081,50,378.014
324,2082,50,380.504
324,2083,50,382.351
324,2084,50,383.598
324,2085,50,385.121
324,2086,50,387.561
324,2087,50,389.932
324,2088,50,392.09
324,2089,50,394.835
324,2090,50,397.25
324,2091,50,399.208
324,2092,50,400.954
324,2093,50,402.768
324,2094,50,404.379
324,2095,50,405.591
324,2096,50,406.813
324,2097,50,408.189
324,2098,50,409.328
324,2099,50,410.449
324,2100,50,411.831
624,2024,50,16.046
624,2025,50,16.782
624,2026,50,17.4
624,2027,50,17.869
624,2028,50,18.061
624,2029,50,18.465
624,2030,50,19.398
624,2031,50,20.332
624,2032,50,21.169
624,2033,50,21.952
624,2034,50,22.664
624,2035,50,23.298
624,2036,50,23.888
624,2037,50,24.492
624,2038,50,25.152
624,2039,50,25.92
624,2040,50,26.451
624,2041,50,26.951
624,2042,50,27.821
624,2043,50,28.743
624,2044,50,29.623
624,2045,50,30.469
624,2046,50,31.266
624,2047,50,32.12
624,2048,50,33.031
624,2049,50,33.854
624,2050,50,34.701
624,2051,50,35.526
624,2052,50,36.43
624,2053,50,37.473
624,2054,50,38.41
624,2055,50,39.433
624,2056,50,40.596
624,2057,50,41.809
624,2058,50,42.864
624,2059,50,43.738
624,2060,50,44.748
624,2061,50,45.947
624,2062,50,47.155
624,2063,50,48.206
624,2064,50,48.849
624,2065,50,49.156
624,2066,50,49.385
624,2067,50,49.296
624,2068,50,49.368
624,2069,50,49.879
624,2070,50,50.51
624,2071,50,51.153
624,2072,50,51.694
624,2073,50,52.213
624,2074,50,52.707
624,2075,50,53.106
624,2076,50,53.577
624,2077,50,54.109
624,2078,50,54.631
624,2079,50,55.115
624,2080,50,55.516
624,2081,50,55.889
624,2082,50,56.257
624,2083,50,56.615
624,2084,50,57.001
624,2085,50,57.289
624,2086,50,57.514
624,2087,50,57.793
624,2088,50,58.037
624,2089,50,58.235
624,2090,50,58.463
624,2091,50,58.735
624,2092,50,58.978
624,2093,50,59.195
624,2094,50,59.376
624,2095,50,59.545
624,2096,50,59.668
624,2097,50,59.754
624,2098,50,59.868
624,2099,50,59.979
624,2100,50,60.068
430,2024,50,39.043
430,2025,50,40.573
430,2026,50,42.22
430,2027,50,43.967
430,2028,50,45.833
430,2029,50,47.698
430,2030,50,49.293
430,2031,50,50.539
430,2032,50,51.754
430,2033,50,52.954
430,2034,50,54.351
430,2035,50,55.772
430,2036,50,57.032
430,2037,50,57.996
430,2038,50,58.765
430,2039,50,59.673
430,2040,50,60.805
430,2041,50,62.084
430,2042,50,63.567
430,2043,50,65.206
430,2044,50,67.109
430,2045,50,69.584
430,2046,50,72.448
430,2047,50,75.664
430,2048,50,79.129
430,2049,50,82.773
430,2050,50,86.359
430,2051,50,89.632
430,2052,50,92.598
430,2053,50,95.517
430,2054,50,99.102
430,2055,50,103.443
430,2056,50,108.231
430,2057,50,112.215
430,2058,50,114.544
430,2059,50,116.123
430,2060,50,117.854
430,2061,50,119.528
430,2062,50,123.062
430,2063,50,125.251
430,2064,50,124.598
430,2065,50,124.339
430,2066,50,125.088
430,2067,50,126.188
430,2068,50,127.312
430,2069,50,128.367
430,2070,50,129.424
430,2071,50,130.746
430,2072,50,132.539
430,2073,50,134.673
430,2074,50,136.734
430,2075,50,138.669
430,2076,50,140.641
430,2077,50,142.67
430,2078,50,144.698
430,2079,50,146.669
430,2080,50,148.144
430,2081,50,149.658
430,2082,50,151.141
430,2083,50,152.245
430,2084,50,153.677
430,2085,50,154.973
430,2086,50,156.323
430,2087,50,157.548
430,2088,50,158.471
430,2089,50,159.378
430,2090,50,160.398
430,2091,50,161.309
430,2092,50,162.059
430,2093,50,162.659
430,2094,50,163.191
430,2095,50,163.645
430,2096,50,164.016
430,2097,50,164.373
430,2098,50,164.797
430,2099,50,165.136
430,2100,50,165.266
466,2024,50,137.232
466,2025,50,144.754
466,2026,50,152.476
466,2027,50,159.915
466,2028,50,167.146
466,2029,50,175.006
466,2030,50,182.83
466,2031,50,189.742
466,2032,50,195.74
466,2033,50,200.725
466,2034,50,205.557
466,2035,50,210.843
466,2036,50,216.849
466,2037,50,222.182
466,2038,50,227.179
466,2039,50,232.156
466,2040,50,236.046
466,2041,50,242.089
466,2042,50,249.509
466,2043,50,256.44
466,2044,50,264.343
466,2045,50,271.162
466,2046,50,278.518
466,2047,50,289.49
466,2048,50,302.623
466,2049,50,318.164
466,2050,50,333.666
466,2051,50,347.664
466,2052,50,362.851
466,2053,50,379.531
466,2054,50,397.113
466,2055,50,415.273
466,2056,50,431.926
466,2057,50,447.591
466,2058,50,464.319
466,2059,50,481.597
466,2060,50,499.706
466,2061,50,516.843
466,2062,50,532.989
466,2063,50,546.547
466,2064,50,559.258
466,2065,50,574.191
466,2066,50,588.746
466,2067,50,603.904
466,2068,50,616.607
466,2069,50,620.776
466,2070,50,629.959
466,2071,50,648.895
466,2072,50,666.13
466,2073,50,682.738
466,2074,50,698.261
466,2075,50,713.646
466,2076,50,730.133
466,2077,50,746.653
466,2078,50,764.157
466,2079,50,782.101
466,2080,50,798.274
466,2081,50,814.057
466,2082,50,830.04
466,2083,50,845.643
466,2084,50,859.775
466,2085,50,870.365
466,2086,50,881.916
466,2087,50,893.567
466,2088,50,904.229
466,2089,50,912.896
466,2090,50,919.891
466,2091,50,928.533
466,2092,50,936.948
466,2093,50,945.358
466,2094,50,953.958
466,2095,50,962.148
466,2096,50,969.325
466,2097,50,975.524
466,2098,50,981.74
466,2099,50,987.598
466,2100,50,993.166
478,2024,50,33.041
478,2025,50,34.038
478,2026,50,35.088
478,2027,50,36.207
478,2028,50,37.38
478,2029,50,38.63
478,2030,50,39.997
478,2031,50,41.505
478,2032,50,43.126
478,2033,50,44.853
478,2034,50,46.654
478,2035,50,48.439
478,2036,50,50.165
478,2037,50,51.844
478,2038,50,53.483
478,2039,50,55.149
478,2040,50,56.873
478,2041,50,58.692
478,2042,50,60.633
478,2043,50,62.764
478,2044,50,64.985
478,2045,50,67.135
478,2046,50,69.192
478,2047,50,71.16
478,2048,50,73.124
478,2049,50,75.221
478,2050,50,77.541
478,2051,50,80.14
478,2052,50,83.0
478,2053,50,86.114
478,2054,50,89.459
478,2055,50,92.908
478,2056,50,96.407
478,2057,50,99.93
478,2058,50,103.514
478,2059,50,107.189
478,2060,50,110.894
478,2061,50,114.667
478,2062,50,118.489
478,2063,50,120.664
478,2064,50,122.326
478,2065,50,125.208
478,2066,50,128.126
478,2067,50,131.079
478,2068,50,133.966
478,2069,50,136.748
478,2070,50,139.418
478,2071,50,142.074
478,2072,50,144.691
478,2073,50,147.273
478,2074,50,150.033
478,2075,50,152.826
478,2076,50,155.413
478,2077,50,158.037
478,2078,50,160.886
478,2079,50,163.461
478,2080,50,166.091
478,2081,50,168.917
478,2082,50,171.41
478,2083,50,173.273
478,2084,50,175.397
478,2085,50,177.802
478,2086,50,179.721
478,2087,50,181.792
478,2088,50,183.922
478,2089,50,185.948
478,2090,50,188.02
478,2091,50,190.038
478,2092,50,192.132
478,2093,50,194.205
478,2094,50,195.797
478,2095,50,197.352
478,2096,50,199.036
478,2097,50,200.7
478,2098,50,202.414
478,2099,50,203.972
478,2100,50,205.633
562,2024,50,144.327
562,2025,50,149.749
562,2026,50,155.42
562,2027,50,161.395
562,2028,50,168.224
562,2029,50,175.437
562,2030,50,182.427
562,2031,50,189.183
562,2032,50,195.526
562,2033,50,201.877
562,2034,50,208.381
562,2035,50,215.237
562,2036,50,222.332
562,2037,50,230.055
562,2038,50,238.248
562,2039,50,246.994
562,2040,50,257.55
562,2041,50,269.097
562,2042,50,281.078
562,2043,50,294.143
562,2044,50,308.059
562,2045,50,323.285
562,2046,50,339.857
562,2047,50,356.944
562,2048,50,374.82
562,2049,50,393.118
562,2050,50,410.961
562,2051,50,428.862
562,2052,50,447.143
562,2053,50,465.842
562,2054,50,485.115
562,2055,50,504.976
562,2056,50,524.961
562,2057,50,545.183
562,2058,50,565.802
562,2059,50,586.679
562,2060,50,607.541
562,2061,50,627.474
562,2062,50,646.632
562,2063,50,666.675
562,2064,50,686.662
562,2065,50,705.331
562,2066,50,723.253
562,2067,50,739.165
562,2068,50,752.985
562,2069,50,766.236
562,2070,50,779.886
562,2071,50,794.038
562,2072,50,816.757
562,2073,50,846.544
562,2074,50,871.598
562,2075,50,891.054
562,2076,50,908.66
562,2077,50,925.355
562,2078,50,940.705
562,2079,50,956.835
562,2080,50,972.678
562,2081,50,985.512
562,2082,50,997.598
562,2083,50,1011.86
562,2084,50,1023.171
562,2085,50,1033.069
562,2086,50,1043.543
562,2087,50,1051.809
562,2088,50,1059.339
562,2089,50,1067.062
562,2090,50,1076.055
562,2091,50,1084.751
562,2092,50,1093.741
562,2093,50,1103.493
562,2094,50,1113.551
562,2095,50,1123.903
562,2096,50,1132.855
562,2097,50,1140.886
562,2098,50,1149.714
562,2099,50,1158.476
562,2100,50,1166.547
566,2024,50,1569.566
566,2025,50,1638.785
566,2026,50,1703.502
566,2027,50,1765.263
566,2028,50,1829.811
566,2029,50,1883.823
566,2030,50,1925.032
566,2031,50,1965.204
566,2032,50,2006.975
566,2033,50,2052.81
566,2034,50,2085.977
566,2035,50,2106.605
566,2036,50,2129.507
566,2037,50,2155.23
566,2038,50,2192.919
566,2039,50,2245.489
566,2040,50,2295.743
566,2041,50,2339.446
566,2042,50,2389.571
566,2043,50,2445.838
566,2044,50,2505.279
566,2045,50,2574.447
566,2046,50,2644.547
566,2047,50,2706.39
566,2048,50,2773.767
566,2049,50,2872.89
566,2050,50,3015.563
566,2051,50,3170.145
566,2052,50,3320.425
566,2053,50,3477.981
566,2054,50,3637.515
566,2055,50,3797.035
566,2056,50,3952.282
566,2057,50,4091.4
566,2058,50,4228.18
566,2059,50,4359.3
566,2060,50,4476.197
566,2061,50,4591.77
566,2062,50,4689.532
566,2063,50,4766.927
566,2064,50,4849.357
566,2065,50,4911.438
566,2066,50,4929.113
566,2067,50,4931.857
566,2068,50,4937.61
566,2069,50,4939.564
566,2070,50,4937.486
566,2071,50,4989.393
566,2072,50,5082.725
566,2073,50,5171.057
566,2074,50,5247.57
566,2075,50,5314.703
566,2076,50,5388.874
566,2077,50,5453.014
566,2078,50,5513.254
566,2079,50,5581.236
566,2080,50,5643.065
566,2081,50,5698.24
566,2082,50,5758.734
566,2083,50,5809.411
566,2084,50,5853.54
566,2085,50,5899.515
566,2086,50,5941.588
566,2087,50,5976.012
566,2088,50,6004.913
566,2089,50,6033.828
566,2090,50,6055.108
566,2091,50,6066.35
566,2092,50,6074.206
566,2093,50,6083.415
566,2094,50,6092.201
566,2095,50,6097.593
566,2096,50,6103.173
566,2097,50,6109.204
566,2098,50,6112.706
566,2099,50,6118.045
566,2100,50,6127.266
654,2024,50,0.066
654,2025,50,0.067
654,2026,50,0.077
654,2027,50,0.057
654,2028,50,0.053
654,2029,50,0.05
654,2030,50,0.047
654,2031,50,0.06
654,2032,50,0.068
654,2033,50,0.071
654,2034,50,0.067
654,2035,50,0.053
654,2036,50,0.05
654,2037,50,0.039
654,2038,50,0.046
654,2039,50,0.063
654,2040,50,0.057
654,2041,50,0.054
654,2042,50,0.07
654,2043,50,0.065
654,2044,50,0.04
654,2045,50,0.041
654,2046,50,0.048
654,2047,50,0.051
654,2048,50,0.036
654,2049,50,0.028
654,2050,50,0.048
654,2051,50,0.048
654,2052,50,0.04
654,2053,50,0.042
654,2054,50,0.042
654,2055,50,0.049
654,2056,50,0.047
654,2057,50,0.044
654,2058,50,0.049
654,2059,50,0.049
654,2060,50,0.053
654,2061,50,0.053
654,2062,50,0.049
654,2063,50,0.047
654,2064,50,0.049
654,2065,50,0.056
654,2066,50,0.052
654,2067,50,0.047
654,2068,50,0.039
654,2069,50,0.036
654,2070,50,0.04
654,2071,50,0.038
654,2072,50,0.037
654,2073,50,0.036
654,2074,50,0.035
654,2075,50,0.034
654,2076,50,0.033
654,2077,50,0.033
654,2078,50,0.032
654,2079,50,0.032
654,2080,50,0.032
654,2081,50,0.032
654,2082,50,0.032
654,2083,50,0.032
654,2084,50,0.032
654,2085,50,0.033
654,2086,50,0.033
654,2087,50,0.034
654,2088,50,0.034
654,2089,50,0.035
654,2090,50,0.035
654,2091,50,0.035
654,2092,50,0.035
654,2093,50,0.035
654,2094,50,0.035
654,2095,50,0.035
654,2096,50,0.035
654,2097,50,0.034
654,2098,50,0.034
654,2099,50,0.033
654,2100,50,0.032
686,2024,50,125.88
686,2025,50,131.256
686,2026,50,136.731
686,2027,50,142.273
686,2028,50,147.897
686,2029,50,153.674
686,2030,50,159.777
686,2031,50,166.315
686,2032,50,173.275
686,2033,50,180.629
686,2034,50,188.192
686,2035,50,195.634
686,2036,50,202.781
686,2037,50,209.626
686,2038,50,216.215
686,2039,50,223.022
686,2040,50,230.793
686,2041,50,239.837
686,2042,50,250.211
686,2043,50,261.919
686,2044,50,274.402
686,2045,50,286.759
686,2046,50,298.413
686,2047,50,309.19
686,2048,50,318.931
686,2049,50,327.718
686,2050,50,335.57
686,2051,50,342.478
686,2052,50,348.689
686,2053,50,354.495
686,2054,50,360.116
686,2055,50,365.915
686,2056,50,372.302
686,2057,50,379.486
686,2058,50,387.454
686,2059,50,395.605
686,2060,50,402.835
686,2061,50,408.749
686,2062,50,413.155
686,2063,50,415.962
686,2064,50,417.722
686,2065,50,419.484
686,2066,50,421.804
686,2067,50,424.772
686,2068,50,428.29
686,2069,50,432.251
686,2070,50,436.417
686,2071,50,440.598
686,2072,50,448.905
686,2073,50,461.919
686,2074,50,472.699
686,2075,50,480.549
686,2076,50,487.892
686,2077,50,495.047
686,2078,50,502.676
686,2079,50,509.9
686,2080,50,516.324
686,2081,50,521.487
686,2082,50,526.149
686,2083,50,530.617
686,2084,50,534.714
686,2085,50,538.424
686,2086,50,541.123
686,2087,50,544.391
686,2088,50,546.727
686,2089,50,548.441
686,2090,50,551.053
686,2091,50,553.222
686,2092,50,555.194
686,2093,50,557.127
686,2094,50,559.351
686,2095,50,562.078
686,2096,50,565.203
686,2097,50,568.177
686,2098,50,571.082
686,2099,50,574.606
686,2100,50,578.27
694,2024,50,61.26
694,2025,50,63.49
694,2026,50,65.523
694,2027,50,67.723
694,2028,50,70.167
694,2029,50,72.542
694,2030,50,74.877
694,2031,50,77.38
694,2032,50,80.092
694,2033,50,82.882
694,2034,50,85.748
694,2035,50,88.621
694,2036,50,91.541
694,2037,50,94.605
694,2038,50,97.483
694,2039,50,100.112
694,2040,50,103.083
694,2041,50,106.462
694,2042,50,110.007
694,2043,50,113.776
694,2044,50,117.367
694,2045,50,120.566
694,2046,50,124.418
694,2047,50,128.915
694,2048,50,133.11
694,2049,50,137.163
694,2050,50,140.968
694,2051,50,144.54
694,2052,50,148.198
694,2053,50,151.318
694,2054,50,152.856
694,2055,50,154.686
694,2056,50,158.462
694,2057,50,162.355
694,2058,50,166.072
694,2059,50,169.738
694,2060,50,172.622
694,2061,50,175.583
694,2062,50,178.369
694,2063,50,179.579
694,2064,50,179.842
694,2065,50,180.341
694,2066,50,182.13
694,2067,50,185.357
694,2068,50,188.455
694,2069,50,191.048
694,2070,50,193.056
694,2071,50,194.768
694,2072,50,196.335
694,2073,50,197.991
694,2074,50,199.608
694,2075,50,200.476
694,2076,50,201.367
694,2077,50,202.838
694,2078,50,203.584
694,2079,50,203.748
694,2080,50,204.485
694,2081,50,205.527
694,2082,50,206.624
694,2083,50,207.642
694,2084,50,208.539
694,2085,50,209.297
694,2086,50,209.975
694,2087,50,210.572
694,2088,50,211.059
694,2089,50,211.48
694,2090,50,211.874
694,2091,50,212.286
694,2092,50,212.723
694,2093,50,212.995
694,2094,50,212.978
694,2095,50,212.967
694,2096,50,212.883
694,2097,50,212.737
694,2098,50,212.555
694,2099,50,212.422
694,2100,50,212.29
768,2024,50,72.399
768,2025,50,74.967
768,2026,50,77.528
768,2027,50,79.958
768,2028,50,82.218
768,2029,50,84.472
768,2030,50,86.658
768,2031,50,88.901
768,2032,50,91.155
768,2033,50,93.28
768,2034,50,95.377
768,2035,50,97.496
768,2036,50,99.903
768,2037,50,102.548
768,2038,50,105.074
768,2039,50,107.427
768,2040,50,109.864
768,2041,50,112.325
768,2042,50,114.793
768,2043,50,117.22
768,2044,50,119.642
768,2045,50,121.896
768,2046,50,124.103
768,2047,50,126.593
768,2048,50,129.747
768,2049,50,133.683
768,2050,50,137.785
768,2051,50,141.86
768,2052,50,145.903
768,2053,50,149.582
768,2054,50,152.821
768,2055,50,157.392
768,2056,50,163.826
768,2057,50,170.82
768,2058,50,177.442
768,2059,50,183.671
768,2060,50,189.751
768,2061,50,193.573
768,2062,50,195.024
768,2063,50,196.437
768,2064,50,199.249
768,2065,50,203.15
768,2066,50,207.547
768,2067,50,211.447
768,2068,50,214.448
768,2069,50,217.352
768,2070,50,220.204
768,2071,50,223.031
768,2072,50,225.665
768,2073,50,228.336
768,2074,50,231.126
768,2075,50,234.139
768,2076,50,237.53
768,2077,50,241.026
768,2078,50,244.514
768,2079,50,248.057
768,2080,50,252.005
768,2081,50,256.217
768,2082,50,260.573
768,2083,50,264.548
768,2084,50,268.283
768,2085,50,272.026
768,2086,50,275.749
768,2087,50,279.646
768,2088,50,283.271
768,2089,50,286.89
768,2090,50,290.611
768,2091,50,294.011
768,2092,50,297.159
768,2093,50,300.288
768,2094,50,303.12
768,2095,50,305.827
768,2096,50,308.421
768,2097,50,310.684
768,2098,50,312.965
768,2099,50,315.385
768,2100,50,317.728
398,2024,50,226.601
398,2025,50,229.77
398,2026,50,232.361
398,2027,50,234.537
398,2028,50,237.207
398,2029,50,241.109
398,2030,50,246.421
398,2031,50,252.754
398,2032,50,259.819
398,2033,50,268.033
398,2034,50,277.273
398,2035,50,286.909
398,2036,50,296.03
398,2037,50,303.566
398,2038,50,308.165
398,2039,50,309.6
398,2040,50,307.763
398,2041,50,302.418
398,2042,50,294.125
398,2043,50,284.097
398,2044,50,273.261
398,2045,50,261.276
398,2046,50,248.111
398,2047,50,235.366
398,2048,50,225.645
398,2049,50,219.665
398,2050,50,217.212
398,2051,50,218.464
398,2052,50,223.305
398,2053,50,232.067
398,2054,50,244.36
398,2055,50,258.962
398,2056,50,276.145
398,2057,50,295.477
398,2058,50,314.287
398,2059,50,329.016
398,2060,50,339.759
398,2061,50,347.794
398,2062,50,353.349
398,2063,50,358.02
398,2064,50,362.932
398,2065,50,367.27
398,2066,50,371.051
398,2067,50,374.266
398,2068,50,377.796
398,2069,50,383.939
398,2070,50,391.917
398,2071,50,409.365
398,2072,50,402.842
398,2073,50,379.187
398,2074,50,372.07
398,2075,50,365.712
398,2076,50,360.408
398,2077,50,357.169
398,2078,50,355.112
398,2079,50,354.193
398,2080,50,355.097
398,2081,50,357.104
398,2082,50,359.94
398,2083,50,363.64
398,2084,50,367.903
398,2085,50,372.558
398,2086,50,377.525
398,2087,50,382.653
398,2088,50,387.768
398,2089,50,393.392
398,2090,50,399.48
398,2091,50,405.564
398,2092,50,411.275
398,2093,50,415.83
398,2094,50,419.598
398,2095,50,422.461
398,2096,50,424.373
398,2097,50,424.884
398,2098,50,424.09
398,2099,50,422.657
398,2100,50,420.511
417,2024,50,67.262
417,2025,50,69.059
417,2026,50,70.72
417,2027,50,72.537
417,2028,50,74.03
417,2029,50,74.741
417,2030,50,77.808
417,2031,50,79.916
417,2032,50,80.609
417,2033,50,83.069
417,2034,50,86.785
417,2035,50,91.599
417,2036,50,95.885
417,2037,50,99.128
417,2038,50,102.246
417,2039,50,104.373
417,2040,50,106.841
417,2041,50,107.003
417,2042,50,105.463
417,2043,50,105.241
417,2044,50,105.573
417,2045,50,106.655
417,2046,50,106.153
417,2047,50,102.559
417,2048,50,99.281
417,2049,50,98.237
417,2050,50,98.724
417,2051,50,98.17
417,2052,50,96.81
417,2053,50,98.391
417,2054,50,101.511
417,2055,50,104.193
417,2056,50,106.023
417,2057,50,110.473
417,2058,50,117.267
417,2059,50,124.54
417,2060,50,132.743
417,2061,50,136.11
417,2062,50,136.23
417,2063,50,138.264
417,2064,50,141.804
417,2065,50,146.347
417,2066,50,147.192
417,2067,50,146.516
417,2068,50,150.825
417,2069,50,154.538
417,2070,50,151.318
417,2071,50,143.659
417,2072,50,137.521
417,2073,50,136.053
417,2074,50,136.177
417,2075,50,135.719
417,2076,50,134.984
417,2077,50,134.477
417,2078,50,134.33
417,2079,50,134.588
417,2080,50,135.233
417,2081,50,136.15
417,2082,50,137.179
417,2083,50,138.419
417,2084,50,139.996
417,2085,50,141.578
417,2086,50,143.172
417,2087,50,144.961
417,2088,50,146.97
417,2089,50,148.92
417,2090,50,150.478
417,2091,50,151.596
417,2092,50,152.429
417,2093,50,152.952
417,2094,50,152.97
417,2095,50,152.628
417,2096,50,152.171
417,2097,50,151.531
417,2098,50,150.716
417,2099,50,149.8
417,2100,50,148.704
762,2024,50,83.233
762,2025,50,84.984
762,2026,50,86.792
762,2027,50,89.006
762,2028,50,92.1
762,2029,50,96.233
762,2030,50,100.609
762,2031,50,104.735
762,2032,50,108.949
762,2033,50,114.257
762,2034,50,121.493
762,2035,50,129.697
762,2036,50,137.444
762,2037,50,143.843
762,2038,50,148.858
762,2039,50,153.009
762,2040,50,155.658
762,2041,50,156.008
762,2042,50,154.635
762,2043,50,153.809
762,2044,50,154.595
762,2045,50,155.778
762,2046,50,156.945
762,2047,50,159.144
762,2048,50,163.772
762,2049,50,169.078
762,2050,50,170.345
762,2051,50,166.307
762,2052,50,158.284
762,2053,50,149.634
762,2054,50,146.293
762,2055,50,148.559
762,2056,50,154.303
762,2057,50,160.974
762,2058,50,172.256
762,2059,50,187.328
762,2060,50,201.863
762,2061,50,206.924
762,2062,50,206.572
762,2063,50,215.982
762,2064,50,231.338
762,2065,50,244.469
762,2066,50,241.912
762,2067,50,233.181
762,2068,50,232.862
762,2069,50,235.903
762,2070,50,238.416
762,2071,50,239.159
762,2072,50,238.602
762,2073,50,236.338
762,2074,50,233.545
762,2075,50,230.841
762,2076,50,228.067
762,2077,50,226.195
762,2078,50,225.522
762,2079,50,226.273
762,2080,50,228.427
762,2081,50,231.87
762,2082,50,235.994
762,2083,50,240.704
762,2084,50,245.967
762,2085,50,251.338
762,2086,50,256.263
762,2087,50,260.05
762,2088,50,262.49
762,2089,50,264.081
762,2090,50,265.188
762,2091,50,265.708
762,2092,50,265.709
762,2093,50,265.416
762,2094,50,264.697
762,2095,50,263.43
762,2096,50,261.559
762,2097,50,259.271
762,2098,50,256.744
762,2099,50,254.514
762,2100,50,252.692
795,2024,50,81.748
795,2025,50,82.276
795,2026,50,82.694
795,2027,50,82.969
795,2028,50,83.219
795,2029,50,83.899
795,2030,50,85.373
795,2031,50,87.712
795,2032,50,90.966
795,2033,50,95.002
795,2034,50,99.376
795,2035,50,103.661
795,2036,50,107.739
795,2037,50,111.6
795,2038,50,115.246
795,2039,50,118.854
795,2040,50,122.475
795,2041,50,126.08
795,2042,50,129.729
795,2043,50,133.198
795,2044,50,135.759
795,2045,50,136.703
795,2046,50,135.797
795,2047,50,133.038
795,2048,50,128.568
795,2049,50,123.165
795,2050,50,117.621
795,2051,50,111.953
795,2052,50,106.11
795,2053,50,100.451
795,2054,50,96.231
795,2055,50,94.706
795,2056,50,96.278
795,2057,50,101.026
795,2058,50,108.756
795,2059,50,117.686
795,2060,50,125.987
795,2061,50,133.382
795,2062,50,139.841
795,2063,50,145.329
795,2064,50,149.771
795,2065,50,153.093
795,2066,50,155.266
795,2067,50,156.278
795,2068,50,156.118
795,2069,50,154.784
795,2070,50,152.374
795,2071,50,150.163
795,2072,50,148.848
795,2073,50,146.742
795,2074,50,143.772
795,2075,50,140.433
795,2076,50,136.622
795,2077,50,133.013
795,2078,50,129.927
795,2079,50,127.607
795,2080,50,126.141
795,2081,50,125.378
795,2082,50,125.33
795,2083,50,125.983
795,2084,50,127.189
795,2085,50,128.772
795,2086,50,130.571
795,2087,50,132.542
795,2088,50,134.457
795,2089,50,136.341
795,2090,50,138.088
795,2091,50,139.584
795,2092,50,140.794
795,2093,50,141.67
795,2094,50,142.325
795,2095,50,142.55
795,2096,50,142.241
795,2097,50,141.403
795,2098,50,140.104
795,2099,50,138.458
795,2100,50,136.583
860,2024,50,364.152
860,2025,50,372.865
860,2026,50,380.535
860,2027,50,388.03
860,2028,50,394.123
860,2029,50,404.398
860,2030,50,420.101
860,2031,50,434.909
860,2032,50,451.64
860,2033,50,473.172
860,2034,50,500.682
860,2035,50,527.999
860,2036,50,551.922
860,2037,50,566.907
860,2038,50,565.648
860,2039,50,561.937
860,2040,50,572.772
860,2041,50,594.358
860,2042,50,604.89
860,2043,50,598.125
860,2044,50,583.618
860,2045,50,573.75
860,2046,50,563.845
860,2047,50,543.557
860,2048,50,518.435
860,2049,50,496.432
860,2050,50,480.19
860,2051,50,469.549
860,2052,50,467.854
860,2053,50,467.966
860,2054,50,471.889
860,2055,50,478.624
860,2056,50,490.307
860,2057,50,521.224
860,2058,50,558.825
860,2059,50,581.449
860,2060,50,583.95
860,2061,50,579.328
860,2062,50,583.647
860,2063,50,609.014
860,2064,50,646.804
860,2065,50,673.555
860,2066,50,682.083
860,2067,50,683.881
860,2068,50,704.647
860,2069,50,741.894
860,2070,50,782.449
860,2071,50,826.214
860,2072,50,858.159
860,2073,50,876.773
860,2074,50,878.293
860,2075,50,863.615
860,2076,50,848.282
860,2077,50,835.482
860,2078,50,826.089
860,2079,50,819.037
860,2080,50,813.91
860,2081,50,810.043
860,2082,50,807.134
860,2083,50,805.842
860,2084,50,806.511
860,2085,50,809.317
860,2086,50,814.279
860,2087,50,821.005
860,2088,50,829.848
860,2089,50,841.529
860,2090,50,855.693
860,2091,50,872.103
860,2092,50,889.751
860,2093,50,906.738
860,2094,50,922.003
860,2095,50,934.653
860,2096,50,944.058
860,2097,50,950.128
860,2098,50,953.66
860,2099,50,956.272
860,2100,50,957.943
156,2024,50,22440.899
156,2025,50,20662.506
156,2026,50,19268.504
156,2027,50,18193.228
156,2028,50,17533.885
156,2029,50,17993.941
156,2030,50,18709.639
156,2031,50,19381.705
156,2032,50,20646.109
156,2033,50,20341.14
156,2034,50,19745.41
156,2035,50,20893.42
156,2036,50,22348.763
156,2037,50,23935.339
156,2038,50,24161.508
156,2039,50,24069.839
156,2040,50,24870.562
156,2041,50,22847.766
156,2042,50,19728.816
156,2043,50,18686.713
156,2044,50,18054.654
156,2045,50,17581.064
156,2046,50,17096.305
156,2047,50,16557.538
156,2048,50,16108.097
156,2049,50,15789.657
156,2050,50,16007.473
156,2051,50,15912.577
156,2052,50,15387.295
156,2053,50,15231.52
156,2054,50,15283.396
156,2055,50,15480.517
156,2056,50,15693.519
156,2057,50,16007.488
156,2058,50,16454.382
156,2059,50,16899.269
156,2060,50,17036.102
156,2061,50,16968.936
156,2062,50,17642.236
156,2063,50,17896.49
156,2064,50,17689.66
156,2065,50,17335.252
156,2066,50,17147.438
156,2067,50,17528.006
156,2068,50,16099.934
156,2069,50,14342.209
156,2070,50,12648.274
156,2071,50,10639.192
156,2072,50,9483.629
156,2073,50,8729.391
156,2074,50,8422.341
156,2075,50,8334.311
156,2076,50,8248.87
156,2077,50,8169.919
156,2078,50,8094.987
156,2079,50,8031.23
156,2080,50,7988.557
156,2081,50,7967.959
156,2082,50,7962.572
156,2083,50,7970.882
156,2084,50,7991.654
156,2085,50,8036.559
156,2086,50,8090.562
156,2087,50,8154.325
156,2088,50,8226.934
156,2089,50,8285.731
156,2090,50,8330.113
156,2091,50,8359.262
156,2092,50,8373.479
156,2093,50,8382.877
156,2094,50,8361.327
156,2095,50,8291.285
156,2096,50,8173.805
156,2097,50,8004.485
156,2098,50,7786.818
156,2099,50,7534.037
156,2100,50,7257.613
344,2024,50,116.516
344,2025,50,113.046
344,2026,50,111.202
344,2027,50,111.795
344,2028,50,113.184
344,2029,50,115.462
344,2030,50,118.851
344,2031,50,121.362
344,2032,50,122.114
344,2033,50,119.959
344,2034,50,116.408
344,2035,50,114.918
344,2036,50,113.019
344,2037,50,111.071
344,2038,50,111.225
344,2039,50,109.803
344,2040,50,107.206
344,2041,50,104.94
344,2042,50,102.74
344,2043,50,100.997
344,2044,50,99.914
344,2045,50,97.192
344,2046,50,92.009
344,2047,50,85.434
344,2048,50,77.704
344,2049,50,71.897
344,2050,50,68.269
344,2051,50,63.324
344,2052,50,57.909
344,2053,50,54.418
344,2054,50,52.402
344,2055,50,51.907
344,2056,50,53.408
344,2057,50,56.176
344,2058,50,56.089
344,2059,50,52.048
344,2060,50,52.527
344,2061,50,59.073
344,2062,50,61.517
344,2063,50,57.495
344,2064,50,53.394
344,2065,50,51.748
344,2066,50,51.056
344,2067,50,49.968
344,2068,50,47.2
344,2069,50,43.915
344,2070,50,40.194
344,2071,50,40.278
344,2072,50,39.955
344,2073,50,36.592
344,2074,50,35.545
344,2075,50,34.694
344,2076,50,33.735
344,2077,50,32.651
344,2078,50,31.484
344,2079,50,30.403
344,2080,50,29.377
344,2081,50,28.274
344,2082,50,27.201
344,2083,50,26.112
344,2084,50,25.011
344,2085,50,23.921
344,2086,50,23.127
344,2087,50,22.641
344,2088,50,22.001
344,2089,50,21.598
344,2090,50,21.291
344,2091,50,20.977
344,2092,50,20.949
344,2093,50,21.022
344,2094,50,20.957
344,2095,50,20.69
344,2096,50,20.413
344,2097,50,20.087
344,2098,50,19.873
344,2099,50,19.616
344,2100,50,19.166
446,2024,50,12.841
446,2025,50,9.822
446,2026,50,9.273
446,2027,50,8.925
446,2028,50,9.273
446,2029,50,10.117
446,2030,50,10.491
446,2031,50,10.651
446,2032,50,11.346
446,2033,50,12.339
446,2034,50,13.208
446,2035,50,13.666
446,2036,50,14.009
446,2037,50,14.396
446,2038,50,14.778
446,2039,50,14.927
446,2040,50,14.36
446,2041,50,13.722
446,2042,50,13.203
446,2043,50,12.375
446,2044,50,11.461
446,2045,50,10.446
446,2046,50,9.832
446,2047,50,9.585
446,2048,50,8.906
446,2049,50,8.378
446,2050,50,8.529
446,2051,50,8.626
446,2052,50,7.881
446,2053,50,6.372
446,2054,50,5.396
446,2055,50,5.563
446,2056,50,5.939
446,2057,50,5.976
446,2058,50,5.94
446,2059,50,5.926
446,2060,50,5.989
446,2061,50,6.452
446,2062,50,7.29
446,2063,50,7.856
446,2064,50,7.991
446,2065,50,8.105
446,2066,50,8.076
446,2067,50,7.803
446,2068,50,7.468
446,2069,50,7.277
446,2070,50,6.98
446,2071,50,6.375
446,2072,50,5.645
446,2073,50,5.187
446,2074,50,5.079
446,2075,50,4.987
446,2076,50,4.899
446,2077,50,4.8
446,2078,50,4.69
446,2079,50,4.58
446,2080,50,4.447
446,2081,50,4.3
446,2082,50,4.143
446,2083,50,3.991
446,2084,50,3.851
446,2085,50,3.721
446,2086,50,3.617
446,2087,50,3.542
446,2088,50,3.485
446,2089,50,3.444
446,2090,50,3.42
446,2091,50,3.412
446,2092,50,3.429
446,2093,50,3.468
446,2094,50,3.513
446,2095,50,3.55
446,2096,50,3.567
446,2097,50,3.585
446,2098,50,3.6
446,2099,50,3.593
446,2100,50,3.556
158,2024,50,341.986
158,2025,50,344.704
158,2026,50,373.631
158,2027,50,385.012
158,2028,50,378.085
158,2029,50,391.9
158,2030,50,393.799
158,2031,50,393.299
158,2032,50,392.08
158,2033,50,376.439
158,2034,50,357.727
158,2035,50,334.701
158,2036,50,302.662
158,2037,50,288.624
158,2038,50,303.713
158,2039,50,301.371
158,2040,50,289.943
158,2041,50,293.943
158,2042,50,291.796
158,2043,50,287.568
158,2044,50,281.886
158,2045,50,275.737
158,2046,50,269.92
158,2047,50,265.075
158,2048,50,251.399
158,2049,50,209.884
158,2050,50,215.232
158,2051,50,243.571
158,2052,50,227.537
158,2053,50,211.333
158,2054,50,203.375
158,2055,50,199.389
158,2056,50,197.967
158,2057,50,199.828
158,2058,50,197.977
158,2059,50,194.02
158,2060,50,180.36
158,2061,50,183.816
158,2062,50,217.297
158,2063,50,216.335
158,2064,50,205.828
158,2065,50,220.761
158,2066,50,220.418
158,2067,50,202.499
158,2068,50,188.097
158,2069,50,182.376
158,2070,50,172.747
158,2071,50,158.816
158,2072,50,145.838
158,2073,50,137.965
158,2074,50,135.001
158,2075,50,132.103
158,2076,50,129.771
158,2077,50,127.929
158,2078,50,126.685
158,2079,50,125.653
158,2080,50,124.436
158,2081,50,123.228
158,2082,50,122.178
158,2083,50,121.356
158,2084,50,120.396
158,2085,50,119.201
158,2086,50,118.234
158,2087,50,117.384
158,2088,50,116.423
158,2089,50,115.602
158,2090,50,115.015
158,2091,50,114.427
158,2092,50,113.898
158,2093,50,113.686
158,2094,50,113.618
158,2095,50,113.608
158,2096,50,113.61
158,2097,50,113.47
158,2098,50,113.277
158,2099,50,112.967
158,2100,50,112.463
408,2024,50,378.187
408,2025,50,356.222
408,2026,50,333.612
408,2027,50,313.074
408,2028,50,307.559
408,2029,50,311.511
408,2030,50,316.961
408,2031,50,327.236
408,2032,50,336.983
408,2033,50,339.62
408,2034,50,342.935
408,2035,50,347.195
408,2036,50,352.19
408,2037,50,356.511
408,2038,50,359.768
408,2039,50,363.342
408,2040,50,369.698
408,2041,50,377.84
408,2042,50,382.812
408,2043,50,383.327
408,2044,50,382.243
408,2045,50,380.883
408,2046,50,379.826
408,2047,50,376.726
408,2048,50,371.359
408,2049,50,365.855
408,2050,50,358.048
408,2051,50,350.592
408,2052,50,343.326
408,2053,50,335.293
408,2054,50,324.838
408,2055,50,311.169
408,2056,50,306.492
408,2057,50,307.699
408,2058,50,308.526
408,2059,50,305.406
408,2060,50,300.268
408,2061,50,300.765
408,2062,50,303.042
408,2063,50,306.087
408,2064,50,309.32
408,2065,50,312.242
408,2066,50,314.901
408,2067,50,317.582
408,2068,50,319.188
408,2069,50,320.155
408,2070,50,321.342
408,2071,50,321.135
408,2072,50,319.551
408,2073,50,316.94
408,2074,50,314.79
408,2075,50,311.909
408,2076,50,306.53
408,2077,50,300.611
408,2078,50,294.443
408,2079,50,288.158
408,2080,50,281.912
408,2081,50,275.797
408,2082,50,269.763
408,2083,50,264.272
408,2084,50,259.475
408,2085,50,255.38
408,2086,50,251.873
408,2087,50,249.096
408,2088,50,247.215
408,2089,50,246.038
408,2090,50,245.604
408,2091,50,245.918
408,2092,50,246.808
408,2093,50,247.943
408,2094,50,249.03
408,2095,50,250.047
408,2096,50,250.911
408,2097,50,251.413
408,2098,50,251.444
408,2099,50,251.098
408,2100,50,250.243
392,2024,50,2037.389
392,2025,50,1939.813
392,2026,50,1827.45
392,2027,50,1741.592
392,2028,50,1676.331
392,2029,50,1618.922
392,2030,50,1554.821
392,2031,50,1492.009
392,2032,50,1448.317
392,2033,50,1433.458
392,2034,50,1420.315
392,2035,50,1382.85
392,2036,50,1332.629
392,2037,50,1295.458
392,2038,50,1265.235
392,2039,50,1223.384
392,2040,50,1181.731
392,2041,50,1165.421
392,2042,50,1156.174
392,2043,50,1136.648
392,2044,50,1141.054
392,2045,50,1138.62
392,2046,50,1125.066
392,2047,50,1125.855
392,2048,50,1128.746
392,2049,50,1133.815
392,2050,50,1146.119
392,2051,50,1162.424
392,2052,50,1169.968
392,2053,50,1177.7
392,2054,50,1185.069
392,2055,50,1180.912
392,2056,50,1187.692
392,2057,50,1205.494
392,2058,50,1208.146
392,2059,50,1198.363
392,2060,50,1184.554
392,2061,50,1171.992
392,2062,50,1157.254
392,2063,50,1145.025
392,2064,50,1124.961
392,2065,50,1111.357
392,2066,50,1095.363
392,2067,50,1062.246
392,2068,50,1030.288
392,2069,50,992.876
392,2070,50,959.004
392,2071,50,933.973
392,2072,50,910.079
392,2073,50,881.985
392,2074,50,864.246
392,2075,50,862.845
392,2076,50,859.628
392,2077,50,857.854
392,2078,50,857.493
392,2079,50,858.314
392,2080,50,860.441
392,2081,50,862.979
392,2082,50,866.336
392,2083,50,870.023
392,2084,50,874.17
392,2085,50,878.979
392,2086,50,883.263
392,2087,50,886.89
392,2088,50,890.381
392,2089,50,893.021
392,2090,50,893.774
392,2091,50,892.694
392,2092,50,890.244
392,2093,50,887.17
392,2094,50,882.839
392,2095,50,877.678
392,2096,50,871.312
392,2097,50,862.568
392,2098,50,852.866
392,2099,50,842.315
392,2100,50,830.817
496,2024,50,38.741
496,2025,50,39.599
496,2026,50,40.38
496,2027,50,41.065
496,2028,50,41.654
496,2029,50,42.161
496,2030,50,42.622
496,2031,50,43.135
496,2032,50,43.943
496,2033,50,45.25
496,2034,50,47.079
496,2035,50,49.388
496,2036,50,51.929
496,2037,50,53.965
496,2038,50,54.857
496,2039,50,54.491
496,2040,50,52.898
496,2041,50,50.315
496,2042,50,47.506
496,2043,50,45.128
496,2044,50,43.305
496,2045,50,42.05
496,2046,50,41.257
496,2047,50,40.551
496,2048,50,39.639
496,2049,50,38.534
496,2050,50,37.335
496,2051,50,36.295
496,2052,50,36.008
496,2053,50,36.873
496,2054,50,38.831
496,2055,50,41.721
496,2056,50,45.4
496,2057,50,49.73
496,2058,50,54.673
496,2059,50,60.307
496,2060,50,66.04
496,2061,50,67.569
496,2062,50,69.256
496,2063,50,75.145
496,2064,50,78.939
496,2065,50,79.823
496,2066,50,78.667
496,2067,50,75.511
496,2068,50,72.491
496,2069,50,71.228
496,2070,50,70.017
496,2071,50,67.479
496,2072,50,64.675
496,2073,50,62.379
496,2074,50,60.582
496,2075,50,59.036
496,2076,50,57.723
496,2077,50,56.76
496,2078,50,56.168
496,2079,50,55.946
496,2080,50,56.115
496,2081,50,56.663
496,2082,50,57.531
496,2083,50,58.68
496,2084,50,60.061
496,2085,50,61.517
496,2086,50,63.002
496,2087,50,64.504
496,2088,50,65.931
496,2089,50,67.199
496,2090,50,68.277
496,2091,50,69.085
496,2092,50,69.653
496,2093,50,70.039
496,2094,50,70.239
496,2095,50,70.254
496,2096,50,69.992
496,2097,50,69.536
496,2098,50,68.965
496,2099,50,68.262
496,2100,50,67.417
410,2024,50,855.743
410,2025,50,810.696
410,2026,50,760.386
410,2027,50,748.5
410,2028,50,747.5
410,2029,50,773.455
410,2030,50,820.151
410,2031,50,827.86
410,2032,50,815.298
410,2033,50,777.245
410,2034,50,711.885
410,2035,50,666.737
410,2036,50,648.075
410,2037,50,638.171
410,2038,50,631.806
410,2039,50,636.122
410,2040,50,651.225
410,2041,50,674.368
410,2042,50,704.293
410,2043,50,715.381
410,2044,50,707.545
410,2045,50,699.552
410,2046,50,688.16
410,2047,50,669.98
410,2048,50,644.877
410,2049,50,620.577
410,2050,50,611.528
410,2051,50,583.646
410,2052,50,524.401
410,2053,50,491.781
410,2054,50,488.821
410,2055,50,474.143
410,2056,50,462.655
410,2057,50,482.119
410,2058,50,491.707
410,2059,50,476.402
410,2060,50,474.739
410,2061,50,489.621
410,2062,50,496.691
410,2063,50,479.533
410,2064,50,460.471
410,2065,50,457.205
410,2066,50,442.397
410,2067,50,405.518
410,2068,50,367.392
410,2069,50,338.984
410,2070,50,309.351
410,2071,50,287.769
410,2072,50,280.761
410,2073,50,269.938
410,2074,50,265.185
410,2075,50,271.136
410,2076,50,274.349
410,2077,50,277.053
410,2078,50,279.342
410,2079,50,280.482
410,2080,50,280.587
410,2081,50,279.617
410,2082,50,277.028
410,2083,50,273.612
410,2084,50,269.616
410,2085,50,265.449
410,2086,50,261.667
410,2087,50,258.33
410,2088,50,255.592
410,2089,50,253.724
410,2090,50,252.985
410,2091,50,252.926
410,2092,50,253.034
410,2093,50,252.786
410,2094,50,252.08
410,2095,50,250.926
410,2096,50,249.052
410,2097,50,245.826
410,2098,50,241.057
410,2099,50,235.095
410,2100,50,228.203
4,2024,50,247.677
4,2025,50,257.138
4,2026,50,266.109
4,2027,50,275.635
4,2028,50,284.628
4,2029,50,293.729
4,2030,50,304.567
4,2031,50,314.471
4,2032,50,323.31
4,2033,50,333.827
4,2034,50,346.86
4,2035,50,363.703
4,2036,50,384.273
4,2037,50,404.623
4,2038,50,425.086
4,2039,50,446.724
4,2040,50,469.568
4,2041,50,495.408
4,2042,50,523.955
4,2043,50,553.032
4,2044,50,581.787
4,2045,50,608.631
4,2046,50,634.469
4,2047,50,660.127
4,2048,50,684.222
4,2049,50,708.628
4,2050,50,733.405
4,2051,50,755.303
4,2052,50,775.541
4,2053,50,792.937
4,2054,50,807.725
4,2055,50,823.038
4,2056,50,838.012
4,2057,50,852.456
4,2058,50,873.228
4,2059,50,897.753
4,2060,50,921.003
4,2061,50,947.22
4,2062,50,972.857
4,2063,50,998.331
4,2064,50,1023.489
4,2065,50,1047.135
4,2066,50,1070.659
4,2067,50,1094.358
4,2068,50,1117.222
4,2069,50,1140.682
4,2070,50,1164.389
4,2071,50,1186.029
4,2072,50,1209.259
4,2073,50,1237.643
4,2074,50,1265.226
4,2075,50,1286.701
4,2076,50,1303.171
4,2077,50,1322.174
4,2078,50,1342.569
4,2079,50,1357.082
4,2080,50,1371.98
4,2081,50,1389.848
4,2082,50,1406.24
4,2083,50,1421.652
4,2084,50,1439.75
4,2085,50,1458.494
4,2086,50,1473.215
4,2087,50,1485.823
4,2088,50,1493.99
4,2089,50,1500.581
4,2090,50,1512.9
4,2091,50,1525.245
4,2092,50,1535.238
4,2093,50,1546.295
4,2094,50,1558.406
4,2095,50,1570.472
4,2096,50,1583.136
4,2097,50,1595.684
4,2098,50,1607.24
4,2099,50,1617.538
4,2100,50,1626.13
50,2024,50,1629.649
50,2025,50,1668.322
50,2026,50,1708.555
50,2027,50,1751.799
50,2028,50,1803.668
50,2029,50,1873.849
50,2030,50,1967.252
50,2031,50,2083.799
50,2032,50,2219.608
50,2033,50,2351.823
50,2034,50,2450.171
50,2035,50,2498.025
50,2036,50,2490.712
50,2037,50,2434.224
50,2038,50,2357.515
50,2039,50,2307.202
50,2040,50,2307.477
50,2041,50,2358.994
50,2042,50,2458.806
50,2043,50,2583.791
50,2044,50,2698.089
50,2045,50,2778.154
50,2046,50,2819.409
50,2047,50,2829.406
50,2048,50,2820.72
50,2049,50,2815.655
50,2050,50,2831.102
50,2051,50,2869.275
50,2052,50,2926.983
50,2053,50,2991.683
50,2054,50,3045.197
50,2055,50,3077.155
50,2056,50,3087.497
50,2057,50,3078.489
50,2058,50,3053.213
50,2059,50,3017.326
50,2060,50,2974.026
50,2061,50,2925.032
50,2062,50,2874.049
50,2063,50,2826.903
50,2064,50,2789.525
50,2065,50,2766.245
50,2066,50,2757.712
50,2067,50,2763.044
50,2068,50,2783.784
50,2069,50,2818.145
50,2070,50,2864.313
50,2071,50,2924.864
50,2072,50,2983.579
50,2073,50,3015.121
50,2074,50,3024.28
50,2075,50,3016.427
50,2076,50,2993.772
50,2077,50,2966.97
50,2078,50,2937.503
50,2079,50,2905.6
50,2080,50,2870.682
50,2081,50,2832.608
50,2082,50,2793.754
50,2083,50,2753.282
50,2084,50,2711.172
50,2085,50,2670.318
50,2086,50,2630.339
50,2087,50,2592.578
50,2088,50,2560.378
50,2089,50,2531.968
50,2090,50,2507.792
50,2091,50,2488.838
50,2092,50,2473.266
50,2093,50,2461.722
50,2094,50,2452.084
50,2095,50,2445.203
50,2096,50,2441.948
50,2097,50,2438.099
50,2098,50,2433.366
50,2099,50,2428.003
50,2100,50,2421.303
64,2024,50,7.964
64,2025,50,8.386
64,2026,50,8.948
64,2027,50,9.559
64,2028,50,10.197
64,2029,50,10.761
64,2030,50,11.215
64,2031,50,11.518
64,2032,50,11.749
64,2033,50,12.049
64,2034,50,12.438
64,2035,50,12.989
64,2036,50,13.624
64,2037,50,14.222
64,2038,50,14.821
64,2039,50,15.31
64,2040,50,15.617
64,2041,50,15.731
64,2042,50,15.631
64,2043,50,15.365
64,2044,50,14.96
64,2045,50,14.461
64,2046,50,13.923
64,2047,50,13.44
64,2048,50,13.147
64,2049,50,13.069
64,2050,50,13.114
64,2051,50,13.226
64,2052,50,13.394
64,2053,50,13.581
64,2054,50,13.685
64,2055,50,13.627
64,2056,50,13.371
64,2057,50,13.001
64,2058,50,12.711
64,2059,50,12.594
64,2060,50,12.618
64,2061,50,12.669
64,2062,50,12.677
64,2063,50,12.518
64,2064,50,12.089
64,2065,50,11.437
64,2066,50,11.079
64,2067,50,10.529
64,2068,50,9.719
64,2069,50,9.324
64,2070,50,9.409
64,2071,50,9.663
64,2072,50,9.693
64,2073,50,9.69
64,2074,50,9.662
64,2075,50,9.625
64,2076,50,9.581
64,2077,50,9.544
64,2078,50,9.518
64,2079,50,9.501
64,2080,50,9.488
64,2081,50,9.475
64,2082,50,9.457
64,2083,50,9.434
64,2084,50,9.403
64,2085,50,9.371
64,2086,50,9.331
64,2087,50,9.272
64,2088,50,9.19
64,2089,50,9.106
64,2090,50,9.017
64,2091,50,8.918
64,2092,50,8.807
64,2093,50,8.69
64,2094,50,8.566
64,2095,50,8.43
64,2096,50,8.298
64,2097,50,8.17
64,2098,50,8.043
64,2099,50,7.932
64,2100,50,7.832
356,2024,50,16000.255
356,2025,50,16313.83
356,2026,50,16677.186
356,2027,50,17039.082
356,2028,50,17340.156
356,2029,50,17774.761
356,2030,50,18343.477
356,2031,50,18887.235
356,2032,50,19332.135
356,2033,50,19787.396
356,2034,50,20291.322
356,2035,50,20735.448
356,2036,50,21186.221
356,2037,50,21545.327
356,2038,50,21788.308
356,2039,50,22071.333
356,2040,50,22288.172
356,2041,50,22509.838
356,2042,50,22748.502
356,2043,50,22935.626
356,2044,50,23151.942
356,2045,50,23399.778
356,2046,50,23604.916
356,2047,50,23785.584
356,2048,50,23972.787
356,2049,50,24165.239
356,2050,50,24458.408
356,2051,50,24805.568
356,2052,50,24923.336
356,2053,50,24798.874
356,2054,50,24642.163
356,2055,50,24419.453
356,2056,50,24129.314
356,2057,50,23906.95
356,2058,50,23825.064
356,2059,50,23912.262
356,2060,50,23901.257
356,2061,50,23763.294
356,2062,50,23647.762
356,2063,50,23427.566
356,2064,50,22883.079
356,2065,50,22573.246
356,2066,50,22718.518
356,2067,50,22472.068
356,2068,50,22258.94
356,2069,50,22156.689
356,2070,50,21689.156
356,2071,50,21365.903
356,2072,50,21312.119
356,2073,50,21308.778
356,2074,50,21302.835
356,2075,50,21272.622
356,2076,50,21223.053
356,2077,50,21171.827
356,2078,50,21099.667
356,2079,50,21026.964
356,2080,50,20964.2
356,2081,50,20883.199
356,2082,50,20766.536
356,2083,50,20641.718
356,2084,50,20522.395
356,2085,50,20396.49
356,2086,50,20253.609
356,2087,50,20090.043
356,2088,50,19910.27
356,2089,50,19729.807
356,2090,50,19570.892
356,2091,50,19407.272
356,2092,50,19223.333
356,2093,50,19045.204
356,2094,50,18881.593
356,2095,50,18718.072
356,2096,50,18557.97
356,2097,50,18402.648
356,2098,50,18252.955
356,2099,50,18126.631
356,2100,50,18012.956
364,2024,50,1115.424
364,2025,50,1155.724
364,2026,50,1213.882
364,2027,50,1259.909
364,2028,50,1314.421
364,2029,50,1402.011
364,2030,50,1498.471
364,2031,50,1598.96
364,2032,50,1645.911
364,2033,50,1688.714
364,2034,50,1784.341
364,2035,50,1837.131
364,2036,50,1846.323
364,2037,50,1800.522
364,2038,50,1749.921
364,2039,50,1746.8
364,2040,50,1716.554
364,2041,50,1661.205
364,2042,50,1569.566
364,2043,50,1466.405
364,2044,50,1386.186
364,2045,50,1307.48
364,2046,50,1241.22
364,2047,50,1196.581
364,2048,50,1175.848
364,2049,50,1166.796
364,2050,50,1152.798
364,2051,50,1141.358
364,2052,50,1135.694
364,2053,50,1135.219
364,2054,50,1144.535
364,2055,50,1169.06
364,2056,50,1201.495
364,2057,50,1227.087
364,2058,50,1248.228
364,2059,50,1271.324
364,2060,50,1293.621
364,2061,50,1315.068
364,2062,50,1345.833
364,2063,50,1389.972
364,2064,50,1438.692
364,2065,50,1477.806
364,2066,50,1493.728
364,2067,50,1476.443
364,2068,50,1411.025
364,2069,50,1300.493
364,2070,50,1204.848
364,2071,50,1167.481
364,2072,50,1151.542
364,2073,50,1130.131
364,2074,50,1106.994
364,2075,50,1080.6
364,2076,50,1053.682
364,2077,50,1031.005
364,2078,50,1012.213
364,2079,50,996.631
364,2080,50,983.827
364,2081,50,974.276
364,2082,50,968.708
364,2083,50,967.12
364,2084,50,969.387
364,2085,50,973.533
364,2086,50,978.135
364,2087,50,982.69
364,2088,50,986.788
364,2089,50,990.571
364,2090,50,994.518
364,2091,50,997.817
364,2092,50,999.155
364,2093,50,999.114
364,2094,50,997.086
364,2095,50,993.116
364,2096,50,988.229
364,2097,50,981.29
364,2098,50,972.235
364,2099,50,960.811
364,2100,50,947.435
462,2024,50,5.517
462,2025,50,5.81
462,2026,50,6.15
462,2027,50,6.546
462,2028,50,7.007
462,2029,50,7.556
462,2030,50,8.211
462,2031,50,8.956
462,2032,50,9.782
462,2033,50,10.657
462,2034,50,11.478
462,2035,50,12.161
462,2036,50,12.68
462,2037,50,13.028
462,2038,50,13.23
462,2039,50,13.33
462,2040,50,13.367
462,2041,50,13.357
462,2042,50,13.297
462,2043,50,13.136
462,2044,50,12.773
462,2045,50,12.127
462,2046,50,11.184
462,2047,50,9.962
462,2048,50,8.576
462,2049,50,7.253
462,2050,50,6.165
462,2051,50,5.361
462,2052,50,4.843
462,2053,50,4.597
462,2054,50,4.592
462,2055,50,4.798
462,2056,50,5.194
462,2057,50,5.754
462,2058,50,6.407
462,2059,50,6.996
462,2060,50,7.405
462,2061,50,7.617
462,2062,50,7.635
462,2063,50,7.5
462,2064,50,7.3
462,2065,50,7.099
462,2066,50,6.903
462,2067,50,6.714
462,2068,50,6.53
462,2069,50,6.336
462,2070,50,6.12
462,2071,50,5.899
462,2072,50,5.767
462,2073,50,5.666
462,2074,50,5.506
462,2075,50,5.341
462,2076,50,5.185
462,2077,50,5.045
462,2078,50,4.93
462,2079,50,4.84
462,2080,50,4.775
462,2081,50,4.73
462,2082,50,4.708
462,2083,50,4.713
462,2084,50,4.74
462,2085,50,4.784
462,2086,50,4.842
462,2087,50,4.914
462,2088,50,4.996
462,2089,50,5.083
462,2090,50,5.173
462,2091,50,5.259
462,2092,50,5.342
462,2093,50,5.417
462,2094,50,5.478
462,2095,50,5.526
462,2096,50,5.566
462,2097,50,5.59
462,2098,50,5.594
462,2099,50,5.577
462,2100,50,5.542
524,2024,50,279.071
524,2025,50,282.163
524,2026,50,285.231
524,2027,50,289.931
524,2028,50,296.541
524,2029,50,304.694
524,2030,50,312.501
524,2031,50,321.104
524,2032,50,330.481
524,2033,50,338.956
524,2034,50,346.131
524,2035,50,351.726
524,2036,50,355.501
524,2037,50,358.844
524,2038,50,365.413
524,2039,50,375.388
524,2040,50,386.38
524,2041,50,396.453
524,2042,50,406.7
524,2043,50,421.213
524,2044,50,437.292
524,2045,50,453.274
524,2046,50,465.96
524,2047,50,471.804
524,2048,50,478.078
524,2049,50,487.335
524,2050,50,496.554
524,2051,50,503.029
524,2052,50,508.633
524,2053,50,516.15
524,2054,50,522.951
524,2055,50,526.484
524,2056,50,525.064
524,2057,50,524.802
524,2058,50,525.178
524,2059,50,523.018
524,2060,50,522.327
524,2061,50,519.334
524,2062,50,517.362
524,2063,50,517.006
524,2064,50,514.923
524,2065,50,513.536
524,2066,50,509.558
524,2067,50,503.456
524,2068,50,495.739
524,2069,50,489.259
524,2070,50,489.074
524,2071,50,491.232
524,2072,50,491.77
524,2073,50,488.43
524,2074,50,481.07
524,2075,50,476.189
524,2076,50,474.964
524,2077,50,474.021
524,2078,50,472.742
524,2079,50,470.249
524,2080,50,466.472
524,2081,50,462.149
524,2082,50,457.958
524,2083,50,453.823
524,2084,50,449.464
524,2085,50,444.758
524,2086,50,440.297
524,2087,50,436.505
524,2088,50,432.546
524,2089,50,428.691
524,2090,50,425.106
524,2091,50,421.938
524,2092,50,419.129
524,2093,50,416.301
524,2094,50,413.418
524,2095,50,410.509
524,2096,50,407.378
524,2097,50,404.05
524,2098,50,400.898
524,2099,50,397.973
524,2100,50,395.125
586,2024,50,1848.335
586,2025,50,1894.384
586,2026,50,1944.921
586,2027,50,2001.439
586,2028,50,2065.047
586,2029,50,2133.212
586,2030,50,2213.662
586,2031,50,2323.422
586,2032,50,2435.777
586,2033,50,2523.893
586,2034,50,2596.397
586,2035,50,2661.165
586,2036,50,2734.342
586,2037,50,2817.2
586,2038,50,2899.388
586,2039,50,2976.473
586,2040,50,3047.241
586,2041,50,3121.815
586,2042,50,3198.685
586,2043,50,3260.488
586,2044,50,3320.545
586,2045,50,3387.098
586,2046,50,3462.218
586,2047,50,3542.319
586,2048,50,3626.33
586,2049,50,3750.965
586,2050,50,3878.988
586,2051,50,3963.606
586,2052,50,4022.984
586,2053,50,4086.46
586,2054,50,4125.686
586,2055,50,4177.901
586,2056,50,4326.251
586,2057,50,4513.657
586,2058,50,4707.685
586,2059,50,4892.903
586,2060,50,5042.204
586,2061,50,5138.801
586,2062,50,5178.961
586,2063,50,5197.113
586,2064,50,5204.474
586,2065,50,5203.808
586,2066,50,5184.765
586,2067,50,5204.928
586,2068,50,5263.057
586,2069,50,5308.736
586,2070,50,5359.537
586,2071,50,5421.064
586,2072,50,5484.25
586,2073,50,5529.08
586,2074,50,5554.694
586,2075,50,5587.016
586,2076,50,5634.876
586,2077,50,5684.641
586,2078,50,5743.141
586,2079,50,5812.791
586,2080,50,5886.87
586,2081,50,5958.649
586,2082,50,6027.42
586,2083,50,6096.627
586,2084,50,6160.468
586,2085,50,6219.234
586,2086,50,6274.072
586,2087,50,6323.083
586,2088,50,6364.922
586,2089,50,6395.175
586,2090,50,6421.032
586,2091,50,6441.507
586,2092,50,6453.214
586,2093,50,6462.624
586,2094,50,6470.974
586,2095,50,6481.263
586,2096,50,6488.417
586,2097,50,6487.011
586,2098,50,6486.725
586,2099,50,6485.075
586,2100,50,6482.731
144,2024,50,269.295
144,2025,50,275.324
144,2026,50,285.351
144,2027,50,298.782
144,2028,50,312.284
144,2029,50,322.051
144,2030,50,326.864
144,2031,50,326.627
144,2032,50,321.835
144,2033,50,314.822
144,2034,50,308.209
144,2035,50,302.96
144,2036,50,299.163
144,2037,50,296.759
144,2038,50,295.789
144,2039,50,296.215
144,2040,50,298.049
144,2041,50,301.381
144,2042,50,305.933
144,2043,50,310.504
144,2044,50,313.673
144,2045,50,314.874
144,2046,50,314.092
144,2047,50,311.453
144,2048,50,309.234
144,2049,50,308.288
144,2050,50,308.859
144,2051,50,312.125
144,2052,50,317.441
144,2053,50,323.301
144,2054,50,328.182
144,2055,50,331.691
144,2056,50,333.807
144,2057,50,334.53
144,2058,50,334.09
144,2059,50,332.714
144,2060,50,330.43
144,2061,50,327.164
144,2062,50,326.072
144,2063,50,327.398
144,2064,50,324.426
144,2065,50,317.243
144,2066,50,311.117
144,2067,50,306.991
144,2068,50,304.16
144,2069,50,301.695
144,2070,50,298.839
144,2071,50,296.027
144,2072,50,293.591
144,2073,50,291.446
144,2074,50,288.654
144,2075,50,285.993
144,2076,50,284.308
144,2077,50,282.822
144,2078,50,281.542
144,2079,50,280.428
144,2080,50,279.652
144,2081,50,278.982
144,2082,50,278.412
144,2083,50,278.121
144,2084,50,277.694
144,2085,50,277.081
144,2086,50,276.358
144,2087,50,275.354
144,2088,50,273.923
144,2089,50,272.302
144,2090,50,270.572
144,2091,50,268.672
144,2092,50,266.566
144,2093,50,264.255
144,2094,50,261.757
144,2095,50,259.099
144,2096,50,256.343
144,2097,50,253.401
144,2098,50,250.515
144,2099,50,247.56
144,2100,50,244.429
96,2024,50,6.294
96,2025,50,6.416
96,2026,50,6.543
96,2027,50,6.672
96,2028,50,6.854
96,2029,50,7.08
96,2030,50,7.252
96,2031,50,7.339
96,2032,50,7.371
96,2033,50,7.375
96,2034,50,7.458
96,2035,50,7.633
96,2036,50,7.771
96,2037,50,7.841
96,2038,50,7.871
96,2039,50,7.871
96,2040,50,7.839
96,2041,50,7.794
96,2042,50,7.779
96,2043,50,7.764
96,2044,50,7.714
96,2045,50,7.662
96,2046,50,7.568
96,2047,50,7.348
96,2048,50,7.102
96,2049,50,6.946
96,2050,50,6.812
96,2051,50,6.663
96,2052,50,6.579
96,2053,50,6.559
96,2054,50,6.559
96,2055,50,6.502
96,2056,50,6.322
96,2057,50,6.109
96,2058,50,6.121
96,2059,50,6.239
96,2060,50,6.227
96,2061,50,6.353
96,2062,50,6.573
96,2063,50,6.689
96,2064,50,6.762
96,2065,50,6.785
96,2066,50,6.738
96,2067,50,6.64
96,2068,50,6.536
96,2069,50,6.462
96,2070,50,6.43
96,2071,50,6.434
96,2072,50,6.424
96,2073,50,6.379
96,2074,50,6.322
96,2075,50,6.248
96,2076,50,6.164
96,2077,50,6.096
96,2078,50,6.035
96,2079,50,5.976
96,2080,50,5.917
96,2081,50,5.866
96,2082,50,5.826
96,2083,50,5.794
96,2084,50,5.763
96,2085,50,5.733
96,2086,50,5.708
96,2087,50,5.69
96,2088,50,5.675
96,2089,50,5.657
96,2090,50,5.645
96,2091,50,5.64
96,2092,50,5.637
96,2093,50,5.634
96,2094,50,5.629
96,2095,50,5.625
96,2096,50,5.617
96,2097,50,5.6
96,2098,50,5.586
96,2099,50,5.568
96,2100,50,5.539
116,2024,50,141.296
116,2025,50,140.302
116,2026,50,147.566
116,2027,50,161.481
116,2028,50,179.893
116,2029,50,200.109
116,2030,50,220.485
116,2031,50,237.468
116,2032,50,245.138
116,2033,50,246.469
116,2034,50,247.298
116,2035,50,249.242
116,2036,50,251.735
116,2037,50,253.946
116,2038,50,257.75
116,2039,50,261.822
116,2040,50,265.063
116,2041,50,267.614
116,2042,50,266.421
116,2043,50,262.253
116,2044,50,255.864
116,2045,50,247.885
116,2046,50,240.484
116,2047,50,234.392
116,2048,50,231.849
116,2049,50,232.501
116,2050,50,235.418
116,2051,50,239.957
116,2052,50,243.96
116,2053,50,248.353
116,2054,50,257.385
116,2055,50,268.724
116,2056,50,277.633
116,2057,50,284.701
116,2058,50,287.699
116,2059,50,286.952
116,2060,50,285.884
116,2061,50,284.652
116,2062,50,285.052
116,2063,50,288.28
116,2064,50,292.862
116,2065,50,298.154
116,2066,50,303.294
116,2067,50,307.861
116,2068,50,311.961
116,2069,50,315.456
116,2070,50,315.649
116,2071,50,313.091
116,2072,50,309.65
116,2073,50,305.616
116,2074,50,302.622
116,2075,50,300.0
116,2076,50,297.894
116,2077,50,296.491
116,2078,50,295.189
116,2079,50,294.036
116,2080,50,293.057
116,2081,50,292.231
116,2082,50,291.576
116,2083,50,291.27
116,2084,50,291.346
116,2085,50,291.573
116,2086,50,291.906
116,2087,50,292.47
116,2088,50,292.995
116,2089,50,293.4
116,2090,50,293.738
116,2091,50,294.029
116,2092,50,294.292
116,2093,50,294.214
116,2094,50,293.751
116,2095,50,292.812
116,2096,50,291.654
116,2097,50,290.322
116,2098,50,288.942
116,2099,50,287.671
116,2100,50,286.009
360,2024,50,3599.109
360,2025,50,3640.777
360,2026,50,3700.969
360,2027,50,3748.718
360,2028,50,3815.352
360,2029,50,3886.591
360,2030,50,3935.136
360,2031,50,3973.465
360,2032,50,4019.041
360,2033,50,4057.457
360,2034,50,4073.124
360,2035,50,4031.306
360,2036,50,3951.763
360,2037,50,3929.669
360,2038,50,3968.66
360,2039,50,3999.841
360,2040,50,3988.198
360,2041,50,4000.231
360,2042,50,4016.433
360,2043,50,4028.028
360,2044,50,4073.799
360,2045,50,4122.202
360,2046,50,4179.978
360,2047,50,4230.977
360,2048,50,4234.168
360,2049,50,4187.639
360,2050,50,4142.607
360,2051,50,4132.795
360,2052,50,4139.983
360,2053,50,4145.94
360,2054,50,4173.512
360,2055,50,4254.36
360,2056,50,4335.113
360,2057,50,4396.446
360,2058,50,4418.048
360,2059,50,4421.783
360,2060,50,4472.6
360,2061,50,4567.208
360,2062,50,4641.514
360,2063,50,4597.827
360,2064,50,4508.303
360,2065,50,4441.327
360,2066,50,4383.701
360,2067,50,4311.874
360,2068,50,4239.891
360,2069,50,4208.603
360,2070,50,4193.34
360,2071,50,4169.373
360,2072,50,4144.979
360,2073,50,4121.741
360,2074,50,4103.495
360,2075,50,4088.947
360,2076,50,4071.184
360,2077,50,4056.238
360,2078,50,4039.795
360,2079,50,4025.222
360,2080,50,4014.659
360,2081,50,4010.026
360,2082,50,4010.83
360,2083,50,4012.454
360,2084,50,4011.402
360,2085,50,4006.088
360,2086,50,4000.635
360,2087,50,3997.949
360,2088,50,3993.222
360,2089,50,3984.496
360,2090,50,3970.145
360,2091,50,3952.082
360,2092,50,3931.959
360,2093,50,3908.327
360,2094,50,3882.463
360,2095,50,3852.481
360,2096,50,3821.004
360,2097,50,3792.706
360,2098,50,3766.931
360,2099,50,3738.882
360,2100,50,3707.189
418,2024,50,69.935
418,2025,50,72.299
418,2026,50,74.675
418,2027,50,76.93
418,2028,50,79.263
418,2029,50,82.05
418,2030,50,85.35
418,2031,50,88.765
418,2032,50,92.369
418,2033,50,96.151
418,2034,50,99.85
418,2035,50,103.405
418,2036,50,106.86
418,2037,50,110.294
418,2038,50,113.588
418,2039,50,116.23
418,2040,50,118.007
418,2041,50,119.612
418,2042,50,121.263
418,2043,50,122.652
418,2044,50,123.733
418,2045,50,124.977
418,2046,50,126.212
418,2047,50,127.152
418,2048,50,129.014
418,2049,50,131.457
418,2050,50,132.499
418,2051,50,131.615
418,2052,50,129.364
418,2053,50,127.732
418,2054,50,127.671
418,2055,50,128.786
418,2056,50,130.876
418,2057,50,132.372
418,2058,50,132.906
418,2059,50,133.213
418,2060,50,133.377
418,2061,50,133.638
418,2062,50,134.289
418,2063,50,135.388
418,2064,50,136.911
418,2065,50,139.869
418,2066,50,142.128
418,2067,50,142.284
418,2068,50,141.94
418,2069,50,141.485
418,2070,50,140.845
418,2071,50,139.976
418,2072,50,139.23
418,2073,50,138.536
418,2074,50,138.162
418,2075,50,137.682
418,2076,50,136.815
418,2077,50,135.907
418,2078,50,135.007
418,2079,50,134.096
418,2080,50,133.184
418,2081,50,132.414
418,2082,50,131.741
418,2083,50,131.129
418,2084,50,130.559
418,2085,50,130.053
418,2086,50,129.617
418,2087,50,129.174
418,2088,50,128.709
418,2089,50,128.203
418,2090,50,127.506
418,2091,50,126.64
418,2092,50,125.843
418,2093,50,125.1
418,2094,50,124.365
418,2095,50,123.612
418,2096,50,122.691
418,2097,50,121.743
418,2098,50,120.801
418,2099,50,119.846
418,2100,50,118.947
458,2024,50,391.535
458,2025,50,401.988
458,2026,50,415.923
458,2027,50,434.921
458,2028,50,455.722
458,2029,50,476.029
458,2030,50,497.688
458,2031,50,521.667
458,2032,50,546.269
458,2033,50,565.81
458,2034,50,578.519
458,2035,50,588.357
458,2036,50,597.389
458,2037,50,606.438
458,2038,50,612.718
458,2039,50,615.667
458,2040,50,618.891
458,2041,50,622.271
458,2042,50,624.169
458,2043,50,623.803
458,2044,50,621.823
458,2045,50,620.476
458,2046,50,621.366
458,2047,50,624.749
458,2048,50,628.007
458,2049,50,629.706
458,2050,50,632.922
458,2051,50,636.57
458,2052,50,640.922
458,2053,50,651.101
458,2054,50,660.265
458,2055,50,650.256
458,2056,50,626.344
458,2057,50,617.778
458,2058,50,618.032
458,2059,50,619.021
458,2060,50,625.852
458,2061,50,624.643
458,2062,50,630.605
458,2063,50,640.697
458,2064,50,641.75
458,2065,50,648.886
458,2066,50,647.912
458,2067,50,632.706
458,2068,50,613.08
458,2069,50,582.328
458,2070,50,554.971
458,2071,50,533.668
458,2072,50,523.133
458,2073,50,528.806
458,2074,50,533.704
458,2075,50,535.096
458,2076,50,534.214
458,2077,50,534.18
458,2078,50,534.785
458,2079,50,535.647
458,2080,50,536.812
458,2081,50,537.666
458,2082,50,538.101
458,2083,50,538.648
458,2084,50,539.171
458,2085,50,539.832
458,2086,50,540.813
458,2087,50,541.654
458,2088,50,542.229
458,2089,50,542.936
458,2090,50,543.522
458,2091,50,543.886
458,2092,50,543.597
458,2093,50,542.378
458,2094,50,540.303
458,2095,50,537.188
458,2096,50,533.239
458,2097,50,528.894
458,2098,50,524.562
458,2099,50,519.961
458,2100,50,515.053
104,2024,50,661.07
104,2025,50,668.818
104,2026,50,677.896
104,2027,50,687.855
104,2028,50,699.193
104,2029,50,711.46
104,2030,50,721.954
104,2031,50,731.807
104,2032,50,748.88
104,2033,50,772.35
104,2034,50,789.933
104,2035,50,793.571
104,2036,50,784.964
104,2037,50,771.961
104,2038,50,760.809
104,2039,50,762.691
104,2040,50,773.567
104,2041,50,783.6
104,2042,50,792.441
104,2043,50,799.069
104,2044,50,803.429
104,2045,50,805.05
104,2046,50,806.706
104,2047,50,807.607
104,2048,50,806.679
104,2049,50,805.935
104,2050,50,808.613
104,2051,50,815.828
104,2052,50,823.66
104,2053,50,820.67
104,2054,50,806.072
104,2055,50,791.696
104,2056,50,782.916
104,2057,50,780.008
104,2058,50,777.673
104,2059,50,776.612
104,2060,50,776.436
104,2061,50,774.275
104,2062,50,772.637
104,2063,50,773.581
104,2064,50,776.956
104,2065,50,784.306
104,2066,50,793.59
104,2067,50,796.551
104,2068,50,793.731
104,2069,50,789.267
104,2070,50,783.783
104,2071,50,778.277
104,2072,50,772.642
104,2073,50,767.365
104,2074,50,762.526
104,2075,50,756.405
104,2076,50,750.835
104,2077,50,745.495
104,2078,50,739.337
104,2079,50,733.799
104,2080,50,728.859
104,2081,50,723.845
104,2082,50,718.886
104,2083,50,713.817
104,2084,50,708.529
104,2085,50,703.632
104,2086,50,699.624
104,2087,50,696.361
104,2088,50,693.341
104,2089,50,690.492
104,2090,50,687.907
104,2091,50,684.488
104,2092,50,680.405
104,2093,50,676.761
104,2094,50,673.328
104,2095,50,669.422
104,2096,50,665.866
104,2097,50,662.159
104,2098,50,657.727
104,2099,50,653.43
104,2100,50,649.129
608,2024,50,1120.567
608,2025,50,1144.033
608,2026,50,1171.975
608,2027,50,1208.022
608,2028,50,1252.941
608,2029,50,1299.869
608,2030,50,1338.006
608,2031,50,1364.144
608,2032,50,1382.099
608,2033,50,1397.796
608,2034,50,1420.127
608,2035,50,1451.127
608,2036,50,1487.581
608,2037,50,1529.248
608,2038,50,1578.568
608,2039,50,1633.964
608,2040,50,1685.975
608,2041,50,1731.49
608,2042,50,1763.366
608,2043,50,1783.338
608,2044,50,1807.355
608,2045,50,1835.364
608,2046,50,1859.684
608,2047,50,1882.011
608,2048,50,1907.614
608,2049,50,1937.02
608,2050,50,1958.693
608,2051,50,1964.094
608,2052,50,1948.907
608,2053,50,1938.405
608,2054,50,1952.25
608,2055,50,1972.814
608,2056,50,1993.058
608,2057,50,2021.405
608,2058,50,2068.535
608,2059,50,2098.058
608,2060,50,2103.163
608,2061,50,2126.122
608,2062,50,2137.592
608,2063,50,2121.188
608,2064,50,2080.155
608,2065,50,2051.37
608,2066,50,2069.664
608,2067,50,2062.081
608,2068,50,2029.54
608,2069,50,1972.4
608,2070,50,1781.487
608,2071,50,1598.479
608,2072,50,1563.164
608,2073,50,1572.855
608,2074,50,1580.541
608,2075,50,1585.892
608,2076,50,1594.759
608,2077,50,1604.705
608,2078,50,1614.78
608,2079,50,1624.278
608,2080,50,1632.768
608,2081,50,1640.817
608,2082,50,1649.418
608,2083,50,1658.917
608,2084,50,1667.935
608,2085,50,1674.204
608,2086,50,1676.828
608,2087,50,1675.951
608,2088,50,1670.933
608,2089,50,1662.059
608,2090,50,1651.322
608,2091,50,1639.535
608,2092,50,1626.213
608,2093,50,1612.279
608,2094,50,1595.718
608,2095,50,1576.365
608,2096,50,1555.497
608,2097,50,1532.632
608,2098,50,1508.107
608,2099,50,1482.666
608,2100,50,1456.579
702,2024,50,74.053
702,2025,50,73.168
702,2026,50,74.034
702,2027,50,75.47
702,2028,50,76.319
702,2029,50,78.137
702,2030,50,80.621
702,2031,50,83.119
702,2032,50,85.643
702,2033,50,86.906
702,2034,50,87.728
702,2035,50,89.527
702,2036,50,90.846
702,2037,50,93.825
702,2038,50,101.24
702,2039,50,107.307
702,2040,50,109.449
702,2041,50,111.409
702,2042,50,113.257
702,2043,50,115.092
702,2044,50,116.895
702,2045,50,117.616
702,2046,50,117.766
702,2047,50,117.454
702,2048,50,116.163
702,2049,50,114.709
702,2050,50,114.475
702,2051,50,112.875
702,2052,50,108.163
702,2053,50,102.433
702,2054,50,96.142
702,2055,50,89.373
702,2056,50,82.395
702,2057,50,75.049
702,2058,50,67.193
702,2059,50,59.796
702,2060,50,54.642
702,2061,50,52.171
702,2062,50,52.242
702,2063,50,52.726
702,2064,50,52.885
702,2065,50,53.785
702,2066,50,54.255
702,2067,50,53.823
702,2068,50,53.767
702,2069,50,54.576
702,2070,50,55.208
702,2071,50,55.063
702,2072,50,55.099
702,2073,50,56.542
702,2074,50,58.335
702,2075,50,59.391
702,2076,50,60.263
702,2077,50,60.895
702,2078,50,61.331
702,2079,50,61.478
702,2080,50,61.309
702,2081,50,60.873
702,2082,50,60.181
702,2083,50,59.34
702,2084,50,58.283
702,2085,50,56.968
702,2086,50,55.446
702,2087,50,53.752
702,2088,50,51.946
702,2089,50,50.097
702,2090,50,48.254
702,2091,50,46.566
702,2092,50,45.078
702,2093,50,43.834
702,2094,50,42.809
702,2095,50,41.997
702,2096,50,41.409
702,2097,50,40.963
702,2098,50,40.656
702,2099,50,40.5
702,2100,50,40.474
764,2024,50,1065.116
764,2025,50,1045.099
764,2026,50,1033.467
764,2027,50,1032.585
764,2028,50,1035.981
764,2029,50,1034.983
764,2030,50,1033.857
764,2031,50,1030.748
764,2032,50,1024.571
764,2033,50,1009.217
764,2034,50,981.398
764,2035,50,955.99
764,2036,50,938.118
764,2037,50,929.126
764,2038,50,927.414
764,2039,50,927.759
764,2040,50,933.368
764,2041,50,938.85
764,2042,50,936.372
764,2043,50,926.377
764,2044,50,913.32
764,2045,50,915.149
764,2046,50,931.282
764,2047,50,930.702
764,2048,50,894.199
764,2049,50,844.009
764,2050,50,823.472
764,2051,50,833.743
764,2052,50,845.127
764,2053,50,848.614
764,2054,50,849.601
764,2055,50,849.006
764,2056,50,845.608
764,2057,50,839.558
764,2058,50,832.097
764,2059,50,825.403
764,2060,50,818.72
764,2061,50,816.343
764,2062,50,815.386
764,2063,50,803.407
764,2064,50,783.131
764,2065,50,763.224
764,2066,50,740.71
764,2067,50,717.568
764,2068,50,697.114
764,2069,50,676.476
764,2070,50,659.117
764,2071,50,644.44
764,2072,50,632.639
764,2073,50,624.136
764,2074,50,615.993
764,2075,50,608.097
764,2076,50,602.051
764,2077,50,598.056
764,2078,50,595.458
764,2079,50,593.328
764,2080,50,591.519
764,2081,50,590.388
764,2082,50,589.057
764,2083,50,587.297
764,2084,50,584.936
764,2085,50,582.365
764,2086,50,579.83
764,2087,50,576.789
764,2088,50,573.46
764,2089,50,570.033
764,2090,50,566.725
764,2091,50,562.535
764,2092,50,557.557
764,2093,50,553.069
764,2094,50,548.14
764,2095,50,542.667
764,2096,50,536.835
764,2097,50,530.829
764,2098,50,524.872
764,2099,50,518.301
764,2100,50,511.827
626,2024,50,11.254
626,2025,50,10.993
626,2026,50,10.345
626,2027,50,9.617
626,2028,50,9.237
626,2029,50,9.475
626,2030,50,10.281
626,2031,50,11.448
626,2032,50,12.692
626,2033,50,13.844
626,2034,50,14.811
626,2035,50,15.56
626,2036,50,16.164
626,2037,50,16.68
626,2038,50,17.145
626,2039,50,17.496
626,2040,50,17.807
626,2041,50,18.165
626,2042,50,18.644
626,2043,50,19.334
626,2044,50,20.142
626,2045,50,20.917
626,2046,50,21.735
626,2047,50,22.644
626,2048,50,23.587
626,2049,50,24.483
626,2050,50,25.372
626,2051,50,26.367
626,2052,50,27.347
626,2053,50,28.252
626,2054,50,29.006
626,2055,50,29.397
626,2056,50,29.42
626,2057,50,29.187
626,2058,50,28.765
626,2059,50,28.201
626,2060,50,27.747
626,2061,50,27.615
626,2062,50,27.761
626,2063,50,28.261
626,2064,50,29.093
626,2065,50,29.946
626,2066,50,30.615
626,2067,50,31.085
626,2068,50,31.245
626,2069,50,30.906
626,2070,50,29.952
626,2071,50,28.548
626,2072,50,27.289
626,2073,50,26.76
626,2074,50,26.772
626,2075,50,26.918
626,2076,50,27.133
626,2077,50,27.359
626,2078,50,27.581
626,2079,50,27.787
626,2080,50,27.96
626,2081,50,28.048
626,2082,50,28.114
626,2083,50,28.125
626,2084,50,28.07
626,2085,50,28.033
626,2086,50,27.999
626,2087,50,27.971
626,2088,50,27.917
626,2089,50,27.868
626,2090,50,27.814
626,2091,50,27.746
626,2092,50,27.627
626,2093,50,27.474
626,2094,50,27.27
626,2095,50,27.014
626,2096,50,26.696
626,2097,50,26.347
626,2098,50,26.013
626,2099,50,25.681
626,2100,50,25.368
704,2024,50,1227.074
704,2025,50,1265.487
704,2026,50,1307.068
704,2027,50,1307.525
704,2028,50,1313.96
704,2029,50,1358.557
704,2030,50,1381.936
704,2031,50,1400.455
704,2032,50,1494.008
704,2033,50,1593.102
704,2034,50,1652.223
704,2035,50,1667.464
704,2036,50,1620.423
704,2037,50,1609.746
704,2038,50,1636.481
704,2039,50,1683.369
704,2040,50,1749.326
704,2041,50,1714.187
704,2042,50,1628.994
704,2043,50,1568.702
704,2044,50,1493.01
704,2045,50,1426.392
704,2046,50,1353.561
704,2047,50,1269.518
704,2048,50,1187.387
704,2049,50,1161.321
704,2050,50,1207.961
704,2051,50,1209.094
704,2052,50,1182.527
704,2053,50,1232.844
704,2054,50,1273.972
704,2055,50,1276.651
704,2056,50,1306.158
704,2057,50,1366.875
704,2058,50,1415.394
704,2059,50,1447.735
704,2060,50,1418.78
704,2061,50,1459.815
704,2062,50,1686.502
704,2063,50,1739.024
704,2064,50,1625.368
704,2065,50,1594.684
704,2066,50,1535.308
704,2067,50,1461.858
704,2068,50,1395.378
704,2069,50,1353.204
704,2070,50,1362.036
704,2071,50,1339.697
704,2072,50,1307.217
704,2073,50,1275.967
704,2074,50,1246.754
704,2075,50,1221.268
704,2076,50,1201.042
704,2077,50,1185.607
704,2078,50,1174.917
704,2079,50,1169.67
704,2080,50,1169.451
704,2081,50,1172.225
704,2082,50,1177.05
704,2083,50,1184.625
704,2084,50,1193.751
704,2085,50,1202.858
704,2086,50,1210.866
704,2087,50,1217.997
704,2088,50,1222.214
704,2089,50,1223.327
704,2090,50,1222.35
704,2091,50,1218.868
704,2092,50,1211.935
704,2093,50,1200.413
704,2094,50,1186.598
704,2095,50,1171.515
704,2096,50,1155.182
704,2097,50,1137.707
704,2098,50,1119.447
704,2099,50,1100.804
704,2100,50,1082.851
51,2024,50,33.162
51,2025,50,33.684
51,2026,50,34.602
51,2027,50,35.691
51,2028,50,37.017
51,2029,50,38.488
51,2030,50,39.909
51,2031,50,41.094
51,2032,50,41.864
51,2033,50,42.495
51,2034,50,43.27
51,2035,50,44.139
51,2036,50,44.966
51,2037,50,45.721
51,2038,50,46.473
51,2039,50,46.967
51,2040,50,46.952
51,2041,50,45.971
51,2042,50,43.566
51,2043,50,40.303
51,2044,50,37.109
51,2045,50,34.499
51,2046,50,32.396
51,2047,50,30.624
51,2048,50,29.175
51,2049,50,27.99
51,2050,50,26.987
51,2051,50,26.155
51,2052,50,25.544
51,2053,50,25.184
51,2054,50,25.071
51,2055,50,25.219
51,2056,50,25.69
51,2057,50,26.546
51,2058,50,27.716
51,2059,50,28.906
51,2060,50,29.883
51,2061,50,30.596
51,2062,50,31.061
51,2063,50,31.259
51,2064,50,31.143
51,2065,50,30.734
51,2066,50,30.197
51,2067,50,29.473
51,2068,50,28.683
51,2069,50,27.905
51,2070,50,26.925
51,2071,50,25.82
51,2072,50,25.78
51,2073,50,26.083
51,2074,50,25.895
51,2075,50,25.537
51,2076,50,24.771
51,2077,50,24.094
51,2078,50,23.484
51,2079,50,22.959
51,2080,50,22.529
51,2081,50,22.158
51,2082,50,21.846
51,2083,50,21.6
51,2084,50,21.417
51,2085,50,21.27
51,2086,50,21.174
51,2087,50,21.132
51,2088,50,21.109
51,2089,50,21.117
51,2090,50,21.166
51,2091,50,21.255
51,2092,50,21.362
51,2093,50,21.463
51,2094,50,21.532
51,2095,50,21.543
51,2096,50,21.488
51,2097,50,21.375
51,2098,50,21.201
51,2099,50,21.001
51,2100,50,20.784
31,2024,50,114.742
31,2025,50,119.742
31,2026,50,123.858
31,2027,50,124.644
31,2028,50,127.424
31,2029,50,134.901
31,2030,50,145.158
31,2031,50,148.761
31,2032,50,147.452
31,2033,50,151.604
31,2034,50,159.362
31,2035,50,167.918
31,2036,50,172.637
31,2037,50,173.718
31,2038,50,176.631
31,2039,50,182.727
31,2040,50,188.602
31,2041,50,184.742
31,2042,50,176.294
31,2043,50,169.874
31,2044,50,164.742
31,2045,50,158.276
31,2046,50,146.534
31,2047,50,133.36
31,2048,50,122.515
31,2049,50,119.558
31,2050,50,118.976
31,2051,50,114.039
31,2052,50,112.458
31,2053,50,117.069
31,2054,50,126.778
31,2055,50,138.519
31,2056,50,144.904
31,2057,50,148.56
31,2058,50,154.158
31,2059,50,161.188
31,2060,50,169.011
31,2061,50,169.669
31,2062,50,168.509
31,2063,50,169.325
31,2064,50,168.704
31,2065,50,166.991
31,2066,50,159.019
31,2067,50,148.119
31,2068,50,135.327
31,2069,50,139.014
31,2070,50,145.081
31,2071,50,136.935
31,2072,50,130.861
31,2073,50,126.206
31,2074,50,123.151
31,2075,50,121.444
31,2076,50,120.69
31,2077,50,120.72
31,2078,50,121.377
31,2079,50,122.459
31,2080,50,123.778
31,2081,50,125.123
31,2082,50,126.519
31,2083,50,127.884
31,2084,50,129.051
31,2085,50,129.892
31,2086,50,130.275
31,2087,50,130.287
31,2088,50,130.061
31,2089,50,129.703
31,2090,50,129.184
31,2091,50,128.464
31,2092,50,127.639
31,2093,50,126.87
31,2094,50,126.097
31,2095,50,125.201
31,2096,50,124.175
31,2097,50,123.024
31,2098,50,121.831
31,2099,50,120.597
31,2100,50,119.318
48,2024,50,20.795
48,2025,50,21.552
48,2026,50,22.213
48,2027,50,22.778
48,2028,50,23.229
48,2029,50,23.635
48,2030,50,24.015
48,2031,50,24.422
48,2032,50,24.862
48,2033,50,25.243
48,2034,50,25.421
48,2035,50,25.478
48,2036,50,25.625
48,2037,50,25.901
48,2038,50,26.281
48,2039,50,26.729
48,2040,50,27.104
48,2041,50,27.258
48,2042,50,27.183
48,2043,50,26.992
48,2044,50,26.871
48,2045,50,26.882
48,2046,50,26.975
48,2047,50,27.122
48,2048,50,27.298
48,2049,50,27.471
48,2050,50,27.673
48,2051,50,27.959
48,2052,50,28.347
48,2053,50,28.888
48,2054,50,29.659
48,2055,50,30.553
48,2056,50,31.393
48,2057,50,32.137
48,2058,50,32.719
48,2059,50,33.02
48,2060,50,33.127
48,2061,50,33.224
48,2062,50,33.351
48,2063,50,33.496
48,2064,50,33.623
48,2065,50,33.679
48,2066,50,33.626
48,2067,50,33.457
48,2068,50,33.171
48,2069,50,32.774
48,2070,50,32.276
48,2071,50,31.68
48,2072,50,31.427
48,2073,50,32.562
48,2074,50,33.588
48,2075,50,33.635
48,2076,50,33.821
48,2077,50,34.035
48,2078,50,34.267
48,2079,50,34.526
48,2080,50,34.788
48,2081,50,35.036
48,2082,50,35.304
48,2083,50,35.586
48,2084,50,35.875
48,2085,50,36.167
48,2086,50,36.457
48,2087,50,36.733
48,2088,50,36.982
48,2089,50,37.214
48,2090,50,37.436
48,2091,50,37.645
48,2092,50,37.81
48,2093,50,37.942
48,2094,50,38.059
48,2095,50,38.152
48,2096,50,38.235
48,2097,50,38.326
48,2098,50,38.433
48,2099,50,38.56
48,2100,50,38.711
196,2024,50,17.906
196,2025,50,18.401
196,2026,50,19.061
196,2027,50,19.844
196,2028,50,20.683
196,2029,50,21.516
196,2030,50,22.334
196,2031,50,23.136
196,2032,50,23.905
196,2033,50,24.619
196,2034,50,25.25
196,2035,50,25.792
196,2036,50,26.232
196,2037,50,26.542
196,2038,50,26.621
196,2039,50,26.4
196,2040,50,25.861
196,2041,50,24.998
196,2042,50,23.875
196,2043,50,22.672
196,2044,50,21.542
196,2045,50,20.517
196,2046,50,19.608
196,2047,50,18.811
196,2048,50,18.112
196,2049,50,17.508
196,2050,50,17.018
196,2051,50,16.665
196,2052,50,16.462
196,2053,50,16.386
196,2054,50,16.395
196,2055,50,16.439
196,2056,50,16.491
196,2057,50,16.543
196,2058,50,16.61
196,2059,50,16.731
196,2060,50,16.944
196,2061,50,17.187
196,2062,50,17.512
196,2063,50,17.449
196,2064,50,17.303
196,2065,50,17.553
196,2066,50,17.902
196,2067,50,17.982
196,2068,50,17.816
196,2069,50,17.848
196,2070,50,18.039
196,2071,50,18.304
196,2072,50,18.358
196,2073,50,18.183
196,2074,50,17.945
196,2075,50,17.599
196,2076,50,17.211
196,2077,50,16.862
196,2078,50,16.511
196,2079,50,16.176
196,2080,50,15.877
196,2081,50,15.594
196,2082,50,15.328
196,2083,50,15.093
196,2084,50,14.878
196,2085,50,14.682
196,2086,50,14.52
196,2087,50,14.395
196,2088,50,14.295
196,2089,50,14.225
196,2090,50,14.182
196,2091,50,14.15
196,2092,50,14.132
196,2093,50,14.136
196,2094,50,14.161
196,2095,50,14.198
196,2096,50,14.237
196,2097,50,14.277
196,2098,50,14.326
196,2099,50,14.371
196,2100,50,14.409
268,2024,50,46.732
268,2025,50,47.034
268,2026,50,47.159
268,2027,50,47.242
268,2028,50,47.459
268,2029,50,47.941
268,2030,50,48.718
268,2031,50,49.609
268,2032,50,50.591
268,2033,50,51.807
268,2034,50,53.227
268,2035,50,54.53
268,2036,50,55.316
268,2037,50,55.263
268,2038,50,54.422
268,2039,50,54.755
268,2040,50,55.913
268,2041,50,55.4
268,2042,50,52.948
268,2043,50,49.444
268,2044,50,46.252
268,2045,50,44.347
268,2046,50,43.836
268,2047,50,43.824
268,2048,50,43.267
268,2049,50,41.951
268,2050,50,41.033
268,2051,50,40.749
268,2052,50,40.428
268,2053,50,40.105
268,2054,50,40.1
268,2055,50,40.536
268,2056,50,41.306
268,2057,50,42.772
268,2058,50,45.596
268,2059,50,49.262
268,2060,50,51.19
268,2061,50,50.721
268,2062,50,50.303
268,2063,50,51.582
268,2064,50,54.334
268,2065,50,55.907
268,2066,50,55.586
268,2067,50,53.745
268,2068,50,51.23
268,2069,50,48.996
268,2070,50,46.807
268,2071,50,45.597
268,2072,50,43.113
268,2073,50,40.597
268,2074,50,39.92
268,2075,50,39.147
268,2076,50,38.372
268,2077,50,37.73
268,2078,50,37.223
268,2079,50,36.866
268,2080,50,36.625
268,2081,50,36.493
268,2082,50,36.485
268,2083,50,36.559
268,2084,50,36.677
268,2085,50,36.886
268,2086,50,37.173
268,2087,50,37.529
268,2088,50,37.892
268,2089,50,38.217
268,2090,50,38.546
268,2091,50,38.888
268,2092,50,39.156
268,2093,50,39.342
268,2094,50,39.469
268,2095,50,39.455
268,2096,50,39.328
268,2097,50,39.079
268,2098,50,38.731
268,2099,50,38.309
268,2100,50,37.837
368,2024,50,380.488
368,2025,50,392.057
368,2026,50,402.773
368,2027,50,412.728
368,2028,50,422.397
368,2029,50,432.473
368,2030,50,443.377
368,2031,50,454.732
368,2032,50,466.96
368,2033,50,480.083
368,2034,50,494.728
368,2035,50,509.0
368,2036,50,522.022
368,2037,50,535.918
368,2038,50,554.033
368,2039,50,578.051
368,2040,50,604.802
368,2041,50,631.024
368,2042,50,653.167
368,2043,50,672.265
368,2044,50,689.098
368,2045,50,703.301
368,2046,50,716.723
368,2047,50,734.091
368,2048,50,753.818
368,2049,50,772.278
368,2050,50,787.646
368,2051,50,798.564
368,2052,50,807.669
368,2053,50,818.673
368,2054,50,836.256
368,2055,50,853.471
368,2056,50,876.415
368,2057,50,902.646
368,2058,50,924.632
368,2059,50,952.405
368,2060,50,992.983
368,2061,50,1049.312
368,2062,50,1092.776
368,2063,50,1108.526
368,2064,50,1112.052
368,2065,50,1097.498
368,2066,50,1066.488
368,2067,50,1036.599
368,2068,50,1024.148
368,2069,50,1029.391
368,2070,50,1038.465
368,2071,50,1047.378
368,2072,50,1054.964
368,2073,50,1064.312
368,2074,50,1079.134
368,2075,50,1092.874
368,2076,50,1103.735
368,2077,50,1115.558
368,2078,50,1128.153
368,2079,50,1141.333
368,2080,50,1154.834
368,2081,50,1169.285
368,2082,50,1182.044
368,2083,50,1194.39
368,2084,50,1208.382
368,2085,50,1218.9
368,2086,50,1229.188
368,2087,50,1238.088
368,2088,50,1243.165
368,2089,50,1248.84
368,2090,50,1252.555
368,2091,50,1253.585
368,2092,50,1253.512
368,2093,50,1253.355
368,2094,50,1253.443
368,2095,50,1253.527
368,2096,50,1253.264
368,2097,50,1253.123
368,2098,50,1253.845
368,2099,50,1254.928
368,2100,50,1256.404
376,2024,50,101.93
376,2025,50,105.331
376,2026,50,108.118
376,2027,50,107.819
376,2028,50,105.406
376,2029,50,106.167
376,2030,50,108.424
376,2031,50,108.82
376,2032,50,109.802
376,2033,50,112.152
376,2034,50,113.317
376,2035,50,113.035
376,2036,50,113.09
376,2037,50,112.956
376,2038,50,113.239
376,2039,50,114.363
376,2040,50,115.131
376,2041,50,115.71
376,2042,50,116.27
376,2043,50,116.643
376,2044,50,117.015
376,2045,50,117.115
376,2046,50,118.656
376,2047,50,121.273
376,2048,50,124.059
376,2049,50,126.205
376,2050,50,129.095
376,2051,50,132.379
376,2052,50,135.514
376,2053,50,141.438
376,2054,50,145.623
376,2055,50,146.868
376,2056,50,149.952
376,2057,50,154.215
376,2058,50,158.167
376,2059,50,163.09
376,2060,50,168.022
376,2061,50,170.461
376,2062,50,172.84
376,2063,50,175.344
376,2064,50,178.022
376,2065,50,181.383
376,2066,50,183.128
376,2067,50,185.309
376,2068,50,187.227
376,2069,50,186.73
376,2070,50,184.194
376,2071,50,185.969
376,2072,50,188.204
376,2073,50,185.53
376,2074,50,183.866
376,2075,50,183.736
376,2076,50,184.222
376,2077,50,185.136
376,2078,50,186.301
376,2079,50,187.684
376,2080,50,189.429
376,2081,50,191.614
376,2082,50,194.158
376,2083,50,196.521
376,2084,50,198.684
376,2085,50,201.053
376,2086,50,203.566
376,2087,50,206.083
376,2088,50,208.525
376,2089,50,210.99
376,2090,50,213.286
376,2091,50,215.56
376,2092,50,217.686
376,2093,50,219.533
376,2094,50,221.054
376,2095,50,222.355
376,2096,50,223.527
376,2097,50,224.511
376,2098,50,225.416
376,2099,50,226.21
376,2100,50,226.738
400,2024,50,114.73
400,2025,50,115.358
400,2026,50,115.44
400,2027,50,118.583
400,2028,50,122.221
400,2029,50,125.173
400,2030,50,128.203
400,2031,50,131.65
400,2032,50,135.611
400,2033,50,139.472
400,2034,50,142.393
400,2035,50,145.703
400,2036,50,149.563
400,2037,50,153.341
400,2038,50,156.654
400,2039,50,158.853
400,2040,50,161.099
400,2041,50,165.8
400,2042,50,171.393
400,2043,50,175.504
400,2044,50,177.946
400,2045,50,178.661
400,2046,50,177.842
400,2047,50,174.127
400,2048,50,168.151
400,2049,50,163.536
400,2050,50,167.192
400,2051,50,172.236
400,2052,50,175.72
400,2053,50,185.262
400,2054,50,193.81
400,2055,50,200.894
400,2056,50,208.561
400,2057,50,221.97
400,2058,50,234.603
400,2059,50,238.209
400,2060,50,243.157
400,2061,50,243.981
400,2062,50,241.325
400,2063,50,240.462
400,2064,50,241.698
400,2065,50,238.561
400,2066,50,232.675
400,2067,50,232.03
400,2068,50,231.306
400,2069,50,230.701
400,2070,50,229.803
400,2071,50,229.05
400,2072,50,228.294
400,2073,50,227.95
400,2074,50,228.206
400,2075,50,228.105
400,2076,50,227.436
400,2077,50,227.972
400,2078,50,230.175
400,2079,50,232.555
400,2080,50,235.163
400,2081,50,238.09
400,2082,50,241.267
400,2083,50,244.212
400,2084,50,246.851
400,2085,50,249.395
400,2086,50,252.117
400,2087,50,254.596
400,2088,50,256.618
400,2089,50,258.17
400,2090,50,259.169
400,2091,50,259.533
400,2092,50,259.558
400,2093,50,258.82
400,2094,50,257.461
400,2095,50,255.797
400,2096,50,254.33
400,2097,50,252.47
400,2098,50,250.441
400,2099,50,248.546
400,2100,50,246.689
414,2024,50,79.376
414,2025,50,81.449
414,2026,50,83.194
414,2027,50,84.704
414,2028,50,85.959
414,2029,50,86.943
414,2030,50,87.84
414,2031,50,88.894
414,2032,50,90.209
414,2033,50,91.547
414,2034,50,91.89
414,2035,50,90.883
414,2036,50,89.126
414,2037,50,86.786
414,2038,50,84.296
414,2039,50,83.506
414,2040,50,84.969
414,2041,50,87.498
414,2042,50,90.768
414,2043,50,94.293
414,2044,50,96.037
414,2045,50,95.44
414,2046,50,93.854
414,2047,50,91.645
414,2048,50,89.41
414,2049,50,89.633
414,2050,50,92.725
414,2051,50,96.687
414,2052,50,100.987
414,2053,50,105.274
414,2054,50,108.107
414,2055,50,109.316
414,2056,50,110.144
414,2057,50,110.92
414,2058,50,111.674
414,2059,50,112.413
414,2060,50,113.076
414,2061,50,113.605
414,2062,50,113.986
414,2063,50,114.195
414,2064,50,114.19
414,2065,50,113.955
414,2066,50,113.505
414,2067,50,112.848
414,2068,50,112.043
414,2069,50,111.403
414,2070,50,111.268
414,2071,50,111.726
414,2072,50,112.744
414,2073,50,114.516
414,2074,50,115.458
414,2075,50,115.607
414,2076,50,116.374
414,2077,50,117.348
414,2078,50,118.472
414,2079,50,119.665
414,2080,50,120.928
414,2081,50,122.204
414,2082,50,123.457
414,2083,50,124.705
414,2084,50,125.929
414,2085,50,127.104
414,2086,50,128.222
414,2087,50,129.297
414,2088,50,130.345
414,2089,50,131.316
414,2090,50,132.202
414,2091,50,133.055
414,2092,50,133.885
414,2093,50,134.61
414,2094,50,135.279
414,2095,50,135.923
414,2096,50,136.484
414,2097,50,137.082
414,2098,50,137.734
414,2099,50,138.38
414,2100,50,139.05
422,2024,50,62.649
422,2025,50,62.502
422,2026,50,62.79
422,2027,50,63.529
422,2028,50,64.528
422,2029,50,65.697
422,2030,50,67.073
422,2031,50,68.497
422,2032,50,69.631
422,2033,50,70.263
422,2034,50,70.365
422,2035,50,69.935
422,2036,50,69.159
422,2037,50,68.494
422,2038,50,68.083
422,2039,50,67.906
422,2040,50,67.85
422,2041,50,67.99
422,2042,50,68.654
422,2043,50,69.984
422,2044,50,72.026
422,2045,50,74.845
422,2046,50,78.164
422,2047,50,81.446
422,2048,50,84.332
422,2049,50,86.698
422,2050,50,88.579
422,2051,50,90.158
422,2052,50,91.67
422,2053,50,93.201
422,2054,50,94.797
422,2055,50,96.474
422,2056,50,98.301
422,2057,50,100.34
422,2058,50,102.505
422,2059,50,104.812
422,2060,50,107.261
422,2061,50,109.467
422,2062,50,110.697
422,2063,50,110.631
422,2064,50,109.249
422,2065,50,106.629
422,2066,50,102.488
422,2067,50,96.932
422,2068,50,90.44
422,2069,50,83.109
422,2070,50,84.038
422,2071,50,88.318
422,2072,50,87.545
422,2073,50,86.945
422,2074,50,86.628
422,2075,50,86.799
422,2076,50,87.135
422,2077,50,87.595
422,2078,50,88.179
422,2079,50,88.791
422,2080,50,89.562
422,2081,50,90.525
422,2082,50,91.535
422,2083,50,92.461
422,2084,50,93.254
422,2085,50,93.994
422,2086,50,94.49
422,2087,50,94.727
422,2088,50,94.707
422,2089,50,94.576
422,2090,50,94.235
422,2091,50,93.619
422,2092,50,92.842
422,2093,50,91.954
422,2094,50,90.914
422,2095,50,89.786
422,2096,50,88.615
422,2097,50,87.371
422,2098,50,86.163
422,2099,50,85.07
422,2100,50,84.049
512,2024,50,47.87
512,2025,50,52.148
512,2026,50,55.674
512,2027,50,59.244
512,2028,50,62.38
512,2029,50,64.43
512,2030,50,66.063
512,2031,50,67.781
512,2032,50,70.262
512,2033,50,72.929
512,2034,50,74.713
512,2035,50,76.469
512,2036,50,78.234
512,2037,50,79.112
512,2038,50,79.551
512,2039,50,80.426
512,2040,50,80.968
512,2041,50,80.82
512,2042,50,81.837
512,2043,50,82.877
512,2044,50,82.357
512,2045,50,80.983
512,2046,50,78.79
512,2047,50,77.298
512,2048,50,77.056
512,2049,50,77.181
512,2050,50,77.491
512,2051,50,77.523
512,2052,50,77.641
512,2053,50,78.381
512,2054,50,79.319
512,2055,50,80.611
512,2056,50,82.401
512,2057,50,84.765
512,2058,50,88.648
512,2059,50,94.223
512,2060,50,97.755
512,2061,50,99.267
512,2062,50,102.553
512,2063,50,108.187
512,2064,50,113.201
512,2065,50,116.488
512,2066,50,118.975
512,2067,50,119.84
512,2068,50,118.878
512,2069,50,117.057
512,2070,50,114.321
512,2071,50,113.044
512,2072,50,110.776
512,2073,50,103.896
512,2074,50,109.576
512,2075,50,119.907
512,2076,50,120.831
512,2077,50,121.156
512,2078,50,121.036
512,2079,50,120.653
512,2080,50,120.149
512,2081,50,119.622
512,2082,50,119.3
512,2083,50,119.22
512,2084,50,119.371
512,2085,50,119.846
512,2086,50,120.533
512,2087,50,121.435
512,2088,50,122.515
512,2089,50,123.702
512,2090,50,125.044
512,2091,50,126.468
512,2092,50,127.886
512,2093,50,129.226
512,2094,50,130.49
512,2095,50,131.651
512,2096,50,132.791
512,2097,50,133.929
512,2098,50,135.067
512,2099,50,136.29
512,2100,50,137.487
634,2024,50,38.918
634,2025,50,40.244
634,2026,50,41.471
634,2027,50,42.115
634,2028,50,42.885
634,2029,50,43.92
634,2030,50,45.236
634,2031,50,45.777
634,2032,50,45.864
634,2033,50,46.153
634,2034,50,44.649
634,2035,50,43.405
634,2036,50,43.392
634,2037,50,43.936
634,2038,50,47.403
634,2039,50,49.324
634,2040,50,46.383
634,2041,50,43.543
634,2042,50,43.268
634,2043,50,45.045
634,2044,50,46.289
634,2045,50,45.6
634,2046,50,44.522
634,2047,50,43.076
634,2048,50,41.404
634,2049,50,40.673
634,2050,50,40.604
634,2051,50,40.523
634,2052,50,41.7
634,2053,50,45.395
634,2054,50,50.946
634,2055,50,56.39
634,2056,50,60.358
634,2057,50,62.835
634,2058,50,63.954
634,2059,50,63.691
634,2060,50,62.739
634,2061,50,61.936
634,2062,50,61.48
634,2063,50,61.413
634,2064,50,61.765
634,2065,50,62.482
634,2066,50,63.223
634,2067,50,63.978
634,2068,50,64.629
634,2069,50,64.8
634,2070,50,64.667
634,2071,50,64.53
634,2072,50,65.261
634,2073,50,66.528
634,2074,50,66.996
634,2075,50,67.322
634,2076,50,68.052
634,2077,50,68.822
634,2078,50,69.602
634,2079,50,70.396
634,2080,50,71.212
634,2081,50,72.051
634,2082,50,72.936
634,2083,50,73.88
634,2084,50,74.858
634,2085,50,75.785
634,2086,50,76.707
634,2087,50,77.652
634,2088,50,78.566
634,2089,50,79.462
634,2090,50,80.315
634,2091,50,81.101
634,2092,50,81.847
634,2093,50,82.573
634,2094,50,83.251
634,2095,50,83.894
634,2096,50,84.516
634,2097,50,85.124
634,2098,50,85.706
634,2099,50,86.274
634,2100,50,86.853
682,2024,50,350.56
682,2025,50,364.509
682,2026,50,380.175
682,2027,50,396.796
682,2028,50,413.354
682,2029,50,428.567
682,2030,50,442.859
682,2031,50,457.059
682,2032,50,471.329
682,2033,50,484.291
682,2034,50,494.879
682,2035,50,503.558
682,2036,50,511.143
682,2037,50,517.361
682,2038,50,521.553
682,2039,50,523.574
682,2040,50,523.881
682,2041,50,522.866
682,2042,50,520.222
682,2043,50,514.332
682,2044,50,503.348
682,2045,50,488.909
682,2046,50,474.138
682,2047,50,462.206
682,2048,50,459.519
682,2049,50,471.359
682,2050,50,492.898
682,2051,50,516.468
682,2052,50,539.697
682,2053,50,561.214
682,2054,50,580.106
682,2055,50,596.962
682,2056,50,612.79
682,2057,50,627.273
682,2058,50,638.424
682,2059,50,644.571
682,2060,50,648.0
682,2061,50,651.852
682,2062,50,656.468
682,2063,50,661.279
682,2064,50,665.673
682,2065,50,668.995
682,2066,50,670.804
682,2067,50,671.045
682,2068,50,669.755
682,2069,50,667.006
682,2070,50,662.782
682,2071,50,656.484
682,2072,50,653.5
682,2073,50,681.683
682,2074,50,716.284
682,2075,50,726.197
682,2076,50,730.755
682,2077,50,734.321
682,2078,50,737.699
682,2079,50,740.736
682,2080,50,743.495
682,2081,50,746.415
682,2082,50,749.178
682,2083,50,752.17
682,2084,50,755.758
682,2085,50,759.539
682,2086,50,762.981
682,2087,50,765.774
682,2088,50,768.464
682,2089,50,771.053
682,2090,50,773.811
682,2091,50,776.585
682,2092,50,779.142
682,2093,50,782.021
682,2094,50,785.285
682,2095,50,788.823
682,2096,50,791.964
682,2097,50,794.747
682,2098,50,797.999
682,2099,50,801.652
682,2100,50,805.311
275,2024,50,37.691
275,2025,50,39.017
275,2026,50,40.535
275,2027,50,42.162
275,2028,50,43.847
275,2029,50,45.747
275,2030,50,47.617
275,2031,50,49.634
275,2032,50,52.061
275,2033,50,54.621
275,2034,50,57.283
275,2035,50,59.959
275,2036,50,62.768
275,2037,50,65.827
275,2038,50,68.991
275,2039,50,72.194
275,2040,50,75.457
275,2041,50,78.412
275,2042,50,80.753
275,2043,50,82.162
275,2044,50,82.734
275,2045,50,82.864
275,2046,50,82.707
275,2047,50,81.989
275,2048,50,81.917
275,2049,50,83.188
275,2050,50,84.136
275,2051,50,85.132
275,2052,50,87.048
275,2053,50,89.124
275,2054,50,91.73
275,2055,50,94.951
275,2056,50,97.911
275,2057,50,100.617
275,2058,50,103.803
275,2059,50,108.088
275,2060,50,113.72
275,2061,50,118.178
275,2062,50,120.037
275,2063,50,121.603
275,2064,50,124.23
275,2065,50,128.024
275,2066,50,131.109
275,2067,50,131.824
275,2068,50,131.207
275,2069,50,130.437
275,2070,50,129.741
275,2071,50,129.298
275,2072,50,129.22
275,2073,50,128.953
275,2074,50,127.826
275,2075,50,127.244
275,2076,50,127.892
275,2077,50,128.314
275,2078,50,128.68
275,2079,50,129.291
275,2080,50,130.054
275,2081,50,131.091
275,2082,50,132.371
275,2083,50,133.827
275,2084,50,135.447
275,2085,50,137.162
275,2086,50,138.723
275,2087,50,140.126
275,2088,50,141.434
275,2089,50,142.592
275,2090,50,143.549
275,2091,50,144.243
275,2092,50,144.61
275,2093,50,144.658
275,2094,50,144.488
275,2095,50,144.172
275,2096,50,143.685
275,2097,50,143.016
275,2098,50,142.225
275,2099,50,141.37
275,2100,50,140.466
760,2024,50,216.529
760,2025,50,226.324
760,2026,50,235.965
760,2027,50,245.653
760,2028,50,254.507
760,2029,50,261.554
760,2030,50,267.742
760,2031,50,272.516
760,2032,50,276.428
760,2033,50,282.382
760,2034,50,289.925
760,2035,50,297.079
760,2036,50,304.323
760,2037,50,309.851
760,2038,50,313.514
760,2039,50,316.006
760,2040,50,320.45
760,2041,50,329.252
760,2042,50,343.331
760,2043,50,366.459
760,2044,50,398.207
760,2045,50,433.774
760,2046,50,470.622
760,2047,50,506.678
760,2048,50,541.992
760,2049,50,574.968
760,2050,50,601.417
760,2051,50,618.027
760,2052,50,622.802
760,2053,50,618.273
760,2054,50,609.253
760,2055,50,598.941
760,2056,50,590.072
760,2057,50,594.943
760,2058,50,610.57
760,2059,50,603.861
760,2060,50,583.085
760,2061,50,568.307
760,2062,50,550.092
760,2063,50,520.533
760,2064,50,469.962
760,2065,50,418.612
760,2066,50,390.059
760,2067,50,384.769
760,2068,50,391.137
760,2069,50,407.98
760,2070,50,436.486
760,2071,50,463.134
760,2072,50,485.651
760,2073,50,514.184
760,2074,50,552.075
760,2075,50,581.609
760,2076,50,598.958
760,2077,50,612.923
760,2078,50,623.994
760,2079,50,632.363
760,2080,50,638.381
760,2081,50,641.937
760,2082,50,641.755
760,2083,50,637.6
760,2084,50,629.771
760,2085,50,619.363
760,2086,50,606.922
760,2087,50,593.641
760,2088,50,580.266
760,2089,50,566.948
760,2090,50,554.154
760,2091,50,541.738
760,2092,50,530.196
760,2093,50,520.199
760,2094,50,512.492
760,2095,50,507.097
760,2096,50,504.331
760,2097,50,503.669
760,2098,50,505.004
760,2099,50,508.213
760,2100,50,512.761
792,2024,50,1116.881
792,2025,50,1163.483
792,2026,50,1210.501
792,2027,50,1256.78
792,2028,50,1296.059
792,2029,50,1322.084
792,2030,50,1333.626
792,2031,50,1330.852
792,2032,50,1315.359
792,2033,50,1295.789
792,2034,50,1280.821
792,2035,50,1272.105
792,2036,50,1269.677
792,2037,50,1273.005
792,2038,50,1279.278
792,2039,50,1285.686
792,2040,50,1291.761
792,2041,50,1297.462
792,2042,50,1303.288
792,2043,50,1311.592
792,2044,50,1324.59
792,2045,50,1342.65
792,2046,50,1365.421
792,2047,50,1390.807
792,2048,50,1409.065
792,2049,50,1410.452
792,2050,50,1392.193
792,2051,50,1353.63
792,2052,50,1297.511
792,2053,50,1237.969
792,2054,50,1190.414
792,2055,50,1160.123
792,2056,50,1149.168
792,2057,50,1156.759
792,2058,50,1175.524
792,2059,50,1196.823
792,2060,50,1217.195
792,2061,50,1235.717
792,2062,50,1251.582
792,2063,50,1261.949
792,2064,50,1264.105
792,2065,50,1257.556
792,2066,50,1242.391
792,2067,50,1218.756
792,2068,50,1187.194
792,2069,50,1148.139
792,2070,50,1101.536
792,2071,50,1046.858
792,2072,50,988.404
792,2073,50,956.436
792,2074,50,948.905
792,2075,50,943.148
792,2076,50,940.67
792,2077,50,936.257
792,2078,50,930.678
792,2079,50,924.476
792,2080,50,917.28
792,2081,50,910.29
792,2082,50,903.326
792,2083,50,896.158
792,2084,50,889.345
792,2085,50,883.394
792,2086,50,878.146
792,2087,50,873.111
792,2088,50,869.217
792,2089,50,865.743
792,2090,50,861.607
792,2091,50,857.922
792,2092,50,854.571
792,2093,50,850.714
792,2094,50,846.362
792,2095,50,841.03
792,2096,50,834.421
792,2097,50,825.297
792,2098,50,812.511
792,2099,50,797.889
792,2100,50,782.44
784,2024,50,123.992
784,2025,50,124.301
784,2026,50,126.728
784,2027,50,131.307
784,2028,50,132.134
784,2029,50,129.55
784,2030,50,128.432
784,2031,50,126.912
784,2032,50,124.604
784,2033,50,120.399
784,2034,50,113.157
784,2035,50,110.722
784,2036,50,123.098
784,2037,50,141.633
784,2038,50,148.314
784,2039,50,149.004
784,2040,50,156.067
784,2041,50,161.96
784,2042,50,165.778
784,2043,50,176.594
784,2044,50,188.546
784,2045,50,194.177
784,2046,50,198.292
784,2047,50,204.827
784,2048,50,210.859
784,2049,50,214.831
784,2050,50,218.144
784,2051,50,222.358
784,2052,50,227.922
784,2053,50,231.807
784,2054,50,229.938
784,2055,50,223.215
784,2056,50,219.627
784,2057,50,222.042
784,2058,50,223.934
784,2059,50,222.279
784,2060,50,220.663
784,2061,50,221.964
784,2062,50,225.054
784,2063,50,227.45
784,2064,50,227.859
784,2065,50,226.208
784,2066,50,223.686
784,2067,50,222.132
784,2068,50,222.272
784,2069,50,223.797
784,2070,50,226.26
784,2071,50,228.572
784,2072,50,228.984
784,2073,50,229.276
784,2074,50,232.112
784,2075,50,236.371
784,2076,50,240.852
784,2077,50,245.424
784,2078,50,250.084
784,2079,50,254.696
784,2080,50,259.148
784,2081,50,263.635
784,2082,50,267.973
784,2083,50,271.889
784,2084,50,275.416
784,2085,50,278.44
784,2086,50,281.047
784,2087,50,283.322
784,2088,50,285.389
784,2089,50,287.168
784,2090,50,288.605
784,2091,50,290.004
784,2092,50,291.352
784,2093,50,292.692
784,2094,50,294.026
784,2095,50,295.321
784,2096,50,296.541
784,2097,50,297.832
784,2098,50,299.324
784,2099,50,301.044
784,2100,50,302.852
887,2024,50,252.675
887,2025,50,265.823
887,2026,50,279.999
887,2027,50,294.792
887,2028,50,310.546
887,2029,50,329.97
887,2030,50,350.992
887,2031,50,370.234
887,2032,50,389.73
887,2033,50,410.12
887,2034,50,430.373
887,2035,50,450.759
887,2036,50,471.021
887,2037,50,489.893
887,2038,50,508.78
887,2039,50,526.787
887,2040,50,544.09
887,2041,50,561.309
887,2042,50,577.125
887,2043,50,591.193
887,2044,50,601.81
887,2045,50,608.241
887,2046,50,603.083
887,2047,50,602.894
887,2048,50,615.88
887,2049,50,630.338
887,2050,50,645.997
887,2051,50,659.183
887,2052,50,672.326
887,2053,50,689.553
887,2054,50,707.921
887,2055,50,724.32
887,2056,50,743.9
887,2057,50,762.68
887,2058,50,777.441
887,2059,50,794.718
887,2060,50,807.336
887,2061,50,812.553
887,2062,50,834.295
887,2063,50,871.641
887,2064,50,907.878
887,2065,50,943.726
887,2066,50,978.619
887,2067,50,1012.472
887,2068,50,1045.402
887,2069,50,1077.416
887,2070,50,1109.537
887,2071,50,1139.547
887,2072,50,1167.216
887,2073,50,1196.938
887,2074,50,1216.577
887,2075,50,1224.146
887,2076,50,1230.875
887,2077,50,1235.413
887,2078,50,1236.982
887,2079,50,1239.206
887,2080,50,1241.916
887,2081,50,1241.148
887,2082,50,1243.181
887,2083,50,1249.382
887,2084,50,1255.443
887,2085,50,1262.174
887,2086,50,1269.084
887,2087,50,1275.888
887,2088,50,1286.45
887,2089,50,1299.152
887,2090,50,1311.979
887,2091,50,1327.071
887,2092,50,1342.821
887,2093,50,1358.63
887,2094,50,1373.586
887,2095,50,1387.1
887,2096,50,1398.746
887,2097,50,1408.185
887,2098,50,1417.199
887,2099,50,1425.431
887,2100,50,1432.251
112,2024,50,123.262
112,2025,50,124.564
112,2026,50,125.019
112,2027,50,125.052
112,2028,50,126.331
112,2029,50,128.356
112,2030,50,130.534
112,2031,50,132.192
112,2032,50,134.197
112,2033,50,141.523
112,2034,50,146.278
112,2035,50,144.372
112,2036,50,145.688
112,2037,50,145.383
112,2038,50,143.747
112,2039,50,141.579
112,2040,50,134.517
112,2041,50,127.508
112,2042,50,122.358
112,2043,50,113.45
112,2044,50,103.493
112,2045,50,96.433
112,2046,50,89.206
112,2047,50,83.565
112,2048,50,82.659
112,2049,50,83.898
112,2050,50,83.954
112,2051,50,82.618
112,2052,50,80.603
112,2053,50,79.634
112,2054,50,79.453
112,2055,50,81.155
112,2056,50,84.628
112,2057,50,90.584
112,2058,50,96.797
112,2059,50,100.324
112,2060,50,101.259
112,2061,50,101.922
112,2062,50,106.189
112,2063,50,110.276
112,2064,50,111.33
112,2065,50,111.784
112,2066,50,111.433
112,2067,50,103.534
112,2068,50,91.697
112,2069,50,83.756
112,2070,50,78.368
112,2071,50,75.073
112,2072,50,71.224
112,2073,50,64.486
112,2074,50,59.602
112,2075,50,58.338
112,2076,50,57.263
112,2077,50,56.336
112,2078,50,55.59
112,2079,50,55.038
112,2080,50,54.7
112,2081,50,54.681
112,2082,50,54.823
112,2083,50,55.102
112,2084,50,55.649
112,2085,50,56.366
112,2086,50,57.178
112,2087,50,58.006
112,2088,50,58.825
112,2089,50,59.649
112,2090,50,60.459
112,2091,50,61.236
112,2092,50,61.933
112,2093,50,62.46
112,2094,50,62.63
112,2095,50,62.454
112,2096,50,61.958
112,2097,50,61.055
112,2098,50,59.735
112,2099,50,58.146
112,2100,50,56.357
100,2024,50,107.755
100,2025,50,109.367
100,2026,50,107.439
100,2027,50,106.089
100,2028,50,102.969
100,2029,50,101.004
100,2030,50,98.116
100,2031,50,94.576
100,2032,50,93.125
100,2033,50,92.502
100,2034,50,92.672
100,2035,50,92.101
100,2036,50,92.564
100,2037,50,92.623
100,2038,50,92.614
100,2039,50,92.504
100,2040,50,89.319
100,2041,50,83.816
100,2042,50,77.223
100,2043,50,72.121
100,2044,50,67.854
100,2045,50,62.327
100,2046,50,59.047
100,2047,50,55.818
100,2048,50,53.655
100,2049,50,58.072
100,2050,50,61.128
100,2051,50,58.8
100,2052,50,56.527
100,2053,50,56.399
100,2054,50,57.274
100,2055,50,58.049
100,2056,50,58.782
100,2057,50,59.779
100,2058,50,61.185
100,2059,50,63.565
100,2060,50,63.198
100,2061,50,61.262
100,2062,50,60.485
100,2063,50,58.925
100,2064,50,59.08
100,2065,50,59.494
100,2066,50,58.498
100,2067,50,57.799
100,2068,50,56.377
100,2069,50,54.929
100,2070,50,53.236
100,2071,50,51.593
100,2072,50,53.688
100,2073,50,55.333
100,2074,50,53.801
100,2075,50,52.593
100,2076,50,51.523
100,2077,50,50.528
100,2078,50,49.642
100,2079,50,48.843
100,2080,50,48.099
100,2081,50,47.462
100,2082,50,46.968
100,2083,50,46.574
100,2084,50,46.264
100,2085,50,46.034
100,2086,50,45.825
100,2087,50,45.66
100,2088,50,45.521
100,2089,50,45.405
100,2090,50,45.295
100,2091,50,45.185
100,2092,50,45.102
100,2093,50,44.98
100,2094,50,44.772
100,2095,50,44.468
100,2096,50,44.083
100,2097,50,43.649
100,2098,50,43.214
100,2099,50,42.775
100,2100,50,42.307
203,2024,50,184.426
203,2025,50,188.763
203,2026,50,185.223
203,2027,50,180.971
203,2028,50,177.102
203,2029,50,172.884
203,2030,50,162.172
203,2031,50,150.088
203,2032,50,145.317
203,2033,50,143.36
203,2034,50,141.786
203,2035,50,141.308
203,2036,50,139.731
203,2037,50,137.46
203,2038,50,137.208
203,2039,50,135.698
203,2040,50,134.308
203,2041,50,134.623
203,2042,50,130.36
203,2043,50,125.93
203,2044,50,118.41
203,2045,50,106.033
203,2046,50,97.172
203,2047,50,93.39
203,2048,50,92.362
203,2049,50,91.089
203,2050,50,91.877
203,2051,50,94.169
203,2052,50,96.747
203,2053,50,99.654
203,2054,50,102.816
203,2055,50,107.597
203,2056,50,112.474
203,2057,50,118.99
203,2058,50,125.512
203,2059,50,126.824
203,2060,50,125.236
203,2061,50,120.658
203,2062,50,116.731
203,2063,50,115.78
203,2064,50,116.293
203,2065,50,118.134
203,2066,50,119.717
203,2067,50,121.322
203,2068,50,121.531
203,2069,50,120.245
203,2070,50,118.03
203,2071,50,118.857
203,2072,50,113.878
203,2073,50,101.701
203,2074,50,95.775
203,2075,50,94.473
203,2076,50,93.619
203,2077,50,92.795
203,2078,50,91.849
203,2079,50,91.175
203,2080,50,90.864
203,2081,50,90.932
203,2082,50,91.324
203,2083,50,91.997
203,2084,50,92.855
203,2085,50,93.829
203,2086,50,95.012
203,2087,50,96.315
203,2088,50,97.529
203,2089,50,98.607
203,2090,50,99.583
203,2091,50,100.443
203,2092,50,101.092
203,2093,50,101.522
203,2094,50,101.752
203,2095,50,101.793
203,2096,50,101.681
203,2097,50,101.291
203,2098,50,100.587
203,2099,50,99.661
203,2100,50,98.6
348,2024,50,159.065
348,2025,50,176.13
348,2026,50,176.346
348,2027,50,169.068
348,2028,50,161.437
348,2029,50,154.152
348,2030,50,145.933
348,2031,50,137.698
348,2032,50,130.119
348,2033,50,122.565
348,2034,50,118.174
348,2035,50,119.532
348,2036,50,121.162
348,2037,50,119.692
348,2038,50,118.948
348,2039,50,119.154
348,2040,50,121.159
348,2041,50,123.695
348,2042,50,122.523
348,2043,50,118.842
348,2044,50,116.442
348,2045,50,114.469
348,2046,50,110.045
348,2047,50,102.925
348,2048,50,97.004
348,2049,50,93.887
348,2050,50,94.613
348,2051,50,96.493
348,2052,50,96.729
348,2053,50,96.703
348,2054,50,97.703
348,2055,50,101.677
348,2056,50,106.629
348,2057,50,107.552
348,2058,50,107.392
348,2059,50,107.336
348,2060,50,102.913
348,2061,50,98.824
348,2062,50,99.381
348,2063,50,100.327
348,2064,50,101.496
348,2065,50,102.687
348,2066,50,103.788
348,2067,50,104.959
348,2068,50,103.894
348,2069,50,103.204
348,2070,50,103.465
348,2071,50,103.982
348,2072,50,102.221
348,2073,50,98.041
348,2074,50,95.574
348,2075,50,94.92
348,2076,50,94.255
348,2077,50,93.605
348,2078,50,92.82
348,2079,50,92.005
348,2080,50,91.274
348,2081,50,90.634
348,2082,50,90.069
348,2083,50,89.673
348,2084,50,89.488
348,2085,50,89.456
348,2086,50,89.438
348,2087,50,89.511
348,2088,50,89.739
348,2089,50,89.955
348,2090,50,90.173
348,2091,50,90.351
348,2092,50,90.404
348,2093,50,90.492
348,2094,50,90.497
348,2095,50,90.329
348,2096,50,90.209
348,2097,50,90.072
348,2098,50,89.817
348,2099,50,89.486
348,2100,50,89.11
616,2024,50,551.935
616,2025,50,567.636
616,2026,50,580.776
616,2027,50,593.225
616,2028,50,604.121
616,2029,50,615.196
616,2030,50,625.727
616,2031,50,634.689
616,2032,50,642.486
616,2033,50,647.126
616,2034,50,644.194
616,2035,50,632.737
616,2036,50,614.537
616,2037,50,593.283
616,2038,50,572.558
616,2039,50,553.188
616,2040,50,535.743
616,2041,50,519.308
616,2042,50,502.165
616,2043,50,484.424
616,2044,50,466.261
616,2045,50,447.127
616,2046,50,427.768
616,2047,50,408.893
616,2048,50,390.63
616,2049,50,373.915
616,2050,50,359.014
616,2051,50,345.654
616,2052,50,335.107
616,2053,50,330.319
616,2054,50,332.95
616,2055,50,342.91
616,2056,50,359.915
616,2057,50,380.431
616,2058,50,398.642
616,2059,50,410.03
616,2060,50,411.246
616,2061,50,404.59
616,2062,50,395.47
616,2063,50,386.708
616,2064,50,379.606
616,2065,50,374.5
616,2066,50,371.298
616,2067,50,369.517
616,2068,50,368.513
616,2069,50,368.078
616,2070,50,356.651
616,2071,50,332.518
616,2072,50,307.15
616,2073,50,293.676
616,2074,50,288.227
616,2075,50,280.25
616,2076,50,274.081
616,2077,50,267.828
616,2078,50,261.196
616,2079,50,255.315
616,2080,50,250.369
616,2081,50,246.272
616,2082,50,243.601
616,2083,50,242.464
616,2084,50,242.138
616,2085,50,242.508
616,2086,50,243.473
616,2087,50,244.537
616,2088,50,245.713
616,2089,50,247.265
616,2090,50,248.509
616,2091,50,249.217
616,2092,50,249.54
616,2093,50,249.63
616,2094,50,249.148
616,2095,50,247.709
616,2096,50,245.4
616,2097,50,242.421
616,2098,50,238.812
616,2099,50,234.452
616,2100,50,229.644
498,2024,50,38.2
498,2025,50,38.318
498,2026,50,38.291
498,2027,50,37.875
498,2028,50,37.616
498,2029,50,38.179
498,2030,50,38.92
498,2031,50,39.136
498,2032,50,39.854
498,2033,50,41.849
498,2034,50,43.9
498,2035,50,45.445
498,2036,50,46.98
498,2037,50,47.066
498,2038,50,45.482
498,2039,50,43.314
498,2040,50,40.725
498,2041,50,38.08
498,2042,50,36.46
498,2043,50,35.407
498,2044,50,32.94
498,2045,50,29.402
498,2046,50,26.207
498,2047,50,23.541
498,2048,50,21.495
498,2049,50,20.435
498,2050,50,20.159
498,2051,50,20.296
498,2052,50,20.754
498,2053,50,21.653
498,2054,50,22.984
498,2055,50,24.381
498,2056,50,25.612
498,2057,50,26.874
498,2058,50,28.23
498,2059,50,29.376
498,2060,50,30.111
498,2061,50,30.84
498,2062,50,32.149
498,2063,50,34.019
498,2064,50,36.017
498,2065,50,36.809
498,2066,50,36.027
498,2067,50,33.683
498,2068,50,31.128
498,2069,50,29.26
498,2070,50,27.333
498,2071,50,25.561
498,2072,50,23.54
498,2073,50,22.292
498,2074,50,21.787
498,2075,50,21.092
498,2076,50,20.56
498,2077,50,20.142
498,2078,50,19.796
498,2079,50,19.544
498,2080,50,19.36
498,2081,50,19.234
498,2082,50,19.182
498,2083,50,19.207
498,2084,50,19.297
498,2085,50,19.454
498,2086,50,19.658
498,2087,50,19.912
498,2088,50,20.23
498,2089,50,20.584
498,2090,50,20.955
498,2091,50,21.342
498,2092,50,21.718
498,2093,50,22.039
498,2094,50,22.263
498,2095,50,22.355
498,2096,50,22.285
498,2097,50,22.046
498,2098,50,21.661
498,2099,50,21.151
498,2100,50,20.539
642,2024,50,292.397
642,2025,50,300.993
642,2026,50,298.596
642,2027,50,300.381
642,2028,50,297.12
642,2029,50,290.508
642,2030,50,281.87
642,2031,50,270.173
642,2032,50,249.049
642,2033,50,215.601
642,2034,50,218.62
642,2035,50,245.141
642,2036,50,254.059
642,2037,50,262.304
642,2038,50,267.257
642,2039,50,261.771
642,2040,50,244.689
642,2041,50,218.26
642,2042,50,201.764
642,2043,50,196.274
642,2044,50,192.103
642,2045,50,188.5
642,2046,50,184.017
642,2047,50,183.911
642,2048,50,186.346
642,2049,50,186.716
642,2050,50,185.208
642,2051,50,179.988
642,2052,50,174.071
642,2053,50,179.206
642,2054,50,188.002
642,2055,50,192.98
642,2056,50,194.208
642,2057,50,192.657
642,2058,50,195.216
642,2059,50,197.963
642,2060,50,194.339
642,2061,50,184.541
642,2062,50,178.853
642,2063,50,177.34
642,2064,50,176.113
642,2065,50,177.836
642,2066,50,181.137
642,2067,50,184.21
642,2068,50,182.382
642,2069,50,176.86
642,2070,50,169.216
642,2071,50,163.056
642,2072,50,160.067
642,2073,50,157.568
642,2074,50,155.283
642,2075,50,152.934
642,2076,50,150.947
642,2077,50,149.066
642,2078,50,147.327
642,2079,50,145.814
642,2080,50,144.678
642,2081,50,143.867
642,2082,50,143.288
642,2083,50,142.812
642,2084,50,142.355
642,2085,50,141.999
642,2086,50,141.739
642,2087,50,141.569
642,2088,50,141.328
642,2089,50,140.934
642,2090,50,140.497
642,2091,50,139.953
642,2092,50,139.267
642,2093,50,138.573
642,2094,50,137.657
642,2095,50,136.493
642,2096,50,135.228
642,2097,50,133.798
642,2098,50,132.149
642,2099,50,130.432
642,2100,50,128.597
643,2024,50,1950.622
643,2025,50,2006.683
643,2026,50,2037.101
643,2027,50,2014.269
643,2028,50,2034.14
643,2029,50,2083.872
643,2030,50,2185.578
643,2031,50,2104.367
643,2032,50,2059.822
643,2033,50,2270.152
643,2034,50,2332.673
643,2035,50,2346.521
643,2036,50,2399.2
643,2037,50,2424.424
643,2038,50,2376.829
643,2039,50,2270.131
643,2040,50,2192.81
643,2041,50,2032.534
643,2042,50,1803.104
643,2043,50,1595.318
643,2044,50,1463.916
643,2045,50,1412.846
643,2046,50,1337.361
643,2047,50,1261.077
643,2048,50,1242.285
643,2049,50,1234.352
643,2050,50,1251.141
643,2051,50,1287.755
643,2052,50,1337.936
643,2053,50,1432.299
643,2054,50,1495.65
643,2055,50,1530.93
643,2056,50,1550.861
643,2057,50,1624.845
643,2058,50,1737.868
643,2059,50,1792.956
643,2060,50,1794.319
643,2061,50,1848.649
643,2062,50,1960.383
643,2063,50,2012.879
643,2064,50,2026.647
643,2065,50,2046.698
643,2066,50,2033.927
643,2067,50,1926.087
643,2068,50,1800.672
643,2069,50,1709.524
643,2070,50,1639.025
643,2071,50,1605.696
643,2072,50,1549.349
643,2073,50,1491.31
643,2074,50,1463.186
643,2075,50,1445.474
643,2076,50,1431.445
643,2077,50,1419.325
643,2078,50,1409.565
643,2079,50,1403.77
643,2080,50,1402.302
643,2081,50,1405.19
643,2082,50,1413.036
643,2083,50,1425.883
643,2084,50,1442.242
643,2085,50,1460.877
643,2086,50,1482.532
643,2087,50,1505.975
643,2088,50,1530.042
643,2089,50,1554.489
643,2090,50,1578.186
643,2091,50,1600.994
643,2092,50,1621.315
643,2093,50,1638.253
643,2094,50,1650.0
643,2095,50,1655.063
643,2096,50,1654.318
643,2097,50,1647.239
643,2098,50,1634.445
643,2099,50,1616.596
643,2100,50,1594.61
703,2024,50,86.524
703,2025,50,88.657
703,2026,50,89.401
703,2027,50,90.497
703,2028,50,90.805
703,2029,50,91.242
703,2030,50,89.428
703,2031,50,86.74
703,2032,50,86.087
703,2033,50,85.808
703,2034,50,85.474
703,2035,50,85.308
703,2036,50,83.884
703,2037,50,81.345
703,2038,50,79.824
703,2039,50,78.195
703,2040,50,76.933
703,2041,50,76.233
703,2042,50,73.861
703,2043,50,71.506
703,2044,50,67.624
703,2045,50,61.951
703,2046,50,58.782
703,2047,50,57.439
703,2048,50,55.919
703,2049,50,54.554
703,2050,50,53.618
703,2051,50,51.458
703,2052,50,49.387
703,2053,50,49.406
703,2054,50,50.952
703,2055,50,52.392
703,2056,50,52.481
703,2057,50,52.62
703,2058,50,54.301
703,2059,50,57.091
703,2060,50,57.795
703,2061,50,58.697
703,2062,50,58.138
703,2063,50,55.605
703,2064,50,55.485
703,2065,50,56.044
703,2066,50,57.351
703,2067,50,58.398
703,2068,50,58.176
703,2069,50,57.144
703,2070,50,55.682
703,2071,50,54.911
703,2072,50,52.961
703,2073,50,50.298
703,2074,50,48.943
703,2075,50,47.83
703,2076,50,46.889
703,2077,50,45.959
703,2078,50,45.059
703,2079,50,44.245
703,2080,50,43.492
703,2081,50,42.857
703,2082,50,42.371
703,2083,50,42.028
703,2084,50,41.787
703,2085,50,41.63
703,2086,50,41.56
703,2087,50,41.61
703,2088,50,41.753
703,2089,50,41.92
703,2090,50,42.079
703,2091,50,42.227
703,2092,50,42.405
703,2093,50,42.549
703,2094,50,42.659
703,2095,50,42.735
703,2096,50,42.707
703,2097,50,42.571
703,2098,50,42.338
703,2099,50,42.034
703,2100,50,41.644
804,2024,50,498.873
804,2025,50,545.428
804,2026,50,553.422
804,2027,50,548.029
804,2028,50,551.314
804,2029,50,568.94
804,2030,50,586.972
804,2031,50,601.557
804,2032,50,611.849
804,2033,50,639.395
804,2034,50,648.064
804,2035,50,636.806
804,2036,50,661.37
804,2037,50,677.186
804,2038,50,662.943
804,2039,50,630.193
804,2040,50,594.995
804,2041,50,573.25
804,2042,50,544.887
804,2043,50,514.249
804,2044,50,490.705
804,2045,50,476.305
804,2046,50,465.544
804,2047,50,448.346
804,2048,50,432.347
804,2049,50,418.99
804,2050,50,408.145
804,2051,50,398.156
804,2052,50,393.188
804,2053,50,398.878
804,2054,50,404.232
804,2055,50,401.154
804,2056,50,406.938
804,2057,50,417.624
804,2058,50,429.879
804,2059,50,439.737
804,2060,50,428.82
804,2061,50,425.494
804,2062,50,439.103
804,2063,50,440.592
804,2064,50,423.098
804,2065,50,398.253
804,2066,50,381.954
804,2067,50,364.794
804,2068,50,338.1
804,2069,50,324.378
804,2070,50,317.421
804,2071,50,303.537
804,2072,50,261.578
804,2073,50,241.744
804,2074,50,254.733
804,2075,50,250.525
804,2076,50,235.595
804,2077,50,225.009
804,2078,50,223.31
804,2079,50,221.766
804,2080,50,220.626
804,2081,50,220.028
804,2082,50,219.377
804,2083,50,218.781
804,2084,50,218.233
804,2085,50,217.7
804,2086,50,217.174
804,2087,50,216.627
804,2088,50,216.092
804,2089,50,215.608
804,2090,50,215.303
804,2091,50,214.69
804,2092,50,213.902
804,2093,50,212.939
804,2094,50,211.013
804,2095,50,207.772
804,2096,50,203.789
804,2097,50,199.297
804,2098,50,193.948
804,2099,50,188.087
804,2100,50,182.011
208,2024,50,78.471
208,2025,50,79.335
208,2026,50,77.107
208,2027,50,72.969
208,2028,50,71.936
208,2029,50,71.375
208,2030,50,70.1
208,2031,50,67.851
208,2032,50,66.289
208,2033,50,65.908
208,2034,50,65.98
208,2035,50,67.905
208,2036,50,70.054
208,2037,50,71.354
208,2038,50,73.244
208,2039,50,75.847
208,2040,50,77.949
208,2041,50,78.964
208,2042,50,80.22
208,2043,50,80.921
208,2044,50,81.533
208,2045,50,82.335
208,2046,50,80.707
208,2047,50,79.22
208,2048,50,78.085
208,2049,50,76.716
208,2050,50,76.59
208,2051,50,75.869
208,2052,50,74.29
208,2053,50,74.047
208,2054,50,74.861
208,2055,50,75.758
208,2056,50,77.014
208,2057,50,77.547
208,2058,50,77.612
208,2059,50,76.902
208,2060,50,75.868
208,2061,50,73.755
208,2062,50,70.945
208,2063,50,69.212
208,2064,50,68.406
208,2065,50,69.145
208,2066,50,71.067
208,2067,50,72.364
208,2068,50,72.137
208,2069,50,72.124
208,2070,50,72.051
208,2071,50,73.171
208,2072,50,71.72
208,2073,50,68.704
208,2074,50,68.758
208,2075,50,69.34
208,2076,50,69.563
208,2077,50,69.69
208,2078,50,69.751
208,2079,50,69.715
208,2080,50,69.631
208,2081,50,69.526
208,2082,50,69.389
208,2083,50,69.242
208,2084,50,69.099
208,2085,50,68.961
208,2086,50,68.804
208,2087,50,68.605
208,2088,50,68.366
208,2089,50,68.114
208,2090,50,67.839
208,2091,50,67.54
208,2092,50,67.253
208,2093,50,66.975
208,2094,50,66.693
208,2095,50,66.451
208,2096,50,66.236
208,2097,50,66.061
208,2098,50,65.908
208,2099,50,65.747
208,2100,50,65.582
233,2024,50,18.529
233,2025,50,18.518
233,2026,50,18.467
233,2027,50,18.536
233,2028,50,18.33
233,2029,50,18.201
233,2030,50,18.359
233,2031,50,18.55
233,2032,50,18.753
233,2033,50,19.187
233,2034,50,19.598
233,2035,50,19.583
233,2036,50,19.561
233,2037,50,20.077
233,2038,50,20.625
233,2039,50,20.544
233,2040,50,19.777
233,2041,50,18.08
233,2042,50,16.751
233,2043,50,15.452
233,2044,50,13.924
233,2045,50,13.156
233,2046,50,12.826
233,2047,50,12.427
233,2048,50,11.753
233,2049,50,11.409
233,2050,50,11.625
233,2051,50,11.728
233,2052,50,11.77
233,2053,50,12.058
233,2054,50,12.577
233,2055,50,13.295
233,2056,50,13.881
233,2057,50,14.653
233,2058,50,15.369
233,2059,50,15.557
233,2060,50,15.635
233,2061,50,15.303
233,2062,50,14.582
233,2063,50,14.209
233,2064,50,14.076
233,2065,50,14.231
233,2066,50,14.4
233,2067,50,14.2
233,2068,50,14.306
233,2069,50,14.427
233,2070,50,13.789
233,2071,50,13.233
233,2072,50,12.264
233,2073,50,10.976
233,2074,50,10.458
233,2075,50,10.291
233,2076,50,10.165
233,2077,50,10.026
233,2078,50,9.872
233,2079,50,9.753
233,2080,50,9.67
233,2081,50,9.619
233,2082,50,9.596
233,2083,50,9.62
233,2084,50,9.684
233,2085,50,9.774
233,2086,50,9.897
233,2087,50,10.042
233,2088,50,10.178
233,2089,50,10.295
233,2090,50,10.402
233,2091,50,10.493
233,2092,50,10.559
233,2093,50,10.596
233,2094,50,10.612
233,2095,50,10.601
233,2096,50,10.552
233,2097,50,10.46
233,2098,50,10.329
233,2099,50,10.178
233,2100,50,10.006
234,2024,50,0.684
234,2025,50,0.682
234,2026,50,0.673
234,2027,50,0.662
234,2028,50,0.657
234,2029,50,0.67
234,2030,50,0.683
234,2031,50,0.684
234,2032,50,0.669
234,2033,50,0.642
234,2034,50,0.644
234,2035,50,0.682
234,2036,50,0.717
234,2037,50,0.719
234,2038,50,0.737
234,2039,50,0.787
234,2040,50,0.82
234,2041,50,0.792
234,2042,50,0.734
234,2043,50,0.706
234,2044,50,0.689
234,2045,50,0.667
234,2046,50,0.655
234,2047,50,0.668
234,2048,50,0.687
234,2049,50,0.71
234,2050,50,0.78
234,2051,50,0.822
234,2052,50,0.836
234,2053,50,0.862
234,2054,50,0.848
234,2055,50,0.84
234,2056,50,0.827
234,2057,50,0.807
234,2058,50,0.808
234,2059,50,0.783
234,2060,50,0.76
234,2061,50,0.75
234,2062,50,0.737
234,2063,50,0.746
234,2064,50,0.766
234,2065,50,0.774
234,2066,50,0.784
234,2067,50,0.793
234,2068,50,0.786
234,2069,50,0.776
234,2070,50,0.76
234,2071,50,0.745
234,2072,50,0.728
234,2073,50,0.723
234,2074,50,0.731
234,2075,50,0.735
234,2076,50,0.737
234,2077,50,0.739
234,2078,50,0.743
234,2079,50,0.747
234,2080,50,0.752
234,2081,50,0.756
234,2082,50,0.76
234,2083,50,0.765
234,2084,50,0.769
234,2085,50,0.772
234,2086,50,0.774
234,2087,50,0.774
234,2088,50,0.773
234,2089,50,0.77
234,2090,50,0.766
234,2091,50,0.761
234,2092,50,0.756
234,2093,50,0.751
234,2094,50,0.745
234,2095,50,0.741
234,2096,50,0.736
234,2097,50,0.731
234,2098,50,0.726
234,2099,50,0.721
234,2100,50,0.716
246,2024,50,63.236
246,2025,50,67.834
246,2026,50,70.275
246,2027,50,70.851
246,2028,50,70.381
246,2029,50,70.07
246,2030,50,70.352
246,2031,50,71.003
246,2032,50,72.847
246,2033,50,74.742
246,2034,50,74.558
246,2035,50,72.943
246,2036,50,70.927
246,2037,50,69.471
246,2038,50,70.696
246,2039,50,72.325
246,2040,50,72.989
246,2041,50,73.176
246,2042,50,72.915
246,2043,50,71.743
246,2044,50,70.052
246,2045,50,68.627
246,2046,50,66.054
246,2047,50,63.709
246,2048,50,61.498
246,2049,50,60.767
246,2050,50,61.016
246,2051,50,60.848
246,2052,50,61.375
246,2053,50,63.056
246,2054,50,65.42
246,2055,50,67.046
246,2056,50,68.654
246,2057,50,69.925
246,2058,50,70.492
246,2059,50,71.364
246,2060,50,72.072
246,2061,50,71.83
246,2062,50,71.153
246,2063,50,70.254
246,2064,50,69.167
246,2065,50,67.681
246,2066,50,65.392
246,2067,50,62.884
246,2068,50,60.076
246,2069,50,57.576
246,2070,50,56.856
246,2071,50,58.639
246,2072,50,57.834
246,2073,50,54.855
246,2074,50,54.3
246,2075,50,54.307
246,2076,50,54.051
246,2077,50,53.819
246,2078,50,53.624
246,2079,50,53.494
246,2080,50,53.392
246,2081,50,53.367
246,2082,50,53.467
246,2083,50,53.638
246,2084,50,53.905
246,2085,50,54.247
246,2086,50,54.639
246,2087,50,55.031
246,2088,50,55.382
246,2089,50,55.698
246,2090,50,55.932
246,2091,50,56.046
246,2092,50,56.12
246,2093,50,56.093
246,2094,50,55.867
246,2095,50,55.487
246,2096,50,55.009
246,2097,50,54.491
246,2098,50,53.933
246,2099,50,53.277
246,2100,50,52.543
831,2024,50,0.858
831,2025,50,0.81
831,2026,50,0.773
831,2027,50,0.764
831,2028,50,0.773
831,2029,50,0.79
831,2030,50,0.81
831,2031,50,0.825
831,2032,50,0.83
831,2033,50,0.814
831,2034,50,0.812
831,2035,50,0.8
831,2036,50,0.804
831,2037,50,0.853
831,2038,50,0.849
831,2039,50,0.838
831,2040,50,0.845
831,2041,50,0.86
831,2042,50,0.85
831,2043,50,0.806
831,2044,50,0.767
831,2045,50,0.731
831,2046,50,0.715
831,2047,50,0.722
831,2048,50,0.746
831,2049,50,0.775
831,2050,50,0.772
831,2051,50,0.729
831,2052,50,0.698
831,2053,50,0.714
831,2054,50,0.715
831,2055,50,0.703
831,2056,50,0.728
831,2057,50,0.748
831,2058,50,0.757
831,2059,50,0.768
831,2060,50,0.759
831,2061,50,0.767
831,2062,50,0.791
831,2063,50,0.782
831,2064,50,0.745
831,2065,50,0.727
831,2066,50,0.725
831,2067,50,0.713
831,2068,50,0.672
831,2069,50,0.633
831,2070,50,0.617
831,2071,50,0.612
831,2072,50,0.63
831,2073,50,0.642
831,2074,50,0.642
831,2075,50,0.641
831,2076,50,0.638
831,2077,50,0.635
831,2078,50,0.633
831,2079,50,0.631
831,2080,50,0.629
831,2081,50,0.628
831,2082,50,0.626
831,2083,50,0.625
831,2084,50,0.624
831,2085,50,0.623
831,2086,50,0.622
831,2087,50,0.622
831,2088,50,0.621
831,2089,50,0.62
831,2090,50,0.62
831,2091,50,0.62
831,2092,50,0.619
831,2093,50,0.618
831,2094,50,0.617
831,2095,50,0.615
831,2096,50,0.612
831,2097,50,0.607
831,2098,50,0.603
831,2099,50,0.599
831,2100,50,0.593
352,2024,50,4.802
352,2025,50,4.75
352,2026,50,4.87
352,2027,50,4.824
352,2028,50,4.837
352,2029,50,5.154
352,2030,50,5.445
352,2031,50,5.437
352,2032,50,5.447
352,2033,50,5.542
352,2034,50,5.526
352,2035,50,5.462
352,2036,50,5.454
352,2037,50,5.6
352,2038,50,5.998
352,2039,50,6.33
352,2040,50,6.563
352,2041,50,6.666
352,2042,50,6.648
352,2043,50,6.752
352,2044,50,6.659
352,2045,50,6.36
352,2046,50,6.162
352,2047,50,6.029
352,2048,50,5.82
352,2049,50,5.604
352,2050,50,5.544
352,2051,50,5.432
352,2052,50,5.211
352,2053,50,5.177
352,2054,50,5.29
352,2055,50,5.332
352,2056,50,5.331
352,2057,50,5.37
352,2058,50,5.438
352,2059,50,5.55
352,2060,50,5.551
352,2061,50,5.335
352,2062,50,5.169
352,2063,50,5.075
352,2064,50,4.999
352,2065,50,4.913
352,2066,50,4.782
352,2067,50,4.752
352,2068,50,4.824
352,2069,50,5.006
352,2070,50,5.145
352,2071,50,5.335
352,2072,50,5.247
352,2073,50,4.97
352,2074,50,4.936
352,2075,50,4.893
352,2076,50,4.823
352,2077,50,4.76
352,2078,50,4.702
352,2079,50,4.649
352,2080,50,4.598
352,2081,50,4.549
352,2082,50,4.503
352,2083,50,4.465
352,2084,50,4.432
352,2085,50,4.4
352,2086,50,4.371
352,2087,50,4.344
352,2088,50,4.319
352,2089,50,4.295
352,2090,50,4.269
352,2091,50,4.238
352,2092,50,4.206
352,2093,50,4.178
352,2094,50,4.154
352,2095,50,4.131
352,2096,50,4.11
352,2097,50,4.091
352,2098,50,4.076
352,2099,50,4.062
352,2100,50,4.048
372,2024,50,74.752
372,2025,50,76.62
372,2026,50,77.932
372,2027,50,78.681
372,2028,50,80.205
372,2029,50,83.485
372,2030,50,86.094
372,2031,50,85.069
372,2032,50,82.568
372,2033,50,79.863
372,2034,50,76.73
372,2035,50,74.521
372,2036,50,72.274
372,2037,50,68.891
372,2038,50,67.277
372,2039,50,66.183
372,2040,50,64.769
372,2041,50,63.926
372,2042,50,62.591
372,2043,50,61.82
372,2044,50,61.775
372,2045,50,61.828
372,2046,50,62.376
372,2047,50,64.661
372,2048,50,67.231
372,2049,50,68.386
372,2050,50,69.049
372,2051,50,70.425
372,2052,50,72.381
372,2053,50,73.971
372,2054,50,74.871
372,2055,50,75.603
372,2056,50,76.937
372,2057,50,79.645
372,2058,50,82.183
372,2059,50,82.883
372,2060,50,82.688
372,2061,50,81.813
372,2062,50,79.831
372,2063,50,77.373
372,2064,50,75.05
372,2065,50,72.908
372,2066,50,72.29
372,2067,50,71.972
372,2068,50,70.725
372,2069,50,69.02
372,2070,50,66.439
372,2071,50,66.832
372,2072,50,65.277
372,2073,50,61.453
372,2074,50,60.734
372,2075,50,60.049
372,2076,50,59.389
372,2077,50,58.963
372,2078,50,58.769
372,2079,50,58.794
372,2080,50,59.012
372,2081,50,59.358
372,2082,50,59.804
372,2083,50,60.336
372,2084,50,60.948
372,2085,50,61.635
372,2086,50,62.304
372,2087,50,62.956
372,2088,50,63.564
372,2089,50,64.102
372,2090,50,64.498
372,2091,50,64.673
372,2092,50,64.701
372,2093,50,64.563
372,2094,50,64.277
372,2095,50,63.836
372,2096,50,63.215
372,2097,50,62.441
372,2098,50,61.577
372,2099,50,60.633
372,2100,50,59.652
833,2024,50,1.194
833,2025,50,1.118
833,2026,50,1.058
833,2027,50,1.027
833,2028,50,1.019
833,2029,50,1.038
833,2030,50,1.064
833,2031,50,1.06
833,2032,50,1.036
833,2033,50,1.008
833,2034,50,0.988
833,2035,50,0.987
833,2036,50,0.99
833,2037,50,0.983
833,2038,50,0.976
833,2039,50,0.966
833,2040,50,0.956
833,2041,50,0.951
833,2042,50,0.948
833,2043,50,0.936
833,2044,50,0.916
833,2045,50,0.896
833,2046,50,0.882
833,2047,50,0.89
833,2048,50,0.912
833,2049,50,0.929
833,2050,50,0.927
833,2051,50,0.908
833,2052,50,0.917
833,2053,50,0.942
833,2054,50,0.95
833,2055,50,0.955
833,2056,50,0.959
833,2057,50,0.966
833,2058,50,0.988
833,2059,50,1.025
833,2060,50,1.041
833,2061,50,1.02
833,2062,50,0.992
833,2063,50,0.96
833,2064,50,0.911
833,2065,50,0.874
833,2066,50,0.85
833,2067,50,0.82
833,2068,50,0.792
833,2069,50,0.771
833,2070,50,0.751
833,2071,50,0.742
833,2072,50,0.757
833,2073,50,0.768
833,2074,50,0.761
833,2075,50,0.753
833,2076,50,0.745
833,2077,50,0.739
833,2078,50,0.735
833,2079,50,0.732
833,2080,50,0.73
833,2081,50,0.729
833,2082,50,0.729
833,2083,50,0.729
833,2084,50,0.73
833,2085,50,0.73
833,2086,50,0.731
833,2087,50,0.731
833,2088,50,0.73
833,2089,50,0.728
833,2090,50,0.725
833,2091,50,0.721
833,2092,50,0.717
833,2093,50,0.712
833,2094,50,0.705
833,2095,50,0.696
833,2096,50,0.686
833,2097,50,0.675
833,2098,50,0.665
833,2099,50,0.655
833,2100,50,0.645
832,2024,50,1.479
832,2025,50,1.485
832,2026,50,1.466
832,2027,50,1.456
832,2028,50,1.474
832,2029,50,1.51
832,2030,50,1.571
832,2031,50,1.566
832,2032,50,1.515
832,2033,50,1.508
832,2034,50,1.502
832,2035,50,1.452
832,2036,50,1.373
832,2037,50,1.355
832,2038,50,1.396
832,2039,50,1.364
832,2040,50,1.312
832,2041,50,1.295
832,2042,50,1.275
832,2043,50,1.251
832,2044,50,1.229
832,2045,50,1.193
832,2046,50,1.197
832,2047,50,1.234
832,2048,50,1.244
832,2049,50,1.237
832,2050,50,1.203
832,2051,50,1.184
832,2052,50,1.174
832,2053,50,1.201
832,2054,50,1.255
832,2055,50,1.278
832,2056,50,1.283
832,2057,50,1.306
832,2058,50,1.326
832,2059,50,1.314
832,2060,50,1.321
832,2061,50,1.361
832,2062,50,1.382
832,2063,50,1.358
832,2064,50,1.3
832,2065,50,1.291
832,2066,50,1.298
832,2067,50,1.257
832,2068,50,1.24
832,2069,50,1.203
832,2070,50,1.177
832,2071,50,1.173
832,2072,50,1.159
832,2073,50,1.158
832,2074,50,1.157
832,2075,50,1.154
832,2076,50,1.149
832,2077,50,1.146
832,2078,50,1.145
832,2079,50,1.144
832,2080,50,1.145
832,2081,50,1.147
832,2082,50,1.15
832,2083,50,1.154
832,2084,50,1.16
832,2085,50,1.166
832,2086,50,1.174
832,2087,50,1.182
832,2088,50,1.189
832,2089,50,1.195
832,2090,50,1.201
832,2091,50,1.205
832,2092,50,1.207
832,2093,50,1.207
832,2094,50,1.203
832,2095,50,1.198
832,2096,50,1.192
832,2097,50,1.185
832,2098,50,1.176
832,2099,50,1.167
832,2100,50,1.159
428,2024,50,25.7
428,2025,50,25.496
428,2026,50,25.049
428,2027,50,24.444
428,2028,50,23.778
428,2029,50,23.551
428,2030,50,23.727
428,2031,50,24.023
428,2032,50,24.552
428,2033,50,25.725
428,2034,50,26.421
428,2035,50,26.149
428,2036,50,26.504
428,2037,50,27.02
428,2038,50,26.787
428,2039,50,26.021
428,2040,50,25.329
428,2041,50,24.436
428,2042,50,23.361
428,2043,50,21.456
428,2044,50,19.133
428,2045,50,17.664
428,2046,50,16.354
428,2047,50,15.521
428,2048,50,15.212
428,2049,50,15.575
428,2050,50,16.489
428,2051,50,16.59
428,2052,50,16.478
428,2053,50,17.016
428,2054,50,17.139
428,2055,50,17.529
428,2056,50,18.48
428,2057,50,19.392
428,2058,50,20.307
428,2059,50,19.942
428,2060,50,18.452
428,2061,50,17.612
428,2062,50,18.16
428,2063,50,19.189
428,2064,50,20.184
428,2065,50,20.898
428,2066,50,20.98
428,2067,50,20.358
428,2068,50,18.997
428,2069,50,17.889
428,2070,50,17.03
428,2071,50,16.443
428,2072,50,15.627
428,2073,50,13.974
428,2074,50,12.924
428,2075,50,12.641
428,2076,50,12.414
428,2077,50,12.215
428,2078,50,12.012
428,2079,50,11.832
428,2080,50,11.699
428,2081,50,11.611
428,2082,50,11.568
428,2083,50,11.563
428,2084,50,11.601
428,2085,50,11.681
428,2086,50,11.79
428,2087,50,11.921
428,2088,50,12.059
428,2089,50,12.191
428,2090,50,12.314
428,2091,50,12.427
428,2092,50,12.504
428,2093,50,12.542
428,2094,50,12.541
428,2095,50,12.498
428,2096,50,12.423
428,2097,50,12.296
428,2098,50,12.121
428,2099,50,11.893
428,2100,50,11.621
440,2024,50,37.609
440,2025,50,36.857
440,2026,50,36.19
440,2027,50,35.641
440,2028,50,34.785
440,2029,50,34.107
440,2030,50,33.637
440,2031,50,33.504
440,2032,50,33.77
440,2033,50,35.31
440,2034,50,36.817
440,2035,50,37.3
440,2036,50,38.431
440,2037,50,39.377
440,2038,50,38.899
440,2039,50,38.285
440,2040,50,39.194
440,2041,50,40.472
440,2042,50,40.846
440,2043,50,39.336
440,2044,50,36.359
440,2045,50,34.788
440,2046,50,34.236
440,2047,50,33.309
440,2048,50,32.599
440,2049,50,32.207
440,2050,50,31.138
440,2051,50,28.994
440,2052,50,27.102
440,2053,50,26.33
440,2054,50,25.807
440,2055,50,25.061
440,2056,50,24.494
440,2057,50,24.095
440,2058,50,24.537
440,2059,50,25.745
440,2060,50,26.185
440,2061,50,25.928
440,2062,50,25.99
440,2063,50,26.004
440,2064,50,26.23
440,2065,50,27.279
440,2066,50,27.892
440,2067,50,27.179
440,2068,50,26.327
440,2069,50,25.746
440,2070,50,24.381
440,2071,50,22.437
440,2072,50,20.782
440,2073,50,19.47
440,2074,50,18.861
440,2075,50,18.72
440,2076,50,18.564
440,2077,50,18.402
440,2078,50,18.145
440,2079,50,17.839
440,2080,50,17.519
440,2081,50,17.213
440,2082,50,16.911
440,2083,50,16.635
440,2084,50,16.373
440,2085,50,16.13
440,2086,50,15.94
440,2087,50,15.788
440,2088,50,15.665
440,2089,50,15.589
440,2090,50,15.559
440,2091,50,15.547
440,2092,50,15.542
440,2093,50,15.544
440,2094,50,15.547
440,2095,50,15.518
440,2096,50,15.428
440,2097,50,15.288
440,2098,50,15.104
440,2099,50,14.886
440,2100,50,14.621
578,2024,50,74.547
578,2025,50,73.355
578,2026,50,71.119
578,2027,50,69.49
578,2028,50,69.706
578,2029,50,70.905
578,2030,50,71.81
578,2031,50,72.011
578,2032,50,72.48
578,2033,50,73.207
578,2034,50,73.269
578,2035,50,74.064
578,2036,50,75.28
578,2037,50,76.143
578,2038,50,77.809
578,2039,50,79.528
578,2040,50,80.289
578,2041,50,80.19
578,2042,50,78.959
578,2043,50,77.406
578,2044,50,75.956
578,2045,50,75.165
578,2046,50,74.762
578,2047,50,73.51
578,2048,50,71.474
578,2049,50,70.738
578,2050,50,71.006
578,2051,50,69.986
578,2052,50,68.694
578,2053,50,69.514
578,2054,50,71.368
578,2055,50,72.413
578,2056,50,73.59
578,2057,50,74.423
578,2058,50,75.061
578,2059,50,76.112
578,2060,50,75.794
578,2061,50,74.288
578,2062,50,73.144
578,2063,50,72.009
578,2064,50,71.029
578,2065,50,70.857
578,2066,50,70.769
578,2067,50,69.621
578,2068,50,67.756
578,2069,50,66.862
578,2070,50,66.036
578,2071,50,66.884
578,2072,50,65.92
578,2073,50,63.436
578,2074,50,63.674
578,2075,50,63.779
578,2076,50,63.466
578,2077,50,63.179
578,2078,50,62.952
578,2079,50,62.74
578,2080,50,62.572
578,2081,50,62.447
578,2082,50,62.378
578,2083,50,62.399
578,2084,50,62.502
578,2085,50,62.628
578,2086,50,62.79
578,2087,50,63.023
578,2088,50,63.198
578,2089,50,63.314
578,2090,50,63.421
578,2091,50,63.456
578,2092,50,63.405
578,2093,50,63.227
578,2094,50,62.952
578,2095,50,62.653
578,2096,50,62.326
578,2097,50,61.952
578,2098,50,61.568
578,2099,50,61.164
578,2100,50,60.718
752,2024,50,135.094
752,2025,50,133.897
752,2026,50,129.241
752,2027,50,126.785
752,2028,50,125.816
752,2029,50,127.303
752,2030,50,131.608
752,2031,50,131.838
752,2032,50,131.081
752,2033,50,132.325
752,2034,50,133.979
752,2035,50,138.196
752,2036,50,142.184
752,2037,50,144.647
752,2038,50,149.283
752,2039,50,154.112
752,2040,50,158.587
752,2041,50,160.523
752,2042,50,157.607
752,2043,50,152.911
752,2044,50,147.068
752,2045,50,139.647
752,2046,50,130.586
752,2047,50,123.693
752,2048,50,121.901
752,2049,50,124.611
752,2050,50,124.861
752,2051,50,122.601
752,2052,50,124.919
752,2053,50,130.31
752,2054,50,134.881
752,2055,50,138.054
752,2056,50,141.872
752,2057,50,145.272
752,2058,50,147.003
752,2059,50,148.58
752,2060,50,150.89
752,2061,50,150.268
752,2062,50,148.501
752,2063,50,148.6
752,2064,50,148.704
752,2065,50,148.614
752,2066,50,149.045
752,2067,50,148.263
752,2068,50,146.174
752,2069,50,145.032
752,2070,50,143.249
752,2071,50,142.723
752,2072,50,138.003
752,2073,50,129.623
752,2074,50,126.276
752,2075,50,125.825
752,2076,50,124.935
752,2077,50,124.013
752,2078,50,123.149
752,2079,50,122.397
752,2080,50,121.928
752,2081,50,121.772
752,2082,50,121.966
752,2083,50,122.481
752,2084,50,123.216
752,2085,50,124.164
752,2086,50,125.295
752,2087,50,126.548
752,2088,50,127.888
752,2089,50,129.281
752,2090,50,130.663
752,2091,50,131.794
752,2092,50,132.756
752,2093,50,133.454
752,2094,50,133.9
752,2095,50,134.129
752,2096,50,134.093
752,2097,50,133.942
752,2098,50,133.497
752,2099,50,132.798
752,2100,50,132.009
826,2024,50,868.447
826,2025,50,845.185
826,2026,50,826.701
826,2027,50,814.607
826,2028,50,815.404
826,2029,50,844.217
826,2030,50,894.178
826,2031,50,912.957
826,2032,50,912.685
826,2033,50,910.906
826,2034,50,904.706
826,2035,50,930.705
826,2036,50,945.912
826,2037,50,918.661
826,2038,50,875.533
826,2039,50,890.493
826,2040,50,939.52
826,2041,50,959.172
826,2042,50,969.026
826,2043,50,947.383
826,2044,50,929.715
826,2045,50,920.983
826,2046,50,915.71
826,2047,50,920.291
826,2048,50,910.286
826,2049,50,895.932
826,2050,50,883.805
826,2051,50,868.932
826,2052,50,856.463
826,2053,50,862.757
826,2054,50,892.02
826,2055,50,920.739
826,2056,50,950.143
826,2057,50,976.855
826,2058,50,997.751
826,2059,50,1004.926
826,2060,50,1004.948
826,2061,50,1015.448
826,2062,50,1026.973
826,2063,50,1020.721
826,2064,50,1000.356
826,2065,50,988.919
826,2066,50,985.78
826,2067,50,974.597
826,2068,50,952.539
826,2069,50,928.296
826,2070,50,902.608
826,2071,50,886.427
826,2072,50,879.15
826,2073,50,875.667
826,2074,50,874.247
826,2075,50,868.793
826,2076,50,861.846
826,2077,50,856.65
826,2078,50,852.654
826,2079,50,849.737
826,2080,50,847.643
826,2081,50,846.154
826,2082,50,845.573
826,2083,50,846.006
826,2084,50,847.565
826,2085,50,850.598
826,2086,50,854.25
826,2087,50,858.272
826,2088,50,862.968
826,2089,50,868.06
826,2090,50,872.769
826,2091,50,877.438
826,2092,50,881.554
826,2093,50,884.174
826,2094,50,884.642
826,2095,50,883.258
826,2096,50,881.224
826,2097,50,877.897
826,2098,50,872.781
826,2099,50,866.728
826,2100,50,860.282
8,2024,50,31.391
8,2025,50,30.645
8,2026,50,30.087
8,2027,50,29.623
8,2028,50,29.265
8,2029,50,29.093
8,2030,50,29.182
8,2031,50,29.553
8,2032,50,30.247
8,2033,50,31.322
8,2034,50,32.588
8,2035,50,33.931
8,2036,50,35.269
8,2037,50,36.442
8,2038,50,37.735
8,2039,50,39.373
8,2040,50,40.981
8,2041,50,42.074
8,2042,50,42.45
8,2043,50,42.202
8,2044,50,41.814
8,2045,50,41.448
8,2046,50,40.412
8,2047,50,38.334
8,2048,50,35.774
8,2049,50,33.879
8,2050,50,32.924
8,2051,50,31.189
8,2052,50,28.334
8,2053,50,26.483
8,2054,50,25.827
8,2055,50,25.074
8,2056,50,24.082
8,2057,50,23.136
8,2058,50,22.638
8,2059,50,22.686
8,2060,50,22.951
8,2061,50,23.736
8,2062,50,25.127
8,2063,50,26.372
8,2064,50,26.855
8,2065,50,26.053
8,2066,50,24.587
8,2067,50,23.307
8,2068,50,21.986
8,2069,50,21.084
8,2070,50,20.608
8,2071,50,20.238
8,2072,50,19.936
8,2073,50,19.57
8,2074,50,19.188
8,2075,50,18.745
8,2076,50,18.321
8,2077,50,17.944
8,2078,50,17.571
8,2079,50,17.177
8,2080,50,16.771
8,2081,50,16.363
8,2082,50,15.958
8,2083,50,15.549
8,2084,50,15.137
8,2085,50,14.745
8,2086,50,14.39
8,2087,50,14.056
8,2088,50,13.771
8,2089,50,13.549
8,2090,50,13.394
8,2091,50,13.306
8,2092,50,13.273
8,2093,50,13.272
8,2094,50,13.282
8,2095,50,13.307
8,2096,50,13.354
8,2097,50,13.375
8,2098,50,13.349
8,2099,50,13.285
8,2100,50,13.173
20,2024,50,1.496
20,2025,50,1.508
20,2026,50,1.475
20,2027,50,1.47
20,2028,50,1.45
20,2029,50,1.406
20,2030,50,1.358
20,2031,50,1.359
20,2032,50,1.383
20,2033,50,1.312
20,2034,50,1.229
20,2035,50,1.173
20,2036,50,1.17
20,2037,50,1.162
20,2038,50,1.18
20,2039,50,1.204
20,2040,50,1.2
20,2041,50,1.182
20,2042,50,1.179
20,2043,50,1.178
20,2044,50,1.133
20,2045,50,1.108
20,2046,50,1.086
20,2047,50,1.117
20,2048,50,1.148
20,2049,50,1.147
20,2050,50,1.134
20,2051,50,1.082
20,2052,50,1.063
20,2053,50,1.043
20,2054,50,1.021
20,2055,50,1.008
20,2056,50,0.986
20,2057,50,0.955
20,2058,50,0.979
20,2059,50,0.983
20,2060,50,0.947
20,2061,50,0.926
20,2062,50,0.877
20,2063,50,0.817
20,2064,50,0.776
20,2065,50,0.773
20,2066,50,0.774
20,2067,50,0.747
20,2068,50,0.686
20,2069,50,0.624
20,2070,50,0.573
20,2071,50,0.49
20,2072,50,0.556
20,2073,50,0.681
20,2074,50,0.68
20,2075,50,0.673
20,2076,50,0.663
20,2077,50,0.653
20,2078,50,0.645
20,2079,50,0.64
20,2080,50,0.634
20,2081,50,0.629
20,2082,50,0.625
20,2083,50,0.621
20,2084,50,0.616
20,2085,50,0.612
20,2086,50,0.608
20,2087,50,0.604
20,2088,50,0.601
20,2089,50,0.596
20,2090,50,0.59
20,2091,50,0.584
20,2092,50,0.577
20,2093,50,0.569
20,2094,50,0.56
20,2095,50,0.551
20,2096,50,0.541
20,2097,50,0.53
20,2098,50,0.518
20,2099,50,0.504
20,2100,50,0.49
70,2024,50,46.255
70,2025,50,48.075
70,2026,50,49.535
70,2027,50,50.375
70,2028,50,50.676
70,2029,50,50.56
70,2030,50,50.308
70,2031,50,47.734
70,2032,50,45.473
70,2033,50,45.25
70,2034,50,44.006
70,2035,50,41.966
70,2036,50,39.67
70,2037,50,37.949
70,2038,50,36.637
70,2039,50,34.733
70,2040,50,33.07
70,2041,50,32.759
70,2042,50,32.136
70,2043,50,29.164
70,2044,50,26.83
70,2045,50,26.877
70,2046,50,28.945
70,2047,50,33.559
70,2048,50,35.805
70,2049,50,33.286
70,2050,50,30.622
70,2051,50,29.8
70,2052,50,29.864
70,2053,50,30.145
70,2054,50,30.125
70,2055,50,29.696
70,2056,50,28.626
70,2057,50,27.822
70,2058,50,27.496
70,2059,50,27.727
70,2060,50,27.462
70,2061,50,25.689
70,2062,50,24.517
70,2063,50,24.333
70,2064,50,23.513
70,2065,50,22.989
70,2066,50,23.008
70,2067,50,22.99
70,2068,50,23.437
70,2069,50,23.369
70,2070,50,22.568
70,2071,50,21.601
70,2072,50,20.612
70,2073,50,20.066
70,2074,50,19.828
70,2075,50,19.667
70,2076,50,19.53
70,2077,50,19.413
70,2078,50,19.32
70,2079,50,19.238
70,2080,50,19.161
70,2081,50,19.089
70,2082,50,18.989
70,2083,50,18.877
70,2084,50,18.754
70,2085,50,18.601
70,2086,50,18.439
70,2087,50,18.245
70,2088,50,18.025
70,2089,50,17.799
70,2090,50,17.578
70,2091,50,17.347
70,2092,50,17.11
70,2093,50,16.882
70,2094,50,16.641
70,2095,50,16.39
70,2096,50,16.132
70,2097,50,15.871
70,2098,50,15.625
70,2099,50,15.387
70,2100,50,15.157
191,2024,50,53.247
191,2025,50,53.142
191,2026,50,53.395
191,2027,50,53.762
191,2028,50,54.078
191,2029,50,54.553
191,2030,50,54.816
191,2031,50,54.098
191,2032,50,53.122
191,2033,50,52.433
191,2034,50,52.098
191,2035,50,50.979
191,2036,50,48.584
191,2037,50,46.689
191,2038,50,45.915
191,2039,50,44.672
191,2040,50,43.299
191,2041,50,43.104
191,2042,50,41.372
191,2043,50,40.232
191,2044,50,40.765
191,2045,50,41.074
191,2046,50,42.64
191,2047,50,43.733
191,2048,50,42.849
191,2049,50,41.225
191,2050,50,40.042
191,2051,50,38.809
191,2052,50,37.789
191,2053,50,37.541
191,2054,50,37.822
191,2055,50,39.175
191,2056,50,39.635
191,2057,50,39.117
191,2058,50,39.967
191,2059,50,41.173
191,2060,50,41.01
191,2061,50,39.537
191,2062,50,38.645
191,2063,50,37.663
191,2064,50,36.342
191,2065,50,34.936
191,2066,50,33.777
191,2067,50,33.266
191,2068,50,32.975
191,2069,50,32.758
191,2070,50,32.216
191,2071,50,33.272
191,2072,50,33.2
191,2073,50,31.047
191,2074,50,30.068
191,2075,50,29.821
191,2076,50,29.545
191,2077,50,29.307
191,2078,50,29.108
191,2079,50,28.936
191,2080,50,28.793
191,2081,50,28.651
191,2082,50,28.506
191,2083,50,28.333
191,2084,50,28.196
191,2085,50,28.125
191,2086,50,28.05
191,2087,50,27.957
191,2088,50,27.891
191,2089,50,27.809
191,2090,50,27.681
191,2091,50,27.556
191,2092,50,27.408
191,2093,50,27.203
191,2094,50,26.935
191,2095,50,26.614
191,2096,50,26.286
191,2097,50,25.948
191,2098,50,25.553
191,2099,50,25.119
191,2100,50,24.709
292,2024,50,0.524
292,2025,50,0.524
292,2026,50,0.529
292,2027,50,0.548
292,2028,50,0.544
292,2029,50,0.539
292,2030,50,0.55
292,2031,50,0.56
292,2032,50,0.567
292,2033,50,0.566
292,2034,50,0.56
292,2035,50,0.564
292,2036,50,0.56
292,2037,50,0.56
292,2038,50,0.569
292,2039,50,0.562
292,2040,50,0.569
292,2041,50,0.606
292,2042,50,0.636
292,2043,50,0.629
292,2044,50,0.61
292,2045,50,0.607
292,2046,50,0.61
292,2047,50,0.626
292,2048,50,0.645
292,2049,50,0.64
292,2050,50,0.655
292,2051,50,0.658
292,2052,50,0.641
292,2053,50,0.645
292,2054,50,0.658
292,2055,50,0.675
292,2056,50,0.643
292,2057,50,0.613
292,2058,50,0.618
292,2059,50,0.615
292,2060,50,0.616
292,2061,50,0.598
292,2062,50,0.58
292,2063,50,0.589
292,2064,50,0.587
292,2065,50,0.576
292,2066,50,0.553
292,2067,50,0.536
292,2068,50,0.537
292,2069,50,0.541
292,2070,50,0.549
292,2071,50,0.562
292,2072,50,0.577
292,2073,50,0.588
292,2074,50,0.597
292,2075,50,0.602
292,2076,50,0.604
292,2077,50,0.606
292,2078,50,0.607
292,2079,50,0.608
292,2080,50,0.608
292,2081,50,0.607
292,2082,50,0.605
292,2083,50,0.603
292,2084,50,0.6
292,2085,50,0.596
292,2086,50,0.591
292,2087,50,0.586
292,2088,50,0.581
292,2089,50,0.576
292,2090,50,0.57
292,2091,50,0.564
292,2092,50,0.557
292,2093,50,0.551
292,2094,50,0.546
292,2095,50,0.54
292,2096,50,0.536
292,2097,50,0.533
292,2098,50,0.53
292,2099,50,0.528
292,2100,50,0.527
300,2024,50,152.725
300,2025,50,152.914
300,2026,50,153.553
300,2027,50,152.515
300,2028,50,150.67
300,2029,50,151.411
300,2030,50,150.653
300,2031,50,147.692
300,2032,50,142.472
300,2033,50,135.651
300,2034,50,126.488
300,2035,50,117.323
300,2036,50,111.756
300,2037,50,105.702
300,2038,50,104.737
300,2039,50,105.907
300,2040,50,102.29
300,2041,50,100.76
300,2042,50,98.953
300,2043,50,93.737
300,2044,50,92.171
300,2045,50,93.014
300,2046,50,92.214
300,2047,50,91.698
300,2048,50,90.777
300,2049,50,91.462
300,2050,50,93.017
300,2051,50,94.03
300,2052,50,96.126
300,2053,50,98.58
300,2054,50,100.339
300,2055,50,103.154
300,2056,50,107.351
300,2057,50,109.577
300,2058,50,112.071
300,2059,50,115.858
300,2060,50,114.776
300,2061,50,110.677
300,2062,50,106.49
300,2063,50,101.947
300,2064,50,99.084
300,2065,50,98.731
300,2066,50,99.621
300,2067,50,97.335
300,2068,50,92.459
300,2069,50,88.248
300,2070,50,85.703
300,2071,50,85.878
300,2072,50,81.632
300,2073,50,76.97
300,2074,50,76.422
300,2075,50,75.871
300,2076,50,75.412
300,2077,50,74.573
300,2078,50,73.924
300,2079,50,73.412
300,2080,50,73.032
300,2081,50,72.795
300,2082,50,72.738
300,2083,50,72.872
300,2084,50,73.237
300,2085,50,73.808
300,2086,50,74.492
300,2087,50,75.226
300,2088,50,75.971
300,2089,50,76.658
300,2090,50,77.179
300,2091,50,77.623
300,2092,50,77.991
300,2093,50,78.111
300,2094,50,77.973
300,2095,50,77.636
300,2096,50,77.034
300,2097,50,76.194
300,2098,50,75.202
300,2099,50,74.089
300,2100,50,72.879
336,2024,50,0.006
336,2025,50,0.006
336,2026,50,0.006
336,2027,50,0.006
336,2028,50,0.006
336,2029,50,0.006
336,2030,50,0.006
336,2031,50,0.006
336,2032,50,0.006
336,2033,50,0.006
336,2034,50,0.007
336,2035,50,0.007
336,2036,50,0.007
336,2037,50,0.007
336,2038,50,0.007
336,2039,50,0.007
336,2040,50,0.007
336,2041,50,0.007
336,2042,50,0.007
336,2043,50,0.008
336,2044,50,0.008
336,2045,50,0.008
336,2046,50,0.008
336,2047,50,0.009
336,2048,50,0.009
336,2049,50,0.009
336,2050,50,0.01
336,2051,50,0.01
336,2052,50,0.011
336,2053,50,0.011
336,2054,50,0.011
336,2055,50,0.012
336,2056,50,0.012
336,2057,50,0.012
336,2058,50,0.012
336,2059,50,0.012
336,2060,50,0.012
336,2061,50,0.013
336,2062,50,0.013
336,2063,50,0.013
336,2064,50,0.013
336,2065,50,0.013
336,2066,50,0.013
336,2067,50,0.013
336,2068,50,0.014
336,2069,50,0.014
336,2070,50,0.014
336,2071,50,0.014
336,2072,50,0.015
336,2073,50,0.015
336,2074,50,0.015
336,2075,50,0.016
336,2076,50,0.016
336,2077,50,0.016
336,2078,50,0.016
336,2079,50,0.016
336,2080,50,0.016
336,2081,50,0.016
336,2082,50,0.017
336,2083,50,0.017
336,2084,50,0.017
336,2085,50,0.017
336,2086,50,0.017
336,2087,50,0.017
336,2088,50,0.018
336,2089,50,0.018
336,2090,50,0.018
336,2091,50,0.018
336,2092,50,0.018
336,2093,50,0.018
336,2094,50,0.018
336,2095,50,0.018
336,2096,50,0.018
336,2097,50,0.018
336,2098,50,0.018
336,2099,50,0.018
336,2100,50,0.019
380,2024,50,940.437
380,2025,50,924.859
380,2026,50,892.845
380,2027,50,856.434
380,2028,50,821.291
380,2029,50,787.932
380,2030,50,760.993
380,2031,50,746.393
380,2032,50,731.494
380,2033,50,706.162
380,2034,50,685.353
380,2035,50,666.954
380,2036,50,650.954
380,2037,50,635.307
380,2038,50,648.397
380,2039,50,661.28
380,2040,50,653.01
380,2041,50,647.33
380,2042,50,636.715
380,2043,50,616.591
380,2044,50,591.379
380,2045,50,580.899
380,2046,50,576.287
380,2047,50,572.849
380,2048,50,572.804
380,2049,50,572.993
380,2050,50,573.774
380,2051,50,572.821
380,2052,50,569.237
380,2053,50,576.967
380,2054,50,591.767
380,2055,50,600.448
380,2056,50,605.668
380,2057,50,610.135
380,2058,50,611.018
380,2059,50,607.831
380,2060,50,599.742
380,2061,50,587.33
380,2062,50,575.274
380,2063,50,560.476
380,2064,50,546.584
380,2065,50,536.644
380,2066,50,526.265
380,2067,50,515.605
380,2068,50,498.638
380,2069,50,478.769
380,2070,50,464.519
380,2071,50,460.219
380,2072,50,456.394
380,2073,50,444.135
380,2074,50,435.302
380,2075,50,433.278
380,2076,50,430.02
380,2077,50,427.524
380,2078,50,425.972
380,2079,50,424.261
380,2080,50,422.816
380,2081,50,422.11
380,2082,50,421.963
380,2083,50,422.172
380,2084,50,422.93
380,2085,50,423.957
380,2086,50,425.236
380,2087,50,426.633
380,2088,50,427.51
380,2089,50,427.722
380,2090,50,427.056
380,2091,50,425.731
380,2092,50,423.771
380,2093,50,421.294
380,2094,50,418.093
380,2095,50,413.968
380,2096,50,408.957
380,2097,50,403.403
380,2098,50,397.95
380,2099,50,392.234
380,2100,50,386.124
412,2024,50,21.689
412,2025,50,22.143
412,2026,50,22.373
412,2027,50,22.04
412,2028,50,21.573
412,2029,50,21.348
412,2030,50,21.474
412,2031,50,21.733
412,2032,50,21.888
412,2033,50,21.866
412,2034,50,21.836
412,2035,50,22.084
412,2036,50,22.558
412,2037,50,23.05
412,2038,50,23.338
412,2039,50,23.441
412,2040,50,23.543
412,2041,50,23.578
412,2042,50,23.295
412,2043,50,22.87
412,2044,50,22.482
412,2045,50,22.273
412,2046,50,22.296
412,2047,50,22.184
412,2048,50,21.927
412,2049,50,22.336
412,2050,50,24.308
412,2051,50,26.526
412,2052,50,26.537
412,2053,50,24.934
412,2054,50,23.822
412,2055,50,23.54
412,2056,50,23.531
412,2057,50,23.708
412,2058,50,24.197
412,2059,50,24.881
412,2060,50,25.677
412,2061,50,25.29
412,2062,50,24.046
412,2063,50,23.55
412,2064,50,22.813
412,2065,50,21.164
412,2066,50,19.058
412,2067,50,17.757
412,2068,50,17.282
412,2069,50,16.845
412,2070,50,16.541
412,2071,50,16.332
412,2072,50,16.092
412,2073,50,15.74
412,2074,50,15.443
412,2075,50,15.312
412,2076,50,15.338
412,2077,50,15.401
412,2078,50,15.492
412,2079,50,15.6
412,2080,50,15.699
412,2081,50,15.787
412,2082,50,15.869
412,2083,50,15.938
412,2084,50,15.987
412,2085,50,16.0
412,2086,50,15.953
412,2087,50,15.854
412,2088,50,15.711
412,2089,50,15.494
412,2090,50,15.206
412,2091,50,14.868
412,2092,50,14.482
412,2093,50,14.084
412,2094,50,13.687
412,2095,50,13.286
412,2096,50,12.886
412,2097,50,12.508
412,2098,50,12.17
412,2099,50,11.872
412,2100,50,11.602
470,2024,50,7.007
470,2025,50,7.442
470,2026,50,7.737
470,2027,50,7.862
470,2028,50,8.016
470,2029,50,8.226
470,2030,50,8.432
470,2031,50,8.523
470,2032,50,8.848
470,2033,50,9.143
470,2034,50,9.163
470,2035,50,9.272
470,2036,50,9.402
470,2037,50,9.583
470,2038,50,9.97
470,2039,50,10.321
470,2040,50,10.347
470,2041,50,10.248
470,2042,50,10.117
470,2043,50,9.805
470,2044,50,9.248
470,2045,50,8.719
470,2046,50,8.278
470,2047,50,7.672
470,2048,50,7.044
470,2049,50,6.475
470,2050,50,6.128
470,2051,50,5.792
470,2052,50,5.448
470,2053,50,5.449
470,2054,50,5.509
470,2055,50,5.529
470,2056,50,5.57
470,2057,50,5.591
470,2058,50,5.713
470,2059,50,5.823
470,2060,50,5.74
470,2061,50,5.797
470,2062,50,5.887
470,2063,50,5.773
470,2064,50,5.75
470,2065,50,5.843
470,2066,50,5.933
470,2067,50,5.887
470,2068,50,5.812
470,2069,50,5.64
470,2070,50,5.489
470,2071,50,5.454
470,2072,50,5.33
470,2073,50,5.232
470,2074,50,5.166
470,2075,50,5.13
470,2076,50,5.089
470,2077,50,5.025
470,2078,50,4.944
470,2079,50,4.853
470,2080,50,4.752
470,2081,50,4.646
470,2082,50,4.542
470,2083,50,4.441
470,2084,50,4.342
470,2085,50,4.252
470,2086,50,4.177
470,2087,50,4.116
470,2088,50,4.067
470,2089,50,4.031
470,2090,50,4.006
470,2091,50,3.992
470,2092,50,3.985
470,2093,50,3.983
470,2094,50,3.988
470,2095,50,3.994
470,2096,50,4.002
470,2097,50,4.006
470,2098,50,4.003
470,2099,50,3.993
470,2100,50,3.978
499,2024,50,8.343
499,2025,50,8.356
499,2026,50,8.359
499,2027,50,8.467
499,2028,50,8.607
499,2029,50,8.63
499,2030,50,8.613
499,2031,50,8.603
499,2032,50,8.68
499,2033,50,8.795
499,2034,50,8.622
499,2035,50,8.371
499,2036,50,8.131
499,2037,50,7.953
499,2038,50,7.632
499,2039,50,7.164
499,2040,50,6.904
499,2041,50,6.838
499,2042,50,6.983
499,2043,50,6.949
499,2044,50,6.745
499,2045,50,6.83
499,2046,50,6.79
499,2047,50,6.528
499,2048,50,6.372
499,2049,50,6.208
499,2050,50,6.197
499,2051,50,6.363
499,2052,50,6.44
499,2053,50,6.324
499,2054,50,6.037
499,2055,50,5.799
499,2056,50,5.74
499,2057,50,5.99
499,2058,50,6.363
499,2059,50,6.573
499,2060,50,6.593
499,2061,50,6.322
499,2062,50,6.165
499,2063,50,6.235
499,2064,50,6.219
499,2065,50,6.125
499,2066,50,6.053
499,2067,50,5.969
499,2068,50,5.762
499,2069,50,5.636
499,2070,50,5.587
499,2071,50,5.518
499,2072,50,5.48
499,2073,50,5.283
499,2074,50,5.038
499,2075,50,4.932
499,2076,50,4.842
499,2077,50,4.759
499,2078,50,4.684
499,2079,50,4.62
499,2080,50,4.559
499,2081,50,4.504
499,2082,50,4.453
499,2083,50,4.405
499,2084,50,4.365
499,2085,50,4.331
499,2086,50,4.302
499,2087,50,4.279
499,2088,50,4.26
499,2089,50,4.241
499,2090,50,4.223
499,2091,50,4.202
499,2092,50,4.176
499,2093,50,4.144
499,2094,50,4.105
499,2095,50,4.06
499,2096,50,4.014
499,2097,50,3.965
499,2098,50,3.908
499,2099,50,3.843
499,2100,50,3.774
807,2024,50,24.889
807,2025,50,25.266
807,2026,50,25.299
807,2027,50,24.972
807,2028,50,24.947
807,2029,50,25.147
807,2030,50,25.331
807,2031,50,25.32
807,2032,50,25.141
807,2033,50,25.078
807,2034,50,24.683
807,2035,50,24.042
807,2036,50,23.89
807,2037,50,24.038
807,2038,50,23.882
807,2039,50,23.358
807,2040,50,23.145
807,2041,50,23.093
807,2042,50,22.569
807,2043,50,22.144
807,2044,50,21.86
807,2045,50,21.486
807,2046,50,20.889
807,2047,50,19.962
807,2048,50,19.089
807,2049,50,18.805
807,2050,50,19.045
807,2051,50,18.814
807,2052,50,18.514
807,2053,50,18.132
807,2054,50,17.435
807,2055,50,17.049
807,2056,50,16.953
807,2057,50,17.053
807,2058,50,17.444
807,2059,50,18.278
807,2060,50,18.665
807,2061,50,18.387
807,2062,50,18.384
807,2063,50,18.845
807,2064,50,19.198
807,2065,50,19.0
807,2066,50,18.492
807,2067,50,17.965
807,2068,50,17.376
807,2069,50,16.758
807,2070,50,16.213
807,2071,50,15.829
807,2072,50,15.364
807,2073,50,14.15
807,2074,50,13.136
807,2075,50,12.892
807,2076,50,12.685
807,2077,50,12.493
807,2078,50,12.327
807,2079,50,12.161
807,2080,50,12.004
807,2081,50,11.875
807,2082,50,11.768
807,2083,50,11.675
807,2084,50,11.597
807,2085,50,11.542
807,2086,50,11.513
807,2087,50,11.491
807,2088,50,11.475
807,2089,50,11.477
807,2090,50,11.485
807,2091,50,11.478
807,2092,50,11.45
807,2093,50,11.414
807,2094,50,11.357
807,2095,50,11.272
807,2096,50,11.152
807,2097,50,10.999
807,2098,50,10.813
807,2099,50,10.589
807,2100,50,10.352
620,2024,50,160.107
620,2025,50,163.602
620,2026,50,164.867
620,2027,50,163.182
620,2028,50,155.483
620,2029,50,147.195
620,2030,50,144.872
620,2031,50,141.552
620,2032,50,137.315
620,2033,50,133.109
620,2034,50,128.362
620,2035,50,122.498
620,2036,50,116.157
620,2037,50,112.863
620,2038,50,111.159
620,2039,50,109.534
620,2040,50,108.821
620,2041,50,109.156
620,2042,50,108.13
620,2043,50,106.657
620,2044,50,103.957
620,2045,50,101.984
620,2046,50,102.76
620,2047,50,103.972
620,2048,50,105.085
620,2049,50,107.706
620,2050,50,111.717
620,2051,50,110.132
620,2052,50,108.075
620,2053,50,110.279
620,2054,50,110.907
620,2055,50,112.641
620,2056,50,113.351
620,2057,50,111.383
620,2058,50,111.825
620,2059,50,111.2
620,2060,50,111.121
620,2061,50,111.169
620,2062,50,106.132
620,2063,50,99.646
620,2064,50,96.334
620,2065,50,97.848
620,2066,50,100.408
620,2067,50,100.958
620,2068,50,100.983
620,2069,50,101.314
620,2070,50,100.178
620,2071,50,96.607
620,2072,50,96.497
620,2073,50,100.007
620,2074,50,100.962
620,2075,50,100.534
620,2076,50,100.061
620,2077,50,99.743
620,2078,50,99.505
620,2079,50,99.38
620,2080,50,99.431
620,2081,50,99.554
620,2082,50,99.751
620,2083,50,100.06
620,2084,50,100.374
620,2085,50,100.713
620,2086,50,101.061
620,2087,50,101.343
620,2088,50,101.538
620,2089,50,101.639
620,2090,50,101.627
620,2091,50,101.552
620,2092,50,101.34
620,2093,50,100.933
620,2094,50,100.509
620,2095,50,100.043
620,2096,50,99.458
620,2097,50,98.758
620,2098,50,98.119
620,2099,50,97.513
620,2100,50,96.896
674,2024,50,0.581
674,2025,50,0.559
674,2026,50,0.564
674,2027,50,0.539
674,2028,50,0.503
674,2029,50,0.48
674,2030,50,0.448
674,2031,50,0.416
674,2032,50,0.407
674,2033,50,0.415
674,2034,50,0.4
674,2035,50,0.38
674,2036,50,0.355
674,2037,50,0.333
674,2038,50,0.339
674,2039,50,0.334
674,2040,50,0.33
674,2041,50,0.337
674,2042,50,0.324
674,2043,50,0.319
674,2044,50,0.323
674,2045,50,0.323
674,2046,50,0.338
674,2047,50,0.351
674,2048,50,0.355
674,2049,50,0.37
674,2050,50,0.366
674,2051,50,0.38
674,2052,50,0.401
674,2053,50,0.395
674,2054,50,0.402
674,2055,50,0.401
674,2056,50,0.404
674,2057,50,0.425
674,2058,50,0.452
674,2059,50,0.45
674,2060,50,0.447
674,2061,50,0.454
674,2062,50,0.426
674,2063,50,0.418
674,2064,50,0.421
674,2065,50,0.405
674,2066,50,0.39
674,2067,50,0.364
674,2068,50,0.353
674,2069,50,0.359
674,2070,50,0.355
674,2071,50,0.348
674,2072,50,0.338
674,2073,50,0.326
674,2074,50,0.32
674,2075,50,0.322
674,2076,50,0.323
674,2077,50,0.325
674,2078,50,0.327
674,2079,50,0.329
674,2080,50,0.332
674,2081,50,0.335
674,2082,50,0.338
674,2083,50,0.342
674,2084,50,0.346
674,2085,50,0.35
674,2086,50,0.355
674,2087,50,0.359
674,2088,50,0.363
674,2089,50,0.366
674,2090,50,0.369
674,2091,50,0.37
674,2092,50,0.372
674,2093,50,0.372
674,2094,50,0.371
674,2095,50,0.37
674,2096,50,0.368
674,2097,50,0.366
674,2098,50,0.362
674,2099,50,0.358
674,2100,50,0.354
688,2024,50,93.605
688,2025,50,95.949
688,2026,50,97.004
688,2027,50,96.713
688,2028,50,96.165
688,2029,50,95.469
688,2030,50,94.546
688,2031,50,93.386
688,2032,50,92.565
688,2033,50,93.149
688,2034,50,93.503
688,2035,50,91.019
688,2036,50,87.434
688,2037,50,85.749
688,2038,50,85.024
688,2039,50,82.62
688,2040,50,80.008
688,2041,50,79.263
688,2042,50,78.138
688,2043,50,77.179
688,2044,50,76.975
688,2045,50,76.559
688,2046,50,75.13
688,2047,50,71.755
688,2048,50,68.504
688,2049,50,66.639
688,2050,50,65.526
688,2051,50,66.869
688,2052,50,68.115
688,2053,50,67.177
688,2054,50,66.051
688,2055,50,64.859
688,2056,50,63.614
688,2057,50,62.402
688,2058,50,61.856
688,2059,50,61.915
688,2060,50,61.793
688,2061,50,61.383
688,2062,50,61.064
688,2063,50,61.008
688,2064,50,61.285
688,2065,50,61.512
688,2066,50,61.327
688,2067,50,61.099
688,2068,50,61.113
688,2069,50,60.908
688,2070,50,60.049
688,2071,50,58.773
688,2072,50,57.584
688,2073,50,56.162
688,2074,50,54.804
688,2075,50,53.998
688,2076,50,53.31
688,2077,50,52.64
688,2078,50,52.001
688,2079,50,51.376
688,2080,50,50.778
688,2081,50,50.214
688,2082,50,49.721
688,2083,50,49.279
688,2084,50,48.841
688,2085,50,48.451
688,2086,50,48.079
688,2087,50,47.71
688,2088,50,47.39
688,2089,50,47.091
688,2090,50,46.756
688,2091,50,46.443
688,2092,50,46.209
688,2093,50,45.994
688,2094,50,45.747
688,2095,50,45.495
688,2096,50,45.23
688,2097,50,44.928
688,2098,50,44.576
688,2099,50,44.19
688,2100,50,43.79
705,2024,50,30.776
705,2025,50,31.167
705,2026,50,32.102
705,2027,50,32.297
705,2028,50,32.176
705,2029,50,32.521
705,2030,50,32.545
705,2031,50,32.028
705,2032,50,31.161
705,2033,50,30.123
705,2034,50,29.294
705,2035,50,28.768
705,2036,50,28.031
705,2037,50,27.856
705,2038,50,27.919
705,2039,50,26.595
705,2040,50,24.975
705,2041,50,24.197
705,2042,50,23.113
705,2043,50,22.164
705,2044,50,21.893
705,2045,50,21.519
705,2046,50,21.294
705,2047,50,20.917
705,2048,50,20.138
705,2049,50,19.423
705,2050,50,19.414
705,2051,50,19.05
705,2052,50,18.477
705,2053,50,18.617
705,2054,50,19.278
705,2055,50,20.145
705,2056,50,20.98
705,2057,50,22.108
705,2058,50,23.583
705,2059,50,24.415
705,2060,50,24.61
705,2061,50,24.611
705,2062,50,24.331
705,2063,50,23.857
705,2064,50,23.408
705,2065,50,23.193
705,2066,50,22.881
705,2067,50,22.77
705,2068,50,22.396
705,2069,50,21.912
705,2070,50,21.414
705,2071,50,21.268
705,2072,50,20.86
705,2073,50,20.121
705,2074,50,19.825
705,2075,50,19.483
705,2076,50,19.139
705,2077,50,18.845
705,2078,50,18.609
705,2079,50,18.435
705,2080,50,18.347
705,2081,50,18.33
705,2082,50,18.364
705,2083,50,18.465
705,2084,50,18.614
705,2085,50,18.802
705,2086,50,19.013
705,2087,50,19.224
705,2088,50,19.433
705,2089,50,19.63
705,2090,50,19.791
705,2091,50,19.907
705,2092,50,19.981
705,2093,50,20.023
705,2094,50,20.026
705,2095,50,19.984
705,2096,50,19.893
705,2097,50,19.742
705,2098,50,19.552
705,2099,50,19.327
705,2100,50,19.073
724,2024,50,795.176
724,2025,50,807.506
724,2026,50,811.4
724,2027,50,808.001
724,2028,50,796.463
724,2029,50,773.954
724,2030,50,757.599
724,2031,50,725.923
724,2032,50,683.858
724,2033,50,656.298
724,2034,50,628.874
724,2035,50,610.497
724,2036,50,592.876
724,2037,50,576.088
724,2038,50,565.537
724,2039,50,555.62
724,2040,50,543.131
724,2041,50,531.413
724,2042,50,525.114
724,2043,50,515.814
724,2044,50,496.311
724,2045,50,479.654
724,2046,50,469.721
724,2047,50,465.75
724,2048,50,460.07
724,2049,50,459.938
724,2050,50,470.862
724,2051,50,476.543
724,2052,50,479.316
724,2053,50,493.43
724,2054,50,513.202
724,2055,50,527.096
724,2056,50,539.789
724,2057,50,549.058
724,2058,50,560.989
724,2059,50,559.527
724,2060,50,544.056
724,2061,50,534.255
724,2062,50,522.946
724,2063,50,504.62
724,2064,50,494.536
724,2065,50,494.035
724,2066,50,485.98
724,2067,50,470.183
724,2068,50,446.447
724,2069,50,428.827
724,2070,50,412.574
724,2071,50,400.435
724,2072,50,399.484
724,2073,50,397.33
724,2074,50,394.623
724,2075,50,391.441
724,2076,50,387.888
724,2077,50,384.683
724,2078,50,381.938
724,2079,50,379.912
724,2080,50,378.272
724,2081,50,377.355
724,2082,50,377.485
724,2083,50,378.233
724,2084,50,379.576
724,2085,50,381.494
724,2086,50,383.935
724,2087,50,386.737
724,2088,50,389.401
724,2089,50,391.747
724,2090,50,393.726
724,2091,50,395.31
724,2092,50,396.009
724,2093,50,395.473
724,2094,50,394.087
724,2095,50,391.69
724,2096,50,388.267
724,2097,50,384.264
724,2098,50,379.025
724,2099,50,373.121
724,2100,50,367.428
40,2024,50,120.31
40,2025,50,118.966
40,2026,50,115.52
40,2027,50,112.962
40,2028,50,112.902
40,2029,50,114.17
40,2030,50,118.326
40,2031,50,123.119
40,2032,50,125.055
40,2033,50,123.927
40,2034,50,122.538
40,2035,50,122.312
40,2036,50,121.945
40,2037,50,121.922
40,2038,50,122.86
40,2039,50,123.567
40,2040,50,123.516
40,2041,50,123.895
40,2042,50,123.034
40,2043,50,120.543
40,2044,50,117.266
40,2045,50,113.026
40,2046,50,110.198
40,2047,50,106.849
40,2048,50,101.748
40,2049,50,97.232
40,2050,50,94.261
40,2051,50,91.514
40,2052,50,90.949
40,2053,50,92.356
40,2054,50,93.959
40,2055,50,95.841
40,2056,50,96.421
40,2057,50,96.322
40,2058,50,96.529
40,2059,50,96.599
40,2060,50,97.077
40,2061,50,97.806
40,2062,50,97.893
40,2063,50,98.319
40,2064,50,99.456
40,2065,50,101.126
40,2066,50,103.07
40,2067,50,104.395
40,2068,50,103.296
40,2069,50,100.921
40,2070,50,99.644
40,2071,50,100.655
40,2072,50,99.68
40,2073,50,94.815
40,2074,50,91.575
40,2075,50,91.042
40,2076,50,90.354
40,2077,50,89.576
40,2078,50,88.701
40,2079,50,87.76
40,2080,50,86.793
40,2081,50,85.897
40,2082,50,85.18
40,2083,50,84.625
40,2084,50,84.201
40,2085,50,83.886
40,2086,50,83.685
40,2087,50,83.653
40,2088,50,83.771
40,2089,50,83.973
40,2090,50,84.23
40,2091,50,84.559
40,2092,50,84.956
40,2093,50,85.313
40,2094,50,85.589
40,2095,50,85.807
40,2096,50,85.948
40,2097,50,86.006
40,2098,50,85.97
40,2099,50,85.86
40,2100,50,85.631
56,2024,50,150.245
56,2025,50,146.755
56,2026,50,145.835
56,2027,50,147.872
56,2028,50,149.742
56,2029,50,151.562
56,2030,50,153.81
56,2031,50,154.088
56,2032,50,152.222
56,2033,50,149.738
56,2034,50,147.96
56,2035,50,147.277
56,2036,50,147.973
56,2037,50,149.221
56,2038,50,150.457
56,2039,50,151.575
56,2040,50,152.418
56,2041,50,153.304
56,2042,50,152.119
56,2043,50,148.506
56,2044,50,143.359
56,2045,50,139.772
56,2046,50,138.442
56,2047,50,137.293
56,2048,50,135.18
56,2049,50,133.47
56,2050,50,134.117
56,2051,50,134.435
56,2052,50,133.695
56,2053,50,135.142
56,2054,50,139.05
56,2055,50,143.368
56,2056,50,147.722
56,2057,50,151.158
56,2058,50,153.762
56,2059,50,155.289
56,2060,50,155.795
56,2061,50,155.384
56,2062,50,153.723
56,2063,50,151.677
56,2064,50,150.119
56,2065,50,148.423
56,2066,50,146.383
56,2067,50,144.574
56,2068,50,142.618
56,2069,50,141.307
56,2070,50,139.006
56,2071,50,139.067
56,2072,50,138.85
56,2073,50,130.725
56,2074,50,124.549
56,2075,50,124.404
56,2076,50,124.037
56,2077,50,123.618
56,2078,50,123.236
56,2079,50,123.067
56,2080,50,123.053
56,2081,50,123.189
56,2082,50,123.555
56,2083,50,124.082
56,2084,50,124.815
56,2085,50,125.692
56,2086,50,126.68
56,2087,50,127.735
56,2088,50,128.84
56,2089,50,129.843
56,2090,50,130.64
56,2091,50,131.327
56,2092,50,131.801
56,2093,50,131.929
56,2094,50,131.791
56,2095,50,131.409
56,2096,50,130.858
56,2097,50,130.253
56,2098,50,129.483
56,2099,50,128.528
56,2100,50,127.51
250,2024,50,867.744
250,2025,50,825.296
250,2026,50,796.492
250,2027,50,801.027
250,2028,50,810.085
250,2029,50,809.73
250,2030,50,830.612
250,2031,50,835.63
250,2032,50,816.602
250,2033,50,783.895
250,2034,50,762.756
250,2035,50,773.842
250,2036,50,781.26
250,2037,50,779.181
250,2038,50,774.366
250,2039,50,763.779
250,2040,50,752.748
250,2041,50,743.647
250,2042,50,726.43
250,2043,50,702.593
250,2044,50,683.743
250,2045,50,691.53
250,2046,50,700.921
250,2047,50,714.612
250,2048,50,752.426
250,2049,50,753.185
250,2050,50,754.195
250,2051,50,778.125
250,2052,50,788.646
250,2053,50,805.883
250,2054,50,826.096
250,2055,50,847.442
250,2056,50,867.239
250,2057,50,874.47
250,2058,50,874.533
250,2059,50,875.835
250,2060,50,878.895
250,2061,50,872.388
250,2062,50,857.12
250,2063,50,847.449
250,2064,50,837.575
250,2065,50,815.338
250,2066,50,831.244
250,2067,50,815.036
250,2068,50,763.456
250,2069,50,758.891
250,2070,50,748.411
250,2071,50,762.129
250,2072,50,776.437
250,2073,50,746.013
250,2074,50,722.05
250,2075,50,721.069
250,2076,50,720.526
250,2077,50,720.976
250,2078,50,722.572
250,2079,50,725.534
250,2080,50,729.386
250,2081,50,734.532
250,2082,50,741.077
250,2083,50,748.278
250,2084,50,756.172
250,2085,50,764.048
250,2086,50,771.797
250,2087,50,779.255
250,2088,50,785.386
250,2089,50,789.778
250,2090,50,793.152
250,2091,50,795.666
250,2092,50,796.74
250,2093,50,796.417
250,2094,50,794.452
250,2095,50,791.256
250,2096,50,786.551
250,2097,50,780.639
250,2098,50,774.837
250,2099,50,768.212
250,2100,50,761.326
276,2024,50,980.446
276,2025,50,969.828
276,2026,50,974.154
276,2027,50,995.102
276,2028,50,1006.563
276,2029,50,1015.357
276,2030,50,1046.793
276,2031,50,1069.977
276,2032,50,1070.173
276,2033,50,1062.367
276,2034,50,1050.627
276,2035,50,1052.591
276,2036,50,1070.889
276,2037,50,1095.572
276,2038,50,1116.212
276,2039,50,1114.339
276,2040,50,1106.657
276,2041,50,1064.921
276,2042,50,998.299
276,2043,50,968.652
276,2044,50,941.47
276,2045,50,915.278
276,2046,50,911.988
276,2047,50,919.344
276,2048,50,899.846
276,2049,50,868.706
276,2050,50,854.23
276,2051,50,831.072
276,2052,50,806.963
276,2053,50,805.07
276,2054,50,819.888
276,2055,50,833.264
276,2056,50,838.291
276,2057,50,853.821
276,2058,50,872.238
276,2059,50,870.519
276,2060,50,869.34
276,2061,50,867.934
276,2062,50,868.696
276,2063,50,878.998
276,2064,50,895.158
276,2065,50,916.434
276,2066,50,936.59
276,2067,50,948.336
276,2068,50,943.868
276,2069,50,934.422
276,2070,50,921.687
276,2071,50,926.277
276,2072,50,904.942
276,2073,50,863.795
276,2074,50,852.361
276,2075,50,846.421
276,2076,50,839.972
276,2077,50,832.233
276,2078,50,823.525
276,2079,50,815.45
276,2080,50,807.248
276,2081,50,800.113
276,2082,50,794.315
276,2083,50,789.615
276,2084,50,786.706
276,2085,50,785.445
276,2086,50,785.598
276,2087,50,786.533
276,2088,50,787.85
276,2089,50,790.475
276,2090,50,793.492
276,2091,50,796.651
276,2092,50,800.829
276,2093,50,805.403
276,2094,50,810.067
276,2095,50,815.056
276,2096,50,819.884
276,2097,50,823.879
276,2098,50,827.182
276,2099,50,829.465
276,2100,50,830.032
438,2024,50,0.564
438,2025,50,0.535
438,2026,50,0.539
438,2027,50,0.531
438,2028,50,0.512
438,2029,50,0.501
438,2030,50,0.515
438,2031,50,0.515
438,2032,50,0.524
438,2033,50,0.523
438,2034,50,0.512
438,2035,50,0.517
438,2036,50,0.507
438,2037,50,0.516
438,2038,50,0.525
438,2039,50,0.52
438,2040,50,0.507
438,2041,50,0.504
438,2042,50,0.496
438,2043,50,0.501
438,2044,50,0.494
438,2045,50,0.494
438,2046,50,0.504
438,2047,50,0.499
438,2048,50,0.488
438,2049,50,0.47
438,2050,50,0.483
438,2051,50,0.483
438,2052,50,0.483
438,2053,50,0.474
438,2054,50,0.485
438,2055,50,0.511
438,2056,50,0.507
438,2057,50,0.501
438,2058,50,0.491
438,2059,50,0.512
438,2060,50,0.504
438,2061,50,0.495
438,2062,50,0.509
438,2063,50,0.495
438,2064,50,0.501
438,2065,50,0.483
438,2066,50,0.495
438,2067,50,0.513
438,2068,50,0.514
438,2069,50,0.522
438,2070,50,0.498
438,2071,50,0.499
438,2072,50,0.512
438,2073,50,0.514
438,2074,50,0.515
438,2075,50,0.515
438,2076,50,0.513
438,2077,50,0.511
438,2078,50,0.51
438,2079,50,0.509
438,2080,50,0.507
438,2081,50,0.505
438,2082,50,0.504
438,2083,50,0.503
438,2084,50,0.502
438,2085,50,0.501
438,2086,50,0.5
438,2087,50,0.499
438,2088,50,0.498
438,2089,50,0.497
438,2090,50,0.496
438,2091,50,0.495
438,2092,50,0.494
438,2093,50,0.494
438,2094,50,0.493
438,2095,50,0.493
438,2096,50,0.493
438,2097,50,0.493
438,2098,50,0.493
438,2099,50,0.493
438,2100,50,0.494
442,2024,50,9.29
442,2025,50,9.474
442,2026,50,9.537
442,2027,50,9.715
442,2028,50,9.882
442,2029,50,9.943
442,2030,50,10.176
442,2031,50,10.404
442,2032,50,10.485
442,2033,50,10.496
442,2034,50,10.473
442,2035,50,10.477
442,2036,50,10.711
442,2037,50,10.929
442,2038,50,11.083
442,2039,50,11.212
442,2040,50,11.314
442,2041,50,11.242
442,2042,50,11.158
442,2043,50,11.22
442,2044,50,11.075
442,2045,50,10.892
442,2046,50,10.789
442,2047,50,10.696
442,2048,50,10.228
442,2049,50,9.614
442,2050,50,9.335
442,2051,50,9.039
442,2052,50,8.837
442,2053,50,8.911
442,2054,50,9.021
442,2055,50,9.161
442,2056,50,9.311
442,2057,50,9.433
442,2058,50,9.517
442,2059,50,9.548
442,2060,50,9.609
442,2061,50,9.612
442,2062,50,9.582
442,2063,50,9.678
442,2064,50,9.756
442,2065,50,9.697
442,2066,50,9.589
442,2067,50,9.563
442,2068,50,9.546
442,2069,50,9.488
442,2070,50,9.447
442,2071,50,9.544
442,2072,50,9.415
442,2073,50,9.444
442,2074,50,9.699
442,2075,50,9.678
442,2076,50,9.616
442,2077,50,9.544
442,2078,50,9.454
442,2079,50,9.35
442,2080,50,9.233
442,2081,50,9.116
442,2082,50,9.003
442,2083,50,8.892
442,2084,50,8.801
442,2085,50,8.725
442,2086,50,8.664
442,2087,50,8.617
442,2088,50,8.58
442,2089,50,8.561
442,2090,50,8.558
442,2091,50,8.559
442,2092,50,8.565
442,2093,50,8.578
442,2094,50,8.59
442,2095,50,8.595
442,2096,50,8.599
442,2097,50,8.598
442,2098,50,8.59
442,2099,50,8.581
442,2100,50,8.569
492,2024,50,0.373
492,2025,50,0.364
492,2026,50,0.323
492,2027,50,0.319
492,2028,50,0.331
492,2029,50,0.341
492,2030,50,0.336
492,2031,50,0.338
492,2032,50,0.345
492,2033,50,0.344
492,2034,50,0.344
492,2035,50,0.349
492,2036,50,0.36
492,2037,50,0.352
492,2038,50,0.348
492,2039,50,0.353
492,2040,50,0.352
492,2041,50,0.352
492,2042,50,0.349
492,2043,50,0.345
492,2044,50,0.355
492,2045,50,0.361
492,2046,50,0.365
492,2047,50,0.373
492,2048,50,0.38
492,2049,50,0.391
492,2050,50,0.39
492,2051,50,0.386
492,2052,50,0.385
492,2053,50,0.383
492,2054,50,0.38
492,2055,50,0.376
492,2056,50,0.378
492,2057,50,0.381
492,2058,50,0.383
492,2059,50,0.389
492,2060,50,0.39
492,2061,50,0.392
492,2062,50,0.397
492,2063,50,0.399
492,2064,50,0.402
492,2065,50,0.407
492,2066,50,0.438
492,2067,50,0.456
492,2068,50,0.457
492,2069,50,0.462
492,2070,50,0.458
492,2071,50,0.452
492,2072,50,0.448
492,2073,50,0.461
492,2074,50,0.47
492,2075,50,0.471
492,2076,50,0.472
492,2077,50,0.473
492,2078,50,0.474
492,2079,50,0.475
492,2080,50,0.476
492,2081,50,0.477
492,2082,50,0.478
492,2083,50,0.478
492,2084,50,0.478
492,2085,50,0.478
492,2086,50,0.479
492,2087,50,0.48
492,2088,50,0.481
492,2089,50,0.483
492,2090,50,0.485
492,2091,50,0.487
492,2092,50,0.489
492,2093,50,0.493
492,2094,50,0.497
492,2095,50,0.502
492,2096,50,0.508
492,2097,50,0.513
492,2098,50,0.518
492,2099,50,0.523
492,2100,50,0.528
528,2024,50,221.47
528,2025,50,213.584
528,2026,50,208.907
528,2027,50,208.147
528,2028,50,209.688
528,2029,50,212.332
528,2030,50,216.946
528,2031,50,220.409
528,2032,50,218.876
528,2033,50,218.343
528,2034,50,222.015
528,2035,50,226.87
528,2036,50,231.631
528,2037,50,235.661
528,2038,50,237.559
528,2039,50,240.302
528,2040,50,246.557
528,2041,50,251.071
528,2042,50,250.479
528,2043,50,249.198
528,2044,50,248.983
528,2045,50,246.586
528,2046,50,243.914
528,2047,50,244.736
528,2048,50,248.818
528,2049,50,253.233
528,2050,50,256.045
528,2051,50,253.471
528,2052,50,247.148
528,2053,50,245.497
528,2054,50,243.224
528,2055,50,238.13
528,2056,50,234.346
528,2057,50,230.656
528,2058,50,228.965
528,2059,50,228.541
528,2060,50,226.456
528,2061,50,222.774
528,2062,50,218.114
528,2063,50,214.076
528,2064,50,213.926
528,2065,50,213.99
528,2066,50,212.813
528,2067,50,212.526
528,2068,50,211.157
528,2069,50,211.425
528,2070,50,211.999
528,2071,50,217.867
528,2072,50,219.167
528,2073,50,211.353
528,2074,50,209.507
528,2075,50,211.409
528,2076,50,212.138
528,2077,50,212.568
528,2078,50,212.955
528,2079,50,213.233
528,2080,50,213.416
528,2081,50,213.402
528,2082,50,213.129
528,2083,50,212.434
528,2084,50,211.489
528,2085,50,210.44
528,2086,50,209.036
528,2087,50,207.49
528,2088,50,206.019
528,2089,50,204.582
528,2090,50,203.087
528,2091,50,201.539
528,2092,50,200.062
528,2093,50,198.645
528,2094,50,197.335
528,2095,50,196.162
528,2096,50,195.039
528,2097,50,194.214
528,2098,50,193.788
528,2099,50,193.419
528,2100,50,193.114
756,2024,50,120.714
756,2025,50,119.579
756,2026,50,118.915
756,2027,50,119.888
756,2028,50,120.767
756,2029,50,121.958
756,2030,50,124.695
756,2031,50,126.679
756,2032,50,127.466
756,2033,50,127.099
756,2034,50,126.759
756,2035,50,127.418
756,2036,50,127.596
756,2037,50,127.203
756,2038,50,127.914
756,2039,50,128.137
756,2040,50,127.242
756,2041,50,126.106
756,2042,50,123.516
756,2043,50,119.305
756,2044,50,114.306
756,2045,50,110.407
756,2046,50,107.841
756,2047,50,105.354
756,2048,50,102.14
756,2049,50,99.697
756,2050,50,98.834
756,2051,50,96.946
756,2052,50,95.771
756,2053,50,96.763
756,2054,50,98.23
756,2055,50,100.477
756,2056,50,102.215
756,2057,50,103.811
756,2058,50,105.61
756,2059,50,106.969
756,2060,50,108.049
756,2061,50,108.293
756,2062,50,108.336
756,2063,50,108.649
756,2064,50,109.466
756,2065,50,110.842
756,2066,50,111.656
756,2067,50,111.684
756,2068,50,111.458
756,2069,50,111.036
756,2070,50,110.1
756,2071,50,111.297
756,2072,50,109.896
756,2073,50,107.81
756,2074,50,108.377
756,2075,50,107.527
756,2076,50,106.27
756,2077,50,104.95
756,2078,50,103.57
756,2079,50,102.223
756,2080,50,101.059
756,2081,50,100.184
756,2082,50,99.513
756,2083,50,99.006
756,2084,50,98.703
756,2085,50,98.615
756,2086,50,98.781
756,2087,50,99.193
756,2088,50,99.668
756,2089,50,100.162
756,2090,50,100.782
756,2091,50,101.395
756,2092,50,102.077
756,2093,50,102.837
756,2094,50,103.416
756,2095,50,103.913
756,2096,50,104.406
756,2097,50,104.747
756,2098,50,104.994
756,2099,50,105.155
756,2100,50,105.239
660,2024,50,0.229
660,2025,50,0.225
660,2026,50,0.223
660,2027,50,0.213
660,2028,50,0.206
660,2029,50,0.205
660,2030,50,0.21
660,2031,50,0.216
660,2032,50,0.231
660,2033,50,0.24
660,2034,50,0.24
660,2035,50,0.233
660,2036,50,0.223
660,2037,50,0.213
660,2038,50,0.194
660,2039,50,0.182
660,2040,50,0.183
660,2041,50,0.181
660,2042,50,0.175
660,2043,50,0.17
660,2044,50,0.17
660,2045,50,0.174
660,2046,50,0.178
660,2047,50,0.187
660,2048,50,0.193
660,2049,50,0.199
660,2050,50,0.205
660,2051,50,0.21
660,2052,50,0.216
660,2053,50,0.221
660,2054,50,0.223
660,2055,50,0.227
660,2056,50,0.232
660,2057,50,0.234
660,2058,50,0.233
660,2059,50,0.231
660,2060,50,0.228
660,2061,50,0.204
660,2062,50,0.189
660,2063,50,0.18
660,2064,50,0.156
660,2065,50,0.145
660,2066,50,0.144
660,2067,50,0.14
660,2068,50,0.133
660,2069,50,0.133
660,2070,50,0.13
660,2071,50,0.136
660,2072,50,0.137
660,2073,50,0.13
660,2074,50,0.132
660,2075,50,0.132
660,2076,50,0.131
660,2077,50,0.131
660,2078,50,0.132
660,2079,50,0.133
660,2080,50,0.133
660,2081,50,0.134
660,2082,50,0.134
660,2083,50,0.133
660,2084,50,0.132
660,2085,50,0.131
660,2086,50,0.13
660,2087,50,0.128
660,2088,50,0.126
660,2089,50,0.124
660,2090,50,0.122
660,2091,50,0.12
660,2092,50,0.118
660,2093,50,0.116
660,2094,50,0.113
660,2095,50,0.111
660,2096,50,0.108
660,2097,50,0.106
660,2098,50,0.103
660,2099,50,0.101
660,2100,50,0.099
28,2024,50,1.226
28,2025,50,1.253
28,2026,50,1.285
28,2027,50,1.275
28,2028,50,1.235
28,2029,50,1.234
28,2030,50,1.263
28,2031,50,1.269
28,2032,50,1.282
28,2033,50,1.309
28,2034,50,1.331
28,2035,50,1.351
28,2036,50,1.367
28,2037,50,1.384
28,2038,50,1.376
28,2039,50,1.378
28,2040,50,1.416
28,2041,50,1.389
28,2042,50,1.354
28,2043,50,1.372
28,2044,50,1.395
28,2045,50,1.438
28,2046,50,1.453
28,2047,50,1.434
28,2048,50,1.372
28,2049,50,1.301
28,2050,50,1.352
28,2051,50,1.366
28,2052,50,1.284
28,2053,50,1.241
28,2054,50,1.212
28,2055,50,1.193
28,2056,50,1.188
28,2057,50,1.2
28,2058,50,1.273
28,2059,50,1.328
28,2060,50,1.249
28,2061,50,1.167
28,2062,50,1.129
28,2063,50,1.061
28,2064,50,1.018
28,2065,50,1.031
28,2066,50,1.008
28,2067,50,0.98
28,2068,50,0.949
28,2069,50,0.941
28,2070,50,1.005
28,2071,50,1.039
28,2072,50,1.037
28,2073,50,1.03
28,2074,50,1.024
28,2075,50,1.017
28,2076,50,1.006
28,2077,50,0.998
28,2078,50,0.99
28,2079,50,0.981
28,2080,50,0.971
28,2081,50,0.96
28,2082,50,0.949
28,2083,50,0.936
28,2084,50,0.922
28,2085,50,0.907
28,2086,50,0.894
28,2087,50,0.881
28,2088,50,0.868
28,2089,50,0.855
28,2090,50,0.843
28,2091,50,0.833
28,2092,50,0.824
28,2093,50,0.815
28,2094,50,0.807
28,2095,50,0.8
28,2096,50,0.793
28,2097,50,0.785
28,2098,50,0.778
28,2099,50,0.771
28,2100,50,0.763
533,2024,50,1.496
533,2025,50,1.473
533,2026,50,1.458
533,2027,50,1.442
533,2028,50,1.425
533,2029,50,1.411
533,2030,50,1.39
533,2031,50,1.368
533,2032,50,1.354
533,2033,50,1.34
533,2034,50,1.331
533,2035,50,1.33
533,2036,50,1.325
533,2037,50,1.331
533,2038,50,1.334
533,2039,50,1.326
533,2040,50,1.324
533,2041,50,1.314
533,2042,50,1.295
533,2043,50,1.269
533,2044,50,1.233
533,2045,50,1.195
533,2046,50,1.155
533,2047,50,1.126
533,2048,50,1.123
533,2049,50,1.151
533,2050,50,1.207
533,2051,50,1.277
533,2052,50,1.346
533,2053,50,1.393
533,2054,50,1.415
533,2055,50,1.419
533,2056,50,1.394
533,2057,50,1.365
533,2058,50,1.351
533,2059,50,1.342
533,2060,50,1.339
533,2061,50,1.344
533,2062,50,1.353
533,2063,50,1.349
533,2064,50,1.329
533,2065,50,1.298
533,2066,50,1.255
533,2067,50,1.201
533,2068,50,1.142
533,2069,50,1.09
533,2070,50,1.056
533,2071,50,1.031
533,2072,50,1.011
533,2073,50,0.998
533,2074,50,0.993
533,2075,50,0.992
533,2076,50,0.992
533,2077,50,0.993
533,2078,50,0.994
533,2079,50,0.996
533,2080,50,0.998
533,2081,50,0.999
533,2082,50,1.0
533,2083,50,1.001
533,2084,50,1.003
533,2085,50,1.006
533,2086,50,1.009
533,2087,50,1.012
533,2088,50,1.015
533,2089,50,1.017
533,2090,50,1.017
533,2091,50,1.015
533,2092,50,1.01
533,2093,50,1.003
533,2094,50,0.993
533,2095,50,0.979
533,2096,50,0.963
533,2097,50,0.946
533,2098,50,0.928
533,2099,50,0.91
533,2100,50,0.892
44,2024,50,5.461
44,2025,50,5.396
44,2026,50,5.353
44,2027,50,5.315
44,2028,50,5.283
44,2029,50,5.262
44,2030,50,5.253
44,2031,50,5.276
44,2032,50,5.322
44,2033,50,5.375
44,2034,50,5.422
44,2035,50,5.474
44,2036,50,5.563
44,2037,50,5.674
44,2038,50,5.79
44,2039,50,5.907
44,2040,50,6.012
44,2041,50,6.087
44,2042,50,6.372
44,2043,50,6.552
44,2044,50,6.339
44,2045,50,6.162
44,2046,50,6.056
44,2047,50,5.932
44,2048,50,5.812
44,2049,50,5.652
44,2050,50,5.488
44,2051,50,5.414
44,2052,50,5.401
44,2053,50,5.437
44,2054,50,5.542
44,2055,50,5.697
44,2056,50,5.838
44,2057,50,5.959
44,2058,50,6.019
44,2059,50,6.064
44,2060,50,5.927
44,2061,50,5.715
44,2062,50,5.689
44,2063,50,5.685
44,2064,50,5.647
44,2065,50,5.475
44,2066,50,5.255
44,2067,50,5.088
44,2068,50,4.996
44,2069,50,4.984
44,2070,50,4.986
44,2071,50,4.991
44,2072,50,4.994
44,2073,50,4.993
44,2074,50,4.998
44,2075,50,4.989
44,2076,50,4.961
44,2077,50,4.944
44,2078,50,4.931
44,2079,50,4.918
44,2080,50,4.912
44,2081,50,4.904
44,2082,50,4.894
44,2083,50,4.884
44,2084,50,4.874
44,2085,50,4.86
44,2086,50,4.844
44,2087,50,4.828
44,2088,50,4.812
44,2089,50,4.791
44,2090,50,4.769
44,2091,50,4.749
44,2092,50,4.726
44,2093,50,4.7
44,2094,50,4.677
44,2095,50,4.653
44,2096,50,4.63
44,2097,50,4.606
44,2098,50,4.58
44,2099,50,4.553
44,2100,50,4.525
52,2024,50,3.862
52,2025,50,3.801
52,2026,50,3.696
52,2027,50,3.612
52,2028,50,3.583
52,2029,50,3.565
52,2030,50,3.532
52,2031,50,3.532
52,2032,50,3.698
52,2033,50,3.835
52,2034,50,3.767
52,2035,50,3.669
52,2036,50,3.594
52,2037,50,3.468
52,2038,50,3.368
52,2039,50,3.472
52,2040,50,3.66
52,2041,50,3.748
52,2042,50,3.726
52,2043,50,3.569
52,2044,50,3.408
52,2045,50,3.34
52,2046,50,3.364
52,2047,50,3.438
52,2048,50,3.495
52,2049,50,3.554
52,2050,50,3.635
52,2051,50,3.657
52,2052,50,3.578
52,2053,50,3.478
52,2054,50,3.407
52,2055,50,3.328
52,2056,50,3.268
52,2057,50,3.338
52,2058,50,3.521
52,2059,50,3.497
52,2060,50,3.284
52,2061,50,3.161
52,2062,50,3.09
52,2063,50,3.043
52,2064,50,3.019
52,2065,50,2.997
52,2066,50,2.979
52,2067,50,2.964
52,2068,50,2.949
52,2069,50,2.931
52,2070,50,2.91
52,2071,50,2.895
52,2072,50,2.888
52,2073,50,2.874
52,2074,50,2.856
52,2075,50,2.839
52,2076,50,2.826
52,2077,50,2.81
52,2078,50,2.789
52,2079,50,2.768
52,2080,50,2.748
52,2081,50,2.726
52,2082,50,2.701
52,2083,50,2.676
52,2084,50,2.653
52,2085,50,2.628
52,2086,50,2.6
52,2087,50,2.573
52,2088,50,2.548
52,2089,50,2.522
52,2090,50,2.496
52,2091,50,2.471
52,2092,50,2.446
52,2093,50,2.422
52,2094,50,2.399
52,2095,50,2.378
52,2096,50,2.357
52,2097,50,2.336
52,2098,50,2.316
52,2099,50,2.296
52,2100,50,2.276
535,2024,50,0.409
535,2025,50,0.424
535,2026,50,0.43
535,2027,50,0.431
535,2028,50,0.445
535,2029,50,0.457
535,2030,50,0.465
535,2031,50,0.477
535,2032,50,0.487
535,2033,50,0.494
535,2034,50,0.504
535,2035,50,0.518
535,2036,50,0.528
535,2037,50,0.542
535,2038,50,0.554
535,2039,50,0.56
535,2040,50,0.569
535,2041,50,0.568
535,2042,50,0.559
535,2043,50,0.556
535,2044,50,0.543
535,2045,50,0.525
535,2046,50,0.511
535,2047,50,0.495
535,2048,50,0.477
535,2049,50,0.462
535,2050,50,0.448
535,2051,50,0.444
535,2052,50,0.443
535,2053,50,0.438
535,2054,50,0.44
535,2055,50,0.443
535,2056,50,0.445
535,2057,50,0.452
535,2058,50,0.459
535,2059,50,0.464
535,2060,50,0.462
535,2061,50,0.457
535,2062,50,0.448
535,2063,50,0.432
535,2064,50,0.418
535,2065,50,0.407
535,2066,50,0.398
535,2067,50,0.395
535,2068,50,0.398
535,2069,50,0.401
535,2070,50,0.406
535,2071,50,0.415
535,2072,50,0.425
535,2073,50,0.42
535,2074,50,0.41
535,2075,50,0.408
535,2076,50,0.402
535,2077,50,0.396
535,2078,50,0.391
535,2079,50,0.387
535,2080,50,0.383
535,2081,50,0.38
535,2082,50,0.376
535,2083,50,0.373
535,2084,50,0.369
535,2085,50,0.366
535,2086,50,0.362
535,2087,50,0.359
535,2088,50,0.357
535,2089,50,0.355
535,2090,50,0.353
535,2091,50,0.351
535,2092,50,0.349
535,2093,50,0.348
535,2094,50,0.346
535,2095,50,0.344
535,2096,50,0.342
535,2097,50,0.34
535,2098,50,0.337
535,2099,50,0.335
535,2100,50,0.332
92,2024,50,0.629
92,2025,50,0.651
92,2026,50,0.676
92,2027,50,0.701
92,2028,50,0.726
92,2029,50,0.753
92,2030,50,0.778
92,2031,50,0.797
92,2032,50,0.799
92,2033,50,0.786
92,2034,50,0.773
92,2035,50,0.761
92,2036,50,0.745
92,2037,50,0.723
92,2038,50,0.694
92,2039,50,0.676
92,2040,50,0.66
92,2041,50,0.64
92,2042,50,0.621
92,2043,50,0.606
92,2044,50,0.593
92,2045,50,0.568
92,2046,50,0.552
92,2047,50,0.547
92,2048,50,0.53
92,2049,50,0.516
92,2050,50,0.513
92,2051,50,0.497
92,2052,50,0.479
92,2053,50,0.483
92,2054,50,0.511
92,2055,50,0.54
92,2056,50,0.556
92,2057,50,0.577
92,2058,50,0.613
92,2059,50,0.6
92,2060,50,0.529
92,2061,50,0.485
92,2062,50,0.466
92,2063,50,0.449
92,2064,50,0.465
92,2065,50,0.468
92,2066,50,0.473
92,2067,50,0.457
92,2068,50,0.393
92,2069,50,0.382
92,2070,50,0.388
92,2071,50,0.384
92,2072,50,0.389
92,2073,50,0.393
92,2074,50,0.39
92,2075,50,0.387
92,2076,50,0.383
92,2077,50,0.381
92,2078,50,0.379
92,2079,50,0.377
92,2080,50,0.374
92,2081,50,0.371
92,2082,50,0.369
92,2083,50,0.367
92,2084,50,0.365
92,2085,50,0.363
92,2086,50,0.361
92,2087,50,0.359
92,2088,50,0.358
92,2089,50,0.358
92,2090,50,0.357
92,2091,50,0.355
92,2092,50,0.353
92,2093,50,0.351
92,2094,50,0.347
92,2095,50,0.342
92,2096,50,0.338
92,2097,50,0.333
92,2098,50,0.328
92,2099,50,0.323
92,2100,50,0.319
136,2024,50,1.285
136,2025,50,1.306
136,2026,50,1.329
136,2027,50,1.338
136,2028,50,1.353
136,2029,50,1.373
136,2030,50,1.391
136,2031,50,1.414
136,2032,50,1.432
136,2033,50,1.442
136,2034,50,1.45
136,2035,50,1.461
136,2036,50,1.465
136,2037,50,1.465
136,2038,50,1.462
136,2039,50,1.458
136,2040,50,1.462
136,2041,50,1.451
136,2042,50,1.429
136,2043,50,1.405
136,2044,50,1.369
136,2045,50,1.323
136,2046,50,1.275
136,2047,50,1.226
136,2048,50,1.179
136,2049,50,1.152
136,2050,50,1.146
136,2051,50,1.154
136,2052,50,1.168
136,2053,50,1.193
136,2054,50,1.238
136,2055,50,1.285
136,2056,50,1.324
136,2057,50,1.366
136,2058,50,1.399
136,2059,50,1.414
136,2060,50,1.418
136,2061,50,1.41
136,2062,50,1.394
136,2063,50,1.378
136,2064,50,1.367
136,2065,50,1.36
136,2066,50,1.359
136,2067,50,1.364
136,2068,50,1.373
136,2069,50,1.386
136,2070,50,1.4
136,2071,50,1.467
136,2072,50,1.517
136,2073,50,1.498
136,2074,50,1.479
136,2075,50,1.463
136,2076,50,1.447
136,2077,50,1.432
136,2078,50,1.42
136,2079,50,1.408
136,2080,50,1.396
136,2081,50,1.385
136,2082,50,1.375
136,2083,50,1.366
136,2084,50,1.359
136,2085,50,1.355
136,2086,50,1.352
136,2087,50,1.351
136,2088,50,1.353
136,2089,50,1.357
136,2090,50,1.363
136,2091,50,1.369
136,2092,50,1.376
136,2093,50,1.382
136,2094,50,1.388
136,2095,50,1.392
136,2096,50,1.393
136,2097,50,1.394
136,2098,50,1.393
136,2099,50,1.391
136,2100,50,1.389
192,2024,50,173.791
192,2025,50,159.333
192,2026,50,150.785
192,2027,50,140.333
192,2028,50,125.608
192,2029,50,116.474
192,2030,50,113.124
192,2031,50,112.491
192,2032,50,121.679
192,2033,50,132.342
192,2034,50,135.954
192,2035,50,141.831
192,2036,50,145.564
192,2037,50,145.419
192,2038,50,150.631
192,2039,50,156.4
192,2040,50,156.038
192,2041,50,150.095
192,2042,50,140.412
192,2043,50,130.823
192,2044,50,123.741
192,2045,50,121.306
192,2046,50,122.387
192,2047,50,123.944
192,2048,50,125.322
192,2049,50,125.685
192,2050,50,124.986
192,2051,50,123.263
192,2052,50,120.955
192,2053,50,117.539
192,2054,50,111.875
192,2055,50,105.184
192,2056,50,100.311
192,2057,50,99.612
192,2058,50,103.032
192,2059,50,107.868
192,2060,50,111.548
192,2061,50,114.227
192,2062,50,113.19
192,2063,50,110.536
192,2064,50,108.854
192,2065,50,107.992
192,2066,50,105.12
192,2067,50,100.732
192,2068,50,100.075
192,2069,50,97.69
192,2070,50,92.736
192,2071,50,87.774
192,2072,50,84.089
192,2073,50,83.27
192,2074,50,82.869
192,2075,50,81.924
192,2076,50,81.125
192,2077,50,80.353
192,2078,50,79.722
192,2079,50,79.153
192,2080,50,78.581
192,2081,50,78.043
192,2082,50,77.527
192,2083,50,76.967
192,2084,50,76.372
192,2085,50,75.782
192,2086,50,75.072
192,2087,50,74.261
192,2088,50,73.406
192,2089,50,72.463
192,2090,50,71.388
192,2091,50,70.224
192,2092,50,69.124
192,2093,50,68.142
192,2094,50,67.219
192,2095,50,66.251
192,2096,50,65.268
192,2097,50,64.313
192,2098,50,63.403
192,2099,50,62.509
192,2100,50,61.597
531,2024,50,2.394
531,2025,50,2.34
531,2026,50,2.268
531,2027,50,2.199
531,2028,50,2.154
531,2029,50,2.134
531,2030,50,2.147
531,2031,50,2.187
531,2032,50,2.237
531,2033,50,2.28
531,2034,50,2.308
531,2035,50,2.316
531,2036,50,2.313
531,2037,50,2.327
531,2038,50,2.378
531,2039,50,2.476
531,2040,50,2.627
531,2041,50,2.82
531,2042,50,3.011
531,2043,50,3.155
531,2044,50,3.231
531,2045,50,3.23
531,2046,50,3.157
531,2047,50,3.036
531,2048,50,2.904
531,2049,50,2.776
531,2050,50,2.66
531,2051,50,2.561
531,2052,50,2.476
531,2053,50,2.407
531,2054,50,2.352
531,2055,50,2.313
531,2056,50,2.288
531,2057,50,2.272
531,2058,50,2.26
531,2059,50,2.249
531,2060,50,2.304
531,2061,50,2.396
531,2062,50,2.505
531,2063,50,2.551
531,2064,50,2.488
531,2065,50,2.419
531,2066,50,2.299
531,2067,50,2.106
531,2068,50,2.038
531,2069,50,1.929
531,2070,50,1.734
531,2071,50,1.683
531,2072,50,1.683
531,2073,50,1.697
531,2074,50,1.709
531,2075,50,1.712
531,2076,50,1.711
531,2077,50,1.712
531,2078,50,1.71
531,2079,50,1.708
531,2080,50,1.704
531,2081,50,1.699
531,2082,50,1.693
531,2083,50,1.682
531,2084,50,1.669
531,2085,50,1.655
531,2086,50,1.642
531,2087,50,1.631
531,2088,50,1.621
531,2089,50,1.61
531,2090,50,1.602
531,2091,50,1.596
531,2092,50,1.59
531,2093,50,1.585
531,2094,50,1.578
531,2095,50,1.57
531,2096,50,1.559
531,2097,50,1.543
531,2098,50,1.522
531,2099,50,1.497
531,2100,50,1.47
212,2024,50,0.84
212,2025,50,0.789
212,2026,50,0.744
212,2027,50,0.722
212,2028,50,0.725
212,2029,50,0.753
212,2030,50,0.795
212,2031,50,0.838
212,2032,50,0.882
212,2033,50,0.92
212,2034,50,0.945
212,2035,50,0.958
212,2036,50,0.959
212,2037,50,0.96
212,2038,50,0.966
212,2039,50,0.983
212,2040,50,1.017
212,2041,50,1.055
212,2042,50,1.088
212,2043,50,1.091
212,2044,50,1.061
212,2045,50,1.006
212,2046,50,0.943
212,2047,50,0.894
212,2048,50,0.857
212,2049,50,0.856
212,2050,50,0.883
212,2051,50,0.879
212,2052,50,0.835
212,2053,50,0.806
212,2054,50,0.823
212,2055,50,0.85
212,2056,50,0.861
212,2057,50,0.865
212,2058,50,0.882
212,2059,50,0.909
212,2060,50,0.913
212,2061,50,0.893
212,2062,50,0.911
212,2063,50,0.918
212,2064,50,0.915
212,2065,50,0.897
212,2066,50,0.869
212,2067,50,0.847
212,2068,50,0.813
212,2069,50,0.803
212,2070,50,0.793
212,2071,50,0.783
212,2072,50,0.772
212,2073,50,0.763
212,2074,50,0.755
212,2075,50,0.745
212,2076,50,0.736
212,2077,50,0.729
212,2078,50,0.723
212,2079,50,0.717
212,2080,50,0.712
212,2081,50,0.709
212,2082,50,0.706
212,2083,50,0.703
212,2084,50,0.699
212,2085,50,0.696
212,2086,50,0.693
212,2087,50,0.69
212,2088,50,0.687
212,2089,50,0.683
212,2090,50,0.679
212,2091,50,0.676
212,2092,50,0.672
212,2093,50,0.668
212,2094,50,0.663
212,2095,50,0.657
212,2096,50,0.65
212,2097,50,0.643
212,2098,50,0.635
212,2099,50,0.628
212,2100,50,0.621
214,2024,50,123.742
214,2025,50,125.409
214,2026,50,127.279
214,2027,50,129.151
214,2028,50,130.811
214,2029,50,132.784
214,2030,50,134.967
214,2031,50,136.589
214,2032,50,138.087
214,2033,50,140.886
214,2034,50,143.73
214,2035,50,144.91
214,2036,50,146.289
214,2037,50,148.678
214,2038,50,152.143
214,2039,50,156.716
214,2040,50,160.341
214,2041,50,162.464
214,2042,50,164.052
214,2043,50,165.524
214,2044,50,166.612
214,2045,50,167.012
214,2046,50,167.192
214,2047,50,165.474
214,2048,50,162.648
214,2049,50,163.769
214,2050,50,168.364
214,2051,50,170.801
214,2052,50,169.863
214,2053,50,168.157
214,2054,50,166.561
214,2055,50,164.737
214,2056,50,162.682
214,2057,50,163.008
214,2058,50,167.114
214,2059,50,172.394
214,2060,50,175.689
214,2061,50,176.667
214,2062,50,176.75
214,2063,50,176.465
214,2064,50,176.095
214,2065,50,175.735
214,2066,50,175.379
214,2067,50,175.32
214,2068,50,175.932
214,2069,50,175.517
214,2070,50,173.472
214,2071,50,171.397
214,2072,50,169.79
214,2073,50,168.407
214,2074,50,167.022
214,2075,50,165.53
214,2076,50,164.058
214,2077,50,162.835
214,2078,50,161.691
214,2079,50,160.561
214,2080,50,159.466
214,2081,50,158.44
214,2082,50,157.433
214,2083,50,156.428
214,2084,50,155.674
214,2085,50,155.081
214,2086,50,154.442
214,2087,50,153.796
214,2088,50,153.19
214,2089,50,152.586
214,2090,50,152.04
214,2091,50,151.586
214,2092,50,151.118
214,2093,50,150.597
214,2094,50,149.947
214,2095,50,149.166
214,2096,50,148.301
214,2097,50,147.348
214,2098,50,146.389
214,2099,50,145.358
214,2100,50,144.194
308,2024,50,1.241
308,2025,50,1.242
308,2026,50,1.227
308,2027,50,1.22
308,2028,50,1.242
308,2029,50,1.298
308,2030,50,1.383
308,2031,50,1.5
308,2032,50,1.635
308,2033,50,1.76
308,2034,50,1.869
308,2035,50,1.958
308,2036,50,2.029
308,2037,50,2.077
308,2038,50,2.095
308,2039,50,2.083
308,2040,50,2.045
308,2041,50,1.981
308,2042,50,1.899
308,2043,50,1.825
308,2044,50,1.765
308,2045,50,1.723
308,2046,50,1.696
308,2047,50,1.682
308,2048,50,1.675
308,2049,50,1.674
308,2050,50,1.681
308,2051,50,1.562
308,2052,50,1.447
308,2053,50,1.47
308,2054,50,1.49
308,2055,50,1.512
308,2056,50,1.536
308,2057,50,1.557
308,2058,50,1.575
308,2059,50,1.586
308,2060,50,1.591
308,2061,50,1.59
308,2062,50,1.583
308,2063,50,1.563
308,2064,50,1.506
308,2065,50,1.432
308,2066,50,1.36
308,2067,50,1.246
308,2068,50,1.214
308,2069,50,1.262
308,2070,50,1.262
308,2071,50,1.248
308,2072,50,1.229
308,2073,50,1.207
308,2074,50,1.185
308,2075,50,1.162
308,2076,50,1.142
308,2077,50,1.125
308,2078,50,1.112
308,2079,50,1.1
308,2080,50,1.089
308,2081,50,1.077
308,2082,50,1.066
308,2083,50,1.054
308,2084,50,1.041
308,2085,50,1.028
308,2086,50,1.015
308,2087,50,1.001
308,2088,50,0.988
308,2089,50,0.975
308,2090,50,0.964
308,2091,50,0.955
308,2092,50,0.945
308,2093,50,0.936
308,2094,50,0.927
308,2095,50,0.916
308,2096,50,0.906
308,2097,50,0.894
308,2098,50,0.881
308,2099,50,0.869
308,2100,50,0.857
312,2024,50,5.344
312,2025,50,5.074
312,2026,50,4.57
312,2027,50,4.106
312,2028,50,3.885
312,2029,50,3.721
312,2030,50,3.776
312,2031,50,3.937
312,2032,50,3.973
312,2033,50,3.805
312,2034,50,3.595
312,2035,50,3.521
312,2036,50,3.329
312,2037,50,3.234
312,2038,50,3.417
312,2039,50,3.477
312,2040,50,3.446
312,2041,50,3.397
312,2042,50,3.143
312,2043,50,2.883
312,2044,50,2.751
312,2045,50,2.611
312,2046,50,2.563
312,2047,50,2.613
312,2048,50,2.584
312,2049,50,2.564
312,2050,50,2.812
312,2051,50,3.177
312,2052,50,3.33
312,2053,50,3.524
312,2054,50,3.829
312,2055,50,4.143
312,2056,50,4.269
312,2057,50,4.194
312,2058,50,4.021
312,2059,50,3.908
312,2060,50,3.901
312,2061,50,3.82
312,2062,50,3.779
312,2063,50,3.639
312,2064,50,3.516
312,2065,50,3.34
312,2066,50,3.236
312,2067,50,3.158
312,2068,50,2.883
312,2069,50,3.052
312,2070,50,3.299
312,2071,50,3.041
312,2072,50,2.709
312,2073,50,2.959
312,2074,50,3.289
312,2075,50,3.179
312,2076,50,3.085
312,2077,50,3.005
312,2078,50,2.934
312,2079,50,2.88
312,2080,50,2.845
312,2081,50,2.829
312,2082,50,2.833
312,2083,50,2.852
312,2084,50,2.881
312,2085,50,2.92
312,2086,50,2.961
312,2087,50,2.997
312,2088,50,3.029
312,2089,50,3.052
312,2090,50,3.066
312,2091,50,3.068
312,2092,50,3.062
312,2093,50,3.047
312,2094,50,3.019
312,2095,50,2.981
312,2096,50,2.933
312,2097,50,2.879
312,2098,50,2.819
312,2099,50,2.756
312,2100,50,2.697
332,2024,50,104.582
332,2025,50,107.962
332,2026,50,111.315
332,2027,50,114.697
332,2028,50,118.055
332,2029,50,121.332
332,2030,50,124.73
332,2031,50,128.271
332,2032,50,132.046
332,2033,50,135.949
332,2034,50,139.973
332,2035,50,144.356
332,2036,50,148.865
332,2037,50,153.393
332,2038,50,158.07
332,2039,50,162.438
332,2040,50,166.45
332,2041,50,169.419
332,2042,50,171.129
332,2043,50,172.507
332,2044,50,173.923
332,2045,50,175.592
332,2046,50,177.372
332,2047,50,179.259
332,2048,50,180.981
332,2049,50,182.804
332,2050,50,185.673
332,2051,50,187.312
332,2052,50,187.319
332,2053,50,188.588
332,2054,50,190.48
332,2055,50,192.273
332,2056,50,194.69
332,2057,50,197.254
332,2058,50,199.425
332,2059,50,201.382
332,2060,50,203.56
332,2061,50,206.57
332,2062,50,207.825
332,2063,50,206.888
332,2064,50,207.187
332,2065,50,208.661
332,2066,50,209.9
332,2067,50,210.353
332,2068,50,210.278
332,2069,50,210.032
332,2070,50,209.51
332,2071,50,208.83
332,2072,50,208.286
332,2073,50,207.927
332,2074,50,207.896
332,2075,50,208.083
332,2076,50,208.204
332,2077,50,208.418
332,2078,50,208.457
332,2079,50,208.526
332,2080,50,208.744
332,2081,50,208.821
332,2082,50,208.807
332,2083,50,208.617
332,2084,50,208.266
332,2085,50,207.941
332,2086,50,207.704
332,2087,50,207.508
332,2088,50,207.332
332,2089,50,207.083
332,2090,50,206.746
332,2091,50,206.467
332,2092,50,206.148
332,2093,50,205.639
332,2094,50,204.96
332,2095,50,204.371
332,2096,50,203.799
332,2097,50,203.209
332,2098,50,202.755
332,2099,50,202.119
332,2100,50,201.401
388,2024,50,35.887
388,2025,50,35.689
388,2026,50,35.985
388,2027,50,36.289
388,2028,50,36.77
388,2029,50,37.615
388,2030,50,38.531
388,2031,50,39.589
388,2032,50,41.007
388,2033,50,42.508
388,2034,50,43.606
388,2035,50,43.899
388,2036,50,43.731
388,2037,50,43.617
388,2038,50,43.866
388,2039,50,44.217
388,2040,50,45.074
388,2041,50,46.686
388,2042,50,48.271
388,2043,50,48.937
388,2044,50,48.652
388,2045,50,47.905
388,2046,50,46.856
388,2047,50,45.592
388,2048,50,44.022
388,2049,50,42.248
388,2050,50,40.245
388,2051,50,38.794
388,2052,50,38.276
388,2053,50,38.002
388,2054,50,37.536
388,2055,50,36.818
388,2056,50,35.96
388,2057,50,34.978
388,2058,50,33.912
388,2059,50,32.793
388,2060,50,31.605
388,2061,50,30.309
388,2062,50,29.075
388,2063,50,28.045
388,2064,50,27.189
388,2065,50,26.471
388,2066,50,25.707
388,2067,50,24.868
388,2068,50,24.125
388,2069,50,23.644
388,2070,50,23.365
388,2071,50,23.116
388,2072,50,22.845
388,2073,50,22.384
388,2074,50,21.861
388,2075,50,21.377
388,2076,50,20.938
388,2077,50,20.594
388,2078,50,20.26
388,2079,50,19.913
388,2080,50,19.543
388,2081,50,19.148
388,2082,50,18.746
388,2083,50,18.35
388,2084,50,17.936
388,2085,50,17.498
388,2086,50,17.064
388,2087,50,16.642
388,2088,50,16.238
388,2089,50,15.844
388,2090,50,15.447
388,2091,50,15.057
388,2092,50,14.709
388,2093,50,14.413
388,2094,50,14.12
388,2095,50,13.826
388,2096,50,13.546
388,2097,50,13.276
388,2098,50,13.025
388,2099,50,12.8
388,2100,50,12.587
474,2024,50,4.444
474,2025,50,4.222
474,2026,50,3.822
474,2027,50,3.321
474,2028,50,3.144
474,2029,50,3.18
474,2030,50,3.288
474,2031,50,3.306
474,2032,50,3.368
474,2033,50,3.287
474,2034,50,3.179
474,2035,50,3.335
474,2036,50,3.299
474,2037,50,3.207
474,2038,50,3.194
474,2039,50,3.246
474,2040,50,3.344
474,2041,50,3.022
474,2042,50,2.778
474,2043,50,2.659
474,2044,50,2.419
474,2045,50,2.225
474,2046,50,2.096
474,2047,50,2.135
474,2048,50,2.169
474,2049,50,2.234
474,2050,50,2.52
474,2051,50,2.621
474,2052,50,2.545
474,2053,50,2.812
474,2054,50,3.055
474,2055,50,3.166
474,2056,50,3.344
474,2057,50,3.408
474,2058,50,3.38
474,2059,50,3.404
474,2060,50,3.411
474,2061,50,3.196
474,2062,50,3.049
474,2063,50,3.014
474,2064,50,3.022
474,2065,50,2.945
474,2066,50,2.814
474,2067,50,2.725
474,2068,50,2.611
474,2069,50,2.684
474,2070,50,2.61
474,2071,50,2.471
474,2072,50,2.334
474,2073,50,2.579
474,2074,50,2.9
474,2075,50,2.774
474,2076,50,2.666
474,2077,50,2.571
474,2078,50,2.492
474,2079,50,2.427
474,2080,50,2.378
474,2081,50,2.346
474,2082,50,2.33
474,2083,50,2.33
474,2084,50,2.345
474,2085,50,2.373
474,2086,50,2.408
474,2087,50,2.446
474,2088,50,2.488
474,2089,50,2.528
474,2090,50,2.559
474,2091,50,2.583
474,2092,50,2.598
474,2093,50,2.599
474,2094,50,2.592
474,2095,50,2.575
474,2096,50,2.55
474,2097,50,2.518
474,2098,50,2.477
474,2099,50,2.433
474,2100,50,2.39
500,2024,50,0.055
500,2025,50,0.056
500,2026,50,0.053
500,2027,50,0.057
500,2028,50,0.064
500,2029,50,0.059
500,2030,50,0.048
500,2031,50,0.046
500,2032,50,0.042
500,2033,50,0.052
500,2034,50,0.066
500,2035,50,0.064
500,2036,50,0.063
500,2037,50,0.064
500,2038,50,0.061
500,2039,50,0.062
500,2040,50,0.058
500,2041,50,0.049
500,2042,50,0.049
500,2043,50,0.048
500,2044,50,0.052
500,2045,50,0.056
500,2046,50,0.051
500,2047,50,0.044
500,2048,50,0.039
500,2049,50,0.039
500,2050,50,0.031
500,2051,50,0.03
500,2052,50,0.04
500,2053,50,0.038
500,2054,50,0.04
500,2055,50,0.05
500,2056,50,0.049
500,2057,50,0.045
500,2058,50,0.049
500,2059,50,0.059
500,2060,50,0.06
500,2061,50,0.051
500,2062,50,0.045
500,2063,50,0.044
500,2064,50,0.041
500,2065,50,0.037
500,2066,50,0.042
500,2067,50,0.044
500,2068,50,0.044
500,2069,50,0.048
500,2070,50,0.05
500,2071,50,0.051
500,2072,50,0.046
500,2073,50,0.039
500,2074,50,0.037
500,2075,50,0.036
500,2076,50,0.035
500,2077,50,0.034
500,2078,50,0.034
500,2079,50,0.033
500,2080,50,0.033
500,2081,50,0.033
500,2082,50,0.033
500,2083,50,0.033
500,2084,50,0.033
500,2085,50,0.034
500,2086,50,0.034
500,2087,50,0.034
500,2088,50,0.035
500,2089,50,0.035
500,2090,50,0.036
500,2091,50,0.036
500,2092,50,0.037
500,2093,50,0.037
500,2094,50,0.037
500,2095,50,0.037
500,2096,50,0.037
500,2097,50,0.037
500,2098,50,0.037
500,2099,50,0.037
500,2100,50,0.036
630,2024,50,42.266
630,2025,50,42.176
630,2026,50,42.058
630,2027,50,41.817
630,2028,50,41.879
630,2029,50,41.857
630,2030,50,41.383
630,2031,50,40.382
630,2032,50,38.985
630,2033,50,37.853
630,2034,50,37.029
630,2035,50,36.363
630,2036,50,35.853
630,2037,50,35.636
630,2038,50,36.072
630,2039,50,36.671
630,2040,50,36.982
630,2041,50,36.935
630,2042,50,36.665
630,2043,50,36.806
630,2044,50,37.448
630,2045,50,38.316
630,2046,50,39.164
630,2047,50,39.843
630,2048,50,40.585
630,2049,50,41.209
630,2050,50,41.383
630,2051,50,40.824
630,2052,50,39.429
630,2053,50,37.647
630,2054,50,36.414
630,2055,50,35.531
630,2056,50,34.197
630,2057,50,32.844
630,2058,50,31.572
630,2059,50,30.567
630,2060,50,29.317
630,2061,50,27.911
630,2062,50,26.705
630,2063,50,25.344
630,2064,50,24.336
630,2065,50,23.128
630,2066,50,21.448
630,2067,50,19.757
630,2068,50,18.256
630,2069,50,17.129
630,2070,50,15.708
630,2071,50,14.807
630,2072,50,14.728
630,2073,50,14.601
630,2074,50,14.684
630,2075,50,14.621
630,2076,50,14.434
630,2077,50,14.339
630,2078,50,14.296
630,2079,50,14.256
630,2080,50,14.187
630,2081,50,14.107
630,2082,50,14.018
630,2083,50,13.914
630,2084,50,13.77
630,2085,50,13.569
630,2086,50,13.323
630,2087,50,13.028
630,2088,50,12.712
630,2089,50,12.374
630,2090,50,11.986
630,2091,50,11.594
630,2092,50,11.223
630,2093,50,10.855
630,2094,50,10.477
630,2095,50,10.103
630,2096,50,9.761
630,2097,50,9.452
630,2098,50,9.172
630,2099,50,8.91
630,2100,50,8.672
652,2024,50,0.139
652,2025,50,0.141
652,2026,50,0.139
652,2027,50,0.125
652,2028,50,0.125
652,2029,50,0.133
652,2030,50,0.136
652,2031,50,0.136
652,2032,50,0.137
652,2033,50,0.136
652,2034,50,0.142
652,2035,50,0.145
652,2036,50,0.138
652,2037,50,0.143
652,2038,50,0.154
652,2039,50,0.154
652,2040,50,0.152
652,2041,50,0.15
652,2042,50,0.145
652,2043,50,0.141
652,2044,50,0.135
652,2045,50,0.138
652,2046,50,0.139
652,2047,50,0.142
652,2048,50,0.147
652,2049,50,0.15
652,2050,50,0.164
652,2051,50,0.174
652,2052,50,0.184
652,2053,50,0.195
652,2054,50,0.205
652,2055,50,0.217
652,2056,50,0.218
652,2057,50,0.216
652,2058,50,0.216
652,2059,50,0.213
652,2060,50,0.208
652,2061,50,0.203
652,2062,50,0.202
652,2063,50,0.196
652,2064,50,0.193
652,2065,50,0.191
652,2066,50,0.187
652,2067,50,0.186
652,2068,50,0.185
652,2069,50,0.188
652,2070,50,0.188
652,2071,50,0.185
652,2072,50,0.182
652,2073,50,0.139
652,2074,50,0.1
652,2075,50,0.1
652,2076,50,0.1
652,2077,50,0.1
652,2078,50,0.1
652,2079,50,0.1
652,2080,50,0.101
652,2081,50,0.102
652,2082,50,0.103
652,2083,50,0.104
652,2084,50,0.106
652,2085,50,0.108
652,2086,50,0.11
652,2087,50,0.111
652,2088,50,0.112
652,2089,50,0.114
652,2090,50,0.114
652,2091,50,0.115
652,2092,50,0.114
652,2093,50,0.114
652,2094,50,0.113
652,2095,50,0.112
652,2096,50,0.11
652,2097,50,0.108
652,2098,50,0.105
652,2099,50,0.103
652,2100,50,0.101
659,2024,50,0.624
659,2025,50,0.644
659,2026,50,0.656
659,2027,50,0.634
659,2028,50,0.619
659,2029,50,0.644
659,2030,50,0.678
659,2031,50,0.697
659,2032,50,0.702
659,2033,50,0.704
659,2034,50,0.714
659,2035,50,0.738
659,2036,50,0.759
659,2037,50,0.763
659,2038,50,0.757
659,2039,50,0.747
659,2040,50,0.737
659,2041,50,0.718
659,2042,50,0.688
659,2043,50,0.672
659,2044,50,0.671
659,2045,50,0.67
659,2046,50,0.667
659,2047,50,0.671
659,2048,50,0.685
659,2049,50,0.693
659,2050,50,0.676
659,2051,50,0.636
659,2052,50,0.601
659,2053,50,0.579
659,2054,50,0.558
659,2055,50,0.557
659,2056,50,0.581
659,2057,50,0.603
659,2058,50,0.601
659,2059,50,0.547
659,2060,50,0.415
659,2061,50,0.446
659,2062,50,0.563
659,2063,50,0.558
659,2064,50,0.555
659,2065,50,0.552
659,2066,50,0.55
659,2067,50,0.548
659,2068,50,0.542
659,2069,50,0.536
659,2070,50,0.53
659,2071,50,0.523
659,2072,50,0.513
659,2073,50,0.502
659,2074,50,0.499
659,2075,50,0.494
659,2076,50,0.485
659,2077,50,0.476
659,2078,50,0.469
659,2079,50,0.461
659,2080,50,0.454
659,2081,50,0.447
659,2082,50,0.441
659,2083,50,0.437
659,2084,50,0.434
659,2085,50,0.43
659,2086,50,0.427
659,2087,50,0.424
659,2088,50,0.421
659,2089,50,0.417
659,2090,50,0.412
659,2091,50,0.408
659,2092,50,0.404
659,2093,50,0.4
659,2094,50,0.397
659,2095,50,0.393
659,2096,50,0.39
659,2097,50,0.386
659,2098,50,0.383
659,2099,50,0.38
659,2100,50,0.376
662,2024,50,2.426
662,2025,50,2.428
662,2026,50,2.433
662,2027,50,2.444
662,2028,50,2.451
662,2029,50,2.463
662,2030,50,2.496
662,2031,50,2.553
662,2032,50,2.624
662,2033,50,2.678
662,2034,50,2.717
662,2035,50,2.748
662,2036,50,2.759
662,2037,50,2.764
662,2038,50,2.793
662,2039,50,2.843
662,2040,50,2.911
662,2041,50,2.989
662,2042,50,3.061
662,2043,50,3.11
662,2044,50,3.148
662,2045,50,3.167
662,2046,50,3.115
662,2047,50,3.006
662,2048,50,2.891
662,2049,50,2.838
662,2050,50,2.821
662,2051,50,2.748
662,2052,50,2.624
662,2053,50,2.517
662,2054,50,2.456
662,2055,50,2.396
662,2056,50,2.328
662,2057,50,2.292
662,2058,50,2.298
662,2059,50,2.333
662,2060,50,2.256
662,2061,50,2.047
662,2062,50,1.952
662,2063,50,1.972
662,2064,50,1.979
662,2065,50,1.976
662,2066,50,1.972
662,2067,50,1.965
662,2068,50,1.956
662,2069,50,1.945
662,2070,50,1.931
662,2071,50,1.914
662,2072,50,1.893
662,2073,50,1.872
662,2074,50,1.861
662,2075,50,1.846
662,2076,50,1.821
662,2077,50,1.797
662,2078,50,1.775
662,2079,50,1.753
662,2080,50,1.73
662,2081,50,1.706
662,2082,50,1.683
662,2083,50,1.657
662,2084,50,1.628
662,2085,50,1.598
662,2086,50,1.569
662,2087,50,1.539
662,2088,50,1.509
662,2089,50,1.482
662,2090,50,1.458
662,2091,50,1.437
662,2092,50,1.418
662,2093,50,1.4
662,2094,50,1.384
662,2095,50,1.369
662,2096,50,1.355
662,2097,50,1.342
662,2098,50,1.329
662,2099,50,1.317
662,2100,50,1.306
663,2024,50,0.344
663,2025,50,0.332
663,2026,50,0.308
663,2027,50,0.278
663,2028,50,0.269
663,2029,50,0.265
663,2030,50,0.269
663,2031,50,0.273
663,2032,50,0.266
663,2033,50,0.251
663,2034,50,0.235
663,2035,50,0.232
663,2036,50,0.221
663,2037,50,0.198
663,2038,50,0.191
663,2039,50,0.191
663,2040,50,0.177
663,2041,50,0.154
663,2042,50,0.128
663,2043,50,0.103
663,2044,50,0.071
663,2045,50,0.039
663,2046,50,0.021
663,2047,50,0.016
663,2048,50,0.008
663,2049,50,0.001
663,2050,50,0.012
663,2051,50,0.025
663,2052,50,0.043
663,2053,50,0.075
663,2054,50,0.114
663,2055,50,0.158
663,2056,50,0.192
663,2057,50,0.224
663,2058,50,0.255
663,2059,50,0.276
663,2060,50,0.293
663,2061,50,0.302
663,2062,50,0.313
663,2063,50,0.315
663,2064,50,0.311
663,2065,50,0.308
663,2066,50,0.298
663,2067,50,0.291
663,2068,50,0.28
663,2069,50,0.278
663,2070,50,0.272
663,2071,50,0.254
663,2072,50,0.234
663,2073,50,0.267
663,2074,50,0.286
663,2075,50,0.241
663,2076,50,0.213
663,2077,50,0.19
663,2078,50,0.172
663,2079,50,0.158
663,2080,50,0.15
663,2081,50,0.145
663,2082,50,0.144
663,2083,50,0.146
663,2084,50,0.152
663,2085,50,0.161
663,2086,50,0.173
663,2087,50,0.187
663,2088,50,0.203
663,2089,50,0.218
663,2090,50,0.234
663,2091,50,0.248
663,2092,50,0.261
663,2093,50,0.273
663,2094,50,0.282
663,2095,50,0.289
663,2096,50,0.293
663,2097,50,0.294
663,2098,50,0.293
663,2099,50,0.289
663,2100,50,0.283
670,2024,50,1.281
670,2025,50,1.287
670,2026,50,1.304
670,2027,50,1.303
670,2028,50,1.298
670,2029,50,1.303
670,2030,50,1.293
670,2031,50,1.278
670,2032,50,1.284
670,2033,50,1.288
670,2034,50,1.275
670,2035,50,1.245
670,2036,50,1.199
670,2037,50,1.156
670,2038,50,1.122
670,2039,50,1.109
670,2040,50,1.125
670,2041,50,1.168
670,2042,50,1.222
670,2043,50,1.261
670,2044,50,1.28
670,2045,50,1.264
670,2046,50,1.229
670,2047,50,1.185
670,2048,50,1.163
670,2049,50,1.178
670,2050,50,1.185
670,2051,50,1.17
670,2052,50,1.143
670,2053,50,1.102
670,2054,50,1.067
670,2055,50,1.065
670,2056,50,1.1
670,2057,50,1.158
670,2058,50,1.221
670,2059,50,1.267
670,2060,50,1.283
670,2061,50,1.279
670,2062,50,1.294
670,2063,50,1.314
670,2064,50,1.33
670,2065,50,1.337
670,2066,50,1.294
670,2067,50,1.21
670,2068,50,1.138
670,2069,50,1.092
670,2070,50,1.044
670,2071,50,1.001
670,2072,50,0.973
670,2073,50,0.948
670,2074,50,0.924
670,2075,50,0.907
670,2076,50,0.896
670,2077,50,0.888
670,2078,50,0.885
670,2079,50,0.884
670,2080,50,0.884
670,2081,50,0.886
670,2082,50,0.888
670,2083,50,0.89
670,2084,50,0.892
670,2085,50,0.893
670,2086,50,0.895
670,2087,50,0.895
670,2088,50,0.894
670,2089,50,0.893
670,2090,50,0.892
670,2091,50,0.89
670,2092,50,0.888
670,2093,50,0.884
670,2094,50,0.879
670,2095,50,0.872
670,2096,50,0.863
670,2097,50,0.853
670,2098,50,0.843
670,2099,50,0.83
670,2100,50,0.816
534,2024,50,0.706
534,2025,50,0.7
534,2026,50,0.699
534,2027,50,0.686
534,2028,50,0.666
534,2029,50,0.654
534,2030,50,0.652
534,2031,50,0.649
534,2032,50,0.657
534,2033,50,0.666
534,2034,50,0.671
534,2035,50,0.68
534,2036,50,0.685
534,2037,50,0.674
534,2038,50,0.66
534,2039,50,0.654
534,2040,50,0.651
534,2041,50,0.642
534,2042,50,0.63
534,2043,50,0.628
534,2044,50,0.63
534,2045,50,0.632
534,2046,50,0.629
534,2047,50,0.625
534,2048,50,0.618
534,2049,50,0.615
534,2050,50,0.627
534,2051,50,0.65
534,2052,50,0.676
534,2053,50,0.706
534,2054,50,0.74
534,2055,50,0.765
534,2056,50,0.78
534,2057,50,0.795
534,2058,50,0.807
534,2059,50,0.812
534,2060,50,0.8
534,2061,50,0.785
534,2062,50,0.774
534,2063,50,0.751
534,2064,50,0.72
534,2065,50,0.689
534,2066,50,0.661
534,2067,50,0.639
534,2068,50,0.618
534,2069,50,0.595
534,2070,50,0.574
534,2071,50,0.554
534,2072,50,0.59
534,2073,50,0.634
534,2074,50,0.632
534,2075,50,0.626
534,2076,50,0.619
534,2077,50,0.613
534,2078,50,0.609
534,2079,50,0.604
534,2080,50,0.6
534,2081,50,0.598
534,2082,50,0.595
534,2083,50,0.593
534,2084,50,0.591
534,2085,50,0.588
534,2086,50,0.585
534,2087,50,0.58
534,2088,50,0.575
534,2089,50,0.569
534,2090,50,0.563
534,2091,50,0.556
534,2092,50,0.548
534,2093,50,0.541
534,2094,50,0.534
534,2095,50,0.526
534,2096,50,0.52
534,2097,50,0.513
534,2098,50,0.506
534,2099,50,0.499
534,2100,50,0.494
780,2024,50,20.021
780,2025,50,20.166
780,2026,50,20.56
780,2027,50,21.25
780,2028,50,22.194
780,2029,50,23.16
780,2030,50,24.229
780,2031,50,25.166
780,2032,50,25.798
780,2033,50,26.255
780,2034,50,26.455
780,2035,50,26.566
780,2036,50,26.448
780,2037,50,25.816
780,2038,50,24.936
780,2039,50,24.054
780,2040,50,23.105
780,2041,50,22.228
780,2042,50,21.607
780,2043,50,21.032
780,2044,50,20.497
780,2045,50,19.894
780,2046,50,19.251
780,2047,50,18.771
780,2048,50,18.404
780,2049,50,18.225
780,2050,50,18.123
780,2051,50,17.972
780,2052,50,17.758
780,2053,50,17.536
780,2054,50,17.365
780,2055,50,17.313
780,2056,50,17.402
780,2057,50,17.487
780,2058,50,17.515
780,2059,50,17.541
780,2060,50,17.557
780,2061,50,17.525
780,2062,50,17.471
780,2063,50,17.367
780,2064,50,17.229
780,2065,50,17.073
780,2066,50,16.908
780,2067,50,16.703
780,2068,50,16.449
780,2069,50,16.246
780,2070,50,15.958
780,2071,50,15.555
780,2072,50,15.176
780,2073,50,14.819
780,2074,50,14.548
780,2075,50,14.27
780,2076,50,13.953
780,2077,50,13.693
780,2078,50,13.47
780,2079,50,13.286
780,2080,50,13.126
780,2081,50,12.982
780,2082,50,12.853
780,2083,50,12.749
780,2084,50,12.667
780,2085,50,12.602
780,2086,50,12.541
780,2087,50,12.472
780,2088,50,12.389
780,2089,50,12.299
780,2090,50,12.208
780,2091,50,12.112
780,2092,50,12.014
780,2093,50,11.905
780,2094,50,11.782
780,2095,50,11.663
780,2096,50,11.54
780,2097,50,11.405
780,2098,50,11.273
780,2099,50,11.135
780,2100,50,10.982
796,2024,50,0.781
796,2025,50,0.777
796,2026,50,0.785
796,2027,50,0.803
796,2028,50,0.827
796,2029,50,0.85
796,2030,50,0.853
796,2031,50,0.845
796,2032,50,0.84
796,2033,50,0.835
796,2034,50,0.834
796,2035,50,0.823
796,2036,50,0.814
796,2037,50,0.806
796,2038,50,0.793
796,2039,50,0.768
796,2040,50,0.737
796,2041,50,0.705
796,2042,50,0.683
796,2043,50,0.685
796,2044,50,0.703
796,2045,50,0.717
796,2046,50,0.718
796,2047,50,0.705
796,2048,50,0.677
796,2049,50,0.659
796,2050,50,0.647
796,2051,50,0.633
796,2052,50,0.623
796,2053,50,0.607
796,2054,50,0.59
796,2055,50,0.58
796,2056,50,0.587
796,2057,50,0.607
796,2058,50,0.626
796,2059,50,0.627
796,2060,50,0.608
796,2061,50,0.548
796,2062,50,0.535
796,2063,50,0.564
796,2064,50,0.563
796,2065,50,0.571
796,2066,50,0.586
796,2067,50,0.602
796,2068,50,0.614
796,2069,50,0.618
796,2070,50,0.613
796,2071,50,0.603
796,2072,50,0.595
796,2073,50,0.589
796,2074,50,0.58
796,2075,50,0.571
796,2076,50,0.561
796,2077,50,0.553
796,2078,50,0.546
796,2079,50,0.538
796,2080,50,0.532
796,2081,50,0.527
796,2082,50,0.523
796,2083,50,0.518
796,2084,50,0.514
796,2085,50,0.51
796,2086,50,0.506
796,2087,50,0.501
796,2088,50,0.496
796,2089,50,0.492
796,2090,50,0.488
796,2091,50,0.484
796,2092,50,0.48
796,2093,50,0.477
796,2094,50,0.473
796,2095,50,0.47
796,2096,50,0.467
796,2097,50,0.464
796,2098,50,0.46
796,2099,50,0.456
796,2100,50,0.452
850,2024,50,1.074
850,2025,50,1.042
850,2026,50,1.014
850,2027,50,0.996
850,2028,50,0.985
850,2029,50,0.977
850,2030,50,0.972
850,2031,50,0.971
850,2032,50,0.964
850,2033,50,0.951
850,2034,50,0.937
850,2035,50,0.913
850,2036,50,0.882
850,2037,50,0.863
850,2038,50,0.848
850,2039,50,0.839
850,2040,50,0.839
850,2041,50,0.841
850,2042,50,0.836
850,2043,50,0.819
850,2044,50,0.79
850,2045,50,0.753
850,2046,50,0.717
850,2047,50,0.693
850,2048,50,0.689
850,2049,50,0.701
850,2050,50,0.73
850,2051,50,0.765
850,2052,50,0.796
850,2053,50,0.83
850,2054,50,0.857
850,2055,50,0.874
850,2056,50,0.886
850,2057,50,0.894
850,2058,50,0.895
850,2059,50,0.892
850,2060,50,0.882
850,2061,50,0.858
850,2062,50,0.836
850,2063,50,0.821
850,2064,50,0.811
850,2065,50,0.806
850,2066,50,0.802
850,2067,50,0.798
850,2068,50,0.797
850,2069,50,0.799
850,2070,50,0.846
850,2071,50,0.884
850,2072,50,0.868
850,2073,50,0.85
850,2074,50,0.836
850,2075,50,0.826
850,2076,50,0.818
850,2077,50,0.811
850,2078,50,0.807
850,2079,50,0.804
850,2080,50,0.801
850,2081,50,0.8
850,2082,50,0.797
850,2083,50,0.794
850,2084,50,0.791
850,2085,50,0.787
850,2086,50,0.783
850,2087,50,0.778
850,2088,50,0.772
850,2089,50,0.767
850,2090,50,0.763
850,2091,50,0.759
850,2092,50,0.756
850,2093,50,0.753
850,2094,50,0.749
850,2095,50,0.746
850,2096,50,0.744
850,2097,50,0.742
850,2098,50,0.74
850,2099,50,0.739
850,2100,50,0.738
84,2024,50,4.184
84,2025,50,4.291
84,2026,50,4.419
84,2027,50,4.535
84,2028,50,4.642
84,2029,50,4.773
84,2030,50,4.937
84,2031,50,5.145
84,2032,50,5.363
84,2033,50,5.562
84,2034,50,5.756
84,2035,50,5.943
84,2036,50,6.144
84,2037,50,6.352
84,2038,50,6.558
84,2039,50,6.764
84,2040,50,6.957
84,2041,50,7.16
84,2042,50,7.356
84,2043,50,7.524
84,2044,50,7.666
84,2045,50,7.778
84,2046,50,7.86
84,2047,50,7.939
84,2048,50,8.063
84,2049,50,8.209
84,2050,50,8.286
84,2051,50,8.269
84,2052,50,8.166
84,2053,50,8.005
84,2054,50,7.854
84,2055,50,7.731
84,2056,50,7.606
84,2057,50,7.477
84,2058,50,7.36
84,2059,50,7.27
84,2060,50,6.972
84,2061,50,6.783
84,2062,50,6.921
84,2063,50,7.068
84,2064,50,7.209
84,2065,50,7.301
84,2066,50,7.358
84,2067,50,7.443
84,2068,50,7.543
84,2069,50,7.316
84,2070,50,6.923
84,2071,50,6.504
84,2072,50,6.442
84,2073,50,6.839
84,2074,50,7.061
84,2075,50,7.109
84,2076,50,7.077
84,2077,50,7.023
84,2078,50,6.956
84,2079,50,6.878
84,2080,50,6.797
84,2081,50,6.722
84,2082,50,6.652
84,2083,50,6.582
84,2084,50,6.516
84,2085,50,6.452
84,2086,50,6.377
84,2087,50,6.303
84,2088,50,6.231
84,2089,50,6.151
84,2090,50,6.069
84,2091,50,5.994
84,2092,50,5.926
84,2093,50,5.865
84,2094,50,5.812
84,2095,50,5.763
84,2096,50,5.719
84,2097,50,5.678
84,2098,50,5.636
84,2099,50,5.59
84,2100,50,5.544
188,2024,50,61.289
188,2025,50,62.577
188,2026,50,64.083
188,2027,50,65.799
188,2028,50,67.581
188,2029,50,69.588
188,2030,50,71.267
188,2031,50,72.698
188,2032,50,74.464
188,2033,50,76.311
188,2034,50,78.201
188,2035,50,80.038
188,2036,50,81.227
188,2037,50,81.614
188,2038,50,81.672
188,2039,50,81.492
188,2040,50,81.214
188,2041,50,80.711
188,2042,50,80.188
188,2043,50,79.934
188,2044,50,79.725
188,2045,50,79.429
188,2046,50,78.739
188,2047,50,77.822
188,2048,50,77.363
188,2049,50,77.51
188,2050,50,77.455
188,2051,50,76.323
188,2052,50,73.669
188,2053,50,71.256
188,2054,50,70.242
188,2055,50,70.635
188,2056,50,70.183
188,2057,50,69.824
188,2058,50,71.578
188,2059,50,72.381
188,2060,50,70.282
188,2061,50,69.498
188,2062,50,70.47
188,2063,50,69.095
188,2064,50,68.525
188,2065,50,69.165
188,2066,50,68.386
188,2067,50,67.003
188,2068,50,66.332
188,2069,50,64.177
188,2070,50,59.231
188,2071,50,54.461
188,2072,50,52.194
188,2073,50,51.569
188,2074,50,51.034
188,2075,50,50.421
188,2076,50,49.946
188,2077,50,49.601
188,2078,50,49.269
188,2079,50,48.98
188,2080,50,48.747
188,2081,50,48.555
188,2082,50,48.423
188,2083,50,48.289
188,2084,50,48.098
188,2085,50,47.871
188,2086,50,47.675
188,2087,50,47.491
188,2088,50,47.271
188,2089,50,46.978
188,2090,50,46.614
188,2091,50,46.26
188,2092,50,45.897
188,2093,50,45.493
188,2094,50,45.041
188,2095,50,44.511
188,2096,50,43.949
188,2097,50,43.365
188,2098,50,42.763
188,2099,50,42.132
188,2100,50,41.444
222,2024,50,64.158
222,2025,50,65.196
222,2026,50,66.801
222,2027,50,68.305
222,2028,50,69.645
222,2029,50,70.193
222,2030,50,69.964
222,2031,50,69.517
222,2032,50,68.738
222,2033,50,67.984
222,2034,50,67.901
222,2035,50,68.853
222,2036,50,71.033
222,2037,50,74.353
222,2038,50,78.444
222,2039,50,82.644
222,2040,50,86.85
222,2041,50,91.18
222,2042,50,95.618
222,2043,50,100.226
222,2044,50,104.287
222,2045,50,107.288
222,2046,50,109.287
222,2047,50,110.533
222,2048,50,111.512
222,2049,50,111.491
222,2050,50,109.689
222,2051,50,106.337
222,2052,50,101.619
222,2053,50,96.709
222,2054,50,93.117
222,2055,50,90.595
222,2056,50,89.463
222,2057,50,91.008
222,2058,50,91.685
222,2059,50,90.792
222,2060,50,90.84
222,2061,50,91.209
222,2062,50,91.307
222,2063,50,91.0
222,2064,50,90.791
222,2065,50,89.869
222,2066,50,86.974
222,2067,50,83.499
222,2068,50,81.088
222,2069,50,80.077
222,2070,50,79.683
222,2071,50,79.119
222,2072,50,78.54
222,2073,50,77.978
222,2074,50,77.591
222,2075,50,77.118
222,2076,50,76.579
222,2077,50,76.105
222,2078,50,75.667
222,2079,50,75.209
222,2080,50,74.666
222,2081,50,74.052
222,2082,50,73.434
222,2083,50,72.753
222,2084,50,71.977
222,2085,50,71.118
222,2086,50,70.221
222,2087,50,69.285
222,2088,50,68.283
222,2089,50,67.304
222,2090,50,66.469
222,2091,50,65.748
222,2092,50,65.068
222,2093,50,64.409
222,2094,50,63.763
222,2095,50,63.171
222,2096,50,62.578
222,2097,50,61.951
222,2098,50,61.341
222,2099,50,60.741
222,2100,50,60.151
320,2024,50,140.74
320,2025,50,147.26
320,2026,50,153.813
320,2027,50,161.181
320,2028,50,168.981
320,2029,50,176.782
320,2030,50,185.311
320,2031,50,193.923
320,2032,50,201.966
320,2033,50,210.408
320,2034,50,217.506
320,2035,50,223.164
320,2036,50,230.685
320,2037,50,240.556
320,2038,50,251.842
320,2039,50,262.064
320,2040,50,270.016
320,2041,50,276.735
320,2042,50,283.778
320,2043,50,291.937
320,2044,50,300.379
320,2045,50,307.915
320,2046,50,314.09
320,2047,50,319.494
320,2048,50,324.923
320,2049,50,330.016
320,2050,50,335.141
320,2051,50,340.623
320,2052,50,343.927
320,2053,50,345.46
320,2054,50,347.213
320,2055,50,347.442
320,2056,50,347.027
320,2057,50,348.105
320,2058,50,348.633
320,2059,50,349.452
320,2060,50,352.248
320,2061,50,356.027
320,2062,50,360.332
320,2063,50,363.03
320,2064,50,365.737
320,2065,50,370.109
320,2066,50,374.372
320,2067,50,374.441
320,2068,50,369.451
320,2069,50,360.365
320,2070,50,349.227
320,2071,50,341.874
320,2072,50,339.575
320,2073,50,340.448
320,2074,50,342.601
320,2075,50,344.467
320,2076,50,345.402
320,2077,50,345.83
320,2078,50,346.078
320,2079,50,346.756
320,2080,50,347.764
320,2081,50,348.615
320,2082,50,349.171
320,2083,50,349.698
320,2084,50,349.893
320,2085,50,349.701
320,2086,50,349.241
320,2087,50,348.207
320,2088,50,346.762
320,2089,50,344.879
320,2090,50,342.367
320,2091,50,339.703
320,2092,50,337.151
320,2093,50,334.649
320,2094,50,332.343
320,2095,50,330.205
320,2096,50,328.209
320,2097,50,326.262
320,2098,50,324.638
320,2099,50,323.241
320,2100,50,321.619
340,2024,50,95.311
340,2025,50,100.862
340,2026,50,106.54
340,2027,50,111.509
340,2028,50,116.075
340,2029,50,120.488
340,2030,50,124.634
340,2031,50,128.372
340,2032,50,131.869
340,2033,50,135.19
340,2034,50,138.297
340,2035,50,141.332
340,2036,50,144.843
340,2037,50,149.044
340,2038,50,152.841
340,2039,50,155.964
340,2040,50,159.601
340,2041,50,163.818
340,2042,50,168.247
340,2043,50,172.78
340,2044,50,177.086
340,2045,50,181.134
340,2046,50,184.583
340,2047,50,187.367
340,2048,50,190.136
340,2049,50,193.646
340,2050,50,197.725
340,2051,50,200.409
340,2052,50,201.106
340,2053,50,200.858
340,2054,50,200.612
340,2055,50,200.476
340,2056,50,199.979
340,2057,50,200.011
340,2058,50,200.761
340,2059,50,201.522
340,2060,50,201.821
340,2061,50,201.971
340,2062,50,202.597
340,2063,50,203.172
340,2064,50,203.805
340,2065,50,205.127
340,2066,50,206.916
340,2067,50,208.638
340,2068,50,211.06
340,2069,50,213.509
340,2070,50,214.956
340,2071,50,216.254
340,2072,50,217.521
340,2073,50,218.767
340,2074,50,219.842
340,2075,50,220.528
340,2076,50,220.767
340,2077,50,220.724
340,2078,50,220.726
340,2079,50,220.558
340,2080,50,220.031
340,2081,50,219.412
340,2082,50,218.876
340,2083,50,218.283
340,2084,50,217.57
340,2085,50,217.004
340,2086,50,216.491
340,2087,50,215.786
340,2088,50,215.165
340,2089,50,214.705
340,2090,50,214.317
340,2091,50,214.016
340,2092,50,213.711
340,2093,50,213.358
340,2094,50,212.994
340,2095,50,212.624
340,2096,50,212.166
340,2097,50,211.616
340,2098,50,211.021
340,2099,50,210.572
340,2100,50,210.273
484,2024,50,1529.246
484,2025,50,1536.172
484,2026,50,1545.236
484,2027,50,1564.491
484,2028,50,1585.751
484,2029,50,1603.758
484,2030,50,1617.397
484,2031,50,1641.262
484,2032,50,1677.376
484,2033,50,1699.403
484,2034,50,1720.907
484,2035,50,1753.373
484,2036,50,1784.971
484,2037,50,1812.517
484,2038,50,1833.272
484,2039,50,1867.737
484,2040,50,1914.618
484,2041,50,1945.091
484,2042,50,1955.532
484,2043,50,1959.043
484,2044,50,1969.851
484,2045,50,1982.113
484,2046,50,1975.923
484,2047,50,1963.016
484,2048,50,1965.915
484,2049,50,1982.397
484,2050,50,2015.563
484,2051,50,2043.486
484,2052,50,2052.262
484,2053,50,2052.502
484,2054,50,2047.232
484,2055,50,2043.277
484,2056,50,2038.312
484,2057,50,2036.0
484,2058,50,2039.253
484,2059,50,2046.938
484,2060,50,2055.884
484,2061,50,2064.214
484,2062,50,2070.7
484,2063,50,2072.263
484,2064,50,2052.001
484,2065,50,2004.459
484,2066,50,1957.383
484,2067,50,1922.724
484,2068,50,1907.487
484,2069,50,1909.579
484,2070,50,1901.795
484,2071,50,1887.671
484,2072,50,1872.052
484,2073,50,1850.298
484,2074,50,1832.994
484,2075,50,1818.648
484,2076,50,1805.071
484,2077,50,1793.201
484,2078,50,1781.56
484,2079,50,1771.931
484,2080,50,1762.693
484,2081,50,1754.056
484,2082,50,1746.035
484,2083,50,1737.102
484,2084,50,1727.77
484,2085,50,1718.55
484,2086,50,1708.656
484,2087,50,1698.697
484,2088,50,1688.685
484,2089,50,1677.046
484,2090,50,1663.682
484,2091,50,1649.18
484,2092,50,1634.272
484,2093,50,1619.579
484,2094,50,1606.204
484,2095,50,1592.937
484,2096,50,1578.609
484,2097,50,1563.812
484,2098,50,1549.941
484,2099,50,1537.131
484,2100,50,1524.127
558,2024,50,68.22
558,2025,50,70.367
558,2026,50,72.559
558,2027,50,74.859
558,2028,50,77.013
558,2029,50,79.31
558,2030,50,81.706
558,2031,50,83.817
558,2032,50,86.032
558,2033,50,88.28
558,2034,50,90.485
558,2035,50,92.842
558,2036,50,95.295
558,2037,50,97.827
558,2038,50,100.497
558,2039,50,102.932
558,2040,50,105.039
558,2041,50,107.234
558,2042,50,109.072
558,2043,50,110.298
558,2044,50,111.1
558,2045,50,111.519
558,2046,50,112.269
558,2047,50,112.812
558,2048,50,112.827
558,2049,50,113.169
558,2050,50,113.732
558,2051,50,113.654
558,2052,50,112.978
558,2053,50,113.268
558,2054,50,114.676
558,2055,50,116.655
558,2056,50,118.1
558,2057,50,118.903
558,2058,50,119.812
558,2059,50,120.585
558,2060,50,121.336
558,2061,50,121.764
558,2062,50,121.937
558,2063,50,121.969
558,2064,50,121.871
558,2065,50,121.782
558,2066,50,121.572
558,2067,50,121.229
558,2068,50,120.666
558,2069,50,120.065
558,2070,50,119.627
558,2071,50,119.005
558,2072,50,118.321
558,2073,50,117.968
558,2074,50,118.024
558,2075,50,117.987
558,2076,50,117.564
558,2077,50,117.137
558,2078,50,116.635
558,2079,50,116.057
558,2080,50,115.509
558,2081,50,114.963
558,2082,50,114.481
558,2083,50,114.116
558,2084,50,113.763
558,2085,50,113.374
558,2086,50,112.841
558,2087,50,112.29
558,2088,50,111.756
558,2089,50,111.136
558,2090,50,110.539
558,2091,50,109.935
558,2092,50,109.328
558,2093,50,108.768
558,2094,50,108.165
558,2095,50,107.519
558,2096,50,106.899
558,2097,50,106.268
558,2098,50,105.547
558,2099,50,104.859
558,2100,50,104.177
591,2024,50,53.004
591,2025,50,53.461
591,2026,50,53.864
591,2027,50,54.283
591,2028,50,54.766
591,2029,50,55.512
591,2030,50,56.496
591,2031,50,57.631
591,2032,50,58.916
591,2033,50,60.27
591,2034,50,61.421
591,2035,50,62.185
591,2036,50,62.784
591,2037,50,63.306
591,2038,50,63.792
591,2039,50,64.43
591,2040,50,65.165
591,2041,50,65.579
591,2042,50,65.886
591,2043,50,66.418
591,2044,50,66.994
591,2045,50,67.6
591,2046,50,68.241
591,2047,50,68.864
591,2048,50,69.44
591,2049,50,69.944
591,2050,50,70.328
591,2051,50,70.676
591,2052,50,71.003
591,2053,50,71.338
591,2054,50,71.976
591,2055,50,72.339
591,2056,50,72.368
591,2057,50,72.787
591,2058,50,73.457
591,2059,50,74.044
591,2060,50,74.594
591,2061,50,75.582
591,2062,50,76.497
591,2063,50,76.869
591,2064,50,77.181
591,2065,50,77.487
591,2066,50,77.631
591,2067,50,77.495
591,2068,50,76.849
591,2069,50,75.055
591,2070,50,72.584
591,2071,50,71.197
591,2072,50,71.044
591,2073,50,71.16
591,2074,50,71.379
591,2075,50,71.536
591,2076,50,71.505
591,2077,50,71.471
591,2078,50,71.443
591,2079,50,71.374
591,2080,50,71.287
591,2081,50,71.3
591,2082,50,71.401
591,2083,50,71.455
591,2084,50,71.445
591,2085,50,71.461
591,2086,50,71.49
591,2087,50,71.498
591,2088,50,71.427
591,2089,50,71.238
591,2090,50,70.974
591,2091,50,70.687
591,2092,50,70.357
591,2093,50,70.028
591,2094,50,69.718
591,2095,50,69.395
591,2096,50,69.113
591,2097,50,68.799
591,2098,50,68.474
591,2099,50,68.185
591,2100,50,67.858
32,2024,50,543.308
32,2025,50,560.924
32,2026,50,577.803
32,2027,50,595.224
32,2028,50,608.578
32,2029,50,616.264
32,2030,50,620.326
32,2031,50,621.708
32,2032,50,621.835
32,2033,50,621.113
32,2034,50,622.433
32,2035,50,624.155
32,2036,50,627.449
32,2037,50,633.902
32,2038,50,642.575
32,2039,50,650.805
32,2040,50,659.803
32,2041,50,669.197
32,2042,50,674.586
32,2043,50,680.286
32,2044,50,685.789
32,2045,50,685.774
32,2046,50,679.583
32,2047,50,672.616
32,2048,50,669.798
32,2049,50,673.433
32,2050,50,675.641
32,2051,50,671.894
32,2052,50,668.97
32,2053,50,667.333
32,2054,50,667.777
32,2055,50,673.688
32,2056,50,679.126
32,2057,50,680.647
32,2058,50,694.328
32,2059,50,707.562
32,2060,50,713.177
32,2061,50,720.518
32,2062,50,712.302
32,2063,50,710.608
32,2064,50,729.656
32,2065,50,737.585
32,2066,50,720.019
32,2067,50,695.55
32,2068,50,671.089
32,2069,50,628.396
32,2070,50,556.291
32,2071,50,510.783
32,2072,50,493.415
32,2073,50,481.553
32,2074,50,486.913
32,2075,50,489.252
32,2076,50,491.278
32,2077,50,493.431
32,2078,50,495.179
32,2079,50,497.085
32,2080,50,499.529
32,2081,50,501.843
32,2082,50,503.911
32,2083,50,506.032
32,2084,50,507.843
32,2085,50,508.943
32,2086,50,509.683
32,2087,50,510.227
32,2088,50,509.887
32,2089,50,508.286
32,2090,50,505.701
32,2091,50,502.143
32,2092,50,497.884
32,2093,50,493.623
32,2094,50,489.063
32,2095,50,483.971
32,2096,50,478.16
32,2097,50,471.579
32,2098,50,464.674
32,2099,50,457.799
32,2100,50,450.887
68,2024,50,116.626
68,2025,50,119.713
68,2026,50,123.519
68,2027,50,127.489
68,2028,50,130.686
68,2029,50,133.669
68,2030,50,136.811
68,2031,50,140.283
68,2032,50,143.77
68,2033,50,147.464
68,2034,50,151.755
68,2035,50,155.955
68,2036,50,160.477
68,2037,50,165.762
68,2038,50,171.169
68,2039,50,176.197
68,2040,50,180.636
68,2041,50,185.027
68,2042,50,188.034
68,2043,50,189.793
68,2044,50,191.807
68,2045,50,193.918
68,2046,50,196.43
68,2047,50,198.17
68,2048,50,199.716
68,2049,50,202.44
68,2050,50,204.103
68,2051,50,204.339
68,2052,50,204.771
68,2053,50,206.196
68,2054,50,207.996
68,2055,50,209.802
68,2056,50,213.31
68,2057,50,216.317
68,2058,50,217.454
68,2059,50,218.616
68,2060,50,219.766
68,2061,50,220.862
68,2062,50,221.827
68,2063,50,222.637
68,2064,50,223.24
68,2065,50,223.698
68,2066,50,224.068
68,2067,50,224.427
68,2068,50,224.878
68,2069,50,225.447
68,2070,50,226.148
68,2071,50,226.998
68,2072,50,227.793
68,2073,50,228.243
68,2074,50,228.98
68,2075,50,230.06
68,2076,50,230.773
68,2077,50,231.4
68,2078,50,231.927
68,2079,50,232.29
68,2080,50,232.647
68,2081,50,232.887
68,2082,50,232.947
68,2083,50,233.004
68,2084,50,233.043
68,2085,50,232.932
68,2086,50,232.635
68,2087,50,232.29
68,2088,50,232.054
68,2089,50,231.69
68,2090,50,231.149
68,2091,50,230.676
68,2092,50,230.269
68,2093,50,229.9
68,2094,50,229.425
68,2095,50,228.912
68,2096,50,228.481
68,2097,50,228.075
68,2098,50,227.702
68,2099,50,227.199
68,2100,50,226.716
76,2024,50,2748.626
76,2025,50,2796.906
76,2026,50,2862.53
76,2027,50,2932.05
76,2028,50,3002.044
76,2029,50,3069.003
76,2030,50,3130.881
76,2031,50,3185.026
76,2032,50,3226.558
76,2033,50,3251.6
76,2034,50,3256.725
76,2035,50,3250.609
76,2036,50,3238.828
76,2037,50,3211.338
76,2038,50,3173.668
76,2039,50,3139.958
76,2040,50,3104.295
76,2041,50,3070.868
76,2042,50,3041.393
76,2043,50,3032.707
76,2044,50,3043.734
76,2045,50,3061.412
76,2046,50,3078.579
76,2047,50,3091.308
76,2048,50,3106.328
76,2049,50,3092.188
76,2050,50,3047.797
76,2051,50,2994.53
76,2052,50,2936.911
76,2053,50,2876.057
76,2054,50,2841.753
76,2055,50,2833.013
76,2056,50,2807.33
76,2057,50,2767.927
76,2058,50,2728.895
76,2059,50,2705.172
76,2060,50,2698.114
76,2061,50,2693.126
76,2062,50,2688.275
76,2063,50,2685.637
76,2064,50,2700.112
76,2065,50,2718.034
76,2066,50,2683.824
76,2067,50,2654.569
76,2068,50,2664.832
76,2069,50,2630.908
76,2070,50,2550.213
76,2071,50,2486.749
76,2072,50,2455.084
76,2073,50,2425.012
76,2074,50,2396.502
76,2075,50,2366.599
76,2076,50,2334.69
76,2077,50,2308.321
76,2078,50,2285.21
76,2079,50,2265.882
76,2080,50,2249.113
76,2081,50,2232.511
76,2082,50,2215.409
76,2083,50,2199.719
76,2084,50,2186.098
76,2085,50,2171.802
76,2086,50,2156.946
76,2087,50,2143.078
76,2088,50,2130.4
76,2089,50,2115.403
76,2090,50,2099.866
76,2091,50,2084.482
76,2092,50,2066.234
76,2093,50,2047.685
76,2094,50,2029.412
76,2095,50,2009.929
76,2096,50,1991.616
76,2097,50,1973.805
76,2098,50,1955.39
76,2099,50,1936.47
76,2100,50,1916.979
152,2024,50,259.073
152,2025,50,260.556
152,2026,50,262.665
152,2027,50,265.214
152,2028,50,267.969
152,2029,50,270.576
152,2030,50,273.654
152,2031,50,277.416
152,2032,50,281.567
152,2033,50,286.548
152,2034,50,292.452
152,2035,50,298.909
152,2036,50,305.754
152,2037,50,312.791
152,2038,50,319.559
152,2039,50,325.849
152,2040,50,331.269
152,2041,50,335.046
152,2042,50,334.118
152,2043,50,331.078
152,2044,50,328.891
152,2045,50,327.267
152,2046,50,323.89
152,2047,50,316.23
152,2048,50,308.468
152,2049,50,300.302
152,2050,50,292.926
152,2051,50,287.139
152,2052,50,278.361
152,2053,50,268.908
152,2054,50,261.695
152,2055,50,256.933
152,2056,50,253.702
152,2057,50,254.036
152,2058,50,258.023
152,2059,50,260.993
152,2060,50,262.016
152,2061,50,261.548
152,2062,50,260.366
152,2063,50,259.829
152,2064,50,260.226
152,2065,50,259.186
152,2066,50,255.598
152,2067,50,246.564
152,2068,50,240.108
152,2069,50,233.687
152,2070,50,218.893
152,2071,50,201.635
152,2072,50,198.445
152,2073,50,197.951
152,2074,50,189.28
152,2075,50,185.629
152,2076,50,183.136
152,2077,50,181.32
152,2078,50,179.83
152,2079,50,178.526
152,2080,50,177.218
152,2081,50,175.885
152,2082,50,174.627
152,2083,50,173.14
152,2084,50,171.587
152,2085,50,170.177
152,2086,50,168.68
152,2087,50,167.009
152,2088,50,165.393
152,2089,50,164.057
152,2090,50,162.738
152,2091,50,161.279
152,2092,50,159.929
152,2093,50,158.665
152,2094,50,157.484
152,2095,50,156.265
152,2096,50,154.863
152,2097,50,153.501
152,2098,50,152.045
152,2099,50,150.582
152,2100,50,148.974
170,2024,50,619.061
170,2025,50,631.144
170,2026,50,646.759
170,2027,50,663.075
170,2028,50,675.469
170,2029,50,688.633
170,2030,50,707.231
170,2031,50,726.923
170,2032,50,746.082
170,2033,50,760.824
170,2034,50,767.813
170,2035,50,772.83
170,2036,50,783.416
170,2037,50,798.307
170,2038,50,814.015
170,2039,50,832.144
170,2040,50,852.209
170,2041,50,872.088
170,2042,50,891.885
170,2043,50,911.307
170,2044,50,923.83
170,2045,50,923.068
170,2046,50,915.153
170,2047,50,913.687
170,2048,50,917.826
170,2049,50,912.284
170,2050,50,898.432
170,2051,50,885.353
170,2052,50,874.751
170,2053,50,864.893
170,2054,50,849.149
170,2055,50,827.347
170,2056,50,806.905
170,2057,50,793.09
170,2058,50,784.715
170,2059,50,774.193
170,2060,50,755.534
170,2061,50,735.41
170,2062,50,724.028
170,2063,50,718.316
170,2064,50,712.269
170,2065,50,703.172
170,2066,50,690.577
170,2067,50,687.65
170,2068,50,696.136
170,2069,50,705.128
170,2070,50,709.631
170,2071,50,709.275
170,2072,50,706.386
170,2073,50,701.254
170,2074,50,696.006
170,2075,50,689.112
170,2076,50,679.966
170,2077,50,671.342
170,2078,50,663.637
170,2079,50,656.24
170,2080,50,648.455
170,2081,50,640.464
170,2082,50,632.477
170,2083,50,624.769
170,2084,50,617.3
170,2085,50,609.534
170,2086,50,602.497
170,2087,50,596.281
170,2088,50,590.498
170,2089,50,584.75
170,2090,50,578.671
170,2091,50,572.933
170,2092,50,567.448
170,2093,50,562.355
170,2094,50,558.002
170,2095,50,553.706
170,2096,50,549.378
170,2097,50,545.649
170,2098,50,541.81
170,2099,50,538.096
170,2100,50,534.588
218,2024,50,197.418
218,2025,50,201.979
218,2026,50,206.667
218,2027,50,211.556
218,2028,50,216.66
218,2029,50,222.064
218,2030,50,227.82
218,2031,50,233.741
218,2032,50,239.548
218,2033,50,245.448
218,2034,50,251.889
218,2035,50,256.347
218,2036,50,258.531
218,2037,50,260.688
218,2038,50,264.001
218,2039,50,269.477
218,2040,50,275.26
218,2041,50,280.558
218,2042,50,285.02
218,2043,50,287.406
218,2044,50,288.764
218,2045,50,291.227
218,2046,50,294.944
218,2047,50,296.965
218,2048,50,297.242
218,2049,50,297.502
218,2050,50,297.363
218,2051,50,296.887
218,2052,50,296.395
218,2053,50,296.084
218,2054,50,295.992
218,2055,50,296.319
218,2056,50,297.373
218,2057,50,298.789
218,2058,50,301.877
218,2059,50,306.975
218,2060,50,308.974
218,2061,50,310.573
218,2062,50,309.678
218,2063,50,299.645
218,2064,50,289.537
218,2065,50,284.538
218,2066,50,279.319
218,2067,50,278.471
218,2068,50,282.106
218,2069,50,279.994
218,2070,50,273.677
218,2071,50,267.368
218,2072,50,261.66
218,2073,50,257.089
218,2074,50,254.536
218,2075,50,253.738
218,2076,50,253.478
218,2077,50,253.441
218,2078,50,253.464
218,2079,50,253.322
218,2080,50,252.988
218,2081,50,252.491
218,2082,50,251.643
218,2083,50,250.698
218,2084,50,249.665
218,2085,50,248.534
218,2086,50,247.442
218,2087,50,246.352
218,2088,50,245.162
218,2089,50,243.598
218,2090,50,241.871
218,2091,50,240.034
218,2092,50,238.016
218,2093,50,236.004
218,2094,50,233.967
218,2095,50,231.909
218,2096,50,229.83
218,2097,50,227.752
218,2098,50,225.639
218,2099,50,223.459
218,2100,50,221.296
238,2024,50,0.066
238,2025,50,0.063
238,2026,50,0.063
238,2027,50,0.062
238,2028,50,0.065
238,2029,50,0.062
238,2030,50,0.058
238,2031,50,0.061
238,2032,50,0.059
238,2033,50,0.055
238,2034,50,0.055
238,2035,50,0.052
238,2036,50,0.048
238,2037,50,0.045
238,2038,50,0.046
238,2039,50,0.05
238,2040,50,0.053
238,2041,50,0.054
238,2042,50,0.051
238,2043,50,0.047
238,2044,50,0.038
238,2045,50,0.029
238,2046,50,0.03
238,2047,50,0.032
238,2048,50,0.03
238,2049,50,0.026
238,2050,50,0.024
238,2051,50,0.022
238,2052,50,0.022
238,2053,50,0.022
238,2054,50,0.023
238,2055,50,0.027
238,2056,50,0.029
238,2057,50,0.031
238,2058,50,0.03
238,2059,50,0.032
238,2060,50,0.035
238,2061,50,0.037
238,2062,50,0.036
238,2063,50,0.035
238,2064,50,0.034
238,2065,50,0.035
238,2066,50,0.034
238,2067,50,0.032
238,2068,50,0.031
238,2069,50,0.028
238,2070,50,0.027
238,2071,50,0.033
238,2072,50,0.038
238,2073,50,0.036
238,2074,50,0.034
238,2075,50,0.033
238,2076,50,0.032
238,2077,50,0.03
238,2078,50,0.029
238,2079,50,0.028
238,2080,50,0.027
238,2081,50,0.026
238,2082,50,0.026
238,2083,50,0.025
238,2084,50,0.025
238,2085,50,0.025
238,2086,50,0.025
238,2087,50,0.025
238,2088,50,0.026
238,2089,50,0.026
238,2090,50,0.027
238,2091,50,0.027
238,2092,50,0.027
238,2093,50,0.028
238,2094,50,0.028
238,2095,50,0.028
238,2096,50,0.028
238,2097,50,0.028
238,2098,50,0.028
238,2099,50,0.028
238,2100,50,0.027
254,2024,50,3.184
254,2025,50,3.266
254,2026,50,3.228
254,2027,50,3.109
254,2028,50,3.151
254,2029,50,3.347
254,2030,50,3.778
254,2031,50,3.792
254,2032,50,3.771
254,2033,50,3.908
254,2034,50,3.87
254,2035,50,3.992
254,2036,50,4.032
254,2037,50,3.883
254,2038,50,3.85
254,2039,50,3.944
254,2040,50,4.08
254,2041,50,3.95
254,2042,50,3.74
254,2043,50,3.785
254,2044,50,3.669
254,2045,50,3.643
254,2046,50,3.63
254,2047,50,3.589
254,2048,50,3.718
254,2049,50,3.92
254,2050,50,4.243
254,2051,50,4.376
254,2052,50,4.556
254,2053,50,4.928
254,2054,50,5.111
254,2055,50,5.525
254,2056,50,5.879
254,2057,50,6.005
254,2058,50,6.148
254,2059,50,6.125
254,2060,50,6.116
254,2061,50,6.146
254,2062,50,6.359
254,2063,50,6.366
254,2064,50,6.101
254,2065,50,6.141
254,2066,50,6.148
254,2067,50,6.251
254,2068,50,6.522
254,2069,50,6.686
254,2070,50,6.64
254,2071,50,6.533
254,2072,50,6.48
254,2073,50,7.058
254,2074,50,7.689
254,2075,50,7.665
254,2076,50,7.662
254,2077,50,7.676
254,2078,50,7.707
254,2079,50,7.751
254,2080,50,7.805
254,2081,50,7.868
254,2082,50,7.941
254,2083,50,8.019
254,2084,50,8.094
254,2085,50,8.166
254,2086,50,8.237
254,2087,50,8.306
254,2088,50,8.372
254,2089,50,8.437
254,2090,50,8.504
254,2091,50,8.569
254,2092,50,8.636
254,2093,50,8.702
254,2094,50,8.756
254,2095,50,8.806
254,2096,50,8.859
254,2097,50,8.911
254,2098,50,8.96
254,2099,50,9.006
254,2100,50,9.054
328,2024,50,8.724
328,2025,50,8.807
328,2026,50,8.815
328,2027,50,8.724
328,2028,50,8.647
328,2029,50,8.579
328,2030,50,8.498
328,2031,50,8.416
328,2032,50,8.338
328,2033,50,8.285
328,2034,50,8.277
328,2035,50,8.33
328,2036,50,8.444
328,2037,50,8.629
328,2038,50,8.885
328,2039,50,9.329
328,2040,50,9.941
328,2041,50,10.706
328,2042,50,11.326
328,2043,50,11.694
328,2044,50,12.137
328,2045,50,12.548
328,2046,50,12.805
328,2047,50,12.939
328,2048,50,12.928
328,2049,50,12.715
328,2050,50,12.357
328,2051,50,11.933
328,2052,50,11.463
328,2053,50,11.031
328,2054,50,10.769
328,2055,50,10.714
328,2056,50,10.91
328,2057,50,11.283
328,2058,50,11.679
328,2059,50,12.008
328,2060,50,12.191
328,2061,50,12.326
328,2062,50,12.486
328,2063,50,12.704
328,2064,50,12.933
328,2065,50,13.058
328,2066,50,13.111
328,2067,50,13.099
328,2068,50,13.045
328,2069,50,13.242
328,2070,50,13.296
328,2071,50,13.081
328,2072,50,12.991
328,2073,50,12.84
328,2074,50,12.662
328,2075,50,12.528
328,2076,50,12.419
328,2077,50,12.324
328,2078,50,12.228
328,2079,50,12.131
328,2080,50,12.046
328,2081,50,11.971
328,2082,50,11.912
328,2083,50,11.869
328,2084,50,11.834
328,2085,50,11.808
328,2086,50,11.789
328,2087,50,11.767
328,2088,50,11.762
328,2089,50,11.776
328,2090,50,11.777
328,2091,50,11.768
328,2092,50,11.739
328,2093,50,11.698
328,2094,50,11.655
328,2095,50,11.593
328,2096,50,11.526
328,2097,50,11.461
328,2098,50,11.392
328,2099,50,11.317
328,2100,50,11.249
600,2024,50,64.601
600,2025,50,65.855
600,2026,50,67.212
600,2027,50,69.145
600,2028,50,71.438
600,2029,50,74.342
600,2030,50,78.094
600,2031,50,82.369
600,2032,50,86.299
600,2033,50,89.519
600,2034,50,92.66
600,2035,50,95.602
600,2036,50,98.359
600,2037,50,100.809
600,2038,50,103.04
600,2039,50,104.946
600,2040,50,106.153
600,2041,50,107.392
600,2042,50,108.698
600,2043,50,109.255
600,2044,50,109.61
600,2045,50,110.151
600,2046,50,110.432
600,2047,50,110.463
600,2048,50,110.165
600,2049,50,109.453
600,2050,50,107.911
600,2051,50,105.808
600,2052,50,103.821
600,2053,50,102.513
600,2054,50,102.532
600,2055,50,103.124
600,2056,50,103.42
600,2057,50,103.897
600,2058,50,105.356
600,2059,50,107.375
600,2060,50,108.51
600,2061,50,109.637
600,2062,50,111.909
600,2063,50,114.117
600,2064,50,116.58
600,2065,50,119.375
600,2066,50,121.228
600,2067,50,122.039
600,2068,50,122.317
600,2069,50,122.24
600,2070,50,121.87
600,2071,50,121.476
600,2072,50,120.941
600,2073,50,120.265
600,2074,50,119.803
600,2075,50,119.378
600,2076,50,118.665
600,2077,50,117.931
600,2078,50,117.284
600,2079,50,116.676
600,2080,50,116.13
600,2081,50,115.562
600,2082,50,115.098
600,2083,50,114.82
600,2084,50,114.577
600,2085,50,114.373
600,2086,50,114.183
600,2087,50,113.954
600,2088,50,113.747
600,2089,50,113.612
600,2090,50,113.556
600,2091,50,113.61
600,2092,50,113.701
600,2093,50,113.719
600,2094,50,113.657
600,2095,50,113.573
600,2096,50,113.481
600,2097,50,113.306
600,2098,50,113.033
600,2099,50,112.732
600,2100,50,112.402
604,2024,50,394.264
604,2025,50,401.403
604,2026,50,407.513
604,2027,50,412.888
604,2028,50,418.365
604,2029,50,424.586
604,2030,50,431.238
604,2031,50,438.742
604,2032,50,447.818
604,2033,50,458.569
604,2034,50,469.981
604,2035,50,481.408
604,2036,50,492.267
604,2037,50,501.366
604,2038,50,509.394
604,2039,50,516.17
604,2040,50,521.47
604,2041,50,526.055
604,2042,50,529.37
604,2043,50,531.487
604,2044,50,532.524
604,2045,50,532.415
604,2046,50,531.882
604,2047,50,531.712
604,2048,50,532.154
604,2049,50,533.095
604,2050,50,534.714
604,2051,50,532.55
604,2052,50,530.544
604,2053,50,534.86
604,2054,50,544.344
604,2055,50,552.129
604,2056,50,555.323
604,2057,50,557.163
604,2058,50,554.902
604,2059,50,550.338
604,2060,50,544.335
604,2061,50,542.104
604,2062,50,538.867
604,2063,50,532.212
604,2064,50,527.722
604,2065,50,522.999
604,2066,50,519.599
604,2067,50,517.883
604,2068,50,517.218
604,2069,50,517.994
604,2070,50,518.235
604,2071,50,516.542
604,2072,50,514.766
604,2073,50,512.947
604,2074,50,512.092
604,2075,50,510.603
604,2076,50,507.758
604,2077,50,505.389
604,2078,50,503.262
604,2079,50,500.739
604,2080,50,497.746
604,2081,50,494.695
604,2082,50,491.882
604,2083,50,489.433
604,2084,50,486.925
604,2085,50,484.198
604,2086,50,481.522
604,2087,50,478.564
604,2088,50,475.633
604,2089,50,473.114
604,2090,50,470.418
604,2091,50,467.644
604,2092,50,464.778
604,2093,50,461.806
604,2094,50,459.139
604,2095,50,456.311
604,2096,50,453.063
604,2097,50,449.436
604,2098,50,445.932
604,2099,50,443.132
604,2100,50,440.595
740,2024,50,7.337
740,2025,50,7.095
740,2026,50,6.874
740,2027,50,6.816
740,2028,50,6.921
740,2029,50,7.155
740,2030,50,7.439
740,2031,50,7.713
740,2032,50,8.026
740,2033,50,8.329
740,2034,50,8.47
740,2035,50,8.427
740,2036,50,8.281
740,2037,50,8.142
740,2038,50,8.08
740,2039,50,8.105
740,2040,50,8.15
740,2041,50,8.151
740,2042,50,8.182
740,2043,50,8.309
740,2044,50,8.512
740,2045,50,8.8
740,2046,50,9.125
740,2047,50,9.426
740,2048,50,9.7
740,2049,50,9.941
740,2050,50,10.123
740,2051,50,10.193
740,2052,50,10.113
740,2053,50,9.903
740,2054,50,9.685
740,2055,50,9.578
740,2056,50,9.618
740,2057,50,9.726
740,2058,50,9.797
740,2059,50,9.823
740,2060,50,9.819
740,2061,50,9.807
740,2062,50,9.851
740,2063,50,9.916
740,2064,50,9.933
740,2065,50,9.902
740,2066,50,9.793
740,2067,50,9.64
740,2068,50,9.522
740,2069,50,9.476
740,2070,50,9.476
740,2071,50,9.493
740,2072,50,9.519
740,2073,50,9.534
740,2074,50,9.552
740,2075,50,9.569
740,2076,50,9.556
740,2077,50,9.533
740,2078,50,9.513
740,2079,50,9.503
740,2080,50,9.492
740,2081,50,9.478
740,2082,50,9.463
740,2083,50,9.441
740,2084,50,9.416
740,2085,50,9.395
740,2086,50,9.364
740,2087,50,9.317
740,2088,50,9.268
740,2089,50,9.217
740,2090,50,9.16
740,2091,50,9.103
740,2092,50,9.043
740,2093,50,8.986
740,2094,50,8.933
740,2095,50,8.871
740,2096,50,8.808
740,2097,50,8.751
740,2098,50,8.693
740,2099,50,8.639
740,2100,50,8.591
858,2024,50,43.406
858,2025,50,45.284
858,2026,50,46.178
858,2027,50,45.658
858,2028,50,44.651
858,2029,50,43.544
858,2030,50,42.025
858,2031,50,41.147
858,2032,50,41.223
858,2033,50,41.546
858,2034,50,41.895
858,2035,50,42.478
858,2036,50,43.274
858,2037,50,44.304
858,2038,50,45.485
858,2039,50,46.375
858,2040,50,46.822
858,2041,50,47.089
858,2042,50,47.345
858,2043,50,47.587
858,2044,50,48.228
858,2045,50,48.834
858,2046,50,48.817
858,2047,50,48.569
858,2048,50,48.001
858,2049,50,47.541
858,2050,50,47.043
858,2051,50,46.346
858,2052,50,46.135
858,2053,50,45.708
858,2054,50,45.053
858,2055,50,45.001
858,2056,50,44.872
858,2057,50,44.395
858,2058,50,44.061
858,2059,50,43.88
858,2060,50,43.815
858,2061,50,43.587
858,2062,50,43.713
858,2063,50,44.373
858,2064,50,44.656
858,2065,50,44.848
858,2066,50,44.263
858,2067,50,41.897
858,2068,50,38.734
858,2069,50,35.861
858,2070,50,33.839
858,2071,50,32.525
858,2072,50,31.766
858,2073,50,31.424
858,2074,50,31.17
858,2075,50,30.973
858,2076,50,30.847
858,2077,50,30.778
858,2078,50,30.74
858,2079,50,30.711
858,2080,50,30.712
858,2081,50,30.706
858,2082,50,30.662
858,2083,50,30.619
858,2084,50,30.56
858,2085,50,30.445
858,2086,50,30.277
858,2087,50,30.09
858,2088,50,29.877
858,2089,50,29.633
858,2090,50,29.37
858,2091,50,29.08
858,2092,50,28.753
858,2093,50,28.396
858,2094,50,28.01
858,2095,50,27.649
858,2096,50,27.316
858,2097,50,26.975
858,2098,50,26.613
858,2099,50,26.214
858,2100,50,25.798
862,2024,50,333.282
862,2025,50,336.4
862,2026,50,339.942
862,2027,50,343.387
862,2028,50,346.17
862,2029,50,348.073
862,2030,50,348.658
862,2031,50,347.694
862,2032,50,345.762
862,2033,50,343.649
862,2034,50,342.09
862,2035,50,340.684
862,2036,50,341.205
862,2037,50,341.692
862,2038,50,339.189
862,2039,50,334.793
862,2040,50,329.188
862,2041,50,323.294
862,2042,50,317.461
862,2043,50,312.625
862,2044,50,309.648
862,2045,50,309.012
862,2046,50,311.571
862,2047,50,317.948
862,2048,50,327.875
862,2049,50,340.87
862,2050,50,355.153
862,2051,50,375.074
862,2052,50,398.587
862,2053,50,419.232
862,2054,50,435.809
862,2055,50,453.069
862,2056,50,469.921
862,2057,50,476.47
862,2058,50,477.048
862,2059,50,475.444
862,2060,50,473.51
862,2061,50,475.318
862,2062,50,476.087
862,2063,50,470.463
862,2064,50,461.299
862,2065,50,450.887
862,2066,50,439.217
862,2067,50,425.6
862,2068,50,406.321
862,2069,50,382.332
862,2070,50,362.358
862,2071,50,352.351
862,2072,50,349.084
862,2073,50,350.355
862,2074,50,355.549
862,2075,50,361.251
862,2076,50,366.153
862,2077,50,371.274
862,2078,50,376.247
862,2079,50,380.787
862,2080,50,384.998
862,2081,50,389.106
862,2082,50,392.568
862,2083,50,394.495
862,2084,50,395.333
862,2085,50,395.173
862,2086,50,393.509
862,2087,50,390.488
862,2088,50,386.846
862,2089,50,382.588
862,2090,50,377.665
862,2091,50,372.193
862,2092,50,366.31
862,2093,50,360.59
862,2094,50,355.097
862,2095,50,350.254
862,2096,50,346.134
862,2097,50,342.39
862,2098,50,339.313
862,2099,50,336.765
862,2100,50,334.566
60,2024,50,0.927
60,2025,50,0.915
60,2026,50,0.938
60,2027,50,0.929
60,2028,50,0.903
60,2029,50,0.893
60,2030,50,0.909
60,2031,50,0.918
60,2032,50,0.924
60,2033,50,0.932
60,2034,50,0.902
60,2035,50,0.855
60,2036,50,0.811
60,2037,50,0.77
60,2038,50,0.744
60,2039,50,0.72
60,2040,50,0.694
60,2041,50,0.688
60,2042,50,0.683
60,2043,50,0.65
60,2044,50,0.633
60,2045,50,0.648
60,2046,50,0.66
60,2047,50,0.669
60,2048,50,0.678
60,2049,50,0.683
60,2050,50,0.683
60,2051,50,0.678
60,2052,50,0.672
60,2053,50,0.655
60,2054,50,0.633
60,2055,50,0.625
60,2056,50,0.634
60,2057,50,0.647
60,2058,50,0.666
60,2059,50,0.673
60,2060,50,0.657
60,2061,50,0.625
60,2062,50,0.605
60,2063,50,0.601
60,2064,50,0.592
60,2065,50,0.584
60,2066,50,0.58
60,2067,50,0.568
60,2068,50,0.547
60,2069,50,0.533
60,2070,50,0.541
60,2071,50,0.533
60,2072,50,0.513
60,2073,50,0.505
60,2074,50,0.496
60,2075,50,0.488
60,2076,50,0.482
60,2077,50,0.478
60,2078,50,0.474
60,2079,50,0.47
60,2080,50,0.467
60,2081,50,0.465
60,2082,50,0.462
60,2083,50,0.459
60,2084,50,0.455
60,2085,50,0.452
60,2086,50,0.448
60,2087,50,0.445
60,2088,50,0.441
60,2089,50,0.438
60,2090,50,0.434
60,2091,50,0.431
60,2092,50,0.428
60,2093,50,0.424
60,2094,50,0.42
60,2095,50,0.415
60,2096,50,0.411
60,2097,50,0.406
60,2098,50,0.401
60,2099,50,0.396
60,2100,50,0.39
124,2024,50,479.392
124,2025,50,486.855
124,2026,50,492.699
124,2027,50,496.706
124,2028,50,502.796
124,2029,50,513.891
124,2030,50,527.293
124,2031,50,537.297
124,2032,50,544.273
124,2033,50,551.734
124,2034,50,558.986
124,2035,50,564.963
124,2036,50,567.463
124,2037,50,566.413
124,2038,50,569.826
124,2039,50,582.662
124,2040,50,596.02
124,2041,50,600.019
124,2042,50,597.947
124,2043,50,596.58
124,2044,50,598.519
124,2045,50,602.564
124,2046,50,602.943
124,2047,50,600.137
124,2048,50,599.88
124,2049,50,604.701
124,2050,50,607.913
124,2051,50,597.661
124,2052,50,578.539
124,2053,50,569.044
124,2054,50,571.211
124,2055,50,575.081
124,2056,50,580.836
124,2057,50,589.634
124,2058,50,596.15
124,2059,50,597.176
124,2060,50,594.072
124,2061,50,590.785
124,2062,50,590.704
124,2063,50,591.833
124,2064,50,592.191
124,2065,50,592.632
124,2066,50,592.187
124,2067,50,590.175
124,2068,50,587.933
124,2069,50,586.657
124,2070,50,586.012
124,2071,50,590.139
124,2072,50,589.867
124,2073,50,586.402
124,2074,50,590.2
124,2075,50,591.853
124,2076,50,590.803
124,2077,50,590.535
124,2078,50,591.221
124,2079,50,592.35
124,2080,50,593.352
124,2081,50,594.6
124,2082,50,595.969
124,2083,50,597.219
124,2084,50,598.403
124,2085,50,599.992
124,2086,50,601.934
124,2087,50,603.656
124,2088,50,605.109
124,2089,50,606.71
124,2090,50,608.163
124,2091,50,609.736
124,2092,50,611.367
124,2093,50,612.664
124,2094,50,613.996
124,2095,50,615.353
124,2096,50,616.573
124,2097,50,617.996
124,2098,50,619.331
124,2099,50,620.201
124,2100,50,621.099
304,2024,50,0.517
304,2025,50,0.522
304,2026,50,0.538
304,2027,50,0.556
304,2028,50,0.579
304,2029,50,0.609
304,2030,50,0.637
304,2031,50,0.664
304,2032,50,0.691
304,2033,50,0.712
304,2034,50,0.73
304,2035,50,0.75
304,2036,50,0.77
304,2037,50,0.79
304,2038,50,0.809
304,2039,50,0.824
304,2040,50,0.838
304,2041,50,0.848
304,2042,50,0.848
304,2043,50,0.835
304,2044,50,0.82
304,2045,50,0.787
304,2046,50,0.749
304,2047,50,0.717
304,2048,50,0.682
304,2049,50,0.644
304,2050,50,0.606
304,2051,50,0.573
304,2052,50,0.547
304,2053,50,0.529
304,2054,50,0.519
304,2055,50,0.521
304,2056,50,0.535
304,2057,50,0.548
304,2058,50,0.559
304,2059,50,0.573
304,2060,50,0.582
304,2061,50,0.589
304,2062,50,0.596
304,2063,50,0.6
304,2064,50,0.605
304,2065,50,0.616
304,2066,50,0.629
304,2067,50,0.644
304,2068,50,0.661
304,2069,50,0.68
304,2070,50,0.669
304,2071,50,0.644
304,2072,50,0.638
304,2073,50,0.626
304,2074,50,0.607
304,2075,50,0.588
304,2076,50,0.571
304,2077,50,0.555
304,2078,50,0.541
304,2079,50,0.528
304,2080,50,0.517
304,2081,50,0.507
304,2082,50,0.497
304,2083,50,0.49
304,2084,50,0.483
304,2085,50,0.479
304,2086,50,0.476
304,2087,50,0.475
304,2088,50,0.476
304,2089,50,0.479
304,2090,50,0.482
304,2091,50,0.485
304,2092,50,0.489
304,2093,50,0.491
304,2094,50,0.493
304,2095,50,0.495
304,2096,50,0.496
304,2097,50,0.496
304,2098,50,0.496
304,2099,50,0.494
304,2100,50,0.492
666,2024,50,0.085
666,2025,50,0.083
666,2026,50,0.09
666,2027,50,0.083
666,2028,50,0.077
666,2029,50,0.073
666,2030,50,0.073
666,2031,50,0.079
666,2032,50,0.078
666,2033,50,0.077
666,2034,50,0.077
666,2035,50,0.067
666,2036,50,0.058
666,2037,50,0.056
666,2038,50,0.053
666,2039,50,0.06
666,2040,50,0.064
666,2041,50,0.061
666,2042,50,0.061
666,2043,50,0.054
666,2044,50,0.045
666,2045,50,0.038
666,2046,50,0.035
666,2047,50,0.031
666,2048,50,0.026
666,2049,50,0.023
666,2050,50,0.023
666,2051,50,0.031
666,2052,50,0.045
666,2053,50,0.059
666,2054,50,0.07
666,2055,50,0.073
666,2056,50,0.071
666,2057,50,0.072
666,2058,50,0.071
666,2059,50,0.067
666,2060,50,0.065
666,2061,50,0.065
666,2062,50,0.064
666,2063,50,0.061
666,2064,50,0.056
666,2065,50,0.048
666,2066,50,0.043
666,2067,50,0.041
666,2068,50,0.039
666,2069,50,0.039
666,2070,50,0.034
666,2071,50,0.027
666,2072,50,0.024
666,2073,50,0.022
666,2074,50,0.021
666,2075,50,0.021
666,2076,50,0.021
666,2077,50,0.021
666,2078,50,0.022
666,2079,50,0.024
666,2080,50,0.025
666,2081,50,0.027
666,2082,50,0.028
666,2083,50,0.029
666,2084,50,0.03
666,2085,50,0.031
666,2086,50,0.032
666,2087,50,0.033
666,2088,50,0.033
666,2089,50,0.034
666,2090,50,0.034
666,2091,50,0.033
666,2092,50,0.033
666,2093,50,0.032
666,2094,50,0.03
666,2095,50,0.029
666,2096,50,0.027
666,2097,50,0.026
666,2098,50,0.024
666,2099,50,0.022
666,2100,50,0.021
840,2024,50,4008.103
840,2025,50,4032.49
840,2026,50,4058.41
840,2027,50,4159.947
840,2028,50,4260.089
840,2029,50,4347.822
840,2030,50,4464.305
840,2031,50,4525.97
840,2032,50,4563.303
840,2033,50,4576.612
840,2034,50,4572.723
840,2035,50,4610.701
840,2036,50,4634.05
840,2037,50,4646.36
840,2038,50,4701.142
840,2039,50,4772.176
840,2040,50,4857.948
840,2041,50,4866.785
840,2042,50,4779.295
840,2043,50,4679.929
840,2044,50,4580.722
840,2045,50,4493.675
840,2046,50,4431.574
840,2047,50,4396.891
840,2048,50,4405.111
840,2049,50,4448.682
840,2050,50,4533.784
840,2051,50,4606.745
840,2052,50,4642.869
840,2053,50,4732.159
840,2054,50,4843.455
840,2055,50,4939.323
840,2056,50,5063.22
840,2057,50,5174.011
840,2058,50,5186.696
840,2059,50,5117.537
840,2060,50,5016.349
840,2061,50,4935.801
840,2062,50,4900.164
840,2063,50,4878.596
840,2064,50,4883.906
840,2065,50,4894.08
840,2066,50,4864.487
840,2067,50,4797.711
840,2068,50,4720.056
840,2069,50,4665.575
840,2070,50,4586.057
840,2071,50,4555.869
840,2072,50,4629.485
840,2073,50,4639.55
840,2074,50,4612.495
840,2075,50,4626.915
840,2076,50,4639.566
840,2077,50,4650.752
840,2078,50,4664.039
840,2079,50,4682.109
840,2080,50,4702.155
840,2081,50,4723.05
840,2082,50,4746.187
840,2083,50,4773.533
840,2084,50,4799.973
840,2085,50,4827.085
840,2086,50,4858.563
840,2087,50,4886.81
840,2088,50,4911.249
840,2089,50,4935.28
840,2090,50,4952.845
840,2091,50,4962.946
840,2092,50,4966.325
840,2093,50,4964.432
840,2094,50,4958.505
840,2095,50,4951.994
840,2096,50,4940.106
840,2097,50,4920.169
840,2098,50,4901.796
840,2099,50,4883.406
840,2100,50,4867.253
36,2024,50,330.776
36,2025,50,325.546
36,2026,50,322.772
36,2027,50,322.635
36,2028,50,326.199
36,2029,50,333.375
36,2030,50,343.978
36,2031,50,357.115
36,2032,50,369.55
36,2033,50,378.708
36,2034,50,384.191
36,2035,50,387.815
36,2036,50,390.117
36,2037,50,391.136
36,2038,50,393.081
36,2039,50,397.466
36,2040,50,401.788
36,2041,50,401.856
36,2042,50,398.006
36,2043,50,395.958
36,2044,50,396.354
36,2045,50,394.757
36,2046,50,389.391
36,2047,50,381.885
36,2048,50,375.036
36,2049,50,372.0
36,2050,50,371.015
36,2051,50,366.75
36,2052,50,361.598
36,2053,50,363.613
36,2054,50,372.905
36,2055,50,385.568
36,2056,50,400.544
36,2057,50,413.766
36,2058,50,420.723
36,2059,50,423.833
36,2060,50,425.93
36,2061,50,427.34
36,2062,50,429.656
36,2063,50,431.966
36,2064,50,432.17
36,2065,50,432.747
36,2066,50,433.583
36,2067,50,430.504
36,2068,50,427.373
36,2069,50,426.932
36,2070,50,428.283
36,2071,50,433.808
36,2072,50,438.722
36,2073,50,441.219
36,2074,50,444.247
36,2075,50,445.82
36,2076,50,445.94
36,2077,50,445.992
36,2078,50,446.157
36,2079,50,446.042
36,2080,50,445.953
36,2081,50,446.079
36,2082,50,446.584
36,2083,50,447.746
36,2084,50,449.639
36,2085,50,452.209
36,2086,50,455.17
36,2087,50,458.5
36,2088,50,462.376
36,2089,50,466.36
36,2090,50,470.178
36,2091,50,474.174
36,2092,50,478.107
36,2093,50,481.606
36,2094,50,484.856
36,2095,50,487.633
36,2096,50,489.951
36,2097,50,492.037
36,2098,50,494.236
36,2099,50,496.364
36,2100,50,498.126
554,2024,50,64.32
554,2025,50,62.283
554,2026,50,60.892
554,2027,50,60.472
554,2028,50,60.804
554,2029,50,61.903
554,2030,50,63.076
554,2031,50,64.102
554,2032,50,65.396
554,2033,50,66.648
554,2034,50,67.57
554,2035,50,68.406
554,2036,50,69.632
554,2037,50,71.739
554,2038,50,74.069
554,2039,50,75.967
554,2040,50,77.794
554,2041,50,78.629
554,2042,50,77.711
554,2043,50,75.519
554,2044,50,72.952
554,2045,50,71.106
554,2046,50,69.543
554,2047,50,67.882
554,2048,50,66.548
554,2049,50,66.027
554,2050,50,66.515
554,2051,50,66.638
554,2052,50,66.241
554,2053,50,66.717
554,2054,50,67.775
554,2055,50,68.8
554,2056,50,70.539
554,2057,50,72.976
554,2058,50,74.616
554,2059,50,75.207
554,2060,50,75.474
554,2061,50,75.224
554,2062,50,74.642
554,2063,50,73.839
554,2064,50,72.835
554,2065,50,72.203
554,2066,50,71.814
554,2067,50,71.204
554,2068,50,70.276
554,2069,50,69.501
554,2070,50,69.535
554,2071,50,69.204
554,2072,50,68.95
554,2073,50,69.501
554,2074,50,69.65
554,2075,50,69.27
554,2076,50,68.634
554,2077,50,68.087
554,2078,50,67.573
554,2079,50,67.091
554,2080,50,66.637
554,2081,50,66.307
554,2082,50,66.119
554,2083,50,65.955
554,2084,50,65.864
554,2085,50,65.928
554,2086,50,66.09
554,2087,50,66.27
554,2088,50,66.487
554,2089,50,66.788
554,2090,50,67.051
554,2091,50,67.243
554,2092,50,67.38
554,2093,50,67.481
554,2094,50,67.492
554,2095,50,67.417
554,2096,50,67.285
554,2097,50,67.145
554,2098,50,66.98
554,2099,50,66.791
554,2100,50,66.602
242,2024,50,9.103
242,2025,50,9.548
242,2026,50,10.232
242,2027,50,10.713
242,2028,50,11.109
242,2029,50,11.513
242,2030,50,11.844
242,2031,50,12.167
242,2032,50,12.478
242,2033,50,12.755
242,2034,50,12.924
242,2035,50,12.738
242,2036,50,12.464
242,2037,50,12.484
242,2038,50,12.601
242,2039,50,12.709
242,2040,50,12.862
242,2041,50,13.004
242,2042,50,13.027
242,2043,50,12.948
242,2044,50,12.851
242,2045,50,12.862
242,2046,50,12.963
242,2047,50,12.847
242,2048,50,12.557
242,2049,50,12.348
242,2050,50,12.195
242,2051,50,12.199
242,2052,50,12.389
242,2053,50,12.595
242,2054,50,12.768
242,2055,50,12.976
242,2056,50,13.277
242,2057,50,13.61
242,2058,50,13.774
242,2059,50,13.784
242,2060,50,13.767
242,2061,50,13.715
242,2062,50,13.795
242,2063,50,14.058
242,2064,50,14.293
242,2065,50,14.409
242,2066,50,14.377
242,2067,50,14.2
242,2068,50,13.98
242,2069,50,13.793
242,2070,50,13.591
242,2071,50,13.413
242,2072,50,13.256
242,2073,50,13.108
242,2074,50,13.095
242,2075,50,13.082
242,2076,50,13.007
242,2077,50,12.957
242,2078,50,12.92
242,2079,50,12.888
242,2080,50,12.856
242,2081,50,12.823
242,2082,50,12.794
242,2083,50,12.77
242,2084,50,12.749
242,2085,50,12.729
242,2086,50,12.709
242,2087,50,12.684
242,2088,50,12.655
242,2089,50,12.616
242,2090,50,12.56
242,2091,50,12.489
242,2092,50,12.408
242,2093,50,12.317
242,2094,50,12.206
242,2095,50,12.091
242,2096,50,11.986
242,2097,50,11.881
242,2098,50,11.773
242,2099,50,11.668
242,2100,50,11.563
540,2024,50,4.062
540,2025,50,3.952
540,2026,50,3.832
540,2027,50,3.837
540,2028,50,3.856
540,2029,50,3.86
540,2030,50,3.927
540,2031,50,4.04
540,2032,50,4.125
540,2033,50,4.123
540,2034,50,4.108
540,2035,50,4.163
540,2036,50,4.259
540,2037,50,4.288
540,2038,50,4.25
540,2039,50,4.244
540,2040,50,4.29
540,2041,50,4.265
540,2042,50,4.198
540,2043,50,4.125
540,2044,50,3.999
540,2045,50,3.855
540,2046,50,3.783
540,2047,50,3.787
540,2048,50,3.832
540,2049,50,3.945
540,2050,50,4.175
540,2051,50,4.36
540,2052,50,4.334
540,2053,50,4.316
540,2054,50,4.34
540,2055,50,4.329
540,2056,50,4.361
540,2057,50,4.381
540,2058,50,4.324
540,2059,50,4.287
540,2060,50,4.298
540,2061,50,4.284
540,2062,50,4.298
540,2063,50,4.32
540,2064,50,4.321
540,2065,50,4.241
540,2066,50,4.211
540,2067,50,4.249
540,2068,50,4.236
540,2069,50,4.288
540,2070,50,4.321
540,2071,50,4.312
540,2072,50,4.305
540,2073,50,4.281
540,2074,50,4.261
540,2075,50,4.234
540,2076,50,4.202
540,2077,50,4.178
540,2078,50,4.158
540,2079,50,4.137
540,2080,50,4.118
540,2081,50,4.108
540,2082,50,4.104
540,2083,50,4.099
540,2084,50,4.097
540,2085,50,4.097
540,2086,50,4.097
540,2087,50,4.096
540,2088,50,4.094
540,2089,50,4.087
540,2090,50,4.08
540,2091,50,4.073
540,2092,50,4.064
540,2093,50,4.054
540,2094,50,4.041
540,2095,50,4.026
540,2096,50,4.009
540,2097,50,3.991
540,2098,50,3.974
540,2099,50,3.958
540,2100,50,3.942
598,2024,50,95.586
598,2025,50,98.414
598,2026,50,101.284
598,2027,50,104.145
598,2028,50,106.886
598,2029,50,109.574
598,2030,50,112.304
598,2031,50,115.054
598,2032,50,117.937
598,2033,50,121.378
598,2034,50,125.088
598,2035,50,128.778
598,2036,50,132.472
598,2037,50,136.135
598,2038,50,140.113
598,2039,50,143.952
598,2040,50,146.272
598,2041,50,147.723
598,2042,50,149.956
598,2043,50,152.805
598,2044,50,155.332
598,2045,50,157.26
598,2046,50,159.352
598,2047,50,161.796
598,2048,50,164.291
598,2049,50,167.022
598,2050,50,169.462
598,2051,50,171.926
598,2052,50,174.981
598,2053,50,177.981
598,2054,50,180.45
598,2055,50,182.774
598,2056,50,185.191
598,2057,50,187.559
598,2058,50,190.259
598,2059,50,193.034
598,2060,50,196.311
598,2061,50,199.724
598,2062,50,202.3
598,2063,50,204.761
598,2064,50,207.329
598,2065,50,209.568
598,2066,50,211.513
598,2067,50,213.4
598,2068,50,215.639
598,2069,50,218.049
598,2070,50,220.219
598,2071,50,221.982
598,2072,50,223.01
598,2073,50,223.083
598,2074,50,223.731
598,2075,50,224.904
598,2076,50,225.608
598,2077,50,226.486
598,2078,50,227.438
598,2079,50,228.286
598,2080,50,229.038
598,2081,50,229.912
598,2082,50,231.04
598,2083,50,232.393
598,2084,50,233.645
598,2085,50,234.74
598,2086,50,235.816
598,2087,50,236.811
598,2088,50,237.863
598,2089,50,239.058
598,2090,50,240.203
598,2091,50,241.284
598,2092,50,242.03
598,2093,50,242.831
598,2094,50,243.893
598,2095,50,244.879
598,2096,50,245.616
598,2097,50,246.052
598,2098,50,246.364
598,2099,50,246.613
598,2100,50,246.821
90,2024,50,7.008
90,2025,50,7.234
90,2026,50,7.446
90,2027,50,7.654
90,2028,50,7.862
90,2029,50,8.068
90,2030,50,8.278
90,2031,50,8.506
90,2032,50,8.768
90,2033,50,9.065
90,2034,50,9.396
90,2035,50,9.743
90,2036,50,10.047
90,2037,50,10.253
90,2038,50,10.351
90,2039,50,10.342
90,2040,50,10.259
90,2041,50,10.211
90,2042,50,10.298
90,2043,50,10.541
90,2044,50,10.936
90,2045,50,11.46
90,2046,50,12.032
90,2047,50,12.579
90,2048,50,13.083
90,2049,50,13.543
90,2050,50,13.955
90,2051,50,14.321
90,2052,50,14.642
90,2053,50,14.921
90,2054,50,15.15
90,2055,50,15.268
90,2056,50,15.379
90,2057,50,15.607
90,2058,50,15.925
90,2059,50,16.337
90,2060,50,16.837
90,2061,50,17.335
90,2062,50,17.743
90,2063,50,18.062
90,2064,50,18.295
90,2065,50,18.446
90,2066,50,18.533
90,2067,50,18.576
90,2068,50,18.623
90,2069,50,18.497
90,2070,50,18.422
90,2071,50,18.651
90,2072,50,18.884
90,2073,50,19.088
90,2074,50,19.358
90,2075,50,19.638
90,2076,50,19.887
90,2077,50,20.118
90,2078,50,20.343
90,2079,50,20.579
90,2080,50,20.836
90,2081,50,21.098
90,2082,50,21.35
90,2083,50,21.585
90,2084,50,21.792
90,2085,50,21.987
90,2086,50,22.156
90,2087,50,22.307
90,2088,50,22.443
90,2089,50,22.562
90,2090,50,22.661
90,2091,50,22.714
90,2092,50,22.77
90,2093,50,22.824
90,2094,50,22.85
90,2095,50,22.886
90,2096,50,22.919
90,2097,50,22.947
90,2098,50,22.992
90,2099,50,23.031
90,2100,50,23.057
548,2024,50,2.735
548,2025,50,2.783
548,2026,50,2.79
548,2027,50,2.386
548,2028,50,1.722
548,2029,50,2.207
548,2030,50,3.038
548,2031,50,3.2
548,2032,50,3.364
548,2033,50,3.528
548,2034,50,3.697
548,2035,50,3.863
548,2036,50,4.014
548,2037,50,4.135
548,2038,50,4.234
548,2039,50,4.333
548,2040,50,4.439
548,2041,50,4.562
548,2042,50,4.689
548,2043,50,4.776
548,2044,50,4.799
548,2045,50,4.767
548,2046,50,4.695
548,2047,50,4.61
548,2048,50,4.558
548,2049,50,4.555
548,2050,50,4.608
548,2051,50,4.715
548,2052,50,4.818
548,2053,50,4.944
548,2054,50,5.124
548,2055,50,5.311
548,2056,50,5.505
548,2057,50,5.748
548,2058,50,6.046
548,2059,50,6.345
548,2060,50,6.6
548,2061,50,6.823
548,2062,50,7.034
548,2063,50,7.244
548,2064,50,7.437
548,2065,50,7.587
548,2066,50,7.715
548,2067,50,7.822
548,2068,50,7.885
548,2069,50,7.929
548,2070,50,7.947
548,2071,50,7.963
548,2072,50,7.986
548,2073,50,7.993
548,2074,50,8.034
548,2075,50,8.096
548,2076,50,8.156
548,2077,50,8.225
548,2078,50,8.302
548,2079,50,8.393
548,2080,50,8.5
548,2081,50,8.617
548,2082,50,8.738
548,2083,50,8.867
548,2084,50,9.004
548,2085,50,9.146
548,2086,50,9.288
548,2087,50,9.431
548,2088,50,9.576
548,2089,50,9.71
548,2090,50,9.834
548,2091,50,9.947
548,2092,50,10.044
548,2093,50,10.126
548,2094,50,10.191
548,2095,50,10.253
548,2096,50,10.319
548,2097,50,10.372
548,2098,50,10.413
548,2099,50,10.442
548,2100,50,10.465
316,2024,50,1.947
316,2025,50,1.885
316,2026,50,1.821
316,2027,50,1.771
316,2028,50,1.739
316,2029,50,1.726
316,2030,50,1.73
316,2031,50,1.744
316,2032,50,1.758
316,2033,50,1.768
316,2034,50,1.773
316,2035,50,1.776
316,2036,50,1.781
316,2037,50,1.797
316,2038,50,1.826
316,2039,50,1.869
316,2040,50,1.924
316,2041,50,1.981
316,2042,50,2.029
316,2043,50,2.064
316,2044,50,2.084
316,2045,50,2.092
316,2046,50,2.088
316,2047,50,2.077
316,2048,50,2.061
316,2049,50,2.038
316,2050,50,2.012
316,2051,50,1.989
316,2052,50,1.976
316,2053,50,1.978
316,2054,50,1.995
316,2055,50,1.997
316,2056,50,1.993
316,2057,50,2.022
316,2058,50,2.079
316,2059,50,2.158
316,2060,50,2.253
316,2061,50,2.35
316,2062,50,2.436
316,2063,50,2.506
316,2064,50,2.558
316,2065,50,2.594
316,2066,50,2.615
316,2067,50,2.624
316,2068,50,2.623
316,2069,50,2.61
316,2070,50,2.59
316,2071,50,2.567
316,2072,50,2.546
316,2073,50,2.522
316,2074,50,2.497
316,2075,50,2.475
316,2076,50,2.456
316,2077,50,2.439
316,2078,50,2.422
316,2079,50,2.407
316,2080,50,2.394
316,2081,50,2.385
316,2082,50,2.379
316,2083,50,2.375
316,2084,50,2.375
316,2085,50,2.379
316,2086,50,2.385
316,2087,50,2.392
316,2088,50,2.401
316,2089,50,2.414
316,2090,50,2.431
316,2091,50,2.449
316,2092,50,2.467
316,2093,50,2.481
316,2094,50,2.494
316,2095,50,2.506
316,2096,50,2.516
316,2097,50,2.522
316,2098,50,2.523
316,2099,50,2.519
316,2100,50,2.511
296,2024,50,1.025
296,2025,50,1.043
296,2026,50,1.079
296,2027,50,1.128
296,2028,50,1.174
296,2029,50,1.258
296,2030,50,1.337
296,2031,50,1.386
296,2032,50,1.455
296,2033,50,1.521
296,2034,50,1.58
296,2035,50,1.621
296,2036,50,1.654
296,2037,50,1.689
296,2038,50,1.71
296,2039,50,1.735
296,2040,50,1.791
296,2041,50,1.85
296,2042,50,1.884
296,2043,50,1.903
296,2044,50,1.934
296,2045,50,1.976
296,2046,50,2.018
296,2047,50,2.041
296,2048,50,2.031
296,2049,50,1.999
296,2050,50,1.943
296,2051,50,1.873
296,2052,50,1.791
296,2053,50,1.718
296,2054,50,1.72
296,2055,50,1.792
296,2056,50,1.896
296,2057,50,2.024
296,2058,50,2.151
296,2059,50,2.253
296,2060,50,2.354
296,2061,50,2.459
296,2062,50,2.511
296,2063,50,2.516
296,2064,50,2.51
296,2065,50,2.513
296,2066,50,2.533
296,2067,50,2.563
296,2068,50,2.603
296,2069,50,2.651
296,2070,50,2.673
296,2071,50,2.678
296,2072,50,2.684
296,2073,50,2.67
296,2074,50,2.654
296,2075,50,2.643
296,2076,50,2.634
296,2077,50,2.63
296,2078,50,2.632
296,2079,50,2.64
296,2080,50,2.651
296,2081,50,2.665
296,2082,50,2.683
296,2083,50,2.702
296,2084,50,2.721
296,2085,50,2.74
296,2086,50,2.759
296,2087,50,2.78
296,2088,50,2.798
296,2089,50,2.813
296,2090,50,2.825
296,2091,50,2.839
296,2092,50,2.854
296,2093,50,2.868
296,2094,50,2.879
296,2095,50,2.891
296,2096,50,2.901
296,2097,50,2.905
296,2098,50,2.903
296,2099,50,2.902
296,2100,50,2.901
584,2024,50,0.395
584,2025,50,0.396
584,2026,50,0.391
584,2027,50,0.384
584,2028,50,0.385
584,2029,50,0.388
584,2030,50,0.396
584,2031,50,0.403
584,2032,50,0.396
584,2033,50,0.377
584,2034,50,0.355
584,2035,50,0.338
584,2036,50,0.316
584,2037,50,0.289
584,2038,50,0.26
584,2039,50,0.229
584,2040,50,0.177
584,2041,50,0.112
584,2042,50,0.055
584,2043,50,0.019
584,2044,50,0.005
584,2045,50,0.001
584,2046,50,0.001
584,2047,50,0.004
584,2048,50,0.009
584,2049,50,0.013
584,2050,50,0.02
584,2051,50,0.037
584,2052,50,0.068
584,2053,50,0.117
584,2054,50,0.188
584,2055,50,0.266
584,2056,50,0.323
584,2057,50,0.356
584,2058,50,0.385
584,2059,50,0.415
584,2060,50,0.438
584,2061,50,0.444
584,2062,50,0.43
584,2063,50,0.413
584,2064,50,0.398
584,2065,50,0.396
584,2066,50,0.407
584,2067,50,0.405
584,2068,50,0.4
584,2069,50,0.411
584,2070,50,0.419
584,2071,50,0.404
584,2072,50,0.362
584,2073,50,0.314
584,2074,50,0.27
584,2075,50,0.244
584,2076,50,0.239
584,2077,50,0.239
584,2078,50,0.244
584,2079,50,0.253
584,2080,50,0.264
584,2081,50,0.277
584,2082,50,0.291
584,2083,50,0.306
584,2084,50,0.322
584,2085,50,0.336
584,2086,50,0.349
584,2087,50,0.361
584,2088,50,0.371
584,2089,50,0.378
584,2090,50,0.383
584,2091,50,0.383
584,2092,50,0.381
584,2093,50,0.377
584,2094,50,0.371
584,2095,50,0.363
584,2096,50,0.354
584,2097,50,0.344
584,2098,50,0.335
584,2099,50,0.325
584,2100,50,0.316
583,2024,50,0.96
583,2025,50,0.963
583,2026,50,0.946
583,2027,50,0.922
583,2028,50,0.895
583,2029,50,0.91
583,2030,50,0.949
583,2031,50,0.953
583,2032,50,0.941
583,2033,50,0.974
583,2034,50,1.002
583,2035,50,1.009
583,2036,50,1.027
583,2037,50,1.03
583,2038,50,1.038
583,2039,50,1.128
583,2040,50,1.234
583,2041,50,1.297
583,2042,50,1.393
583,2043,50,1.449
583,2044,50,1.463
583,2045,50,1.502
583,2046,50,1.495
583,2047,50,1.522
583,2048,50,1.604
583,2049,50,1.61
583,2050,50,1.6
583,2051,50,1.527
583,2052,50,1.465
583,2053,50,1.516
583,2054,50,1.557
583,2055,50,1.603
583,2056,50,1.603
583,2057,50,1.57
583,2058,50,1.605
583,2059,50,1.671
583,2060,50,1.717
583,2061,50,1.716
583,2062,50,1.701
583,2063,50,1.69
583,2064,50,1.684
583,2065,50,1.684
583,2066,50,1.685
583,2067,50,1.687
583,2068,50,1.693
583,2069,50,1.7
583,2070,50,1.705
583,2071,50,1.716
583,2072,50,1.724
583,2073,50,1.724
583,2074,50,1.733
583,2075,50,1.748
583,2076,50,1.757
583,2077,50,1.767
583,2078,50,1.778
583,2079,50,1.787
583,2080,50,1.794
583,2081,50,1.799
583,2082,50,1.799
583,2083,50,1.797
583,2084,50,1.793
583,2085,50,1.788
583,2086,50,1.779
583,2087,50,1.769
583,2088,50,1.758
583,2089,50,1.748
583,2090,50,1.737
583,2091,50,1.728
583,2092,50,1.72
583,2093,50,1.712
583,2094,50,1.702
583,2095,50,1.694
583,2096,50,1.687
583,2097,50,1.679
583,2098,50,1.671
583,2099,50,1.666
583,2100,50,1.661
520,2024,50,0.089
520,2025,50,0.084
520,2026,50,0.092
520,2027,50,0.101
520,2028,50,0.107
520,2029,50,0.114
520,2030,50,0.123
520,2031,50,0.129
520,2032,50,0.139
520,2033,50,0.144
520,2034,50,0.148
520,2035,50,0.155
520,2036,50,0.15
520,2037,50,0.149
520,2038,50,0.157
520,2039,50,0.153
520,2040,50,0.15
520,2041,50,0.15
520,2042,50,0.145
520,2043,50,0.139
520,2044,50,0.129
520,2045,50,0.126
520,2046,50,0.128
520,2047,50,0.126
520,2048,50,0.124
520,2049,50,0.117
520,2050,50,0.114
520,2051,50,0.12
520,2052,50,0.119
520,2053,50,0.118
520,2054,50,0.128
520,2055,50,0.139
520,2056,50,0.153
520,2057,50,0.174
520,2058,50,0.194
520,2059,50,0.21
520,2060,50,0.223
520,2061,50,0.234
520,2062,50,0.238
520,2063,50,0.237
520,2064,50,0.236
520,2065,50,0.237
520,2066,50,0.236
520,2067,50,0.23
520,2068,50,0.22
520,2069,50,0.218
520,2070,50,0.221
520,2071,50,0.229
520,2072,50,0.234
520,2073,50,0.227
520,2074,50,0.219
520,2075,50,0.215
520,2076,50,0.214
520,2077,50,0.215
520,2078,50,0.217
520,2079,50,0.221
520,2080,50,0.225
520,2081,50,0.23
520,2082,50,0.236
520,2083,50,0.241
520,2084,50,0.245
520,2085,50,0.25
520,2086,50,0.254
520,2087,50,0.258
520,2088,50,0.261
520,2089,50,0.265
520,2090,50,0.269
520,2091,50,0.272
520,2092,50,0.274
520,2093,50,0.276
520,2094,50,0.277
520,2095,50,0.277
520,2096,50,0.276
520,2097,50,0.275
520,2098,50,0.274
520,2099,50,0.273
520,2100,50,0.272
580,2024,50,0.728
580,2025,50,0.699
580,2026,50,0.667
580,2027,50,0.637
580,2028,50,0.618
580,2029,50,0.59
580,2030,50,0.559
580,2031,50,0.534
580,2032,50,0.509
580,2033,50,0.487
580,2034,50,0.463
580,2035,50,0.44
580,2036,50,0.43
580,2037,50,0.419
580,2038,50,0.408
580,2039,50,0.4
580,2040,50,0.393
580,2041,50,0.387
580,2042,50,0.378
580,2043,50,0.355
580,2044,50,0.321
580,2045,50,0.283
580,2046,50,0.244
580,2047,50,0.224
580,2048,50,0.222
580,2049,50,0.236
580,2050,50,0.277
580,2051,50,0.332
580,2052,50,0.39
580,2053,50,0.451
580,2054,50,0.514
580,2055,50,0.567
580,2056,50,0.614
580,2057,50,0.655
580,2058,50,0.684
580,2059,50,0.701
580,2060,50,0.702
580,2061,50,0.691
580,2062,50,0.672
580,2063,50,0.649
580,2064,50,0.628
580,2065,50,0.61
580,2066,50,0.59
580,2067,50,0.568
580,2068,50,0.545
580,2069,50,0.52
580,2070,50,0.558
580,2071,50,0.588
580,2072,50,0.544
580,2073,50,0.5
580,2074,50,0.464
580,2075,50,0.44
580,2076,50,0.427
580,2077,50,0.419
580,2078,50,0.416
580,2079,50,0.418
580,2080,50,0.425
580,2081,50,0.436
580,2082,50,0.45
580,2083,50,0.466
580,2084,50,0.484
580,2085,50,0.503
580,2086,50,0.523
580,2087,50,0.54
580,2088,50,0.555
580,2089,50,0.567
580,2090,50,0.576
580,2091,50,0.58
580,2092,50,0.58
580,2093,50,0.576
580,2094,50,0.57
580,2095,50,0.56
580,2096,50,0.549
580,2097,50,0.536
580,2098,50,0.524
580,2099,50,0.512
580,2100,50,0.5
585,2024,50,0.288
585,2025,50,0.284
585,2026,50,0.281
585,2027,50,0.277
585,2028,50,0.273
585,2029,50,0.271
585,2030,50,0.267
585,2031,50,0.262
585,2032,50,0.259
585,2033,50,0.258
585,2034,50,0.254
585,2035,50,0.254
585,2036,50,0.254
585,2037,50,0.251
585,2038,50,0.249
585,2039,50,0.248
585,2040,50,0.253
585,2041,50,0.259
585,2042,50,0.26
585,2043,50,0.249
585,2044,50,0.233
585,2045,50,0.213
585,2046,50,0.192
585,2047,50,0.177
585,2048,50,0.16
585,2049,50,0.152
585,2050,50,0.157
585,2051,50,0.165
585,2052,50,0.179
585,2053,50,0.19
585,2054,50,0.199
585,2055,50,0.204
585,2056,50,0.208
585,2057,50,0.216
585,2058,50,0.218
585,2059,50,0.216
585,2060,50,0.216
585,2061,50,0.218
585,2062,50,0.216
585,2063,50,0.213
585,2064,50,0.21
585,2065,50,0.204
585,2066,50,0.197
585,2067,50,0.191
585,2068,50,0.183
585,2069,50,0.176
585,2070,50,0.176
585,2071,50,0.178
585,2072,50,0.174
585,2073,50,0.17
585,2074,50,0.166
585,2075,50,0.163
585,2076,50,0.161
585,2077,50,0.16
585,2078,50,0.159
585,2079,50,0.159
585,2080,50,0.159
585,2081,50,0.159
585,2082,50,0.16
585,2083,50,0.16
585,2084,50,0.161
585,2085,50,0.161
585,2086,50,0.162
585,2087,50,0.162
585,2088,50,0.162
585,2089,50,0.161
585,2090,50,0.161
585,2091,50,0.16
585,2092,50,0.159
585,2093,50,0.157
585,2094,50,0.156
585,2095,50,0.154
585,2096,50,0.152
585,2097,50,0.15
585,2098,50,0.148
585,2099,50,0.146
585,2100,50,0.144
16,2024,50,0.592
16,2025,50,0.594
16,2026,50,0.592
16,2027,50,0.581
16,2028,50,0.567
16,2029,50,0.551
16,2030,50,0.531
16,2031,50,0.504
16,2032,50,0.479
16,2033,50,0.468
16,2034,50,0.46
16,2035,50,0.446
16,2036,50,0.434
16,2037,50,0.433
16,2038,50,0.432
16,2039,50,0.426
16,2040,50,0.427
16,2041,50,0.422
16,2042,50,0.401
16,2043,50,0.372
16,2044,50,0.329
16,2045,50,0.273
16,2046,50,0.218
16,2047,50,0.184
16,2048,50,0.182
16,2049,50,0.205
16,2050,50,0.255
16,2051,50,0.325
16,2052,50,0.385
16,2053,50,0.436
16,2054,50,0.477
16,2055,50,0.501
16,2056,50,0.523
16,2057,50,0.544
16,2058,50,0.555
16,2059,50,0.567
16,2060,50,0.579
16,2061,50,0.582
16,2062,50,0.583
16,2063,50,0.58
16,2064,50,0.576
16,2065,50,0.571
16,2066,50,0.566
16,2067,50,0.559
16,2068,50,0.551
16,2069,50,0.541
16,2070,50,0.478
16,2071,50,0.417
16,2072,50,0.405
16,2073,50,0.388
16,2074,50,0.37
16,2075,50,0.358
16,2076,50,0.355
16,2077,50,0.353
16,2078,50,0.353
16,2079,50,0.355
16,2080,50,0.358
16,2081,50,0.364
16,2082,50,0.371
16,2083,50,0.381
16,2084,50,0.392
16,2085,50,0.404
16,2086,50,0.416
16,2087,50,0.426
16,2088,50,0.436
16,2089,50,0.443
16,2090,50,0.449
16,2091,50,0.453
16,2092,50,0.455
16,2093,50,0.456
16,2094,50,0.456
16,2095,50,0.455
16,2096,50,0.454
16,2097,50,0.45
16,2098,50,0.446
16,2099,50,0.439
16,2100,50,0.43
184,2024,50,0.186
184,2025,50,0.174
184,2026,50,0.168
184,2027,50,0.161
184,2028,50,0.153
184,2029,50,0.15
184,2030,50,0.142
184,2031,50,0.137
184,2032,50,0.139
184,2033,50,0.138
184,2034,50,0.134
184,2035,50,0.129
184,2036,50,0.124
184,2037,50,0.125
184,2038,50,0.118
184,2039,50,0.105
184,2040,50,0.097
184,2041,50,0.091
184,2042,50,0.081
184,2043,50,0.069
184,2044,50,0.057
184,2045,50,0.046
184,2046,50,0.035
184,2047,50,0.021
184,2048,50,0.015
184,2049,50,0.012
184,2050,50,0.008
184,2051,50,0.015
184,2052,50,0.029
184,2053,50,0.049
184,2054,50,0.068
184,2055,50,0.087
184,2056,50,0.111
184,2057,50,0.132
184,2058,50,0.153
184,2059,50,0.169
184,2060,50,0.179
184,2061,50,0.186
184,2062,50,0.183
184,2063,50,0.178
184,2064,50,0.174
184,2065,50,0.17
184,2066,50,0.162
184,2067,50,0.155
184,2068,50,0.15
184,2069,50,0.142
184,2070,50,0.131
184,2071,50,0.12
184,2072,50,0.108
184,2073,50,0.093
184,2074,50,0.081
184,2075,50,0.072
184,2076,50,0.069
184,2077,50,0.066
184,2078,50,0.065
184,2079,50,0.065
184,2080,50,0.067
184,2081,50,0.069
184,2082,50,0.072
184,2083,50,0.077
184,2084,50,0.082
184,2085,50,0.087
184,2086,50,0.093
184,2087,50,0.1
184,2088,50,0.106
184,2089,50,0.112
184,2090,50,0.117
184,2091,50,0.12
184,2092,50,0.123
184,2093,50,0.124
184,2094,50,0.124
184,2095,50,0.122
184,2096,50,0.12
184,2097,50,0.117
184,2098,50,0.114
184,2099,50,0.11
184,2100,50,0.105
258,2024,50,3.873
258,2025,50,3.858
258,2026,50,3.798
258,2027,50,3.783
258,2028,50,3.782
258,2029,50,3.837
258,2030,50,3.955
258,2031,50,4.035
258,2032,50,4.107
258,2033,50,4.192
258,2034,50,4.286
258,2035,50,4.321
258,2036,50,4.297
258,2037,50,4.332
258,2038,50,4.329
258,2039,50,4.229
258,2040,50,4.122
258,2041,50,4.004
258,2042,50,3.887
258,2043,50,3.737
258,2044,50,3.547
258,2045,50,3.355
258,2046,50,3.18
258,2047,50,3.107
258,2048,50,3.228
258,2049,50,3.516
258,2050,50,3.739
258,2051,50,3.803
258,2052,50,3.787
258,2053,50,3.712
258,2054,50,3.677
258,2055,50,3.762
258,2056,50,3.828
258,2057,50,3.826
258,2058,50,3.877
258,2059,50,3.951
258,2060,50,3.927
258,2061,50,3.802
258,2062,50,3.712
258,2063,50,3.664
258,2064,50,3.537
258,2065,50,3.393
258,2066,50,3.296
258,2067,50,3.212
258,2068,50,3.152
258,2069,50,2.853
258,2070,50,2.311
258,2071,50,2.345
258,2072,50,2.613
258,2073,50,2.555
258,2074,50,2.505
258,2075,50,2.466
258,2076,50,2.437
258,2077,50,2.418
258,2078,50,2.407
258,2079,50,2.399
258,2080,50,2.392
258,2081,50,2.386
258,2082,50,2.383
258,2083,50,2.382
258,2084,50,2.38
258,2085,50,2.378
258,2086,50,2.374
258,2087,50,2.365
258,2088,50,2.352
258,2089,50,2.336
258,2090,50,2.315
258,2091,50,2.293
258,2092,50,2.268
258,2093,50,2.241
258,2094,50,2.212
258,2095,50,2.18
258,2096,50,2.146
258,2097,50,2.109
258,2098,50,2.068
258,2099,50,2.025
258,2100,50,1.981
570,2024,50,0.02
570,2025,50,0.022
570,2026,50,0.027
570,2027,50,0.027
570,2028,50,0.025
570,2029,50,0.023
570,2030,50,0.027
570,2031,50,0.021
570,2032,50,0.013
570,2033,50,0.016
570,2034,50,0.02
570,2035,50,0.021
570,2036,50,0.022
570,2037,50,0.019
570,2038,50,0.012
570,2039,50,0.015
570,2040,50,0.015
570,2041,50,0.015
570,2042,50,0.017
570,2043,50,0.016
570,2044,50,0.016
570,2045,50,0.02
570,2046,50,0.022
570,2047,50,0.02
570,2048,50,0.018
570,2049,50,0.02
570,2050,50,0.02
570,2051,50,0.018
570,2052,50,0.02
570,2053,50,0.023
570,2054,50,0.025
570,2055,50,0.027
570,2056,50,0.03
570,2057,50,0.031
570,2058,50,0.03
570,2059,50,0.032
570,2060,50,0.036
570,2061,50,0.035
570,2062,50,0.032
570,2063,50,0.029
570,2064,50,0.027
570,2065,50,0.026
570,2066,50,0.026
570,2067,50,0.025
570,2068,50,0.024
570,2069,50,0.024
570,2070,50,0.024
570,2071,50,0.024
570,2072,50,0.024
570,2073,50,0.025
570,2074,50,0.025
570,2075,50,0.026
570,2076,50,0.026
570,2077,50,0.027
570,2078,50,0.028
570,2079,50,0.029
570,2080,50,0.03
570,2081,50,0.031
570,2082,50,0.032
570,2083,50,0.032
570,2084,50,0.033
570,2085,50,0.033
570,2086,50,0.033
570,2087,50,0.033
570,2088,50,0.034
570,2089,50,0.034
570,2090,50,0.034
570,2091,50,0.034
570,2092,50,0.034
570,2093,50,0.033
570,2094,50,0.033
570,2095,50,0.032
570,2096,50,0.031
570,2097,50,0.03
570,2098,50,0.029
570,2099,50,0.029
570,2100,50,0.029
882,2024,50,1.96
882,2025,50,1.867
882,2026,50,1.813
882,2027,50,1.835
882,2028,50,1.852
882,2029,50,1.895
882,2030,50,1.928
882,2031,50,1.822
882,2032,50,1.754
882,2033,50,1.822
882,2034,50,1.855
882,2035,50,1.854
882,2036,50,1.823
882,2037,50,1.788
882,2038,50,1.771
882,2039,50,1.775
882,2040,50,1.835
882,2041,50,1.86
882,2042,50,1.884
882,2043,50,1.832
882,2044,50,1.775
882,2045,50,1.844
882,2046,50,1.906
882,2047,50,1.786
882,2048,50,1.605
882,2049,50,1.631
882,2050,50,1.799
882,2051,50,1.817
882,2052,50,1.731
882,2053,50,1.901
882,2054,50,2.153
882,2055,50,2.318
882,2056,50,2.534
882,2057,50,2.651
882,2058,50,2.891
882,2059,50,3.163
882,2060,50,3.33
882,2061,50,3.583
882,2062,50,3.787
882,2063,50,3.842
882,2064,50,3.832
882,2065,50,3.889
882,2066,50,3.911
882,2067,50,3.935
882,2068,50,4.012
882,2069,50,3.991
882,2070,50,3.854
882,2071,50,3.707
882,2072,50,3.562
882,2073,50,3.455
882,2074,50,3.382
882,2075,50,3.353
882,2076,50,3.351
882,2077,50,3.372
882,2078,50,3.419
882,2079,50,3.488
882,2080,50,3.577
882,2081,50,3.678
882,2082,50,3.792
882,2083,50,3.915
882,2084,50,4.042
882,2085,50,4.168
882,2086,50,4.288
882,2087,50,4.404
882,2088,50,4.515
882,2089,50,4.619
882,2090,50,4.701
882,2091,50,4.756
882,2092,50,4.792
882,2093,50,4.813
882,2094,50,4.822
882,2095,50,4.817
882,2096,50,4.796
882,2097,50,4.769
882,2098,50,4.734
882,2099,50,4.693
882,2100,50,4.657
772,2024,50,0.018
772,2025,50,0.02
772,2026,50,0.022
772,2027,50,0.024
772,2028,50,0.024
772,2029,50,0.028
772,2030,50,0.03
772,2031,50,0.033
772,2032,50,0.034
772,2033,50,0.033
772,2034,50,0.03
772,2035,50,0.03
772,2036,50,0.035
772,2037,50,0.036
772,2038,50,0.034
772,2039,50,0.035
772,2040,50,0.039
772,2041,50,0.042
772,2042,50,0.045
772,2043,50,0.047
772,2044,50,0.049
772,2045,50,0.051
772,2046,50,0.056
772,2047,50,0.058
772,2048,50,0.058
772,2049,50,0.059
772,2050,50,0.057
772,2051,50,0.056
772,2052,50,0.056
772,2053,50,0.056
772,2054,50,0.054
772,2055,50,0.054
772,2056,50,0.056
772,2057,50,0.06
772,2058,50,0.06
772,2059,50,0.057
772,2060,50,0.054
772,2061,50,0.05
772,2062,50,0.047
772,2063,50,0.045
772,2064,50,0.044
772,2065,50,0.043
772,2066,50,0.042
772,2067,50,0.044
772,2068,50,0.045
772,2069,50,0.044
772,2070,50,0.045
772,2071,50,0.048
772,2072,50,0.05
772,2073,50,0.052
772,2074,50,0.054
772,2075,50,0.056
772,2076,50,0.057
772,2077,50,0.058
772,2078,50,0.058
772,2079,50,0.059
772,2080,50,0.059
772,2081,50,0.06
772,2082,50,0.059
772,2083,50,0.059
772,2084,50,0.059
772,2085,50,0.058
772,2086,50,0.058
772,2087,50,0.057
772,2088,50,0.056
772,2089,50,0.055
772,2090,50,0.055
772,2091,50,0.054
772,2092,50,0.053
772,2093,50,0.053
772,2094,50,0.053
772,2095,50,0.052
772,2096,50,0.052
772,2097,50,0.052
772,2098,50,0.051
772,2099,50,0.051
772,2100,50,0.051
776,2024,50,0.928
776,2025,50,0.932
776,2026,50,0.918
776,2027,50,0.887
776,2028,50,0.891
776,2029,50,0.909
776,2030,50,0.92
776,2031,50,0.903
776,2032,50,0.887
776,2033,50,0.907
776,2034,50,0.912
776,2035,50,0.884
776,2036,50,0.87
776,2037,50,0.82
776,2038,50,0.729
776,2039,50,0.678
776,2040,50,0.691
776,2041,50,0.674
776,2042,50,0.626
776,2043,50,0.629
776,2044,50,0.609
776,2045,50,0.632
776,2046,50,0.619
776,2047,50,0.528
776,2048,50,0.529
776,2049,50,0.604
776,2050,50,0.764
776,2051,50,0.873
776,2052,50,0.922
776,2053,50,1.033
776,2054,50,1.109
776,2055,50,1.14
776,2056,50,1.183
776,2057,50,1.221
776,2058,50,1.249
776,2059,50,1.32
776,2060,50,1.452
776,2061,50,1.521
776,2062,50,1.511
776,2063,50,1.54
776,2064,50,1.586
776,2065,50,1.589
776,2066,50,1.499
776,2067,50,1.373
776,2068,50,1.297
776,2069,50,1.273
776,2070,50,1.267
776,2071,50,1.293
776,2072,50,1.309
776,2073,50,1.283
776,2074,50,1.26
776,2075,50,1.25
776,2076,50,1.252
776,2077,50,1.254
776,2078,50,1.26
776,2079,50,1.278
776,2080,50,1.298
776,2081,50,1.323
776,2082,50,1.352
776,2083,50,1.383
776,2084,50,1.416
776,2085,50,1.448
776,2086,50,1.474
776,2087,50,1.494
776,2088,50,1.51
776,2089,50,1.52
776,2090,50,1.526
776,2091,50,1.53
776,2092,50,1.531
776,2093,50,1.528
776,2094,50,1.521
776,2095,50,1.509
776,2096,50,1.494
776,2097,50,1.477
776,2098,50,1.458
776,2099,50,1.438
776,2100,50,1.417
798,2024,50,0.093
798,2025,50,0.089
798,2026,50,0.082
798,2027,50,0.076
798,2028,50,0.074
798,2029,50,0.076
798,2030,50,0.067
798,2031,50,0.065
798,2032,50,0.071
798,2033,50,0.068
798,2034,50,0.07
798,2035,50,0.078
798,2036,50,0.085
798,2037,50,0.082
798,2038,50,0.08
798,2039,50,0.086
798,2040,50,0.088
798,2041,50,0.088
798,2042,50,0.091
798,2043,50,0.094
798,2044,50,0.094
798,2045,50,0.093
798,2046,50,0.091
798,2047,50,0.09
798,2048,50,0.087
798,2049,50,0.083
798,2050,50,0.078
798,2051,50,0.077
798,2052,50,0.077
798,2053,50,0.077
798,2054,50,0.081
798,2055,50,0.087
798,2056,50,0.094
798,2057,50,0.1
798,2058,50,0.107
798,2059,50,0.116
798,2060,50,0.121
798,2061,50,0.13
798,2062,50,0.141
798,2063,50,0.149
798,2064,50,0.157
798,2065,50,0.163
798,2066,50,0.166
798,2067,50,0.167
798,2068,50,0.167
798,2069,50,0.164
798,2070,50,0.157
798,2071,50,0.149
798,2072,50,0.154
798,2073,50,0.157
798,2074,50,0.147
798,2075,50,0.14
798,2076,50,0.136
798,2077,50,0.132
798,2078,50,0.13
798,2079,50,0.128
798,2080,50,0.128
798,2081,50,0.128
798,2082,50,0.129
798,2083,50,0.131
798,2084,50,0.134
798,2085,50,0.137
798,2086,50,0.141
798,2087,50,0.145
798,2088,50,0.149
798,2089,50,0.153
798,2090,50,0.156
798,2091,50,0.158
798,2092,50,0.161
798,2093,50,0.163
798,2094,50,0.164
798,2095,50,0.166
798,2096,50,0.166
798,2097,50,0.166
798,2098,50,0.166
798,2099,50,0.165
798,2100,50,0.163
876,2024,50,0.171
876,2025,50,0.179
876,2026,50,0.186
876,2027,50,0.17
876,2028,50,0.155
876,2029,50,0.15
876,2030,50,0.153
876,2031,50,0.148
876,2032,50,0.133
876,2033,50,0.127
876,2034,50,0.118
876,2035,50,0.11
876,2036,50,0.113
876,2037,50,0.112
876,2038,50,0.106
876,2039,50,0.105
876,2040,50,0.109
876,2041,50,0.111
876,2042,50,0.103
876,2043,50,0.091
876,2044,50,0.094
876,2045,50,0.093
876,2046,50,0.087
876,2047,50,0.081
876,2048,50,0.07
876,2049,50,0.076
876,2050,50,0.105
876,2051,50,0.129
876,2052,50,0.141
876,2053,50,0.156
876,2054,50,0.17
876,2055,50,0.177
876,2056,50,0.178
876,2057,50,0.175
876,2058,50,0.176
876,2059,50,0.179
876,2060,50,0.184
876,2061,50,0.186
876,2062,50,0.179
876,2063,50,0.168
876,2064,50,0.158
876,2065,50,0.153
876,2066,50,0.151
876,2067,50,0.147
876,2068,50,0.127
876,2069,50,0.116
876,2070,50,0.106
876,2071,50,0.082
876,2072,50,0.074
876,2073,50,0.071
876,2074,50,0.071
876,2075,50,0.072
876,2076,50,0.073
876,2077,50,0.074
876,2078,50,0.076
876,2079,50,0.078
876,2080,50,0.08
876,2081,50,0.082
876,2082,50,0.085
876,2083,50,0.087
876,2084,50,0.09
876,2085,50,0.093
876,2086,50,0.095
876,2087,50,0.097
876,2088,50,0.1
876,2089,50,0.101
876,2090,50,0.102
876,2091,50,0.103
876,2092,50,0.102
876,2093,50,0.101
876,2094,50,0.1
876,2095,50,0.098
876,2096,50,0.096
876,2097,50,0.093
876,2098,50,0.09
876,2099,50,0.087
876,2100,50,0.084
