country_area,time,sex,age_group_broad,mx
108,1950,1,5_9,0.01047108
108,1951,1,5_9,0.01039686
108,1952,1,5_9,0.01031777
108,1953,1,5_9,0.01020992
108,1954,1,5_9,0.010138
108,1955,1,5_9,0.01009902
108,1956,1,5_9,0.01003063
108,1957,1,5_9,0.00995578
108,1958,1,5_9,0.00989202
108,1959,1,5_9,0.00982489
108,1960,1,5_9,0.00974744
108,1961,1,5_9,0.00963779
108,1962,1,5_9,0.00957675
108,1963,1,5_9,0.00956506
108,1964,1,5_9,0.00954177
108,1965,1,5_9,0.01012502
108,1966,1,5_9,0.00955944
108,1967,1,5_9,0.00966504
108,1968,1,5_9,0.00957154
108,1969,1,5_9,0.00984532
108,1970,1,5_9,0.00967567
108,1971,1,5_9,0.00967705
108,1972,1,5_9,0.02560464
108,1973,1,5_9,0.01358313
108,1974,1,5_9,0.00957996
108,1975,1,5_9,0.00958418
108,1976,1,5_9,0.00952635
108,1977,1,5_9,0.00943245
108,1978,1,5_9,0.0093037
108,1979,1,5_9,0.00911848
108,1980,1,5_9,0.00889512
108,1981,1,5_9,0.00871064
108,1982,1,5_9,0.00858686
108,1983,1,5_9,0.00859078
108,1984,1,5_9,0.00870268
108,1985,1,5_9,0.00897467
108,1986,1,5_9,0.00940049
108,1987,1,5_9,0.00988672
108,1988,1,5_9,0.01230195
108,1989,1,5_9,0.01105666
108,1990,1,5_9,0.01153262
108,1991,1,5_9,0.01186748
108,1992,1,5_9,0.01206876
108,1993,1,5_9,0.0171992
108,1994,1,5_9,0.01199052
108,1995,1,5_9,0.01183492
108,1996,1,5_9,0.01155973
108,1997,1,5_9,0.01095904
108,1998,1,5_9,0.01037222
108,1999,1,5_9,0.00984528
108,2000,1,5_9,0.00942477
108,2001,1,5_9,0.00889768
108,2002,1,5_9,0.00842929
108,2003,1,5_9,0.00794699
108,2004,1,5_9,0.00745872
108,2005,1,5_9,0.0070655
108,2006,1,5_9,0.00669374
108,2007,1,5_9,0.00634154
108,2008,1,5_9,0.00605414
108,2009,1,5_9,0.00575964
108,2010,1,5_9,0.00550083
108,2011,1,5_9,0.0052578
108,2012,1,5_9,0.00503229
108,2013,1,5_9,0.00483047
108,2014,1,5_9,0.00465422
108,2015,1,5_9,0.00452666
108,2016,1,5_9,0.00436991
108,2017,1,5_9,0.00422759
108,2018,1,5_9,0.00409435
108,2019,1,5_9,0.00398692
108,2020,1,5_9,0.0038802
108,2021,1,5_9,0.00381152
108,2022,1,5_9,0.00370041
108,2023,1,5_9,0.00359466
174,1950,1,5_9,0.01007712
174,1951,1,5_9,0.01402115
174,1952,1,5_9,0.00975385
174,1953,1,5_9,0.00957699
174,1954,1,5_9,0.0094144
174,1955,1,5_9,0.00926678
174,1956,1,5_9,0.00910041
174,1957,1,5_9,0.0089149
174,1958,1,5_9,0.00874308
174,1959,1,5_9,0.00856907
174,1960,1,5_9,0.00841106
174,1961,1,5_9,0.00822264
174,1962,1,5_9,0.0080471
174,1963,1,5_9,0.00787464
174,1964,1,5_9,0.00766574
174,1965,1,5_9,0.0075229
174,1966,1,5_9,0.00729324
174,1967,1,5_9,0.00710575
174,1968,1,5_9,0.0068869
174,1969,1,5_9,0.00666368
174,1970,1,5_9,0.00643062
174,1971,1,5_9,0.00618457
174,1972,1,5_9,0.00595265
174,1973,1,5_9,0.00573268
174,1974,1,5_9,0.00552452
174,1975,1,5_9,0.00586249
174,1976,1,5_9,0.00513852
174,1977,1,5_9,0.00494612
174,1978,1,5_9,0.0047568
174,1979,1,5_9,0.00462802
174,1980,1,5_9,0.00445092
174,1981,1,5_9,0.00427854
174,1982,1,5_9,0.00410485
174,1983,1,5_9,0.00405807
174,1984,1,5_9,0.00378085
174,1985,1,5_9,0.00364064
174,1986,1,5_9,0.00348733
174,1987,1,5_9,0.00341822
174,1988,1,5_9,0.00320456
174,1989,1,5_9,0.00308331
174,1990,1,5_9,0.00295775
174,1991,1,5_9,0.00284636
174,1992,1,5_9,0.00274882
174,1993,1,5_9,0.00266316
174,1994,1,5_9,0.00258856
174,1995,1,5_9,0.00252057
174,1996,1,5_9,0.00246057
174,1997,1,5_9,0.00240352
174,1998,1,5_9,0.00246866
174,1999,1,5_9,0.00233778
174,2000,1,5_9,0.00233515
174,2001,1,5_9,0.00216376
174,2002,1,5_9,0.00215277
174,2003,1,5_9,0.00203235
174,2004,1,5_9,0.00196903
174,2005,1,5_9,0.00190499
174,2006,1,5_9,0.00183843
174,2007,1,5_9,0.00180565
174,2008,1,5_9,0.00170811
174,2009,1,5_9,0.00164686
174,2010,1,5_9,0.00157303
174,2011,1,5_9,0.00151283
174,2012,1,5_9,0.00146063
174,2013,1,5_9,0.00140053
174,2014,1,5_9,0.00135513
174,2015,1,5_9,0.00130511
174,2016,1,5_9,0.00125729
174,2017,1,5_9,0.00120711
174,2018,1,5_9,0.00116875
174,2019,1,5_9,0.00114222
174,2020,1,5_9,0.00109109
174,2021,1,5_9,0.00105482
174,2022,1,5_9,0.0010217
174,2023,1,5_9,0.00098402
262,1950,1,5_9,0.01058854
262,1951,1,5_9,0.01044513
262,1952,1,5_9,0.01042536
262,1953,1,5_9,0.01035919
262,1954,1,5_9,0.01023752
262,1955,1,5_9,0.01017072
262,1956,1,5_9,0.01013627
262,1957,1,5_9,0.0100567
262,1958,1,5_9,0.00997849
262,1959,1,5_9,0.00988687
262,1960,1,5_9,0.00978679
262,1961,1,5_9,0.00965705
262,1962,1,5_9,0.00959053
262,1963,1,5_9,0.00949237
262,1964,1,5_9,0.00939083
262,1965,1,5_9,0.00924192
262,1966,1,5_9,0.00914232
262,1967,1,5_9,0.00897609
262,1968,1,5_9,0.0088528
262,1969,1,5_9,0.00867598
262,1970,1,5_9,0.00851805
262,1971,1,5_9,0.00865238
262,1972,1,5_9,0.00814818
262,1973,1,5_9,0.0079719
262,1974,1,5_9,0.00782146
262,1975,1,5_9,0.00766094
262,1976,1,5_9,0.00752619
262,1977,1,5_9,0.00738871
262,1978,1,5_9,0.00724425
262,1979,1,5_9,0.00710084
262,1980,1,5_9,0.00693026
262,1981,1,5_9,0.00681498
262,1982,1,5_9,0.00662594
262,1983,1,5_9,0.00647663
262,1984,1,5_9,0.00633271
262,1985,1,5_9,0.00621295
262,1986,1,5_9,0.00607292
262,1987,1,5_9,0.00596689
262,1988,1,5_9,0.00588275
262,1989,1,5_9,0.00580992
262,1990,1,5_9,0.00577233
262,1991,1,5_9,0.00566527
262,1992,1,5_9,0.00562221
262,1993,1,5_9,0.00571085
262,1994,1,5_9,0.00576123
262,1995,1,5_9,0.0055935
262,1996,1,5_9,0.00558138
262,1997,1,5_9,0.00563218
262,1998,1,5_9,0.00555949
262,1999,1,5_9,0.00550239
262,2000,1,5_9,0.00546826
262,2001,1,5_9,0.0051772
262,2002,1,5_9,0.00515585
262,2003,1,5_9,0.00520744
262,2004,1,5_9,0.00528925
262,2005,1,5_9,0.00522153
262,2006,1,5_9,0.00508032
262,2007,1,5_9,0.00493165
262,2008,1,5_9,0.00471773
262,2009,1,5_9,0.00451401
262,2010,1,5_9,0.00436727
262,2011,1,5_9,0.00416889
262,2012,1,5_9,0.00404703
262,2013,1,5_9,0.00391769
262,2014,1,5_9,0.00382503
262,2015,1,5_9,0.00367926
262,2016,1,5_9,0.00354464
262,2017,1,5_9,0.00343248
262,2018,1,5_9,0.00331603
262,2019,1,5_9,0.00323504
262,2020,1,5_9,0.0031167
262,2021,1,5_9,0.00301888
262,2022,1,5_9,0.00289987
262,2023,1,5_9,0.00274908
232,1950,1,5_9,0.01478154
232,1951,1,5_9,0.0146369
232,1952,1,5_9,0.01449138
232,1953,1,5_9,0.01434797
232,1954,1,5_9,0.01420411
232,1955,1,5_9,0.01406044
232,1956,1,5_9,0.013914
232,1957,1,5_9,0.01796743
232,1958,1,5_9,0.01772474
232,1959,1,5_9,0.01349993
232,1960,1,5_9,0.0133336
232,1961,1,5_9,0.0131696
232,1962,1,5_9,0.01302805
232,1963,1,5_9,0.01282551
232,1964,1,5_9,0.012707
232,1965,1,5_9,0.01256938
232,1966,1,5_9,0.01383835
232,1967,1,5_9,0.01247516
232,1968,1,5_9,0.01236003
232,1969,1,5_9,0.01225509
232,1970,1,5_9,0.01213344
232,1971,1,5_9,0.01201259
232,1972,1,5_9,0.01255947
232,1973,1,5_9,0.01242493
232,1974,1,5_9,0.01349858
232,1975,1,5_9,0.01331311
232,1976,1,5_9,0.01134238
232,1977,1,5_9,0.01119471
232,1978,1,5_9,0.01102324
232,1979,1,5_9,0.0107873
232,1980,1,5_9,0.01064884
232,1981,1,5_9,0.01045552
232,1982,1,5_9,0.01025646
232,1983,1,5_9,0.01466138
232,1984,1,5_9,0.01434811
232,1985,1,5_9,0.01373122
232,1986,1,5_9,0.01333847
232,1987,1,5_9,0.00893385
232,1988,1,5_9,0.00855039
232,1989,1,5_9,0.00840801
232,1990,1,5_9,0.00759286
232,1991,1,5_9,0.00717151
232,1992,1,5_9,0.00675927
232,1993,1,5_9,0.00644302
232,1994,1,5_9,0.00615867
232,1995,1,5_9,0.00592146
232,1996,1,5_9,0.00575299
232,1997,1,5_9,0.00559885
232,1998,1,5_9,0.00548299
232,1999,1,5_9,0.00657139
232,2000,1,5_9,0.00556805
232,2001,1,5_9,0.00510475
232,2002,1,5_9,0.00493338
232,2003,1,5_9,0.00474061
232,2004,1,5_9,0.00452785
232,2005,1,5_9,0.0043048
232,2006,1,5_9,0.00402815
232,2007,1,5_9,0.00384433
232,2008,1,5_9,0.00366525
232,2009,1,5_9,0.00344669
232,2010,1,5_9,0.00328476
232,2011,1,5_9,0.00314931
232,2012,1,5_9,0.00301398
232,2013,1,5_9,0.00290099
232,2014,1,5_9,0.00278959
232,2015,1,5_9,0.00269119
232,2016,1,5_9,0.00260148
232,2017,1,5_9,0.00251718
232,2018,1,5_9,0.0024152
232,2019,1,5_9,0.00231948
232,2020,1,5_9,0.00222534
232,2021,1,5_9,0.00213109
232,2022,1,5_9,0.00204546
232,2023,1,5_9,0.00196247
231,1950,1,5_9,0.01478205
231,1951,1,5_9,0.01462795
231,1952,1,5_9,0.01447718
231,1953,1,5_9,0.01435037
231,1954,1,5_9,0.0141729
231,1955,1,5_9,0.01409337
231,1956,1,5_9,0.01389527
231,1957,1,5_9,0.01788895
231,1958,1,5_9,0.01765587
231,1959,1,5_9,0.01339285
231,1960,1,5_9,0.01321819
231,1961,1,5_9,0.01289507
231,1962,1,5_9,0.01273485
231,1963,1,5_9,0.01255988
231,1964,1,5_9,0.01247242
231,1965,1,5_9,0.01248789
231,1966,1,5_9,0.01371841
231,1967,1,5_9,0.01226638
231,1968,1,5_9,0.01219878
231,1969,1,5_9,0.01219303
231,1970,1,5_9,0.0122055
231,1971,1,5_9,0.01211697
231,1972,1,5_9,0.01277255
231,1973,1,5_9,0.01275503
231,1974,1,5_9,0.0139495
231,1975,1,5_9,0.01398829
231,1976,1,5_9,0.01246918
231,1977,1,5_9,0.01246122
231,1978,1,5_9,0.01237592
231,1979,1,5_9,0.0120765
231,1980,1,5_9,0.01189623
231,1981,1,5_9,0.01176899
231,1982,1,5_9,0.01143329
231,1983,1,5_9,0.01532693
231,1984,1,5_9,0.01471885
231,1985,1,5_9,0.01385264
231,1986,1,5_9,0.01317763
231,1987,1,5_9,0.00884382
231,1988,1,5_9,0.00882253
231,1989,1,5_9,0.00884071
231,1990,1,5_9,0.00887718
231,1991,1,5_9,0.00827433
231,1992,1,5_9,0.0080669
231,1993,1,5_9,0.0080002
231,1994,1,5_9,0.00815489
231,1995,1,5_9,0.00827838
231,1996,1,5_9,0.0080843
231,1997,1,5_9,0.00793431
231,1998,1,5_9,0.0076956
231,1999,1,5_9,0.00757016
231,2000,1,5_9,0.00725609
231,2001,1,5_9,0.0070875
231,2002,1,5_9,0.00685349
231,2003,1,5_9,0.00667555
231,2004,1,5_9,0.00648424
231,2005,1,5_9,0.00636084
231,2006,1,5_9,0.00602701
231,2007,1,5_9,0.005654
231,2008,1,5_9,0.00528445
231,2009,1,5_9,0.004925
231,2010,1,5_9,0.00458909
231,2011,1,5_9,0.00428687
231,2012,1,5_9,0.0040313
231,2013,1,5_9,0.00384719
231,2014,1,5_9,0.00364838
231,2015,1,5_9,0.00348061
231,2016,1,5_9,0.00334037
231,2017,1,5_9,0.00320414
231,2018,1,5_9,0.00308414
231,2019,1,5_9,0.00297755
231,2020,1,5_9,0.0028848
231,2021,1,5_9,0.00279159
231,2022,1,5_9,0.00269697
231,2023,1,5_9,0.00260526
404,1950,1,5_9,0.01247348
404,1951,1,5_9,0.01165495
404,1952,1,5_9,0.01086386
404,1953,1,5_9,0.01013508
404,1954,1,5_9,0.00942693
404,1955,1,5_9,0.0087495
404,1956,1,5_9,0.00809634
404,1957,1,5_9,0.00750737
404,1958,1,5_9,0.0069818
404,1959,1,5_9,0.00651994
404,1960,1,5_9,0.00611912
404,1961,1,5_9,0.00577569
404,1962,1,5_9,0.00548149
404,1963,1,5_9,0.00523584
404,1964,1,5_9,0.00503752
404,1965,1,5_9,0.00485648
404,1966,1,5_9,0.00470018
404,1967,1,5_9,0.0045578
404,1968,1,5_9,0.00443388
404,1969,1,5_9,0.00430897
404,1970,1,5_9,0.00418601
404,1971,1,5_9,0.0040673
404,1972,1,5_9,0.00393214
404,1973,1,5_9,0.00379893
404,1974,1,5_9,0.00365776
404,1975,1,5_9,0.00350782
404,1976,1,5_9,0.0033628
404,1977,1,5_9,0.00322104
404,1978,1,5_9,0.00307566
404,1979,1,5_9,0.00294419
404,1980,1,5_9,0.00282391
404,1981,1,5_9,0.00271285
404,1982,1,5_9,0.00261891
404,1983,1,5_9,0.00253235
404,1984,1,5_9,0.00246576
404,1985,1,5_9,0.00242958
404,1986,1,5_9,0.00241764
404,1987,1,5_9,0.0024352
404,1988,1,5_9,0.00248275
404,1989,1,5_9,0.00253547
404,1990,1,5_9,0.00264
404,1991,1,5_9,0.00271853
404,1992,1,5_9,0.00280746
404,1993,1,5_9,0.00286097
404,1994,1,5_9,0.00289772
404,1995,1,5_9,0.00289872
404,1996,1,5_9,0.0028723
404,1997,1,5_9,0.00283431
404,1998,1,5_9,0.00277228
404,1999,1,5_9,0.00264355
404,2000,1,5_9,0.00251259
404,2001,1,5_9,0.00237451
404,2002,1,5_9,0.00219061
404,2003,1,5_9,0.00206708
404,2004,1,5_9,0.00193618
404,2005,1,5_9,0.00179507
404,2006,1,5_9,0.00167942
404,2007,1,5_9,0.00156563
404,2008,1,5_9,0.00148279
404,2009,1,5_9,0.00139879
404,2010,1,5_9,0.00131332
404,2011,1,5_9,0.00124323
404,2012,1,5_9,0.00119402
404,2013,1,5_9,0.00115318
404,2014,1,5_9,0.00111084
404,2015,1,5_9,0.00107578
404,2016,1,5_9,0.0010393
404,2017,1,5_9,0.00101306
404,2018,1,5_9,0.0010018
404,2019,1,5_9,0.00099324
404,2020,1,5_9,0.00144771
404,2021,1,5_9,0.00134575
404,2022,1,5_9,0.0009654
404,2023,1,5_9,0.00096194
450,1950,1,5_9,0.01297092
450,1951,1,5_9,0.01271435
450,1952,1,5_9,0.0125302
450,1953,1,5_9,0.0123628
450,1954,1,5_9,0.01229433
450,1955,1,5_9,0.01210413
450,1956,1,5_9,0.01190604
450,1957,1,5_9,0.0116991
450,1958,1,5_9,0.01147503
450,1959,1,5_9,0.01124876
450,1960,1,5_9,0.01102998
450,1961,1,5_9,0.01078395
450,1962,1,5_9,0.01056233
450,1963,1,5_9,0.01033954
450,1964,1,5_9,0.01011714
450,1965,1,5_9,0.00990693
450,1966,1,5_9,0.0096943
450,1967,1,5_9,0.00944478
450,1968,1,5_9,0.00926489
450,1969,1,5_9,0.00905765
450,1970,1,5_9,0.0087859
450,1971,1,5_9,0.00860568
450,1972,1,5_9,0.00843583
450,1973,1,5_9,0.00819011
450,1974,1,5_9,0.0079841
450,1975,1,5_9,0.00779061
450,1976,1,5_9,0.00763941
450,1977,1,5_9,0.00751467
450,1978,1,5_9,0.00741905
450,1979,1,5_9,0.0073477
450,1980,1,5_9,0.00729763
450,1981,1,5_9,0.00744238
450,1982,1,5_9,0.00724852
450,1983,1,5_9,0.0070902
450,1984,1,5_9,0.00697657
450,1985,1,5_9,0.00689418
450,1986,1,5_9,0.00685508
450,1987,1,5_9,0.0067636
450,1988,1,5_9,0.00677629
450,1989,1,5_9,0.00663646
450,1990,1,5_9,0.0065504
450,1991,1,5_9,0.00642712
450,1992,1,5_9,0.00632835
450,1993,1,5_9,0.00598729
450,1994,1,5_9,0.00583428
450,1995,1,5_9,0.00562834
450,1996,1,5_9,0.00538805
450,1997,1,5_9,0.00512581
450,1998,1,5_9,0.00484994
450,1999,1,5_9,0.00460818
450,2000,1,5_9,0.00440306
450,2001,1,5_9,0.00418014
450,2002,1,5_9,0.00404965
450,2003,1,5_9,0.00393349
450,2004,1,5_9,0.00383756
450,2005,1,5_9,0.00370702
450,2006,1,5_9,0.00359171
450,2007,1,5_9,0.00350069
450,2008,1,5_9,0.00341294
450,2009,1,5_9,0.00333432
450,2010,1,5_9,0.00328128
450,2011,1,5_9,0.0032247
450,2012,1,5_9,0.00318634
450,2013,1,5_9,0.00314885
450,2014,1,5_9,0.00311201
450,2015,1,5_9,0.00309273
450,2016,1,5_9,0.00306696
450,2017,1,5_9,0.0030645
450,2018,1,5_9,0.00304616
450,2019,1,5_9,0.00303572
450,2020,1,5_9,0.00303472
450,2021,1,5_9,0.00302781
450,2022,1,5_9,0.00303502
450,2023,1,5_9,0.00302546
454,1950,1,5_9,0.01655145
454,1951,1,5_9,0.01639278
454,1952,1,5_9,0.01623888
454,1953,1,5_9,0.01607435
454,1954,1,5_9,0.01592827
454,1955,1,5_9,0.01573083
454,1956,1,5_9,0.01551883
454,1957,1,5_9,0.01532398
454,1958,1,5_9,0.0150912
454,1959,1,5_9,0.0148581
454,1960,1,5_9,0.01470445
454,1961,1,5_9,0.01453534
454,1962,1,5_9,0.01439087
454,1963,1,5_9,0.01424393
454,1964,1,5_9,0.01415403
454,1965,1,5_9,0.01404971
454,1966,1,5_9,0.0139362
454,1967,1,5_9,0.01381724
454,1968,1,5_9,0.0136594
454,1969,1,5_9,0.01346911
454,1970,1,5_9,0.01321085
454,1971,1,5_9,0.01273144
454,1972,1,5_9,0.01235479
454,1973,1,5_9,0.01190996
454,1974,1,5_9,0.01141257
454,1975,1,5_9,0.01092959
454,1976,1,5_9,0.01042476
454,1977,1,5_9,0.0099301
454,1978,1,5_9,0.00942439
454,1979,1,5_9,0.00900513
454,1980,1,5_9,0.00864687
454,1981,1,5_9,0.00838878
454,1982,1,5_9,0.00822815
454,1983,1,5_9,0.00814814
454,1984,1,5_9,0.00815775
454,1985,1,5_9,0.00819811
454,1986,1,5_9,0.00823123
454,1987,1,5_9,0.00825026
454,1988,1,5_9,0.00820573
454,1989,1,5_9,0.00808475
454,1990,1,5_9,0.00788575
454,1991,1,5_9,0.00767215
454,1992,1,5_9,0.00737772
454,1993,1,5_9,0.00715369
454,1994,1,5_9,0.00686357
454,1995,1,5_9,0.00662944
454,1996,1,5_9,0.00638811
454,1997,1,5_9,0.00613577
454,1998,1,5_9,0.00585931
454,1999,1,5_9,0.0055098
454,2000,1,5_9,0.00503906
454,2001,1,5_9,0.00458092
454,2002,1,5_9,0.00420733
454,2003,1,5_9,0.00371763
454,2004,1,5_9,0.0033337
454,2005,1,5_9,0.00302322
454,2006,1,5_9,0.00275419
454,2007,1,5_9,0.00253548
454,2008,1,5_9,0.00234859
454,2009,1,5_9,0.00217812
454,2010,1,5_9,0.00200579
454,2011,1,5_9,0.00185853
454,2012,1,5_9,0.00170799
454,2013,1,5_9,0.00158305
454,2014,1,5_9,0.00145195
454,2015,1,5_9,0.00135954
454,2016,1,5_9,0.00125088
454,2017,1,5_9,0.00117377
454,2018,1,5_9,0.00110996
454,2019,1,5_9,0.00102736
454,2020,1,5_9,0.00098796
454,2021,1,5_9,0.00095755
454,2022,1,5_9,0.00095988
454,2023,1,5_9,0.00096465
480,1950,1,5_9,0.00156285
480,1951,1,5_9,0.00150242
480,1952,1,5_9,0.0015599
480,1953,1,5_9,0.00250893
480,1954,1,5_9,0.00258847
480,1955,1,5_9,0.00277528
480,1956,1,5_9,0.00187449
480,1957,1,5_9,0.00180514
480,1958,1,5_9,0.00144652
480,1959,1,5_9,0.00140602
480,1960,1,5_9,0.0014971
480,1961,1,5_9,0.00138902
480,1962,1,5_9,0.0013679
480,1963,1,5_9,0.00138345
480,1964,1,5_9,0.0013698
480,1965,1,5_9,0.00145221
480,1966,1,5_9,0.0013541
480,1967,1,5_9,0.00145494
480,1968,1,5_9,0.00129885
480,1969,1,5_9,0.00122543
480,1970,1,5_9,0.00101832
480,1971,1,5_9,0.00087752
480,1972,1,5_9,0.00089441
480,1973,1,5_9,0.00088711
480,1974,1,5_9,0.00088386
480,1975,1,5_9,0.00073955
480,1976,1,5_9,0.0006517
480,1977,1,5_9,0.00058897
480,1978,1,5_9,0.00064243
480,1979,1,5_9,0.00067745
480,1980,1,5_9,0.00056043
480,1981,1,5_9,0.00048426
480,1982,1,5_9,0.00045789
480,1983,1,5_9,0.00052557
480,1984,1,5_9,0.00049407
480,1985,1,5_9,0.00046305
480,1986,1,5_9,0.00040521
480,1987,1,5_9,0.00047379
480,1988,1,5_9,0.00041891
480,1989,1,5_9,0.00040612
480,1990,1,5_9,0.00031428
480,1991,1,5_9,0.00026209
480,1992,1,5_9,0.00028142
480,1993,1,5_9,0.00027126
480,1994,1,5_9,0.00033735
480,1995,1,5_9,0.00028656
480,1996,1,5_9,0.00032303
480,1997,1,5_9,0.00029865
480,1998,1,5_9,0.00028843
480,1999,1,5_9,0.00027968
480,2000,1,5_9,0.00028186
480,2001,1,5_9,0.00031552
480,2002,1,5_9,0.00030021
480,2003,1,5_9,0.00025207
480,2004,1,5_9,0.00022567
480,2005,1,5_9,0.00022852
480,2006,1,5_9,0.00023672
480,2007,1,5_9,0.00025321
480,2008,1,5_9,0.0002983
480,2009,1,5_9,0.00029912
480,2010,1,5_9,0.00026759
480,2011,1,5_9,0.00017665
480,2012,1,5_9,0.00016071
480,2013,1,5_9,0.0001804
480,2014,1,5_9,0.0001949
480,2015,1,5_9,0.00018564
480,2016,1,5_9,0.00016925
480,2017,1,5_9,0.0001752
480,2018,1,5_9,0.00018156
480,2019,1,5_9,0.00032141
480,2020,1,5_9,0.00010947
480,2021,1,5_9,5.706e-05
480,2022,1,5_9,0.00017416
480,2023,1,5_9,0.0002874
175,1950,1,5_9,0.00704625
175,1951,1,5_9,0.00659324
175,1952,1,5_9,0.00616662
175,1953,1,5_9,0.00574107
175,1954,1,5_9,0.00535791
175,1955,1,5_9,0.00497492
175,1956,1,5_9,0.00462134
175,1957,1,5_9,0.00432708
175,1958,1,5_9,0.00400432
175,1959,1,5_9,0.00369688
175,1960,1,5_9,0.00341851
175,1961,1,5_9,0.00316401
175,1962,1,5_9,0.00291846
175,1963,1,5_9,0.00269924
175,1964,1,5_9,0.00247768
175,1965,1,5_9,0.00228127
175,1966,1,5_9,0.00209581
175,1967,1,5_9,0.0019313
175,1968,1,5_9,0.00177671
175,1969,1,5_9,0.00163859
175,1970,1,5_9,0.00150605
175,1971,1,5_9,0.00139538
175,1972,1,5_9,0.00129209
175,1973,1,5_9,0.00119659
175,1974,1,5_9,0.00110802
175,1975,1,5_9,0.00102973
175,1976,1,5_9,0.00095323
175,1977,1,5_9,0.00088567
175,1978,1,5_9,0.00082778
175,1979,1,5_9,0.00077139
175,1980,1,5_9,0.00071516
175,1981,1,5_9,0.00066751
175,1982,1,5_9,0.00062504
175,1983,1,5_9,0.00058497
175,1984,1,5_9,0.0005487
175,1985,1,5_9,0.00051598
175,1986,1,5_9,0.00048526
175,1987,1,5_9,0.00045658
175,1988,1,5_9,0.00042997
175,1989,1,5_9,0.00040459
175,1990,1,5_9,0.00038128
175,1991,1,5_9,0.00035952
175,1992,1,5_9,0.00033908
175,1993,1,5_9,0.00031985
175,1994,1,5_9,0.00030122
175,1995,1,5_9,0.00028432
175,1996,1,5_9,0.00027008
175,1997,1,5_9,0.00025663
175,1998,1,5_9,0.00024351
175,1999,1,5_9,0.00023153
175,2000,1,5_9,0.0002206
175,2001,1,5_9,0.00021273
175,2002,1,5_9,0.00020523
175,2003,1,5_9,0.00019863
175,2004,1,5_9,0.00019074
175,2005,1,5_9,0.00018419
175,2006,1,5_9,0.00017168
175,2007,1,5_9,0.00015972
175,2008,1,5_9,0.00015173
175,2009,1,5_9,0.00014668
175,2010,1,5_9,0.00014449
175,2011,1,5_9,0.00014679
175,2012,1,5_9,0.00014912
175,2013,1,5_9,0.00015872
175,2014,1,5_9,0.00017073
175,2015,1,5_9,0.00018169
175,2016,1,5_9,0.00019213
175,2017,1,5_9,0.00019997
175,2018,1,5_9,0.00020704
175,2019,1,5_9,0.00021324
175,2020,1,5_9,0.00032991
175,2021,1,5_9,0.00028704
175,2022,1,5_9,0.00024179
175,2023,1,5_9,0.00022351
508,1950,1,5_9,0.01149037
508,1951,1,5_9,0.01121896
508,1952,1,5_9,0.01095379
508,1953,1,5_9,0.010686
508,1954,1,5_9,0.01043186
508,1955,1,5_9,0.01017305
508,1956,1,5_9,0.00995648
508,1957,1,5_9,0.00967276
508,1958,1,5_9,0.00942606
508,1959,1,5_9,0.00921978
508,1960,1,5_9,0.00903177
508,1961,1,5_9,0.00886909
508,1962,1,5_9,0.00875054
508,1963,1,5_9,0.00863478
508,1964,1,5_9,0.00867157
508,1965,1,5_9,0.00862125
508,1966,1,5_9,0.00855503
508,1967,1,5_9,0.00851153
508,1968,1,5_9,0.00847148
508,1969,1,5_9,0.00841592
508,1970,1,5_9,0.00835706
508,1971,1,5_9,0.00831898
508,1972,1,5_9,0.00822183
508,1973,1,5_9,0.00816224
508,1974,1,5_9,0.00809586
508,1975,1,5_9,0.00794477
508,1976,1,5_9,0.00790481
508,1977,1,5_9,0.00789904
508,1978,1,5_9,0.0078666
508,1979,1,5_9,0.00787443
508,1980,1,5_9,0.00782497
508,1981,1,5_9,0.00897514
508,1982,1,5_9,0.00893507
508,1983,1,5_9,0.00889898
508,1984,1,5_9,0.00880903
508,1985,1,5_9,0.00870284
508,1986,1,5_9,0.00751584
508,1987,1,5_9,0.00742543
508,1988,1,5_9,0.00731473
508,1989,1,5_9,0.00720189
508,1990,1,5_9,0.00707081
508,1991,1,5_9,0.00690256
508,1992,1,5_9,0.00669877
508,1993,1,5_9,0.0064681
508,1994,1,5_9,0.00622159
508,1995,1,5_9,0.00592946
508,1996,1,5_9,0.0056299
508,1997,1,5_9,0.00532925
508,1998,1,5_9,0.00505307
508,1999,1,5_9,0.00472773
508,2000,1,5_9,0.00441658
508,2001,1,5_9,0.00408876
508,2002,1,5_9,0.00383737
508,2003,1,5_9,0.00358816
508,2004,1,5_9,0.00335589
508,2005,1,5_9,0.00313984
508,2006,1,5_9,0.00295304
508,2007,1,5_9,0.0027797
508,2008,1,5_9,0.00261432
508,2009,1,5_9,0.00246471
508,2010,1,5_9,0.00232519
508,2011,1,5_9,0.00219461
508,2012,1,5_9,0.00207875
508,2013,1,5_9,0.00196847
508,2014,1,5_9,0.00186087
508,2015,1,5_9,0.00177035
508,2016,1,5_9,0.00168412
508,2017,1,5_9,0.00160993
508,2018,1,5_9,0.00154648
508,2019,1,5_9,0.0015196
508,2020,1,5_9,0.00145059
508,2021,1,5_9,0.00138866
508,2022,1,5_9,0.00134769
508,2023,1,5_9,0.00130188
638,1950,1,5_9,0.00265584
638,1951,1,5_9,0.00252398
638,1952,1,5_9,0.00239013
638,1953,1,5_9,0.00224576
638,1954,1,5_9,0.00198713
638,1955,1,5_9,0.00168583
638,1956,1,5_9,0.0013954
638,1957,1,5_9,0.00130487
638,1958,1,5_9,0.00124774
638,1959,1,5_9,0.00129338
638,1960,1,5_9,0.00127655
638,1961,1,5_9,0.00126673
638,1962,1,5_9,0.00114382
638,1963,1,5_9,0.00100796
638,1964,1,5_9,0.00088294
638,1965,1,5_9,0.0008435
638,1966,1,5_9,0.00088134
638,1967,1,5_9,0.00096585
638,1968,1,5_9,0.00101333
638,1969,1,5_9,0.00099086
638,1970,1,5_9,0.00093106
638,1971,1,5_9,0.00088841
638,1972,1,5_9,0.00087882
638,1973,1,5_9,0.00082986
638,1974,1,5_9,0.0007679
638,1975,1,5_9,0.00069081
638,1976,1,5_9,0.00063858
638,1977,1,5_9,0.00058523
638,1978,1,5_9,0.00053512
638,1979,1,5_9,0.0004671
638,1980,1,5_9,0.00049848
638,1981,1,5_9,0.00038487
638,1982,1,5_9,0.00037249
638,1983,1,5_9,0.00035013
638,1984,1,5_9,0.00034478
638,1985,1,5_9,0.00034127
638,1986,1,5_9,0.00031875
638,1987,1,5_9,0.00030325
638,1988,1,5_9,0.00024842
638,1989,1,5_9,0.00026047
638,1990,1,5_9,0.00022856
638,1991,1,5_9,0.00021905
638,1992,1,5_9,0.00020911
638,1993,1,5_9,0.00022785
638,1994,1,5_9,0.00019034
638,1995,1,5_9,0.00018189
638,1996,1,5_9,0.0001735
638,1997,1,5_9,0.00016538
638,1998,1,5_9,0.00016104
638,1999,1,5_9,0.00015589
638,2000,1,5_9,0.00015331
638,2001,1,5_9,0.00013932
638,2002,1,5_9,0.00011835
638,2003,1,5_9,0.00010075
638,2004,1,5_9,8.938e-05
638,2005,1,5_9,9.726e-05
638,2006,1,5_9,0.00010494
638,2007,1,5_9,0.00011187
638,2008,1,5_9,9.656e-05
638,2009,1,5_9,9.554e-05
638,2010,1,5_9,9.793e-05
638,2011,1,5_9,0.00011975
638,2012,1,5_9,0.00012277
638,2013,1,5_9,0.00011266
638,2014,1,5_9,9.299e-05
638,2015,1,5_9,9.014e-05
638,2016,1,5_9,9.928e-05
638,2017,1,5_9,0.00011096
638,2018,1,5_9,0.00012003
638,2019,1,5_9,0.00011495
638,2020,1,5_9,0.00010313
638,2021,1,5_9,5.188e-05
638,2022,1,5_9,0.000142
638,2023,1,5_9,0.00011953
646,1950,1,5_9,0.00889064
646,1951,1,5_9,0.00873401
646,1952,1,5_9,0.00856399
646,1953,1,5_9,0.00837948
646,1954,1,5_9,0.0082026
646,1955,1,5_9,0.0080132
646,1956,1,5_9,0.00783005
646,1957,1,5_9,0.00762516
646,1958,1,5_9,0.00743657
646,1959,1,5_9,0.00721532
646,1960,1,5_9,0.00700635
646,1961,1,5_9,0.00680619
646,1962,1,5_9,0.0066613
646,1963,1,5_9,0.00879862
646,1964,1,5_9,0.00651733
646,1965,1,5_9,0.006496
646,1966,1,5_9,0.00654194
646,1967,1,5_9,0.00659412
646,1968,1,5_9,0.00673708
646,1969,1,5_9,0.00687943
646,1970,1,5_9,0.00700945
646,1971,1,5_9,0.00715317
646,1972,1,5_9,0.00733787
646,1973,1,5_9,0.00749259
646,1974,1,5_9,0.00766502
646,1975,1,5_9,0.00779093
646,1976,1,5_9,0.00783311
646,1977,1,5_9,0.0077492
646,1978,1,5_9,0.00751347
646,1979,1,5_9,0.00711202
646,1980,1,5_9,0.00663334
646,1981,1,5_9,0.006141
646,1982,1,5_9,0.00567279
646,1983,1,5_9,0.00528262
646,1984,1,5_9,0.0049644
646,1985,1,5_9,0.00471833
646,1986,1,5_9,0.00456029
646,1987,1,5_9,0.00446687
646,1988,1,5_9,0.00446808
646,1989,1,5_9,0.00462691
646,1990,1,5_9,0.0048723
646,1991,1,5_9,0.00516524
646,1992,1,5_9,0.00564912
646,1993,1,5_9,0.00618411
646,1994,1,5_9,0.03199961
646,1995,1,5_9,0.00733828
646,1996,1,5_9,0.00707872
646,1997,1,5_9,0.00723529
646,1998,1,5_9,0.00660947
646,1999,1,5_9,0.00609402
646,2000,1,5_9,0.00548407
646,2001,1,5_9,0.00484848
646,2002,1,5_9,0.00421515
646,2003,1,5_9,0.00367003
646,2004,1,5_9,0.00318176
646,2005,1,5_9,0.00276741
646,2006,1,5_9,0.00243225
646,2007,1,5_9,0.00215124
646,2008,1,5_9,0.0019097
646,2009,1,5_9,0.00170921
646,2010,1,5_9,0.00154062
646,2011,1,5_9,0.00141232
646,2012,1,5_9,0.00131992
646,2013,1,5_9,0.00121016
646,2014,1,5_9,0.00111553
646,2015,1,5_9,0.00104026
646,2016,1,5_9,0.00099437
646,2017,1,5_9,0.00096963
646,2018,1,5_9,0.0009583
646,2019,1,5_9,0.00094008
646,2020,1,5_9,0.00092866
646,2021,1,5_9,0.00089913
646,2022,1,5_9,0.00087148
646,2023,1,5_9,0.00083604
690,1950,1,5_9,0.00222704
690,1951,1,5_9,0.00220479
690,1952,1,5_9,0.00209542
690,1953,1,5_9,0.00199128
690,1954,1,5_9,0.00189205
690,1955,1,5_9,0.00181957
690,1956,1,5_9,0.0016724
690,1957,1,5_9,0.00155761
690,1958,1,5_9,0.00145534
690,1959,1,5_9,0.00146378
690,1960,1,5_9,0.00147279
690,1961,1,5_9,0.00147965
690,1962,1,5_9,0.00148734
690,1963,1,5_9,0.00163944
690,1964,1,5_9,0.00153943
690,1965,1,5_9,0.00146435
690,1966,1,5_9,0.00126414
690,1967,1,5_9,0.00130143
690,1968,1,5_9,0.00123578
690,1969,1,5_9,0.00113134
690,1970,1,5_9,0.00098043
690,1971,1,5_9,0.0008688
690,1972,1,5_9,0.00075893
690,1973,1,5_9,0.00070058
690,1974,1,5_9,0.000686
690,1975,1,5_9,0.00068112
690,1976,1,5_9,0.00069097
690,1977,1,5_9,0.00070356
690,1978,1,5_9,0.00071932
690,1979,1,5_9,0.00072932
690,1980,1,5_9,0.00073471
690,1981,1,5_9,0.00072988
690,1982,1,5_9,0.00071462
690,1983,1,5_9,0.0006864
690,1984,1,5_9,0.00065261
690,1985,1,5_9,0.00062034
690,1986,1,5_9,0.00058218
690,1987,1,5_9,0.0005416
690,1988,1,5_9,0.00049642
690,1989,1,5_9,0.00046034
690,1990,1,5_9,0.00043051
690,1991,1,5_9,0.0004047
690,1992,1,5_9,0.00037547
690,1993,1,5_9,0.00035418
690,1994,1,5_9,0.00034852
690,1995,1,5_9,0.00036307
690,1996,1,5_9,0.00038594
690,1997,1,5_9,0.00045348
690,1998,1,5_9,0.00042118
690,1999,1,5_9,0.00042364
690,2000,1,5_9,0.0004151
690,2001,1,5_9,0.00039638
690,2002,1,5_9,0.00037683
690,2003,1,5_9,0.00035907
690,2004,1,5_9,0.00037429
690,2005,1,5_9,0.00032109
690,2006,1,5_9,0.00030855
690,2007,1,5_9,0.00030615
690,2008,1,5_9,0.00028839
690,2009,1,5_9,0.00027374
690,2010,1,5_9,0.00026177
690,2011,1,5_9,0.00026049
690,2012,1,5_9,0.00027289
690,2013,1,5_9,0.00029712
690,2014,1,5_9,0.00032572
690,2015,1,5_9,0.00034518
690,2016,1,5_9,0.00034436
690,2017,1,5_9,0.00032781
690,2018,1,5_9,0.00034057
690,2019,1,5_9,0.00035402
690,2020,1,5_9,7.957e-05
690,2021,1,5_9,0.0003332
690,2022,1,5_9,0.00032833
690,2023,1,5_9,0.00032385
706,1950,1,5_9,0.01086322
706,1951,1,5_9,0.01076211
706,1952,1,5_9,0.01066163
706,1953,1,5_9,0.01056226
706,1954,1,5_9,0.01046384
706,1955,1,5_9,0.01036631
706,1956,1,5_9,0.01026974
706,1957,1,5_9,0.01017425
706,1958,1,5_9,0.01007992
706,1959,1,5_9,0.00998674
706,1960,1,5_9,0.00989468
706,1961,1,5_9,0.00984383
706,1962,1,5_9,0.00971365
706,1963,1,5_9,0.00961474
706,1964,1,5_9,0.00952839
706,1965,1,5_9,0.00942249
706,1966,1,5_9,0.00932985
706,1967,1,5_9,0.00923987
706,1968,1,5_9,0.0091526
706,1969,1,5_9,0.00906784
706,1970,1,5_9,0.00898695
706,1971,1,5_9,0.00890586
706,1972,1,5_9,0.00882416
706,1973,1,5_9,0.00874469
706,1974,1,5_9,0.00973127
706,1975,1,5_9,0.00962093
706,1976,1,5_9,0.00950329
706,1977,1,5_9,0.00839638
706,1978,1,5_9,0.00830481
706,1979,1,5_9,0.00821256
706,1980,1,5_9,0.00811935
706,1981,1,5_9,0.00802515
706,1982,1,5_9,0.00793047
706,1983,1,5_9,0.0078371
706,1984,1,5_9,0.00774516
706,1985,1,5_9,0.00780697
706,1986,1,5_9,0.00774076
706,1987,1,5_9,0.00751517
706,1988,1,5_9,0.00814665
706,1989,1,5_9,0.00722897
706,1990,1,5_9,0.0071074
706,1991,1,5_9,0.02217117
706,1992,1,5_9,0.02334143
706,1993,1,5_9,0.00686942
706,1994,1,5_9,0.00696035
706,1995,1,5_9,0.00678946
706,1996,1,5_9,0.00683988
706,1997,1,5_9,0.0069618
706,1998,1,5_9,0.00678782
706,1999,1,5_9,0.00683165
706,2000,1,5_9,0.00679531
706,2001,1,5_9,0.00676087
706,2002,1,5_9,0.00676317
706,2003,1,5_9,0.00676957
706,2004,1,5_9,0.00677205
706,2005,1,5_9,0.00669736
706,2006,1,5_9,0.00664859
706,2007,1,5_9,0.00664836
706,2008,1,5_9,0.00643437
706,2009,1,5_9,0.00624408
706,2010,1,5_9,0.00747715
706,2011,1,5_9,0.01717994
706,2012,1,5_9,0.00745996
706,2013,1,5_9,0.00549222
706,2014,1,5_9,0.00528202
706,2015,1,5_9,0.00509044
706,2016,1,5_9,0.00496479
706,2017,1,5_9,0.00625969
706,2018,1,5_9,0.00527302
706,2019,1,5_9,0.0044279
706,2020,1,5_9,0.00423822
706,2021,1,5_9,0.00408863
706,2022,1,5_9,0.00567101
706,2023,1,5_9,0.00381412
728,1950,1,5_9,0.01775584
728,1951,1,5_9,0.01749434
728,1952,1,5_9,0.01721142
728,1953,1,5_9,0.01695361
728,1954,1,5_9,0.01669528
728,1955,1,5_9,0.01640552
728,1956,1,5_9,0.01673098
728,1957,1,5_9,0.01742852
728,1958,1,5_9,0.02092143
728,1959,1,5_9,0.02068977
728,1960,1,5_9,0.02045875
728,1961,1,5_9,0.02023396
728,1962,1,5_9,0.01996467
728,1963,1,5_9,0.01781939
728,1964,1,5_9,0.01536926
728,1965,1,5_9,0.01735942
728,1966,1,5_9,0.01945935
728,1967,1,5_9,0.01925254
728,1968,1,5_9,0.01901699
728,1969,1,5_9,0.01953449
728,1970,1,5_9,0.01931926
728,1971,1,5_9,0.01575041
728,1972,1,5_9,0.0155252
728,1973,1,5_9,0.01314686
728,1974,1,5_9,0.01289248
728,1975,1,5_9,0.01269106
728,1976,1,5_9,0.01252499
728,1977,1,5_9,0.01241179
728,1978,1,5_9,0.01222933
728,1979,1,5_9,0.01206328
728,1980,1,5_9,0.01187245
728,1981,1,5_9,0.01169675
728,1982,1,5_9,0.01150025
728,1983,1,5_9,0.01456845
728,1984,1,5_9,0.01745477
728,1985,1,5_9,0.01712064
728,1986,1,5_9,0.01691251
728,1987,1,5_9,0.03412308
728,1988,1,5_9,0.04675006
728,1989,1,5_9,0.02260577
728,1990,1,5_9,0.02236977
728,1991,1,5_9,0.02196611
728,1992,1,5_9,0.03306144
728,1993,1,5_9,0.03290555
728,1994,1,5_9,0.00960228
728,1995,1,5_9,0.01985952
728,1996,1,5_9,0.01921343
728,1997,1,5_9,0.01820727
728,1998,1,5_9,0.03596388
728,1999,1,5_9,0.00953077
728,2000,1,5_9,0.00787451
728,2001,1,5_9,0.00748496
728,2002,1,5_9,0.00712268
728,2003,1,5_9,0.00573949
728,2004,1,5_9,0.00548553
728,2005,1,5_9,0.00525193
728,2006,1,5_9,0.00513037
728,2007,1,5_9,0.00495483
728,2008,1,5_9,0.0047471
728,2009,1,5_9,0.00462416
728,2010,1,5_9,0.0044939
728,2011,1,5_9,0.00442607
728,2012,1,5_9,0.00429174
728,2013,1,5_9,0.00432385
728,2014,1,5_9,0.00874024
728,2015,1,5_9,0.01186622
728,2016,1,5_9,0.01360935
728,2017,1,5_9,0.0146283
728,2018,1,5_9,0.00690625
728,2019,1,5_9,0.00493717
728,2020,1,5_9,0.00513293
728,2021,1,5_9,0.00525485
728,2022,1,5_9,0.00548098
728,2023,1,5_9,0.00569053
800,1950,1,5_9,0.01013848
800,1951,1,5_9,0.00980845
800,1952,1,5_9,0.00948829
800,1953,1,5_9,0.00918344
800,1954,1,5_9,0.00890351
800,1955,1,5_9,0.00864464
800,1956,1,5_9,0.00840588
800,1957,1,5_9,0.00815168
800,1958,1,5_9,0.00792933
800,1959,1,5_9,0.00771524
800,1960,1,5_9,0.0074707
800,1961,1,5_9,0.00726238
800,1962,1,5_9,0.00708398
800,1963,1,5_9,0.00690922
800,1964,1,5_9,0.00675198
800,1965,1,5_9,0.00660272
800,1966,1,5_9,0.00653052
800,1967,1,5_9,0.00634997
800,1968,1,5_9,0.0062468
800,1969,1,5_9,0.00616905
800,1970,1,5_9,0.00612514
800,1971,1,5_9,0.00681617
800,1972,1,5_9,0.00682152
800,1973,1,5_9,0.00750796
800,1974,1,5_9,0.00698329
800,1975,1,5_9,0.00770126
800,1976,1,5_9,0.00782786
800,1977,1,5_9,0.00795327
800,1978,1,5_9,0.00743585
800,1979,1,5_9,0.00750769
800,1980,1,5_9,0.00784453
800,1981,1,5_9,0.00779366
800,1982,1,5_9,0.00750582
800,1983,1,5_9,0.00735058
800,1984,1,5_9,0.00717479
800,1985,1,5_9,0.00650206
800,1986,1,5_9,0.00636642
800,1987,1,5_9,0.00620734
800,1988,1,5_9,0.00609265
800,1989,1,5_9,0.00597582
800,1990,1,5_9,0.00586792
800,1991,1,5_9,0.00571211
800,1992,1,5_9,0.00558639
800,1993,1,5_9,0.00545869
800,1994,1,5_9,0.00533661
800,1995,1,5_9,0.00522232
800,1996,1,5_9,0.00512017
800,1997,1,5_9,0.00499251
800,1998,1,5_9,0.00486286
800,1999,1,5_9,0.00461278
800,2000,1,5_9,0.00436655
800,2001,1,5_9,0.00410269
800,2002,1,5_9,0.00380981
800,2003,1,5_9,0.00356936
800,2004,1,5_9,0.00326116
800,2005,1,5_9,0.00299582
800,2006,1,5_9,0.00274134
800,2007,1,5_9,0.00251732
800,2008,1,5_9,0.00231136
800,2009,1,5_9,0.00213275
800,2010,1,5_9,0.00197721
800,2011,1,5_9,0.00182605
800,2012,1,5_9,0.0016958
800,2013,1,5_9,0.00157753
800,2014,1,5_9,0.00147884
800,2015,1,5_9,0.00138058
800,2016,1,5_9,0.0012738
800,2017,1,5_9,0.00117186
800,2018,1,5_9,0.0010855
800,2019,1,5_9,0.0010103
800,2020,1,5_9,0.00098093
800,2021,1,5_9,0.000961
800,2022,1,5_9,0.00098233
800,2023,1,5_9,0.00092148
834,1950,1,5_9,0.00903583
834,1951,1,5_9,0.00893998
834,1952,1,5_9,0.00884206
834,1953,1,5_9,0.00874589
834,1954,1,5_9,0.00865877
834,1955,1,5_9,0.00856805
834,1956,1,5_9,0.0084877
834,1957,1,5_9,0.00836275
834,1958,1,5_9,0.00827241
834,1959,1,5_9,0.00818645
834,1960,1,5_9,0.00809569
834,1961,1,5_9,0.00798581
834,1962,1,5_9,0.00785694
834,1963,1,5_9,0.00773073
834,1964,1,5_9,0.00756755
834,1965,1,5_9,0.00740915
834,1966,1,5_9,0.00728025
834,1967,1,5_9,0.00717358
834,1968,1,5_9,0.00703889
834,1969,1,5_9,0.00689017
834,1970,1,5_9,0.00674065
834,1971,1,5_9,0.00658079
834,1972,1,5_9,0.00641786
834,1973,1,5_9,0.00625718
834,1974,1,5_9,0.00608688
834,1975,1,5_9,0.00591155
834,1976,1,5_9,0.00575599
834,1977,1,5_9,0.00559605
834,1978,1,5_9,0.00548091
834,1979,1,5_9,0.00535301
834,1980,1,5_9,0.00527165
834,1981,1,5_9,0.00519157
834,1982,1,5_9,0.0051415
834,1983,1,5_9,0.0051018
834,1984,1,5_9,0.00507936
834,1985,1,5_9,0.00503708
834,1986,1,5_9,0.00498447
834,1987,1,5_9,0.00492549
834,1988,1,5_9,0.00485763
834,1989,1,5_9,0.00479419
834,1990,1,5_9,0.00472837
834,1991,1,5_9,0.00466206
834,1992,1,5_9,0.0046536
834,1993,1,5_9,0.00455108
834,1994,1,5_9,0.00447041
834,1995,1,5_9,0.00436932
834,1996,1,5_9,0.00423662
834,1997,1,5_9,0.00412359
834,1998,1,5_9,0.00389065
834,1999,1,5_9,0.00366817
834,2000,1,5_9,0.00343246
834,2001,1,5_9,0.00320515
834,2002,1,5_9,0.00298279
834,2003,1,5_9,0.00275502
834,2004,1,5_9,0.00255182
834,2005,1,5_9,0.0023623
834,2006,1,5_9,0.00219567
834,2007,1,5_9,0.00203156
834,2008,1,5_9,0.00189364
834,2009,1,5_9,0.00177609
834,2010,1,5_9,0.00166035
834,2011,1,5_9,0.00156383
834,2012,1,5_9,0.00148357
834,2013,1,5_9,0.00140495
834,2014,1,5_9,0.00134078
834,2015,1,5_9,0.00128576
834,2016,1,5_9,0.00120943
834,2017,1,5_9,0.00113094
834,2018,1,5_9,0.00105207
834,2019,1,5_9,0.00099391
834,2020,1,5_9,0.00097172
834,2021,1,5_9,0.00095052
834,2022,1,5_9,0.00092369
834,2023,1,5_9,0.00088606
894,1950,1,5_9,0.00801882
894,1951,1,5_9,0.0078041
894,1952,1,5_9,0.00760395
894,1953,1,5_9,0.00740658
894,1954,1,5_9,0.0072196
894,1955,1,5_9,0.00704943
894,1956,1,5_9,0.0068848
894,1957,1,5_9,0.00675367
894,1958,1,5_9,0.00658363
894,1959,1,5_9,0.00642682
894,1960,1,5_9,0.00623251
894,1961,1,5_9,0.00607249
894,1962,1,5_9,0.00597528
894,1963,1,5_9,0.00586254
894,1964,1,5_9,0.00591614
894,1965,1,5_9,0.00569805
894,1966,1,5_9,0.00562322
894,1967,1,5_9,0.0055466
894,1968,1,5_9,0.00545679
894,1969,1,5_9,0.0053385
894,1970,1,5_9,0.00519251
894,1971,1,5_9,0.00502479
894,1972,1,5_9,0.00486994
894,1973,1,5_9,0.00468803
894,1974,1,5_9,0.00453879
894,1975,1,5_9,0.00443617
894,1976,1,5_9,0.00434858
894,1977,1,5_9,0.00431499
894,1978,1,5_9,0.00431065
894,1979,1,5_9,0.00436474
894,1980,1,5_9,0.00443838
894,1981,1,5_9,0.00452494
894,1982,1,5_9,0.00464655
894,1983,1,5_9,0.00473197
894,1984,1,5_9,0.00490077
894,1985,1,5_9,0.00506388
894,1986,1,5_9,0.00522669
894,1987,1,5_9,0.00537645
894,1988,1,5_9,0.00552465
894,1989,1,5_9,0.0056595
894,1990,1,5_9,0.00577269
894,1991,1,5_9,0.00589375
894,1992,1,5_9,0.00590172
894,1993,1,5_9,0.00584604
894,1994,1,5_9,0.00576018
894,1995,1,5_9,0.00568412
894,1996,1,5_9,0.00558597
894,1997,1,5_9,0.00544721
894,1998,1,5_9,0.00527803
894,1999,1,5_9,0.00509356
894,2000,1,5_9,0.00480215
894,2001,1,5_9,0.00446998
894,2002,1,5_9,0.00410442
894,2003,1,5_9,0.00375128
894,2004,1,5_9,0.00342314
894,2005,1,5_9,0.00309784
894,2006,1,5_9,0.00284916
894,2007,1,5_9,0.00261149
894,2008,1,5_9,0.00241895
894,2009,1,5_9,0.00226646
894,2010,1,5_9,0.00213591
894,2011,1,5_9,0.00203743
894,2012,1,5_9,0.00194898
894,2013,1,5_9,0.00186988
894,2014,1,5_9,0.00179209
894,2015,1,5_9,0.00174639
894,2016,1,5_9,0.00168383
894,2017,1,5_9,0.00163786
894,2018,1,5_9,0.00160108
894,2019,1,5_9,0.00154402
894,2020,1,5_9,0.00148566
894,2021,1,5_9,0.00142453
894,2022,1,5_9,0.00134412
894,2023,1,5_9,0.00123155
716,1950,1,5_9,0.00597654
716,1951,1,5_9,0.00580032
716,1952,1,5_9,0.00564287
716,1953,1,5_9,0.0054962
716,1954,1,5_9,0.00535734
716,1955,1,5_9,0.00522869
716,1956,1,5_9,0.00509978
716,1957,1,5_9,0.00497189
716,1958,1,5_9,0.00486042
716,1959,1,5_9,0.00471286
716,1960,1,5_9,0.00456069
716,1961,1,5_9,0.00441411
716,1962,1,5_9,0.00426737
716,1963,1,5_9,0.00412305
716,1964,1,5_9,0.00397729
716,1965,1,5_9,0.0038438
716,1966,1,5_9,0.00371287
716,1967,1,5_9,0.00360107
716,1968,1,5_9,0.0035018
716,1969,1,5_9,0.00341936
716,1970,1,5_9,0.00335215
716,1971,1,5_9,0.00330011
716,1972,1,5_9,0.00325791
716,1973,1,5_9,0.00324025
716,1974,1,5_9,0.0032264
716,1975,1,5_9,0.00322429
716,1976,1,5_9,0.00320916
716,1977,1,5_9,0.0031869
716,1978,1,5_9,0.00315374
716,1979,1,5_9,0.00313611
716,1980,1,5_9,0.00300394
716,1981,1,5_9,0.00289057
716,1982,1,5_9,0.00274256
716,1983,1,5_9,0.00265007
716,1984,1,5_9,0.00245072
716,1985,1,5_9,0.00233455
716,1986,1,5_9,0.00222912
716,1987,1,5_9,0.00217692
716,1988,1,5_9,0.00216062
716,1989,1,5_9,0.00219204
716,1990,1,5_9,0.00225797
716,1991,1,5_9,0.00235457
716,1992,1,5_9,0.00247885
716,1993,1,5_9,0.00261316
716,1994,1,5_9,0.0027058
716,1995,1,5_9,0.00280296
716,1996,1,5_9,0.00288507
716,1997,1,5_9,0.00289435
716,1998,1,5_9,0.00289296
716,1999,1,5_9,0.00290265
716,2000,1,5_9,0.00286013
716,2001,1,5_9,0.00280894
716,2002,1,5_9,0.00274417
716,2003,1,5_9,0.00271225
716,2004,1,5_9,0.00268887
716,2005,1,5_9,0.00267854
716,2006,1,5_9,0.00266666
716,2007,1,5_9,0.00263122
716,2008,1,5_9,0.00272171
716,2009,1,5_9,0.00262212
716,2010,1,5_9,0.00231916
716,2011,1,5_9,0.00211075
716,2012,1,5_9,0.00194416
716,2013,1,5_9,0.00180766
716,2014,1,5_9,0.00171358
716,2015,1,5_9,0.00158906
716,2016,1,5_9,0.00148181
716,2017,1,5_9,0.00141652
716,2018,1,5_9,0.00132099
716,2019,1,5_9,0.00131729
716,2020,1,5_9,0.00120332
716,2021,1,5_9,0.00115228
716,2022,1,5_9,0.00113574
716,2023,1,5_9,0.00106366
24,1950,1,5_9,0.01293401
24,1951,1,5_9,0.01279574
24,1952,1,5_9,0.01265021
24,1953,1,5_9,0.01249786
24,1954,1,5_9,0.01235526
24,1955,1,5_9,0.01219261
24,1956,1,5_9,0.01202232
24,1957,1,5_9,0.01186871
24,1958,1,5_9,0.01170208
24,1959,1,5_9,0.01152724
24,1960,1,5_9,0.01134558
24,1961,1,5_9,0.01115677
24,1962,1,5_9,0.01096151
24,1963,1,5_9,0.01076157
24,1964,1,5_9,0.01054885
24,1965,1,5_9,0.01034252
24,1966,1,5_9,0.0101348
24,1967,1,5_9,0.00989923
24,1968,1,5_9,0.00967438
24,1969,1,5_9,0.00944343
24,1970,1,5_9,0.00922506
24,1971,1,5_9,0.00900359
24,1972,1,5_9,0.00879893
24,1973,1,5_9,0.00859011
24,1974,1,5_9,0.00840128
24,1975,1,5_9,0.00848081
24,1976,1,5_9,0.00842316
24,1977,1,5_9,0.0082363
24,1978,1,5_9,0.00806293
24,1979,1,5_9,0.00790805
24,1980,1,5_9,0.00776269
24,1981,1,5_9,0.00763161
24,1982,1,5_9,0.00750757
24,1983,1,5_9,0.00779422
24,1984,1,5_9,0.00768181
24,1985,1,5_9,0.00758273
24,1986,1,5_9,0.00747373
24,1987,1,5_9,0.00818386
24,1988,1,5_9,0.0079374
24,1989,1,5_9,0.00784281
24,1990,1,5_9,0.00778397
24,1991,1,5_9,0.00711262
24,1992,1,5_9,0.00775652
24,1993,1,5_9,0.00708311
24,1994,1,5_9,0.00662126
24,1995,1,5_9,0.00656042
24,1996,1,5_9,0.00646372
24,1997,1,5_9,0.0063445
24,1998,1,5_9,0.00665323
24,1999,1,5_9,0.00619079
24,2000,1,5_9,0.00621817
24,2001,1,5_9,0.00577752
24,2002,1,5_9,0.0056932
24,2003,1,5_9,0.0049721
24,2004,1,5_9,0.00465924
24,2005,1,5_9,0.00433809
24,2006,1,5_9,0.00408704
24,2007,1,5_9,0.00369839
24,2008,1,5_9,0.0033936
24,2009,1,5_9,0.00311562
24,2010,1,5_9,0.00287305
24,2011,1,5_9,0.00265659
24,2012,1,5_9,0.00244705
24,2013,1,5_9,0.00226262
24,2014,1,5_9,0.0021156
24,2015,1,5_9,0.00199152
24,2016,1,5_9,0.00188227
24,2017,1,5_9,0.0017789
24,2018,1,5_9,0.00169659
24,2019,1,5_9,0.00162109
24,2020,1,5_9,0.00154997
24,2021,1,5_9,0.00148388
24,2022,1,5_9,0.00141516
24,2023,1,5_9,0.00136285
120,1950,1,5_9,0.01599309
120,1951,1,5_9,0.01531028
120,1952,1,5_9,0.01466969
120,1953,1,5_9,0.01400236
120,1954,1,5_9,0.01330636
120,1955,1,5_9,0.01262962
120,1956,1,5_9,0.0120068
120,1957,1,5_9,0.01144902
120,1958,1,5_9,0.01091801
120,1959,1,5_9,0.01046277
120,1960,1,5_9,0.01004577
120,1961,1,5_9,0.00968728
120,1962,1,5_9,0.00937479
120,1963,1,5_9,0.00910895
120,1964,1,5_9,0.00879658
120,1965,1,5_9,0.00851047
120,1966,1,5_9,0.00817351
120,1967,1,5_9,0.00781102
120,1968,1,5_9,0.00743849
120,1969,1,5_9,0.00707763
120,1970,1,5_9,0.00674897
120,1971,1,5_9,0.00648885
120,1972,1,5_9,0.00623725
120,1973,1,5_9,0.00606541
120,1974,1,5_9,0.00594111
120,1975,1,5_9,0.00584112
120,1976,1,5_9,0.00576229
120,1977,1,5_9,0.00567704
120,1978,1,5_9,0.00557337
120,1979,1,5_9,0.00545113
120,1980,1,5_9,0.00529716
120,1981,1,5_9,0.00512432
120,1982,1,5_9,0.0049125
120,1983,1,5_9,0.0046876
120,1984,1,5_9,0.00448176
120,1985,1,5_9,0.00428954
120,1986,1,5_9,0.00425342
120,1987,1,5_9,0.00399383
120,1988,1,5_9,0.00390989
120,1989,1,5_9,0.00387523
120,1990,1,5_9,0.00388747
120,1991,1,5_9,0.00394357
120,1992,1,5_9,0.00397473
120,1993,1,5_9,0.00404119
120,1994,1,5_9,0.00412305
120,1995,1,5_9,0.00417369
120,1996,1,5_9,0.00423134
120,1997,1,5_9,0.00423957
120,1998,1,5_9,0.00422953
120,1999,1,5_9,0.00416771
120,2000,1,5_9,0.00409028
120,2001,1,5_9,0.00399711
120,2002,1,5_9,0.00388985
120,2003,1,5_9,0.00378067
120,2004,1,5_9,0.00366885
120,2005,1,5_9,0.0035422
120,2006,1,5_9,0.00343011
120,2007,1,5_9,0.00331258
120,2008,1,5_9,0.00319956
120,2009,1,5_9,0.00307876
120,2010,1,5_9,0.00296557
120,2011,1,5_9,0.00283371
120,2012,1,5_9,0.00267592
120,2013,1,5_9,0.00254478
120,2014,1,5_9,0.0024283
120,2015,1,5_9,0.00231143
120,2016,1,5_9,0.00220267
120,2017,1,5_9,0.00210364
120,2018,1,5_9,0.00201802
120,2019,1,5_9,0.00193968
120,2020,1,5_9,0.00186397
120,2021,1,5_9,0.0017857
120,2022,1,5_9,0.00171965
120,2023,1,5_9,0.00164452
140,1950,1,5_9,0.01149067
140,1951,1,5_9,0.01123821
140,1952,1,5_9,0.01099898
140,1953,1,5_9,0.01077424
140,1954,1,5_9,0.01054299
140,1955,1,5_9,0.01030782
140,1956,1,5_9,0.01006848
140,1957,1,5_9,0.00983002
140,1958,1,5_9,0.00959238
140,1959,1,5_9,0.00935795
140,1960,1,5_9,0.00910807
140,1961,1,5_9,0.00885371
140,1962,1,5_9,0.0085915
140,1963,1,5_9,0.00832526
140,1964,1,5_9,0.00805468
140,1965,1,5_9,0.00778788
140,1966,1,5_9,0.00751484
140,1967,1,5_9,0.00725488
140,1968,1,5_9,0.00700202
140,1969,1,5_9,0.00676107
140,1970,1,5_9,0.00653878
140,1971,1,5_9,0.00632919
140,1972,1,5_9,0.00613434
140,1973,1,5_9,0.00595292
140,1974,1,5_9,0.00578885
140,1975,1,5_9,0.00563687
140,1976,1,5_9,0.0054965
140,1977,1,5_9,0.00536771
140,1978,1,5_9,0.00525185
140,1979,1,5_9,0.00514971
140,1980,1,5_9,0.00506115
140,1981,1,5_9,0.00498559
140,1982,1,5_9,0.00492382
140,1983,1,5_9,0.00487334
140,1984,1,5_9,0.00483396
140,1985,1,5_9,0.00480456
140,1986,1,5_9,0.00479206
140,1987,1,5_9,0.0047758
140,1988,1,5_9,0.00476364
140,1989,1,5_9,0.00476549
140,1990,1,5_9,0.00475812
140,1991,1,5_9,0.00475592
140,1992,1,5_9,0.00476878
140,1993,1,5_9,0.00475673
140,1994,1,5_9,0.00475118
140,1995,1,5_9,0.00473906
140,1996,1,5_9,0.00472379
140,1997,1,5_9,0.00469859
140,1998,1,5_9,0.00465323
140,1999,1,5_9,0.0045891
140,2000,1,5_9,0.00458719
140,2001,1,5_9,0.00447727
140,2002,1,5_9,0.00432845
140,2003,1,5_9,0.00418943
140,2004,1,5_9,0.00406023
140,2005,1,5_9,0.00390961
140,2006,1,5_9,0.00377727
140,2007,1,5_9,0.00365134
140,2008,1,5_9,0.00351018
140,2009,1,5_9,0.03117255
140,2010,1,5_9,0.00455468
140,2011,1,5_9,0.00363082
140,2012,1,5_9,0.00332076
140,2013,1,5_9,0.00382677
140,2014,1,5_9,0.00716067
140,2015,1,5_9,0.00337027
140,2016,1,5_9,0.00365662
140,2017,1,5_9,0.00542113
140,2018,1,5_9,0.00335572
140,2019,1,5_9,0.01202152
140,2020,1,5_9,0.00373649
140,2021,1,5_9,0.00712699
140,2022,1,5_9,0.02461004
140,2023,1,5_9,0.00220532
148,1950,1,5_9,0.01405102
148,1951,1,5_9,0.01398141
148,1952,1,5_9,0.01355686
148,1953,1,5_9,0.01310894
148,1954,1,5_9,0.01253568
148,1955,1,5_9,0.01189512
148,1956,1,5_9,0.01127616
148,1957,1,5_9,0.01099933
148,1958,1,5_9,0.01073187
148,1959,1,5_9,0.01074806
148,1960,1,5_9,0.01074818
148,1961,1,5_9,0.01075145
148,1962,1,5_9,0.010762
148,1963,1,5_9,0.01068943
148,1964,1,5_9,0.01068412
148,1965,1,5_9,0.01080716
148,1966,1,5_9,0.01066459
148,1967,1,5_9,0.01058357
148,1968,1,5_9,0.01055881
148,1969,1,5_9,0.01047426
148,1970,1,5_9,0.01038917
148,1971,1,5_9,0.01077547
148,1972,1,5_9,0.01027799
148,1973,1,5_9,0.01037012
148,1974,1,5_9,0.01032904
148,1975,1,5_9,0.01039037
148,1976,1,5_9,0.01016647
148,1977,1,5_9,0.01008992
148,1978,1,5_9,0.010112
148,1979,1,5_9,0.01002909
148,1980,1,5_9,0.00997019
148,1981,1,5_9,0.01000452
148,1982,1,5_9,0.00986261
148,1983,1,5_9,0.00963512
148,1984,1,5_9,0.00952803
148,1985,1,5_9,0.00944567
148,1986,1,5_9,0.00909967
148,1987,1,5_9,0.00902993
148,1988,1,5_9,0.00898747
148,1989,1,5_9,0.00885851
148,1990,1,5_9,0.00877937
148,1991,1,5_9,0.00883818
148,1992,1,5_9,0.00866489
148,1993,1,5_9,0.00861651
148,1994,1,5_9,0.00854633
148,1995,1,5_9,0.00834261
148,1996,1,5_9,0.00830051
148,1997,1,5_9,0.00823444
148,1998,1,5_9,0.00822155
148,1999,1,5_9,0.00820448
148,2000,1,5_9,0.00815984
148,2001,1,5_9,0.0080419
148,2002,1,5_9,0.0080652
148,2003,1,5_9,0.00808056
148,2004,1,5_9,0.00812309
148,2005,1,5_9,0.00808789
148,2006,1,5_9,0.00815947
148,2007,1,5_9,0.00814543
148,2008,1,5_9,0.00814354
148,2009,1,5_9,0.00800098
148,2010,1,5_9,0.00797096
148,2011,1,5_9,0.00789955
148,2012,1,5_9,0.00780088
148,2013,1,5_9,0.00776034
148,2014,1,5_9,0.00794573
148,2015,1,5_9,0.00794357
148,2016,1,5_9,0.00793231
148,2017,1,5_9,0.00793623
148,2018,1,5_9,0.00769988
148,2019,1,5_9,0.00748563
148,2020,1,5_9,0.00731399
148,2021,1,5_9,0.00714771
148,2022,1,5_9,0.0069842
148,2023,1,5_9,0.00677423
178,1950,1,5_9,0.01054891
178,1951,1,5_9,0.01009009
178,1952,1,5_9,0.00964818
178,1953,1,5_9,0.00921425
178,1954,1,5_9,0.00877856
178,1955,1,5_9,0.00833355
178,1956,1,5_9,0.00790347
178,1957,1,5_9,0.00747521
178,1958,1,5_9,0.00706795
178,1959,1,5_9,0.00668806
178,1960,1,5_9,0.00633274
178,1961,1,5_9,0.0060147
178,1962,1,5_9,0.00570486
178,1963,1,5_9,0.00542669
178,1964,1,5_9,0.00517649
178,1965,1,5_9,0.00494168
178,1966,1,5_9,0.00472509
178,1967,1,5_9,0.0046314
178,1968,1,5_9,0.00435418
178,1969,1,5_9,0.00417752
178,1970,1,5_9,0.00402891
178,1971,1,5_9,0.00388255
178,1972,1,5_9,0.00375688
178,1973,1,5_9,0.00363723
178,1974,1,5_9,0.00353419
178,1975,1,5_9,0.00342077
178,1976,1,5_9,0.00332161
178,1977,1,5_9,0.003225
178,1978,1,5_9,0.00313862
178,1979,1,5_9,0.00304913
178,1980,1,5_9,0.00296278
178,1981,1,5_9,0.00287795
178,1982,1,5_9,0.00279737
178,1983,1,5_9,0.00271885
178,1984,1,5_9,0.00264712
178,1985,1,5_9,0.00258624
178,1986,1,5_9,0.0025345
178,1987,1,5_9,0.00249853
178,1988,1,5_9,0.00248013
178,1989,1,5_9,0.00248407
178,1990,1,5_9,0.00251246
178,1991,1,5_9,0.00256668
178,1992,1,5_9,0.00262009
178,1993,1,5_9,0.00270671
178,1994,1,5_9,0.00279455
178,1995,1,5_9,0.00289461
178,1996,1,5_9,0.00298703
178,1997,1,5_9,0.00362876
178,1998,1,5_9,0.00343679
178,1999,1,5_9,0.0031664
178,2000,1,5_9,0.00306295
178,2001,1,5_9,0.00296827
178,2002,1,5_9,0.00283266
178,2003,1,5_9,0.00268358
178,2004,1,5_9,0.00247281
178,2005,1,5_9,0.00230065
178,2006,1,5_9,0.00212151
178,2007,1,5_9,0.00197953
178,2008,1,5_9,0.00182218
178,2009,1,5_9,0.00171834
178,2010,1,5_9,0.0016573
178,2011,1,5_9,0.00153736
178,2012,1,5_9,0.00144491
178,2013,1,5_9,0.00138901
178,2014,1,5_9,0.00128861
178,2015,1,5_9,0.00122358
178,2016,1,5_9,0.00116376
178,2017,1,5_9,0.0011007
178,2018,1,5_9,0.00104597
178,2019,1,5_9,0.00145195
178,2020,1,5_9,0.00098154
178,2021,1,5_9,0.00096589
178,2022,1,5_9,0.00094763
178,2023,1,5_9,0.00093539
180,1950,1,5_9,0.01131918
180,1951,1,5_9,0.01125131
180,1952,1,5_9,0.01110385
180,1953,1,5_9,0.01102664
180,1954,1,5_9,0.01099525
180,1955,1,5_9,0.0109176
180,1956,1,5_9,0.01084051
180,1957,1,5_9,0.01070113
180,1958,1,5_9,0.01062757
180,1959,1,5_9,0.01062074
180,1960,1,5_9,0.01058915
180,1961,1,5_9,0.01080697
180,1962,1,5_9,0.0107549
180,1963,1,5_9,0.01069628
180,1964,1,5_9,0.01080643
180,1965,1,5_9,0.01058145
180,1966,1,5_9,0.01016048
180,1967,1,5_9,0.01011557
180,1968,1,5_9,0.01002826
180,1969,1,5_9,0.00992986
180,1970,1,5_9,0.00983405
180,1971,1,5_9,0.00973521
180,1972,1,5_9,0.00960703
180,1973,1,5_9,0.00955179
180,1974,1,5_9,0.0094668
180,1975,1,5_9,0.00938433
180,1976,1,5_9,0.00931355
180,1977,1,5_9,0.00920845
180,1978,1,5_9,0.00927872
180,1979,1,5_9,0.00907935
180,1980,1,5_9,0.00895167
180,1981,1,5_9,0.00889163
180,1982,1,5_9,0.00884408
180,1983,1,5_9,0.00875594
180,1984,1,5_9,0.00864404
180,1985,1,5_9,0.00857841
180,1986,1,5_9,0.00842219
180,1987,1,5_9,0.00826823
180,1988,1,5_9,0.00811389
180,1989,1,5_9,0.00796104
180,1990,1,5_9,0.00781705
180,1991,1,5_9,0.00766761
180,1992,1,5_9,0.00754285
180,1993,1,5_9,0.00746378
180,1994,1,5_9,0.00737124
180,1995,1,5_9,0.00719941
180,1996,1,5_9,0.0074347
180,1997,1,5_9,0.00713481
180,1998,1,5_9,0.00695836
180,1999,1,5_9,0.00682254
180,2000,1,5_9,0.00671977
180,2001,1,5_9,0.00660277
180,2002,1,5_9,0.00647396
180,2003,1,5_9,0.00627834
180,2004,1,5_9,0.00608893
180,2005,1,5_9,0.00592802
180,2006,1,5_9,0.00575154
180,2007,1,5_9,0.00559541
180,2008,1,5_9,0.0054558
180,2009,1,5_9,0.00530666
180,2010,1,5_9,0.0051626
180,2011,1,5_9,0.0050266
180,2012,1,5_9,0.00492143
180,2013,1,5_9,0.00479785
180,2014,1,5_9,0.00468395
180,2015,1,5_9,0.00456772
180,2016,1,5_9,0.00445346
180,2017,1,5_9,0.0043322
180,2018,1,5_9,0.00422609
180,2019,1,5_9,0.00414404
180,2020,1,5_9,0.0040031
180,2021,1,5_9,0.00393244
180,2022,1,5_9,0.00382783
180,2023,1,5_9,0.00373832
226,1950,1,5_9,0.01044459
226,1951,1,5_9,0.01028784
226,1952,1,5_9,0.01013323
226,1953,1,5_9,0.00998005
226,1954,1,5_9,0.00982801
226,1955,1,5_9,0.00967686
226,1956,1,5_9,0.00952649
226,1957,1,5_9,0.009377
226,1958,1,5_9,0.00922859
226,1959,1,5_9,0.00907694
226,1960,1,5_9,0.00893229
226,1961,1,5_9,0.00878974
226,1962,1,5_9,0.00864705
226,1963,1,5_9,0.00850616
226,1964,1,5_9,0.00836667
226,1965,1,5_9,0.00822937
226,1966,1,5_9,0.00809448
226,1967,1,5_9,0.00796226
226,1968,1,5_9,0.00783292
226,1969,1,5_9,0.01841104
226,1970,1,5_9,0.01837213
226,1971,1,5_9,0.01294493
226,1972,1,5_9,0.00817231
226,1973,1,5_9,0.00806699
226,1974,1,5_9,0.01002769
226,1975,1,5_9,0.01300305
226,1976,1,5_9,0.01926118
226,1977,1,5_9,0.00980006
226,1978,1,5_9,0.00963948
226,1979,1,5_9,0.00776829
226,1980,1,5_9,0.00609301
226,1981,1,5_9,0.00586118
226,1982,1,5_9,0.00573087
226,1983,1,5_9,0.00555186
226,1984,1,5_9,0.00544244
226,1985,1,5_9,0.00524117
226,1986,1,5_9,0.00510699
226,1987,1,5_9,0.0050042
226,1988,1,5_9,0.00490867
226,1989,1,5_9,0.00483201
226,1990,1,5_9,0.00476419
226,1991,1,5_9,0.0047025
226,1992,1,5_9,0.00464587
226,1993,1,5_9,0.00459055
226,1994,1,5_9,0.00452888
226,1995,1,5_9,0.00446038
226,1996,1,5_9,0.00437312
226,1997,1,5_9,0.00428743
226,1998,1,5_9,0.0041851
226,1999,1,5_9,0.00406263
226,2000,1,5_9,0.00393506
226,2001,1,5_9,0.00379649
226,2002,1,5_9,0.0036434
226,2003,1,5_9,0.00350629
226,2004,1,5_9,0.00335718
226,2005,1,5_9,0.00323872
226,2006,1,5_9,0.00307835
226,2007,1,5_9,0.00293669
226,2008,1,5_9,0.00280145
226,2009,1,5_9,0.00268668
226,2010,1,5_9,0.00257675
226,2011,1,5_9,0.00246444
226,2012,1,5_9,0.00235857
226,2013,1,5_9,0.00225659
226,2014,1,5_9,0.00216084
226,2015,1,5_9,0.00206985
226,2016,1,5_9,0.00198246
226,2017,1,5_9,0.00190042
226,2018,1,5_9,0.00181818
226,2019,1,5_9,0.00174868
226,2020,1,5_9,0.0016822
226,2021,1,5_9,0.00161744
226,2022,1,5_9,0.00155742
226,2023,1,5_9,0.00149804
266,1950,1,5_9,0.01189289
266,1951,1,5_9,0.0114065
266,1952,1,5_9,0.01089323
266,1953,1,5_9,0.01041612
266,1954,1,5_9,0.00998027
266,1955,1,5_9,0.00952513
266,1956,1,5_9,0.00912133
266,1957,1,5_9,0.00872878
266,1958,1,5_9,0.00833754
266,1959,1,5_9,0.00798418
266,1960,1,5_9,0.00763136
266,1961,1,5_9,0.00730031
266,1962,1,5_9,0.00698709
266,1963,1,5_9,0.00668842
266,1964,1,5_9,0.00640152
266,1965,1,5_9,0.00613413
266,1966,1,5_9,0.00587419
266,1967,1,5_9,0.00562301
266,1968,1,5_9,0.00538301
266,1969,1,5_9,0.00515591
266,1970,1,5_9,0.00493849
266,1971,1,5_9,0.00472996
266,1972,1,5_9,0.00453116
266,1973,1,5_9,0.00434617
266,1974,1,5_9,0.00415759
266,1975,1,5_9,0.00399257
266,1976,1,5_9,0.00382614
266,1977,1,5_9,0.00367259
266,1978,1,5_9,0.00352642
266,1979,1,5_9,0.00338907
266,1980,1,5_9,0.00325615
266,1981,1,5_9,0.00313374
266,1982,1,5_9,0.00301896
266,1983,1,5_9,0.00291139
266,1984,1,5_9,0.00280901
266,1985,1,5_9,0.00271619
266,1986,1,5_9,0.00263306
266,1987,1,5_9,0.00255963
266,1988,1,5_9,0.00249479
266,1989,1,5_9,0.00244043
266,1990,1,5_9,0.00239397
266,1991,1,5_9,0.00235238
266,1992,1,5_9,0.00231904
266,1993,1,5_9,0.00229053
266,1994,1,5_9,0.00227666
266,1995,1,5_9,0.00224408
266,1996,1,5_9,0.00224442
266,1997,1,5_9,0.00220023
266,1998,1,5_9,0.0021777
266,1999,1,5_9,0.00213864
266,2000,1,5_9,0.00209892
266,2001,1,5_9,0.00206065
266,2002,1,5_9,0.00202285
266,2003,1,5_9,0.00195058
266,2004,1,5_9,0.00189246
266,2005,1,5_9,0.00183119
266,2006,1,5_9,0.00176704
266,2007,1,5_9,0.00170057
266,2008,1,5_9,0.00163407
266,2009,1,5_9,0.00157044
266,2010,1,5_9,0.00151809
266,2011,1,5_9,0.00146379
266,2012,1,5_9,0.00138442
266,2013,1,5_9,0.00129924
266,2014,1,5_9,0.00121938
266,2015,1,5_9,0.00114404
266,2016,1,5_9,0.00107565
266,2017,1,5_9,0.00101069
266,2018,1,5_9,0.00096815
266,2019,1,5_9,0.00095001
266,2020,1,5_9,0.00093289
266,2021,1,5_9,0.00091651
266,2022,1,5_9,0.00090116
266,2023,1,5_9,0.00088698
678,1950,1,5_9,0.008795
678,1951,1,5_9,0.00879527
678,1952,1,5_9,0.00878135
678,1953,1,5_9,0.00880752
678,1954,1,5_9,0.00878567
678,1955,1,5_9,0.00873271
678,1956,1,5_9,0.00862264
678,1957,1,5_9,0.0083775
678,1958,1,5_9,0.00803823
678,1959,1,5_9,0.00758138
678,1960,1,5_9,0.00703506
678,1961,1,5_9,0.00643158
678,1962,1,5_9,0.00584611
678,1963,1,5_9,0.00529934
678,1964,1,5_9,0.00486763
678,1965,1,5_9,0.00445696
678,1966,1,5_9,0.00409804
678,1967,1,5_9,0.0037911
678,1968,1,5_9,0.00354677
678,1969,1,5_9,0.00334775
678,1970,1,5_9,0.00316815
678,1971,1,5_9,0.00302589
678,1972,1,5_9,0.00290401
678,1973,1,5_9,0.00279211
678,1974,1,5_9,0.00269722
678,1975,1,5_9,0.00261481
678,1976,1,5_9,0.00254967
678,1977,1,5_9,0.00250429
678,1978,1,5_9,0.00247585
678,1979,1,5_9,0.00246093
678,1980,1,5_9,0.00246528
678,1981,1,5_9,0.00247325
678,1982,1,5_9,0.0024714
678,1983,1,5_9,0.00245248
678,1984,1,5_9,0.00240797
678,1985,1,5_9,0.00234813
678,1986,1,5_9,0.00315407
678,1987,1,5_9,0.0022226
678,1988,1,5_9,0.00218377
678,1989,1,5_9,0.0025082
678,1990,1,5_9,0.00220633
678,1991,1,5_9,0.00216862
678,1992,1,5_9,0.00217671
678,1993,1,5_9,0.00218552
678,1994,1,5_9,0.00218721
678,1995,1,5_9,0.00217403
678,1996,1,5_9,0.00214283
678,1997,1,5_9,0.00209992
678,1998,1,5_9,0.00203705
678,1999,1,5_9,0.00196013
678,2000,1,5_9,0.00187478
678,2001,1,5_9,0.00177893
678,2002,1,5_9,0.00168018
678,2003,1,5_9,0.0015813
678,2004,1,5_9,0.0014795
678,2005,1,5_9,0.00152486
678,2006,1,5_9,0.00134481
678,2007,1,5_9,0.00124186
678,2008,1,5_9,0.00118905
678,2009,1,5_9,0.0011086
678,2010,1,5_9,0.0010404
678,2011,1,5_9,0.00097578
678,2012,1,5_9,0.00090906
678,2013,1,5_9,0.00084656
678,2014,1,5_9,0.00078147
678,2015,1,5_9,0.00072341
678,2016,1,5_9,0.00067156
678,2017,1,5_9,0.00062607
678,2018,1,5_9,0.00058612
678,2019,1,5_9,0.00055119
678,2020,1,5_9,0.00051884
678,2021,1,5_9,0.00051868
678,2022,1,5_9,0.00046707
678,2023,1,5_9,0.00044192
12,1950,1,5_9,0.00685631
12,1951,1,5_9,0.00665231
12,1952,1,5_9,0.00658367
12,1953,1,5_9,0.00652563
12,1954,1,5_9,0.00658559
12,1955,1,5_9,0.00646871
12,1956,1,5_9,0.00646169
12,1957,1,5_9,0.00646994
12,1958,1,5_9,0.00648553
12,1959,1,5_9,0.0065065
12,1960,1,5_9,0.00653848
12,1961,1,5_9,0.00657048
12,1962,1,5_9,0.00701893
12,1963,1,5_9,0.00661935
12,1964,1,5_9,0.00666931
12,1965,1,5_9,0.00671474
12,1966,1,5_9,0.00674479
12,1967,1,5_9,0.00674586
12,1968,1,5_9,0.00671296
12,1969,1,5_9,0.00664281
12,1970,1,5_9,0.00652005
12,1971,1,5_9,0.00636335
12,1972,1,5_9,0.00615974
12,1973,1,5_9,0.00592308
12,1974,1,5_9,0.00564948
12,1975,1,5_9,0.0053511
12,1976,1,5_9,0.00502362
12,1977,1,5_9,0.0046906
12,1978,1,5_9,0.00432968
12,1979,1,5_9,0.00397936
12,1980,1,5_9,0.00343711
12,1981,1,5_9,0.00287904
12,1982,1,5_9,0.00250905
12,1983,1,5_9,0.00247849
12,1984,1,5_9,0.00250599
12,1985,1,5_9,0.00229946
12,1986,1,5_9,0.00213192
12,1987,1,5_9,0.001759
12,1988,1,5_9,0.00162976
12,1989,1,5_9,0.00142879
12,1990,1,5_9,0.00133048
12,1991,1,5_9,0.00127335
12,1992,1,5_9,0.00132328
12,1993,1,5_9,0.00130236
12,1994,1,5_9,0.00125804
12,1995,1,5_9,0.00119722
12,1996,1,5_9,0.00116112
12,1997,1,5_9,0.0011068
12,1998,1,5_9,0.00103098
12,1999,1,5_9,0.00097362
12,2000,1,5_9,0.00092462
12,2001,1,5_9,0.00088138
12,2002,1,5_9,0.00077061
12,2003,1,5_9,0.00073533
12,2004,1,5_9,0.00060484
12,2005,1,5_9,0.00057862
12,2006,1,5_9,0.00057314
12,2007,1,5_9,0.00056929
12,2008,1,5_9,0.00054961
12,2009,1,5_9,0.00051854
12,2010,1,5_9,0.00049602
12,2011,1,5_9,0.00048127
12,2012,1,5_9,0.00047634
12,2013,1,5_9,0.00046777
12,2014,1,5_9,0.00044974
12,2015,1,5_9,0.00042237
12,2016,1,5_9,0.0003923
12,2017,1,5_9,0.00037463
12,2018,1,5_9,0.0003592
12,2019,1,5_9,0.00034604
12,2020,1,5_9,0.00032846
12,2021,1,5_9,0.0003117
12,2022,1,5_9,0.00029829
12,2023,1,5_9,0.00028371
818,1950,1,5_9,0.00979996
818,1951,1,5_9,0.00931049
818,1952,1,5_9,0.00885128
818,1953,1,5_9,0.00843395
818,1954,1,5_9,0.00807127
818,1955,1,5_9,0.00776186
818,1956,1,5_9,0.00750531
818,1957,1,5_9,0.00728414
818,1958,1,5_9,0.00708701
818,1959,1,5_9,0.00689992
818,1960,1,5_9,0.00671874
818,1961,1,5_9,0.00650662
818,1962,1,5_9,0.00631892
818,1963,1,5_9,0.00615147
818,1964,1,5_9,0.00601616
818,1965,1,5_9,0.00592317
818,1966,1,5_9,0.00587793
818,1967,1,5_9,0.00586298
818,1968,1,5_9,0.00584833
818,1969,1,5_9,0.00580377
818,1970,1,5_9,0.00569526
818,1971,1,5_9,0.00549455
818,1972,1,5_9,0.00520095
818,1973,1,5_9,0.00484039
818,1974,1,5_9,0.00444193
818,1975,1,5_9,0.0040338
818,1976,1,5_9,0.00363913
818,1977,1,5_9,0.00327584
818,1978,1,5_9,0.0029541
818,1979,1,5_9,0.00267944
818,1980,1,5_9,0.00245002
818,1981,1,5_9,0.00226725
818,1982,1,5_9,0.00212744
818,1983,1,5_9,0.00201804
818,1984,1,5_9,0.00192596
818,1985,1,5_9,0.00184192
818,1986,1,5_9,0.00175921
818,1987,1,5_9,0.00167286
818,1988,1,5_9,0.00158088
818,1989,1,5_9,0.00149005
818,1990,1,5_9,0.0014024
818,1991,1,5_9,0.0013191
818,1992,1,5_9,0.00124849
818,1993,1,5_9,0.00116927
818,1994,1,5_9,0.00110804
818,1995,1,5_9,0.00104068
818,1996,1,5_9,0.0009852
818,1997,1,5_9,0.00093592
818,1998,1,5_9,0.00089129
818,1999,1,5_9,0.00085265
818,2000,1,5_9,0.00081956
818,2001,1,5_9,0.00079122
818,2002,1,5_9,0.00076782
818,2003,1,5_9,0.00074811
818,2004,1,5_9,0.0007325
818,2005,1,5_9,0.00071904
818,2006,1,5_9,0.0007063
818,2007,1,5_9,0.00069445
818,2008,1,5_9,0.00068361
818,2009,1,5_9,0.00067003
818,2010,1,5_9,0.00065769
818,2011,1,5_9,0.00064854
818,2012,1,5_9,0.00062952
818,2013,1,5_9,0.00062355
818,2014,1,5_9,0.00060211
818,2015,1,5_9,0.00059187
818,2016,1,5_9,0.00057599
818,2017,1,5_9,0.00056265
818,2018,1,5_9,0.00054742
818,2019,1,5_9,0.00053559
818,2020,1,5_9,0.0004323
818,2021,1,5_9,0.00043054
818,2022,1,5_9,0.00044138
818,2023,1,5_9,0.00049322
434,1950,1,5_9,0.01276128
434,1951,1,5_9,0.01254438
434,1952,1,5_9,0.01235227
434,1953,1,5_9,0.01213071
434,1954,1,5_9,0.01186
434,1955,1,5_9,0.01152404
434,1956,1,5_9,0.01110353
434,1957,1,5_9,0.01059913
434,1958,1,5_9,0.00998621
434,1959,1,5_9,0.00931034
434,1960,1,5_9,0.00852965
434,1961,1,5_9,0.0077363
434,1962,1,5_9,0.00694749
434,1963,1,5_9,0.00633967
434,1964,1,5_9,0.00549004
434,1965,1,5_9,0.00493369
434,1966,1,5_9,0.00440156
434,1967,1,5_9,0.00395491
434,1968,1,5_9,0.00357514
434,1969,1,5_9,0.00325208
434,1970,1,5_9,0.00298251
434,1971,1,5_9,0.00273395
434,1972,1,5_9,0.00251485
434,1973,1,5_9,0.00231639
434,1974,1,5_9,0.00213804
434,1975,1,5_9,0.00197607
434,1976,1,5_9,0.001834
434,1977,1,5_9,0.00171762
434,1978,1,5_9,0.00160764
434,1979,1,5_9,0.00152096
434,1980,1,5_9,0.00144051
434,1981,1,5_9,0.001368
434,1982,1,5_9,0.00128493
434,1983,1,5_9,0.00120128
434,1984,1,5_9,0.00112166
434,1985,1,5_9,0.0010454
434,1986,1,5_9,0.00097404
434,1987,1,5_9,0.00091629
434,1988,1,5_9,0.00086845
434,1989,1,5_9,0.00082245
434,1990,1,5_9,0.00078083
434,1991,1,5_9,0.00074127
434,1992,1,5_9,0.00070109
434,1993,1,5_9,0.00066695
434,1994,1,5_9,0.0006388
434,1995,1,5_9,0.00061397
434,1996,1,5_9,0.00059333
434,1997,1,5_9,0.00058222
434,1998,1,5_9,0.00057303
434,1999,1,5_9,0.00056585
434,2000,1,5_9,0.00056192
434,2001,1,5_9,0.00054552
434,2002,1,5_9,0.0005311
434,2003,1,5_9,0.00051156
434,2004,1,5_9,0.00049182
434,2005,1,5_9,0.00047125
434,2006,1,5_9,0.00045221
434,2007,1,5_9,0.00043323
434,2008,1,5_9,0.00041614
434,2009,1,5_9,0.00040159
434,2010,1,5_9,0.00038718
434,2011,1,5_9,0.00061594
434,2012,1,5_9,0.00037158
434,2013,1,5_9,0.00037337
434,2014,1,5_9,0.00040943
434,2015,1,5_9,0.00040397
434,2016,1,5_9,0.00039375
434,2017,1,5_9,0.00035484
434,2018,1,5_9,0.0003268
434,2019,1,5_9,0.00035312
434,2020,1,5_9,0.00032292
434,2021,1,5_9,0.00026977
434,2022,1,5_9,0.00026005
434,2023,1,5_9,0.00290713
504,1950,1,5_9,0.00642329
504,1951,1,5_9,0.006325
504,1952,1,5_9,0.00621313
504,1953,1,5_9,0.00610965
504,1954,1,5_9,0.00600635
504,1955,1,5_9,0.00589712
504,1956,1,5_9,0.0057834
504,1957,1,5_9,0.00566246
504,1958,1,5_9,0.00554145
504,1959,1,5_9,0.00542232
504,1960,1,5_9,0.00619041
504,1961,1,5_9,0.00518705
504,1962,1,5_9,0.00504574
504,1963,1,5_9,0.0049265
504,1964,1,5_9,0.00479629
504,1965,1,5_9,0.00467195
504,1966,1,5_9,0.00454073
504,1967,1,5_9,0.00439875
504,1968,1,5_9,0.00427437
504,1969,1,5_9,0.00415971
504,1970,1,5_9,0.00405073
504,1971,1,5_9,0.00394106
504,1972,1,5_9,0.00383512
504,1973,1,5_9,0.00372835
504,1974,1,5_9,0.00361766
504,1975,1,5_9,0.0034967
504,1976,1,5_9,0.00336176
504,1977,1,5_9,0.00322446
504,1978,1,5_9,0.00308779
504,1979,1,5_9,0.00294502
504,1980,1,5_9,0.00280692
504,1981,1,5_9,0.0026782
504,1982,1,5_9,0.00253884
504,1983,1,5_9,0.00240628
504,1984,1,5_9,0.00228664
504,1985,1,5_9,0.002169
504,1986,1,5_9,0.00205442
504,1987,1,5_9,0.00195294
504,1988,1,5_9,0.0018643
504,1989,1,5_9,0.00177742
504,1990,1,5_9,0.00169164
504,1991,1,5_9,0.00161205
504,1992,1,5_9,0.00154307
504,1993,1,5_9,0.00148072
504,1994,1,5_9,0.00141362
504,1995,1,5_9,0.00136859
504,1996,1,5_9,0.00128809
504,1997,1,5_9,0.00123349
504,1998,1,5_9,0.00118183
504,1999,1,5_9,0.00113575
504,2000,1,5_9,0.00108811
504,2001,1,5_9,0.00103509
504,2002,1,5_9,0.00098639
504,2003,1,5_9,0.00093799
504,2004,1,5_9,0.00090803
504,2005,1,5_9,0.00084832
504,2006,1,5_9,0.00080811
504,2007,1,5_9,0.00075603
504,2008,1,5_9,0.00070882
504,2009,1,5_9,0.00066513
504,2010,1,5_9,0.00062656
504,2011,1,5_9,0.00059122
504,2012,1,5_9,0.00056004
504,2013,1,5_9,0.00052252
504,2014,1,5_9,0.00049064
504,2015,1,5_9,0.00045895
504,2016,1,5_9,0.00043382
504,2017,1,5_9,0.00041247
504,2018,1,5_9,0.00039443
504,2019,1,5_9,0.00037958
504,2020,1,5_9,0.0003651
504,2021,1,5_9,0.00034945
504,2022,1,5_9,0.00033353
504,2023,1,5_9,0.00037626
729,1950,1,5_9,0.00861383
729,1951,1,5_9,0.00840076
729,1952,1,5_9,0.0083218
729,1953,1,5_9,0.00812068
729,1954,1,5_9,0.00794512
729,1955,1,5_9,0.00777707
729,1956,1,5_9,0.00767715
729,1957,1,5_9,0.00751854
729,1958,1,5_9,0.00736272
729,1959,1,5_9,0.00728335
729,1960,1,5_9,0.00710081
729,1961,1,5_9,0.0068663
729,1962,1,5_9,0.00655479
729,1963,1,5_9,0.0065755
729,1964,1,5_9,0.00668382
729,1965,1,5_9,0.00673215
729,1966,1,5_9,0.00671252
729,1967,1,5_9,0.00662838
729,1968,1,5_9,0.00650077
729,1969,1,5_9,0.00636444
729,1970,1,5_9,0.00623838
729,1971,1,5_9,0.00611009
729,1972,1,5_9,0.00600339
729,1973,1,5_9,0.00591982
729,1974,1,5_9,0.00584143
729,1975,1,5_9,0.00576592
729,1976,1,5_9,0.00572503
729,1977,1,5_9,0.00567919
729,1978,1,5_9,0.00592467
729,1979,1,5_9,0.00599985
729,1980,1,5_9,0.0057794
729,1981,1,5_9,0.00571221
729,1982,1,5_9,0.00563382
729,1983,1,5_9,0.00752682
729,1984,1,5_9,0.00748488
729,1985,1,5_9,0.00745913
729,1986,1,5_9,0.00566606
729,1987,1,5_9,0.00563485
729,1988,1,5_9,0.0055931
729,1989,1,5_9,0.00561179
729,1990,1,5_9,0.00548048
729,1991,1,5_9,0.00532461
729,1992,1,5_9,0.00526839
729,1993,1,5_9,0.00525315
729,1994,1,5_9,0.00504359
729,1995,1,5_9,0.00492487
729,1996,1,5_9,0.00481902
729,1997,1,5_9,0.00469929
729,1998,1,5_9,0.00456383
729,1999,1,5_9,0.00447888
729,2000,1,5_9,0.00429074
729,2001,1,5_9,0.00418952
729,2002,1,5_9,0.00414806
729,2003,1,5_9,0.00436094
729,2004,1,5_9,0.00468855
729,2005,1,5_9,0.00463369
729,2006,1,5_9,0.00394817
729,2007,1,5_9,0.00367794
729,2008,1,5_9,0.00368766
729,2009,1,5_9,0.00341276
729,2010,1,5_9,0.00333254
729,2011,1,5_9,0.00329317
729,2012,1,5_9,0.00326201
729,2013,1,5_9,0.00320471
729,2014,1,5_9,0.00310645
729,2015,1,5_9,0.00302126
729,2016,1,5_9,0.0029384
729,2017,1,5_9,0.00286023
729,2018,1,5_9,0.00277709
729,2019,1,5_9,0.00270806
729,2020,1,5_9,0.002625
729,2021,1,5_9,0.00256158
729,2022,1,5_9,0.00248313
729,2023,1,5_9,0.00243108
788,1950,1,5_9,0.00632968
788,1951,1,5_9,0.0062439
788,1952,1,5_9,0.00607859
788,1953,1,5_9,0.00579871
788,1954,1,5_9,0.00552713
788,1955,1,5_9,0.00526304
788,1956,1,5_9,0.00500971
788,1957,1,5_9,0.00477415
788,1958,1,5_9,0.00454471
788,1959,1,5_9,0.00432828
788,1960,1,5_9,0.00412304
788,1961,1,5_9,0.00392952
788,1962,1,5_9,0.00374972
788,1963,1,5_9,0.00357036
788,1964,1,5_9,0.00341172
788,1965,1,5_9,0.00324748
788,1966,1,5_9,0.00309644
788,1967,1,5_9,0.00295179
788,1968,1,5_9,0.00287055
788,1969,1,5_9,0.002832
788,1970,1,5_9,0.00254633
788,1971,1,5_9,0.00226939
788,1972,1,5_9,0.00198368
788,1973,1,5_9,0.0018616
788,1974,1,5_9,0.00170847
788,1975,1,5_9,0.00161137
788,1976,1,5_9,0.00147622
788,1977,1,5_9,0.00137504
788,1978,1,5_9,0.00126229
788,1979,1,5_9,0.00119675
788,1980,1,5_9,0.00112569
788,1981,1,5_9,0.00109352
788,1982,1,5_9,0.00105582
788,1983,1,5_9,0.00099645
788,1984,1,5_9,0.00094949
788,1985,1,5_9,0.00090327
788,1986,1,5_9,0.00085941
788,1987,1,5_9,0.00081998
788,1988,1,5_9,0.00077425
788,1989,1,5_9,0.00074069
788,1990,1,5_9,0.00071227
788,1991,1,5_9,0.00069629
788,1992,1,5_9,0.00067896
788,1993,1,5_9,0.00065822
788,1994,1,5_9,0.00063381
788,1995,1,5_9,0.00060746
788,1996,1,5_9,0.00057643
788,1997,1,5_9,0.00055141
788,1998,1,5_9,0.00054025
788,1999,1,5_9,0.00053257
788,2000,1,5_9,0.00052431
788,2001,1,5_9,0.00050847
788,2002,1,5_9,0.00049817
788,2003,1,5_9,0.00048697
788,2004,1,5_9,0.00047483
788,2005,1,5_9,0.0004635
788,2006,1,5_9,0.00045198
788,2007,1,5_9,0.00044171
788,2008,1,5_9,0.00042952
788,2009,1,5_9,0.00041924
788,2010,1,5_9,0.00040704
788,2011,1,5_9,0.0004041
788,2012,1,5_9,0.00038754
788,2013,1,5_9,0.00037854
788,2014,1,5_9,0.00036887
788,2015,1,5_9,0.00036065
788,2016,1,5_9,0.00034758
788,2017,1,5_9,0.00033639
788,2018,1,5_9,0.00032583
788,2019,1,5_9,0.00031353
788,2020,1,5_9,0.00030281
788,2021,1,5_9,0.00029234
788,2022,1,5_9,0.00028147
788,2023,1,5_9,0.00027169
732,1950,1,5_9,0.00765979
732,1951,1,5_9,0.00754903
732,1952,1,5_9,0.00744059
732,1953,1,5_9,0.00733381
732,1954,1,5_9,0.00722864
732,1955,1,5_9,0.00712103
732,1956,1,5_9,0.00701157
732,1957,1,5_9,0.00690356
732,1958,1,5_9,0.00679738
732,1959,1,5_9,0.00669306
732,1960,1,5_9,0.0065912
732,1961,1,5_9,0.00648985
732,1962,1,5_9,0.00638069
732,1963,1,5_9,0.00627522
732,1964,1,5_9,0.00617348
732,1965,1,5_9,0.00607482
732,1966,1,5_9,0.00597831
732,1967,1,5_9,0.00588234
732,1968,1,5_9,0.00578079
732,1969,1,5_9,0.00567234
732,1970,1,5_9,0.00555794
732,1971,1,5_9,0.00543566
732,1972,1,5_9,0.00530463
732,1973,1,5_9,0.00515777
732,1974,1,5_9,0.0049941
732,1975,1,5_9,0.00482782
732,1976,1,5_9,0.00465372
732,1977,1,5_9,0.00445397
732,1978,1,5_9,0.00425901
732,1979,1,5_9,0.00407333
732,1980,1,5_9,0.00387903
732,1981,1,5_9,0.00369574
732,1982,1,5_9,0.0035246
732,1983,1,5_9,0.00335168
732,1984,1,5_9,0.00319415
732,1985,1,5_9,0.00305026
732,1986,1,5_9,0.00291112
732,1987,1,5_9,0.00278775
732,1988,1,5_9,0.00267827
732,1989,1,5_9,0.00256727
732,1990,1,5_9,0.00246262
732,1991,1,5_9,0.00237113
732,1992,1,5_9,0.00228854
732,1993,1,5_9,0.00220871
732,1994,1,5_9,0.00212319
732,1995,1,5_9,0.00204222
732,1996,1,5_9,0.00196491
732,1997,1,5_9,0.0018908
732,1998,1,5_9,0.00181743
732,1999,1,5_9,0.00173531
732,2000,1,5_9,0.00165748
732,2001,1,5_9,0.00158379
732,2002,1,5_9,0.00151409
732,2003,1,5_9,0.0014451
732,2004,1,5_9,0.00136653
732,2005,1,5_9,0.00129387
732,2006,1,5_9,0.00122711
732,2007,1,5_9,0.00116626
732,2008,1,5_9,0.00111107
732,2009,1,5_9,0.00104601
732,2010,1,5_9,0.00098813
732,2011,1,5_9,0.00093772
732,2012,1,5_9,0.00089398
732,2013,1,5_9,0.0008563
732,2014,1,5_9,0.00082365
732,2015,1,5_9,0.00079084
732,2016,1,5_9,0.00075554
732,2017,1,5_9,0.00072401
732,2018,1,5_9,0.00069542
732,2019,1,5_9,0.00066934
732,2020,1,5_9,0.00064543
732,2021,1,5_9,0.00062331
732,2022,1,5_9,0.00060267
732,2023,1,5_9,0.00058334
72,1950,1,5_9,0.00695312
72,1951,1,5_9,0.00674077
72,1952,1,5_9,0.0065366
72,1953,1,5_9,0.0063082
72,1954,1,5_9,0.00608615
72,1955,1,5_9,0.00587413
72,1956,1,5_9,0.00564383
72,1957,1,5_9,0.0054271
72,1958,1,5_9,0.00520956
72,1959,1,5_9,0.00498318
72,1960,1,5_9,0.00479933
72,1961,1,5_9,0.00460788
72,1962,1,5_9,0.00441558
72,1963,1,5_9,0.00424958
72,1964,1,5_9,0.00409391
72,1965,1,5_9,0.00394578
72,1966,1,5_9,0.00380652
72,1967,1,5_9,0.00366975
72,1968,1,5_9,0.00352972
72,1969,1,5_9,0.00338683
72,1970,1,5_9,0.00324065
72,1971,1,5_9,0.0030901
72,1972,1,5_9,0.00293481
72,1973,1,5_9,0.00277655
72,1974,1,5_9,0.00261925
72,1975,1,5_9,0.00246083
72,1976,1,5_9,0.00230407
72,1977,1,5_9,0.00215249
72,1978,1,5_9,0.00200874
72,1979,1,5_9,0.00187803
72,1980,1,5_9,0.00174543
72,1981,1,5_9,0.00164379
72,1982,1,5_9,0.00154728
72,1983,1,5_9,0.00145214
72,1984,1,5_9,0.00138204
72,1985,1,5_9,0.00131333
72,1986,1,5_9,0.00125001
72,1987,1,5_9,0.00119544
72,1988,1,5_9,0.00126439
72,1989,1,5_9,0.00116987
72,1990,1,5_9,0.00121663
72,1991,1,5_9,0.00114135
72,1992,1,5_9,0.00138284
72,1993,1,5_9,0.0014728
72,1994,1,5_9,0.00158426
72,1995,1,5_9,0.00167336
72,1996,1,5_9,0.00175879
72,1997,1,5_9,0.00182024
72,1998,1,5_9,0.00186998
72,1999,1,5_9,0.00195406
72,2000,1,5_9,0.00191978
72,2001,1,5_9,0.00191114
72,2002,1,5_9,0.00188054
72,2003,1,5_9,0.00183058
72,2004,1,5_9,0.00177089
72,2005,1,5_9,0.0017033
72,2006,1,5_9,0.00179665
72,2007,1,5_9,0.00157154
72,2008,1,5_9,0.00151553
72,2009,1,5_9,0.00144152
72,2010,1,5_9,0.00137441
72,2011,1,5_9,0.00132832
72,2012,1,5_9,0.00127748
72,2013,1,5_9,0.00124578
72,2014,1,5_9,0.00117929
72,2015,1,5_9,0.00110772
72,2016,1,5_9,0.00103923
72,2017,1,5_9,0.00098464
72,2018,1,5_9,0.00096132
72,2019,1,5_9,0.0009377
72,2020,1,5_9,0.0009169
72,2021,1,5_9,0.00088723
72,2022,1,5_9,0.00085309
72,2023,1,5_9,0.00081595
748,1950,1,5_9,0.00732933
748,1951,1,5_9,0.00720154
748,1952,1,5_9,0.00707828
748,1953,1,5_9,0.00694826
748,1954,1,5_9,0.00682305
748,1955,1,5_9,0.00669927
748,1956,1,5_9,0.00657253
748,1957,1,5_9,0.00644871
748,1958,1,5_9,0.00631617
748,1959,1,5_9,0.00618473
748,1960,1,5_9,0.00605791
748,1961,1,5_9,0.00592403
748,1962,1,5_9,0.00578227
748,1963,1,5_9,0.00564156
748,1964,1,5_9,0.00549013
748,1965,1,5_9,0.00533538
748,1966,1,5_9,0.00518232
748,1967,1,5_9,0.005021
748,1968,1,5_9,0.00485458
748,1969,1,5_9,0.00468791
748,1970,1,5_9,0.00451869
748,1971,1,5_9,0.00434421
748,1972,1,5_9,0.00415147
748,1973,1,5_9,0.00396254
748,1974,1,5_9,0.00376093
748,1975,1,5_9,0.00356662
748,1976,1,5_9,0.00333425
748,1977,1,5_9,0.00315624
748,1978,1,5_9,0.00297455
748,1979,1,5_9,0.00280115
748,1980,1,5_9,0.00265162
748,1981,1,5_9,0.00251818
748,1982,1,5_9,0.00235924
748,1983,1,5_9,0.00271519
748,1984,1,5_9,0.00215396
748,1985,1,5_9,0.00192862
748,1986,1,5_9,0.00182803
748,1987,1,5_9,0.00173928
748,1988,1,5_9,0.00166909
748,1989,1,5_9,0.00161738
748,1990,1,5_9,0.00159588
748,1991,1,5_9,0.00160596
748,1992,1,5_9,0.00167605
748,1993,1,5_9,0.00174067
748,1994,1,5_9,0.00186243
748,1995,1,5_9,0.0020185
748,1996,1,5_9,0.00225088
748,1997,1,5_9,0.00237965
748,1998,1,5_9,0.00256084
748,1999,1,5_9,0.00272207
748,2000,1,5_9,0.0028869
748,2001,1,5_9,0.00304985
748,2002,1,5_9,0.00306658
748,2003,1,5_9,0.00309847
748,2004,1,5_9,0.00307783
748,2005,1,5_9,0.00299795
748,2006,1,5_9,0.0028687
748,2007,1,5_9,0.00271808
748,2008,1,5_9,0.0025252
748,2009,1,5_9,0.00231341
748,2010,1,5_9,0.00209825
748,2011,1,5_9,0.00188927
748,2012,1,5_9,0.00172429
748,2013,1,5_9,0.00159775
748,2014,1,5_9,0.00151113
748,2015,1,5_9,0.00142232
748,2016,1,5_9,0.00137279
748,2017,1,5_9,0.00130985
748,2018,1,5_9,0.00126544
748,2019,1,5_9,0.00121372
748,2020,1,5_9,0.00116977
748,2021,1,5_9,0.00113454
748,2022,1,5_9,0.00105886
748,2023,1,5_9,0.00104186
426,1950,1,5_9,0.00692212
426,1951,1,5_9,0.00660299
426,1952,1,5_9,0.0062904
426,1953,1,5_9,0.0060082
426,1954,1,5_9,0.00571566
426,1955,1,5_9,0.00547353
426,1956,1,5_9,0.00521526
426,1957,1,5_9,0.0050219
426,1958,1,5_9,0.00484118
426,1959,1,5_9,0.00471238
426,1960,1,5_9,0.00462716
426,1961,1,5_9,0.004583
426,1962,1,5_9,0.00456242
426,1963,1,5_9,0.00455625
426,1964,1,5_9,0.00455421
426,1965,1,5_9,0.00454586
426,1966,1,5_9,0.00453656
426,1967,1,5_9,0.00448861
426,1968,1,5_9,0.00440771
426,1969,1,5_9,0.00430986
426,1970,1,5_9,0.00419686
426,1971,1,5_9,0.00407242
426,1972,1,5_9,0.00393331
426,1973,1,5_9,0.00379442
426,1974,1,5_9,0.00363858
426,1975,1,5_9,0.00347587
426,1976,1,5_9,0.00331245
426,1977,1,5_9,0.0031359
426,1978,1,5_9,0.00296451
426,1979,1,5_9,0.00279312
426,1980,1,5_9,0.00262665
426,1981,1,5_9,0.00246434
426,1982,1,5_9,0.00232099
426,1983,1,5_9,0.00219444
426,1984,1,5_9,0.00208337
426,1985,1,5_9,0.00199275
426,1986,1,5_9,0.00190573
426,1987,1,5_9,0.00183668
426,1988,1,5_9,0.00177822
426,1989,1,5_9,0.00173511
426,1990,1,5_9,0.0017338
426,1991,1,5_9,0.00172383
426,1992,1,5_9,0.00174299
426,1993,1,5_9,0.0017944
426,1994,1,5_9,0.00185169
426,1995,1,5_9,0.0019429
426,1996,1,5_9,0.00203487
426,1997,1,5_9,0.00213492
426,1998,1,5_9,0.00221953
426,1999,1,5_9,0.00234399
426,2000,1,5_9,0.0024283
426,2001,1,5_9,0.0024765
426,2002,1,5_9,0.00256083
426,2003,1,5_9,0.00262499
426,2004,1,5_9,0.00265383
426,2005,1,5_9,0.00266757
426,2006,1,5_9,0.00264449
426,2007,1,5_9,0.00253219
426,2008,1,5_9,0.00241741
426,2009,1,5_9,0.00226045
426,2010,1,5_9,0.00210714
426,2011,1,5_9,0.00196065
426,2012,1,5_9,0.00185715
426,2013,1,5_9,0.00177076
426,2014,1,5_9,0.00169798
426,2015,1,5_9,0.00165631
426,2016,1,5_9,0.00161959
426,2017,1,5_9,0.00157594
426,2018,1,5_9,0.0015537
426,2019,1,5_9,0.00152199
426,2020,1,5_9,0.00152879
426,2021,1,5_9,0.00142969
426,2022,1,5_9,0.00140628
426,2023,1,5_9,0.00137063
516,1950,1,5_9,0.01023976
516,1951,1,5_9,0.00987381
516,1952,1,5_9,0.0094767
516,1953,1,5_9,0.00912553
516,1954,1,5_9,0.00875161
516,1955,1,5_9,0.0084165
516,1956,1,5_9,0.00806348
516,1957,1,5_9,0.00770126
516,1958,1,5_9,0.00736044
516,1959,1,5_9,0.00702801
516,1960,1,5_9,0.00669003
516,1961,1,5_9,0.00637517
516,1962,1,5_9,0.00606647
516,1963,1,5_9,0.00577717
516,1964,1,5_9,0.00549839
516,1965,1,5_9,0.00524155
516,1966,1,5_9,0.00501477
516,1967,1,5_9,0.00478637
516,1968,1,5_9,0.00457536
516,1969,1,5_9,0.00437785
516,1970,1,5_9,0.00419225
516,1971,1,5_9,0.00401601
516,1972,1,5_9,0.00384981
516,1973,1,5_9,0.00369217
516,1974,1,5_9,0.00354779
516,1975,1,5_9,0.0034106
516,1976,1,5_9,0.00328359
516,1977,1,5_9,0.00316458
516,1978,1,5_9,0.00305211
516,1979,1,5_9,0.00294995
516,1980,1,5_9,0.00292427
516,1981,1,5_9,0.00282002
516,1982,1,5_9,0.00271225
516,1983,1,5_9,0.00260413
516,1984,1,5_9,0.00249301
516,1985,1,5_9,0.00238436
516,1986,1,5_9,0.00226699
516,1987,1,5_9,0.00215123
516,1988,1,5_9,0.00211326
516,1989,1,5_9,0.00195322
516,1990,1,5_9,0.00189651
516,1991,1,5_9,0.00185424
516,1992,1,5_9,0.00182956
516,1993,1,5_9,0.00180981
516,1994,1,5_9,0.00184985
516,1995,1,5_9,0.00188345
516,1996,1,5_9,0.00193087
516,1997,1,5_9,0.00195908
516,1998,1,5_9,0.00199125
516,1999,1,5_9,0.00200984
516,2000,1,5_9,0.00201894
516,2001,1,5_9,0.00202412
516,2002,1,5_9,0.00194516
516,2003,1,5_9,0.00189615
516,2004,1,5_9,0.00182697
516,2005,1,5_9,0.00173797
516,2006,1,5_9,0.00165062
516,2007,1,5_9,0.00157475
516,2008,1,5_9,0.00146887
516,2009,1,5_9,0.00139395
516,2010,1,5_9,0.00127863
516,2011,1,5_9,0.00126592
516,2012,1,5_9,0.00116602
516,2013,1,5_9,0.00112272
516,2014,1,5_9,0.00107993
516,2015,1,5_9,0.0010463
516,2016,1,5_9,0.00100709
516,2017,1,5_9,0.00098611
516,2018,1,5_9,0.00097475
516,2019,1,5_9,0.00096279
516,2020,1,5_9,0.00094945
516,2021,1,5_9,0.00093613
516,2022,1,5_9,0.00091733
516,2023,1,5_9,0.00089874
710,1950,1,5_9,0.00699576
710,1951,1,5_9,0.00660711
710,1952,1,5_9,0.00622453
710,1953,1,5_9,0.00585687
710,1954,1,5_9,0.0054851
710,1955,1,5_9,0.00511791
710,1956,1,5_9,0.00479286
710,1957,1,5_9,0.0044992
710,1958,1,5_9,0.00421791
710,1959,1,5_9,0.00401379
710,1960,1,5_9,0.00382272
710,1961,1,5_9,0.00371394
710,1962,1,5_9,0.00358814
710,1963,1,5_9,0.00351465
710,1964,1,5_9,0.00343737
710,1965,1,5_9,0.00339202
710,1966,1,5_9,0.0033155
710,1967,1,5_9,0.00325678
710,1968,1,5_9,0.0031933
710,1969,1,5_9,0.00312643
710,1970,1,5_9,0.00306562
710,1971,1,5_9,0.00299972
710,1972,1,5_9,0.00290877
710,1973,1,5_9,0.0028295
710,1974,1,5_9,0.00274456
710,1975,1,5_9,0.00264026
710,1976,1,5_9,0.0025626
710,1977,1,5_9,0.00247219
710,1978,1,5_9,0.00236148
710,1979,1,5_9,0.00225449
710,1980,1,5_9,0.00215115
710,1981,1,5_9,0.00204413
710,1982,1,5_9,0.00194818
710,1983,1,5_9,0.00185401
710,1984,1,5_9,0.00176597
710,1985,1,5_9,0.00167777
710,1986,1,5_9,0.0015998
710,1987,1,5_9,0.00154481
710,1988,1,5_9,0.00146835
710,1989,1,5_9,0.00142615
710,1990,1,5_9,0.00140231
710,1991,1,5_9,0.00136179
710,1992,1,5_9,0.00134448
710,1993,1,5_9,0.00134122
710,1994,1,5_9,0.00134236
710,1995,1,5_9,0.0013644
710,1996,1,5_9,0.00139137
710,1997,1,5_9,0.0014106
710,1998,1,5_9,0.00142628
710,1999,1,5_9,0.00144908
710,2000,1,5_9,0.00126731
710,2001,1,5_9,0.00132297
710,2002,1,5_9,0.00148262
710,2003,1,5_9,0.00168472
710,2004,1,5_9,0.00191866
710,2005,1,5_9,0.0019682
710,2006,1,5_9,0.00174152
710,2007,1,5_9,0.00165823
710,2008,1,5_9,0.00155103
710,2009,1,5_9,0.00128959
710,2010,1,5_9,0.00134778
710,2011,1,5_9,0.00113718
710,2012,1,5_9,0.00124586
710,2013,1,5_9,0.00087363
710,2014,1,5_9,0.00081127
710,2015,1,5_9,0.00074979
710,2016,1,5_9,0.00069885
710,2017,1,5_9,0.00064052
710,2018,1,5_9,0.00064477
710,2019,1,5_9,0.00062851
710,2020,1,5_9,0.00057351
710,2021,1,5_9,0.00063214
710,2022,1,5_9,0.00062977
710,2023,1,5_9,0.00059965
204,1950,1,5_9,0.012572
204,1951,1,5_9,0.01249316
204,1952,1,5_9,0.01237217
204,1953,1,5_9,0.01227734
204,1954,1,5_9,0.01210389
204,1955,1,5_9,0.01199859
204,1956,1,5_9,0.01189266
204,1957,1,5_9,0.01181243
204,1958,1,5_9,0.01163035
204,1959,1,5_9,0.01152881
204,1960,1,5_9,0.01135566
204,1961,1,5_9,0.01125504
204,1962,1,5_9,0.01106958
204,1963,1,5_9,0.01089449
204,1964,1,5_9,0.01078729
204,1965,1,5_9,0.01061434
204,1966,1,5_9,0.01044902
204,1967,1,5_9,0.01024555
204,1968,1,5_9,0.01014491
204,1969,1,5_9,0.01002132
204,1970,1,5_9,0.00986736
204,1971,1,5_9,0.00970891
204,1972,1,5_9,0.00952856
204,1973,1,5_9,0.00932653
204,1974,1,5_9,0.00919601
204,1975,1,5_9,0.00902947
204,1976,1,5_9,0.00889605
204,1977,1,5_9,0.00875947
204,1978,1,5_9,0.00863891
204,1979,1,5_9,0.0085412
204,1980,1,5_9,0.00846632
204,1981,1,5_9,0.0083918
204,1982,1,5_9,0.00832085
204,1983,1,5_9,0.00826476
204,1984,1,5_9,0.00804167
204,1985,1,5_9,0.00776658
204,1986,1,5_9,0.00744178
204,1987,1,5_9,0.00703579
204,1988,1,5_9,0.00662439
204,1989,1,5_9,0.00643941
204,1990,1,5_9,0.00618679
204,1991,1,5_9,0.00597507
204,1992,1,5_9,0.00563911
204,1993,1,5_9,0.00534135
204,1994,1,5_9,0.00513421
204,1995,1,5_9,0.00495197
204,1996,1,5_9,0.00476563
204,1997,1,5_9,0.00467526
204,1998,1,5_9,0.0046537
204,1999,1,5_9,0.00464011
204,2000,1,5_9,0.00452018
204,2001,1,5_9,0.00452989
204,2002,1,5_9,0.00444321
204,2003,1,5_9,0.00435012
204,2004,1,5_9,0.00424472
204,2005,1,5_9,0.00409723
204,2006,1,5_9,0.00403035
204,2007,1,5_9,0.00393352
204,2008,1,5_9,0.00402491
204,2009,1,5_9,0.00397444
204,2010,1,5_9,0.00398982
204,2011,1,5_9,0.00401237
204,2012,1,5_9,0.00404023
204,2013,1,5_9,0.0039781
204,2014,1,5_9,0.00397784
204,2015,1,5_9,0.00398926
204,2016,1,5_9,0.00399326
204,2017,1,5_9,0.00395296
204,2018,1,5_9,0.00389502
204,2019,1,5_9,0.00394136
204,2020,1,5_9,0.00391519
204,2021,1,5_9,0.00389054
204,2022,1,5_9,0.00387777
204,2023,1,5_9,0.00386731
854,1950,1,5_9,0.00965884
854,1951,1,5_9,0.00954986
854,1952,1,5_9,0.00950901
854,1953,1,5_9,0.00943958
854,1954,1,5_9,0.00936605
854,1955,1,5_9,0.00929665
854,1956,1,5_9,0.00923227
854,1957,1,5_9,0.00913709
854,1958,1,5_9,0.00909677
854,1959,1,5_9,0.00901686
854,1960,1,5_9,0.00889477
854,1961,1,5_9,0.00880727
854,1962,1,5_9,0.00865083
854,1963,1,5_9,0.00851158
854,1964,1,5_9,0.00839864
854,1965,1,5_9,0.00823869
854,1966,1,5_9,0.00810679
854,1967,1,5_9,0.00795962
854,1968,1,5_9,0.00782782
854,1969,1,5_9,0.00773443
854,1970,1,5_9,0.00751374
854,1971,1,5_9,0.00739776
854,1972,1,5_9,0.00714093
854,1973,1,5_9,0.00695196
854,1974,1,5_9,0.00665728
854,1975,1,5_9,0.00638346
854,1976,1,5_9,0.00609707
854,1977,1,5_9,0.00583856
854,1978,1,5_9,0.00559719
854,1979,1,5_9,0.00540043
854,1980,1,5_9,0.00518043
854,1981,1,5_9,0.00508599
854,1982,1,5_9,0.00483478
854,1983,1,5_9,0.0047282
854,1984,1,5_9,0.00463406
854,1985,1,5_9,0.0045959
854,1986,1,5_9,0.0045786
854,1987,1,5_9,0.00460285
854,1988,1,5_9,0.00462939
854,1989,1,5_9,0.00466957
854,1990,1,5_9,0.00471093
854,1991,1,5_9,0.00476335
854,1992,1,5_9,0.0048065
854,1993,1,5_9,0.00485867
854,1994,1,5_9,0.00490465
854,1995,1,5_9,0.00494548
854,1996,1,5_9,0.00497029
854,1997,1,5_9,0.00510926
854,1998,1,5_9,0.00495451
854,1999,1,5_9,0.00492092
854,2000,1,5_9,0.00486964
854,2001,1,5_9,0.00480193
854,2002,1,5_9,0.00477216
854,2003,1,5_9,0.00465442
854,2004,1,5_9,0.00448898
854,2005,1,5_9,0.00432757
854,2006,1,5_9,0.00422927
854,2007,1,5_9,0.00409792
854,2008,1,5_9,0.00388913
854,2009,1,5_9,0.0037606
854,2010,1,5_9,0.00364575
854,2011,1,5_9,0.00349759
854,2012,1,5_9,0.00339955
854,2013,1,5_9,0.00331353
854,2014,1,5_9,0.00323223
854,2015,1,5_9,0.00314905
854,2016,1,5_9,0.00306717
854,2017,1,5_9,0.00298715
854,2018,1,5_9,0.00289798
854,2019,1,5_9,0.00283331
854,2020,1,5_9,0.00273155
854,2021,1,5_9,0.00263695
854,2022,1,5_9,0.00257456
854,2023,1,5_9,0.00252182
132,1950,1,5_9,0.00541066
132,1951,1,5_9,0.00520627
132,1952,1,5_9,0.00500916
132,1953,1,5_9,0.00499652
132,1954,1,5_9,0.00498046
132,1955,1,5_9,0.00495626
132,1956,1,5_9,0.00491902
132,1957,1,5_9,0.00485783
132,1958,1,5_9,0.00477008
132,1959,1,5_9,0.00463059
132,1960,1,5_9,0.00443436
132,1961,1,5_9,0.00418012
132,1962,1,5_9,0.00388634
132,1963,1,5_9,0.00356713
132,1964,1,5_9,0.00324817
132,1965,1,5_9,0.00295261
132,1966,1,5_9,0.00269869
132,1967,1,5_9,0.00249427
132,1968,1,5_9,0.00234036
132,1969,1,5_9,0.00224538
132,1970,1,5_9,0.0022013
132,1971,1,5_9,0.00219459
132,1972,1,5_9,0.00220723
132,1973,1,5_9,0.00222585
132,1974,1,5_9,0.00225827
132,1975,1,5_9,0.00225626
132,1976,1,5_9,0.00228636
132,1977,1,5_9,0.00225005
132,1978,1,5_9,0.00225025
132,1979,1,5_9,0.00225133
132,1980,1,5_9,0.00225368
132,1981,1,5_9,0.00225422
132,1982,1,5_9,0.00226483
132,1983,1,5_9,0.00225448
132,1984,1,5_9,0.00236088
132,1985,1,5_9,0.00225022
132,1986,1,5_9,0.00224252
132,1987,1,5_9,0.0022328
132,1988,1,5_9,0.00222177
132,1989,1,5_9,0.00221149
132,1990,1,5_9,0.00220304
132,1991,1,5_9,0.00221962
132,1992,1,5_9,0.00223227
132,1993,1,5_9,0.00223591
132,1994,1,5_9,0.00224316
132,1995,1,5_9,0.00257602
132,1996,1,5_9,0.00211748
132,1997,1,5_9,0.0020225
132,1998,1,5_9,0.00183475
132,1999,1,5_9,0.00160553
132,2000,1,5_9,0.00135392
132,2001,1,5_9,0.00103546
132,2002,1,5_9,0.00074973
132,2003,1,5_9,0.00059066
132,2004,1,5_9,0.00046111
132,2005,1,5_9,0.00042851
132,2006,1,5_9,0.00047034
132,2007,1,5_9,0.00044719
132,2008,1,5_9,0.00040873
132,2009,1,5_9,0.00039941
132,2010,1,5_9,0.00031522
132,2011,1,5_9,0.00025166
132,2012,1,5_9,0.00026184
132,2013,1,5_9,0.00024634
132,2014,1,5_9,0.00023957
132,2015,1,5_9,0.00022546
132,2016,1,5_9,0.00022598
132,2017,1,5_9,0.00020502
132,2018,1,5_9,0.00020678
132,2019,1,5_9,0.00022082
132,2020,1,5_9,0.00024095
132,2021,1,5_9,0.00019593
132,2022,1,5_9,0.00018452
132,2023,1,5_9,0.00017389
384,1950,1,5_9,0.01730497
384,1951,1,5_9,0.01669882
384,1952,1,5_9,0.01611211
384,1953,1,5_9,0.01551876
384,1954,1,5_9,0.01489512
384,1955,1,5_9,0.01431987
384,1956,1,5_9,0.01372578
384,1957,1,5_9,0.01313428
384,1958,1,5_9,0.01259129
384,1959,1,5_9,0.01206419
384,1960,1,5_9,0.01155789
384,1961,1,5_9,0.01109336
384,1962,1,5_9,0.01064002
384,1963,1,5_9,0.01020304
384,1964,1,5_9,0.0097771
384,1965,1,5_9,0.00937704
384,1966,1,5_9,0.00898432
384,1967,1,5_9,0.00859558
384,1968,1,5_9,0.00822024
384,1969,1,5_9,0.00785544
384,1970,1,5_9,0.00749588
384,1971,1,5_9,0.00712979
384,1972,1,5_9,0.00676074
384,1973,1,5_9,0.00640395
384,1974,1,5_9,0.00605035
384,1975,1,5_9,0.00571433
384,1976,1,5_9,0.00539318
384,1977,1,5_9,0.00511864
384,1978,1,5_9,0.00486957
384,1979,1,5_9,0.00465903
384,1980,1,5_9,0.00448176
384,1981,1,5_9,0.00433242
384,1982,1,5_9,0.00422323
384,1983,1,5_9,0.00412652
384,1984,1,5_9,0.00404534
384,1985,1,5_9,0.00398338
384,1986,1,5_9,0.00394036
384,1987,1,5_9,0.00391198
384,1988,1,5_9,0.00390989
384,1989,1,5_9,0.00390572
384,1990,1,5_9,0.00390724
384,1991,1,5_9,0.00392048
384,1992,1,5_9,0.00391651
384,1993,1,5_9,0.00391596
384,1994,1,5_9,0.00390567
384,1995,1,5_9,0.00389674
384,1996,1,5_9,0.00384584
384,1997,1,5_9,0.00379121
384,1998,1,5_9,0.0037299
384,1999,1,5_9,0.00365107
384,2000,1,5_9,0.00356012
384,2001,1,5_9,0.0034735
384,2002,1,5_9,0.00336723
384,2003,1,5_9,0.00326933
384,2004,1,5_9,0.00314291
384,2005,1,5_9,0.00301496
384,2006,1,5_9,0.00288757
384,2007,1,5_9,0.00276419
384,2008,1,5_9,0.00265361
384,2009,1,5_9,0.00254401
384,2010,1,5_9,0.00243469
384,2011,1,5_9,0.00233956
384,2012,1,5_9,0.0022281
384,2013,1,5_9,0.00213555
384,2014,1,5_9,0.00204321
384,2015,1,5_9,0.00195991
384,2016,1,5_9,0.00188373
384,2017,1,5_9,0.00180791
384,2018,1,5_9,0.00173583
384,2019,1,5_9,0.00167088
384,2020,1,5_9,0.00161084
384,2021,1,5_9,0.00155121
384,2022,1,5_9,0.00149745
384,2023,1,5_9,0.00144529
270,1950,1,5_9,0.01289835
270,1951,1,5_9,0.01281866
270,1952,1,5_9,0.01272367
270,1953,1,5_9,0.01264472
270,1954,1,5_9,0.01256623
270,1955,1,5_9,0.01251341
270,1956,1,5_9,0.01244847
270,1957,1,5_9,0.01235249
270,1958,1,5_9,0.01218215
270,1959,1,5_9,0.01201784
270,1960,1,5_9,0.01185651
270,1961,1,5_9,0.01170588
270,1962,1,5_9,0.01153857
270,1963,1,5_9,0.01137787
270,1964,1,5_9,0.01121692
270,1965,1,5_9,0.0110047
270,1966,1,5_9,0.01089006
270,1967,1,5_9,0.01073216
270,1968,1,5_9,0.01057108
270,1969,1,5_9,0.01043205
270,1970,1,5_9,0.01027933
270,1971,1,5_9,0.01012855
270,1972,1,5_9,0.00997858
270,1973,1,5_9,0.00983681
270,1974,1,5_9,0.00958829
270,1975,1,5_9,0.00947631
270,1976,1,5_9,0.00923853
270,1977,1,5_9,0.00912502
270,1978,1,5_9,0.00908821
270,1979,1,5_9,0.0087925
270,1980,1,5_9,0.00856791
270,1981,1,5_9,0.00832381
270,1982,1,5_9,0.00804903
270,1983,1,5_9,0.00784006
270,1984,1,5_9,0.00762321
270,1985,1,5_9,0.00739571
270,1986,1,5_9,0.00718342
270,1987,1,5_9,0.006993
270,1988,1,5_9,0.00674094
270,1989,1,5_9,0.00655174
270,1990,1,5_9,0.00644854
270,1991,1,5_9,0.00630557
270,1992,1,5_9,0.00620289
270,1993,1,5_9,0.00605145
270,1994,1,5_9,0.00588715
270,1995,1,5_9,0.0058374
270,1996,1,5_9,0.00571619
270,1997,1,5_9,0.00565168
270,1998,1,5_9,0.00546125
270,1999,1,5_9,0.00531441
270,2000,1,5_9,0.00519318
270,2001,1,5_9,0.00508311
270,2002,1,5_9,0.00492022
270,2003,1,5_9,0.00474891
270,2004,1,5_9,0.00455811
270,2005,1,5_9,0.00442073
270,2006,1,5_9,0.00425553
270,2007,1,5_9,0.00412946
270,2008,1,5_9,0.00396819
270,2009,1,5_9,0.00389353
270,2010,1,5_9,0.00376359
270,2011,1,5_9,0.00365203
270,2012,1,5_9,0.00356628
270,2013,1,5_9,0.00348031
270,2014,1,5_9,0.00340488
270,2015,1,5_9,0.00331798
270,2016,1,5_9,0.00324015
270,2017,1,5_9,0.00317266
270,2018,1,5_9,0.00310976
270,2019,1,5_9,0.00300057
270,2020,1,5_9,0.00289703
270,2021,1,5_9,0.0028274
270,2022,1,5_9,0.00273665
270,2023,1,5_9,0.00265089
288,1950,1,5_9,0.00985232
288,1951,1,5_9,0.00966575
288,1952,1,5_9,0.00954833
288,1953,1,5_9,0.00940434
288,1954,1,5_9,0.00924142
288,1955,1,5_9,0.00914329
288,1956,1,5_9,0.00903104
288,1957,1,5_9,0.00889403
288,1958,1,5_9,0.00882618
288,1959,1,5_9,0.0087097
288,1960,1,5_9,0.00863446
288,1961,1,5_9,0.00856748
288,1962,1,5_9,0.00847411
288,1963,1,5_9,0.00842457
288,1964,1,5_9,0.00839846
288,1965,1,5_9,0.00838108
288,1966,1,5_9,0.00837497
288,1967,1,5_9,0.00837
288,1968,1,5_9,0.0083562
288,1969,1,5_9,0.00832645
288,1970,1,5_9,0.00829205
288,1971,1,5_9,0.00825598
288,1972,1,5_9,0.00811763
288,1973,1,5_9,0.00799796
288,1974,1,5_9,0.00784058
288,1975,1,5_9,0.00768871
288,1976,1,5_9,0.00752988
288,1977,1,5_9,0.00739234
288,1978,1,5_9,0.0072417
288,1979,1,5_9,0.00710875
288,1980,1,5_9,0.00699673
288,1981,1,5_9,0.00688083
288,1982,1,5_9,0.00682719
288,1983,1,5_9,0.006681
288,1984,1,5_9,0.00651196
288,1985,1,5_9,0.00633421
288,1986,1,5_9,0.00611159
288,1987,1,5_9,0.00588337
288,1988,1,5_9,0.0056582
288,1989,1,5_9,0.00543033
288,1990,1,5_9,0.00523269
288,1991,1,5_9,0.0050898
288,1992,1,5_9,0.00495743
288,1993,1,5_9,0.0048657
288,1994,1,5_9,0.00486068
288,1995,1,5_9,0.00475814
288,1996,1,5_9,0.00468849
288,1997,1,5_9,0.00462227
288,1998,1,5_9,0.00457004
288,1999,1,5_9,0.00452357
288,2000,1,5_9,0.00447631
288,2001,1,5_9,0.00444774
288,2002,1,5_9,0.00440182
288,2003,1,5_9,0.00435361
288,2004,1,5_9,0.00430176
288,2005,1,5_9,0.0042226
288,2006,1,5_9,0.00414343
288,2007,1,5_9,0.0040839
288,2008,1,5_9,0.00403892
288,2009,1,5_9,0.0039741
288,2010,1,5_9,0.00391802
288,2011,1,5_9,0.00388409
288,2012,1,5_9,0.00381077
288,2013,1,5_9,0.00372463
288,2014,1,5_9,0.00364036
288,2015,1,5_9,0.00355493
288,2016,1,5_9,0.00347347
288,2017,1,5_9,0.00340352
288,2018,1,5_9,0.00334495
288,2019,1,5_9,0.00328922
288,2020,1,5_9,0.00324503
288,2021,1,5_9,0.00319673
288,2022,1,5_9,0.00316011
288,2023,1,5_9,0.00311804
324,1950,1,5_9,0.01148743
324,1951,1,5_9,0.01146504
324,1952,1,5_9,0.01144117
324,1953,1,5_9,0.01140075
324,1954,1,5_9,0.01136301
324,1955,1,5_9,0.01129514
324,1956,1,5_9,0.01124872
324,1957,1,5_9,0.0111349
324,1958,1,5_9,0.01108352
324,1959,1,5_9,0.01108214
324,1960,1,5_9,0.01104378
324,1961,1,5_9,0.01098915
324,1962,1,5_9,0.01093408
324,1963,1,5_9,0.01086345
324,1964,1,5_9,0.01077997
324,1965,1,5_9,0.01067997
324,1966,1,5_9,0.01051885
324,1967,1,5_9,0.01046673
324,1968,1,5_9,0.01036005
324,1969,1,5_9,0.01020049
324,1970,1,5_9,0.010135
324,1971,1,5_9,0.01000388
324,1972,1,5_9,0.00988014
324,1973,1,5_9,0.00971728
324,1974,1,5_9,0.00962487
324,1975,1,5_9,0.00948539
324,1976,1,5_9,0.00930984
324,1977,1,5_9,0.00918555
324,1978,1,5_9,0.0089957
324,1979,1,5_9,0.0087885
324,1980,1,5_9,0.00853057
324,1981,1,5_9,0.00826012
324,1982,1,5_9,0.00795075
324,1983,1,5_9,0.00774294
324,1984,1,5_9,0.00737428
324,1985,1,5_9,0.00712633
324,1986,1,5_9,0.00690963
324,1987,1,5_9,0.00672747
324,1988,1,5_9,0.00658567
324,1989,1,5_9,0.0064694
324,1990,1,5_9,0.00637102
324,1991,1,5_9,0.0062688
324,1992,1,5_9,0.0061387
324,1993,1,5_9,0.00600681
324,1994,1,5_9,0.00592503
324,1995,1,5_9,0.00572238
324,1996,1,5_9,0.00550053
324,1997,1,5_9,0.00534053
324,1998,1,5_9,0.00521732
324,1999,1,5_9,0.00513526
324,2000,1,5_9,0.00510274
324,2001,1,5_9,0.00510415
324,2002,1,5_9,0.00510696
324,2003,1,5_9,0.00510884
324,2004,1,5_9,0.00509987
324,2005,1,5_9,0.00505561
324,2006,1,5_9,0.00499928
324,2007,1,5_9,0.0049432
324,2008,1,5_9,0.00485369
324,2009,1,5_9,0.00478568
324,2010,1,5_9,0.00470481
324,2011,1,5_9,0.00462314
324,2012,1,5_9,0.00453765
324,2013,1,5_9,0.00441927
324,2014,1,5_9,0.00438138
324,2015,1,5_9,0.00424534
324,2016,1,5_9,0.00403696
324,2017,1,5_9,0.00396998
324,2018,1,5_9,0.00385861
324,2019,1,5_9,0.00375142
324,2020,1,5_9,0.003659
324,2021,1,5_9,0.00356188
324,2022,1,5_9,0.00346857
324,2023,1,5_9,0.00338147
624,1950,1,5_9,0.014265
624,1951,1,5_9,0.01412005
624,1952,1,5_9,0.01397639
624,1953,1,5_9,0.01383451
624,1954,1,5_9,0.01369361
624,1955,1,5_9,0.01356121
624,1956,1,5_9,0.01342545
624,1957,1,5_9,0.01326785
624,1958,1,5_9,0.0131433
624,1959,1,5_9,0.01299182
624,1960,1,5_9,0.01283372
624,1961,1,5_9,0.01265065
624,1962,1,5_9,0.01247477
624,1963,1,5_9,0.01230349
624,1964,1,5_9,0.01211037
624,1965,1,5_9,0.01191568
624,1966,1,5_9,0.0117166
624,1967,1,5_9,0.01151657
624,1968,1,5_9,0.01131729
624,1969,1,5_9,0.01112119
624,1970,1,5_9,0.01091885
624,1971,1,5_9,0.0107359
624,1972,1,5_9,0.01055446
624,1973,1,5_9,0.01035382
624,1974,1,5_9,0.01016193
624,1975,1,5_9,0.00995799
624,1976,1,5_9,0.00976668
624,1977,1,5_9,0.00957246
624,1978,1,5_9,0.00937991
624,1979,1,5_9,0.00918999
624,1980,1,5_9,0.00900249
624,1981,1,5_9,0.00881365
624,1982,1,5_9,0.0086251
624,1983,1,5_9,0.00843886
624,1984,1,5_9,0.00826753
624,1985,1,5_9,0.00810447
624,1986,1,5_9,0.00796684
624,1987,1,5_9,0.00779026
624,1988,1,5_9,0.00755357
624,1989,1,5_9,0.00736565
624,1990,1,5_9,0.00718349
624,1991,1,5_9,0.0069931
624,1992,1,5_9,0.00680322
624,1993,1,5_9,0.00661371
624,1994,1,5_9,0.00659643
624,1995,1,5_9,0.00623492
624,1996,1,5_9,0.00608471
624,1997,1,5_9,0.00634766
624,1998,1,5_9,0.00563826
624,1999,1,5_9,0.00565934
624,2000,1,5_9,0.00522906
624,2001,1,5_9,0.00501516
624,2002,1,5_9,0.00479957
624,2003,1,5_9,0.00457745
624,2004,1,5_9,0.00435468
624,2005,1,5_9,0.00432064
624,2006,1,5_9,0.0039135
624,2007,1,5_9,0.00368917
624,2008,1,5_9,0.00357251
624,2009,1,5_9,0.00327006
624,2010,1,5_9,0.00307699
624,2011,1,5_9,0.00290523
624,2012,1,5_9,0.0027552
624,2013,1,5_9,0.00261509
624,2014,1,5_9,0.00248066
624,2015,1,5_9,0.0023573
624,2016,1,5_9,0.00225042
624,2017,1,5_9,0.00215176
624,2018,1,5_9,0.00206133
624,2019,1,5_9,0.00197342
624,2020,1,5_9,0.00189441
624,2021,1,5_9,0.00181737
624,2022,1,5_9,0.00174094
624,2023,1,5_9,0.00167213
430,1950,1,5_9,0.01012398
430,1951,1,5_9,0.01009863
430,1952,1,5_9,0.01008911
430,1953,1,5_9,0.01008148
430,1954,1,5_9,0.01007705
430,1955,1,5_9,0.01007779
430,1956,1,5_9,0.01010637
430,1957,1,5_9,0.0101065
430,1958,1,5_9,0.01014363
430,1959,1,5_9,0.01014665
430,1960,1,5_9,0.01015211
430,1961,1,5_9,0.0101425
430,1962,1,5_9,0.01011068
430,1963,1,5_9,0.0100455
430,1964,1,5_9,0.00995849
430,1965,1,5_9,0.00982218
430,1966,1,5_9,0.00967591
430,1967,1,5_9,0.00950288
430,1968,1,5_9,0.00931897
430,1969,1,5_9,0.00909874
430,1970,1,5_9,0.00889439
430,1971,1,5_9,0.00869549
430,1972,1,5_9,0.00843713
430,1973,1,5_9,0.00821006
430,1974,1,5_9,0.00798533
430,1975,1,5_9,0.00778394
430,1976,1,5_9,0.00758067
430,1977,1,5_9,0.00740063
430,1978,1,5_9,0.00722965
430,1979,1,5_9,0.00708885
430,1980,1,5_9,0.00699981
430,1981,1,5_9,0.00689743
430,1982,1,5_9,0.00685051
430,1983,1,5_9,0.00680744
430,1984,1,5_9,0.00680195
430,1985,1,5_9,0.00706192
430,1986,1,5_9,0.00695741
430,1987,1,5_9,0.00710006
430,1988,1,5_9,0.00723408
430,1989,1,5_9,0.00734412
430,1990,1,5_9,0.00741542
430,1991,1,5_9,0.00756636
430,1992,1,5_9,0.0073423
430,1993,1,5_9,0.0077373
430,1994,1,5_9,0.00783027
430,1995,1,5_9,0.00713642
430,1996,1,5_9,0.00693227
430,1997,1,5_9,0.00582694
430,1998,1,5_9,0.00539571
430,1999,1,5_9,0.00495221
430,2000,1,5_9,0.00451811
430,2001,1,5_9,0.00409498
430,2002,1,5_9,0.00374384
430,2003,1,5_9,0.00384465
430,2004,1,5_9,0.00311463
430,2005,1,5_9,0.00286021
430,2006,1,5_9,0.00263578
430,2007,1,5_9,0.00245172
430,2008,1,5_9,0.00229636
430,2009,1,5_9,0.00216802
430,2010,1,5_9,0.00206254
430,2011,1,5_9,0.00197712
430,2012,1,5_9,0.00189672
430,2013,1,5_9,0.00183356
430,2014,1,5_9,0.00208677
430,2015,1,5_9,0.00208661
430,2016,1,5_9,0.00171024
430,2017,1,5_9,0.00163568
430,2018,1,5_9,0.00158702
430,2019,1,5_9,0.00153767
430,2020,1,5_9,0.00149383
430,2021,1,5_9,0.00145522
430,2022,1,5_9,0.00141343
430,2023,1,5_9,0.00136564
466,1950,1,5_9,0.01080649
466,1951,1,5_9,0.0107824
466,1952,1,5_9,0.01077761
466,1953,1,5_9,0.01065059
466,1954,1,5_9,0.01064655
466,1955,1,5_9,0.01063576
466,1956,1,5_9,0.01056843
466,1957,1,5_9,0.01050932
466,1958,1,5_9,0.01049976
466,1959,1,5_9,0.01043636
466,1960,1,5_9,0.01044096
466,1961,1,5_9,0.01037033
466,1962,1,5_9,0.01036708
466,1963,1,5_9,0.01030247
466,1964,1,5_9,0.01023674
466,1965,1,5_9,0.01016636
466,1966,1,5_9,0.01010589
466,1967,1,5_9,0.00998816
466,1968,1,5_9,0.00990099
466,1969,1,5_9,0.00988769
466,1970,1,5_9,0.00971747
466,1971,1,5_9,0.00964317
466,1972,1,5_9,0.00938593
466,1973,1,5_9,0.00923809
466,1974,1,5_9,0.00899113
466,1975,1,5_9,0.00860593
466,1976,1,5_9,0.00822509
466,1977,1,5_9,0.00786789
466,1978,1,5_9,0.00747781
466,1979,1,5_9,0.00714557
466,1980,1,5_9,0.00689879
466,1981,1,5_9,0.00666257
466,1982,1,5_9,0.00638793
466,1983,1,5_9,0.00604815
466,1984,1,5_9,0.00588758
466,1985,1,5_9,0.0057946
466,1986,1,5_9,0.00552001
466,1987,1,5_9,0.00532777
466,1988,1,5_9,0.00513622
466,1989,1,5_9,0.00486148
466,1990,1,5_9,0.00467367
466,1991,1,5_9,0.00462739
466,1992,1,5_9,0.00459573
466,1993,1,5_9,0.00452724
466,1994,1,5_9,0.00451756
466,1995,1,5_9,0.00454541
466,1996,1,5_9,0.00457491
466,1997,1,5_9,0.00446875
466,1998,1,5_9,0.0043537
466,1999,1,5_9,0.00425262
466,2000,1,5_9,0.00398765
466,2001,1,5_9,0.00384869
466,2002,1,5_9,0.0037239
466,2003,1,5_9,0.00361679
466,2004,1,5_9,0.00353183
466,2005,1,5_9,0.00344848
466,2006,1,5_9,0.00337099
466,2007,1,5_9,0.00331018
466,2008,1,5_9,0.00325147
466,2009,1,5_9,0.00319609
466,2010,1,5_9,0.00314313
466,2011,1,5_9,0.00309903
466,2012,1,5_9,0.00304402
466,2013,1,5_9,0.00299256
466,2014,1,5_9,0.00292125
466,2015,1,5_9,0.00285596
466,2016,1,5_9,0.00277201
466,2017,1,5_9,0.00271908
466,2018,1,5_9,0.00266398
466,2019,1,5_9,0.00259917
466,2020,1,5_9,0.0025351
466,2021,1,5_9,0.00246059
466,2022,1,5_9,0.0024297
466,2023,1,5_9,0.002348
478,1950,1,5_9,0.00912898
478,1951,1,5_9,0.00890038
478,1952,1,5_9,0.00878165
478,1953,1,5_9,0.0085937
478,1954,1,5_9,0.00833227
478,1955,1,5_9,0.00815212
478,1956,1,5_9,0.00788394
478,1957,1,5_9,0.00764331
478,1958,1,5_9,0.00737719
478,1959,1,5_9,0.00712427
478,1960,1,5_9,0.00685701
478,1961,1,5_9,0.00661505
478,1962,1,5_9,0.00634661
478,1963,1,5_9,0.00611081
478,1964,1,5_9,0.00585735
478,1965,1,5_9,0.0056092
478,1966,1,5_9,0.00536686
478,1967,1,5_9,0.00514137
478,1968,1,5_9,0.00500949
478,1969,1,5_9,0.00484628
478,1970,1,5_9,0.00470197
478,1971,1,5_9,0.0046434
478,1972,1,5_9,0.00455718
478,1973,1,5_9,0.00450011
478,1974,1,5_9,0.00445794
478,1975,1,5_9,0.0044535
478,1976,1,5_9,0.00440139
478,1977,1,5_9,0.00433374
478,1978,1,5_9,0.0042133
478,1979,1,5_9,0.00409152
478,1980,1,5_9,0.00394645
478,1981,1,5_9,0.00380354
478,1982,1,5_9,0.00364919
478,1983,1,5_9,0.00354755
478,1984,1,5_9,0.00337571
478,1985,1,5_9,0.00320841
478,1986,1,5_9,0.00307904
478,1987,1,5_9,0.00292441
478,1988,1,5_9,0.00278518
478,1989,1,5_9,0.00271849
478,1990,1,5_9,0.00261741
478,1991,1,5_9,0.00256618
478,1992,1,5_9,0.00251253
478,1993,1,5_9,0.00247155
478,1994,1,5_9,0.00246076
478,1995,1,5_9,0.00243515
478,1996,1,5_9,0.00243714
478,1997,1,5_9,0.00233705
478,1998,1,5_9,0.00227349
478,1999,1,5_9,0.00216684
478,2000,1,5_9,0.00205451
478,2001,1,5_9,0.00194393
478,2002,1,5_9,0.00183861
478,2003,1,5_9,0.0017351
478,2004,1,5_9,0.00162324
478,2005,1,5_9,0.00153825
478,2006,1,5_9,0.0014379
478,2007,1,5_9,0.0013682
478,2008,1,5_9,0.00130632
478,2009,1,5_9,0.0012578
478,2010,1,5_9,0.00120985
478,2011,1,5_9,0.00118395
478,2012,1,5_9,0.00115488
478,2013,1,5_9,0.00112981
478,2014,1,5_9,0.00108373
478,2015,1,5_9,0.00104272
478,2016,1,5_9,0.00099664
478,2017,1,5_9,0.00096326
478,2018,1,5_9,0.00091906
478,2019,1,5_9,0.00089365
478,2020,1,5_9,0.00087002
478,2021,1,5_9,0.00084375
478,2022,1,5_9,0.0008195
478,2023,1,5_9,0.00079544
562,1950,1,5_9,0.00969964
562,1951,1,5_9,0.00971598
562,1952,1,5_9,0.00972795
562,1953,1,5_9,0.00973273
562,1954,1,5_9,0.00972168
562,1955,1,5_9,0.00970961
562,1956,1,5_9,0.00968105
562,1957,1,5_9,0.00964833
562,1958,1,5_9,0.00962468
562,1959,1,5_9,0.00959684
562,1960,1,5_9,0.00956945
562,1961,1,5_9,0.00953821
562,1962,1,5_9,0.00950355
562,1963,1,5_9,0.00943291
562,1964,1,5_9,0.00940111
562,1965,1,5_9,0.00940993
562,1966,1,5_9,0.00940071
562,1967,1,5_9,0.00940101
562,1968,1,5_9,0.00940861
562,1969,1,5_9,0.00942302
562,1970,1,5_9,0.00942768
562,1971,1,5_9,0.00973255
562,1972,1,5_9,0.00935099
562,1973,1,5_9,0.00923808
562,1974,1,5_9,0.00905661
562,1975,1,5_9,0.00878734
562,1976,1,5_9,0.00842576
562,1977,1,5_9,0.00801648
562,1978,1,5_9,0.007607
562,1979,1,5_9,0.00710525
562,1980,1,5_9,0.00664254
562,1981,1,5_9,0.00619608
562,1982,1,5_9,0.00586348
562,1983,1,5_9,0.00558522
562,1984,1,5_9,0.00539695
562,1985,1,5_9,0.00517446
562,1986,1,5_9,0.00498718
562,1987,1,5_9,0.00482167
562,1988,1,5_9,0.00467434
562,1989,1,5_9,0.00454636
562,1990,1,5_9,0.00440893
562,1991,1,5_9,0.00433558
562,1992,1,5_9,0.0041973
562,1993,1,5_9,0.00409385
562,1994,1,5_9,0.00399378
562,1995,1,5_9,0.00389665
562,1996,1,5_9,0.00381502
562,1997,1,5_9,0.00373914
562,1998,1,5_9,0.00370184
562,1999,1,5_9,0.00366909
562,2000,1,5_9,0.00362581
562,2001,1,5_9,0.00357846
562,2002,1,5_9,0.00350679
562,2003,1,5_9,0.00340459
562,2004,1,5_9,0.00329463
562,2005,1,5_9,0.00317019
562,2006,1,5_9,0.0030288
562,2007,1,5_9,0.0028869
562,2008,1,5_9,0.00275158
562,2009,1,5_9,0.00263292
562,2010,1,5_9,0.0025142
562,2011,1,5_9,0.00240027
562,2012,1,5_9,0.00230678
562,2013,1,5_9,0.00221872
562,2014,1,5_9,0.00214586
562,2015,1,5_9,0.00207976
562,2016,1,5_9,0.00200465
562,2017,1,5_9,0.0019292
562,2018,1,5_9,0.0018518
562,2019,1,5_9,0.00177703
562,2020,1,5_9,0.00170885
562,2021,1,5_9,0.00164857
562,2022,1,5_9,0.0015791
562,2023,1,5_9,0.00151791
566,1950,1,5_9,0.012768
566,1951,1,5_9,0.0127018
566,1952,1,5_9,0.01263239
566,1953,1,5_9,0.01263112
566,1954,1,5_9,0.01254845
566,1955,1,5_9,0.01260516
566,1956,1,5_9,0.01254042
566,1957,1,5_9,0.01253999
566,1958,1,5_9,0.01246129
566,1959,1,5_9,0.01239656
566,1960,1,5_9,0.01233294
566,1961,1,5_9,0.01226836
566,1962,1,5_9,0.01219007
566,1963,1,5_9,0.01212676
566,1964,1,5_9,0.01211564
566,1965,1,5_9,0.01198674
566,1966,1,5_9,0.01184897
566,1967,1,5_9,0.01198791
566,1968,1,5_9,0.01134273
566,1969,1,5_9,0.01122455
566,1970,1,5_9,0.01095061
566,1971,1,5_9,0.01079608
566,1972,1,5_9,0.01055378
566,1973,1,5_9,0.01035077
566,1974,1,5_9,0.01010869
566,1975,1,5_9,0.00995532
566,1976,1,5_9,0.00933206
566,1977,1,5_9,0.00907441
566,1978,1,5_9,0.00898369
566,1979,1,5_9,0.00891916
566,1980,1,5_9,0.00889128
566,1981,1,5_9,0.00883363
566,1982,1,5_9,0.00883404
566,1983,1,5_9,0.00886956
566,1984,1,5_9,0.00894453
566,1985,1,5_9,0.00903254
566,1986,1,5_9,0.00912741
566,1987,1,5_9,0.00911753
566,1988,1,5_9,0.00913038
566,1989,1,5_9,0.0091142
566,1990,1,5_9,0.00918186
566,1991,1,5_9,0.0094114
566,1992,1,5_9,0.00937736
566,1993,1,5_9,0.00937759
566,1994,1,5_9,0.0095112
566,1995,1,5_9,0.00946495
566,1996,1,5_9,0.00953924
566,1997,1,5_9,0.00945416
566,1998,1,5_9,0.00929644
566,1999,1,5_9,0.00900452
566,2000,1,5_9,0.00876859
566,2001,1,5_9,0.00856427
566,2002,1,5_9,0.0082975
566,2003,1,5_9,0.00799002
566,2004,1,5_9,0.00769061
566,2005,1,5_9,0.00775991
566,2006,1,5_9,0.00769433
566,2007,1,5_9,0.00748515
566,2008,1,5_9,0.00728593
566,2009,1,5_9,0.00718288
566,2010,1,5_9,0.00710072
566,2011,1,5_9,0.00700806
566,2012,1,5_9,0.0069131
566,2013,1,5_9,0.00688038
566,2014,1,5_9,0.00681667
566,2015,1,5_9,0.00686009
566,2016,1,5_9,0.00676292
566,2017,1,5_9,0.00668522
566,2018,1,5_9,0.00657371
566,2019,1,5_9,0.00643566
566,2020,1,5_9,0.00631807
566,2021,1,5_9,0.00618492
566,2022,1,5_9,0.00604622
566,2023,1,5_9,0.00591702
654,1950,1,5_9,0.00119387
654,1951,1,5_9,0.00117557
654,1952,1,5_9,0.00116
654,1953,1,5_9,0.00114089
654,1954,1,5_9,0.00111084
654,1955,1,5_9,0.00109769
654,1956,1,5_9,0.00108604
654,1957,1,5_9,0.0010776
654,1958,1,5_9,0.00106629
654,1959,1,5_9,0.00106276
654,1960,1,5_9,0.00105968
654,1961,1,5_9,0.00106189
654,1962,1,5_9,0.00105403
654,1963,1,5_9,0.00104917
654,1964,1,5_9,0.00104139
654,1965,1,5_9,0.00102266
654,1966,1,5_9,0.0010081
654,1967,1,5_9,0.00100675
654,1968,1,5_9,0.0010008
654,1969,1,5_9,0.00098831
654,1970,1,5_9,0.00098976
654,1971,1,5_9,0.00098286
654,1972,1,5_9,0.00097098
654,1973,1,5_9,0.00095839
654,1974,1,5_9,0.00095084
654,1975,1,5_9,0.00093302
654,1976,1,5_9,0.00091886
654,1977,1,5_9,0.00090659
654,1978,1,5_9,0.00089211
654,1979,1,5_9,0.00087335
654,1980,1,5_9,0.00085907
654,1981,1,5_9,0.00084098
654,1982,1,5_9,0.00081928
654,1983,1,5_9,0.00080497
654,1984,1,5_9,0.00079053
654,1985,1,5_9,0.00077334
654,1986,1,5_9,0.00075819
654,1987,1,5_9,0.00074575
654,1988,1,5_9,0.00072892
654,1989,1,5_9,0.00071216
654,1990,1,5_9,0.00068907
654,1991,1,5_9,0.00068169
654,1992,1,5_9,0.00062608
654,1993,1,5_9,0.00063293
654,1994,1,5_9,0.00057856
654,1995,1,5_9,0.00057709
654,1996,1,5_9,0.00054141
654,1997,1,5_9,0.00045583
654,1998,1,5_9,0.00037882
654,1999,1,5_9,0.00033668
654,2000,1,5_9,0.00033411
654,2001,1,5_9,0.00032736
654,2002,1,5_9,0.00032207
654,2003,1,5_9,0.00029987
654,2004,1,5_9,0.00028472
654,2005,1,5_9,0.00027194
654,2006,1,5_9,0.0002955
654,2007,1,5_9,0.0003453
654,2008,1,5_9,0.00033388
654,2009,1,5_9,0.00030933
654,2010,1,5_9,0.00031422
654,2011,1,5_9,0.00030021
654,2012,1,5_9,0.00032386
654,2013,1,5_9,0.00031567
654,2014,1,5_9,0.00034627
654,2015,1,5_9,0.00035553
654,2016,1,5_9,0.00030953
654,2017,1,5_9,0.00029894
654,2018,1,5_9,0.00030415
654,2019,1,5_9,0.0002931
654,2020,1,5_9,0.00028483
654,2021,1,5_9,0.00028493
654,2022,1,5_9,0.00030419
654,2023,1,5_9,0.00029441
686,1950,1,5_9,0.00856949
686,1951,1,5_9,0.00843948
686,1952,1,5_9,0.00830264
686,1953,1,5_9,0.00823873
686,1954,1,5_9,0.00811269
686,1955,1,5_9,0.00802503
686,1956,1,5_9,0.007903
686,1957,1,5_9,0.00785128
686,1958,1,5_9,0.00776769
686,1959,1,5_9,0.00776858
686,1960,1,5_9,0.00768814
686,1961,1,5_9,0.00767385
686,1962,1,5_9,0.00765975
686,1963,1,5_9,0.00764574
686,1964,1,5_9,0.00762923
686,1965,1,5_9,0.00761988
686,1966,1,5_9,0.00758671
686,1967,1,5_9,0.0074992
686,1968,1,5_9,0.00746837
686,1969,1,5_9,0.00737673
686,1970,1,5_9,0.00722405
686,1971,1,5_9,0.0070793
686,1972,1,5_9,0.00693545
686,1973,1,5_9,0.00677477
686,1974,1,5_9,0.0065285
686,1975,1,5_9,0.00625395
686,1976,1,5_9,0.00602377
686,1977,1,5_9,0.00576424
686,1978,1,5_9,0.00552351
686,1979,1,5_9,0.00533024
686,1980,1,5_9,0.0051184
686,1981,1,5_9,0.00493678
686,1982,1,5_9,0.00472749
686,1983,1,5_9,0.00446192
686,1984,1,5_9,0.0042172
686,1985,1,5_9,0.00398287
686,1986,1,5_9,0.0036845
686,1987,1,5_9,0.00345009
686,1988,1,5_9,0.00318344
686,1989,1,5_9,0.00306587
686,1990,1,5_9,0.00293004
686,1991,1,5_9,0.00286337
686,1992,1,5_9,0.00278702
686,1993,1,5_9,0.00274333
686,1994,1,5_9,0.0027095
686,1995,1,5_9,0.00269464
686,1996,1,5_9,0.00276783
686,1997,1,5_9,0.00277925
686,1998,1,5_9,0.00283243
686,1999,1,5_9,0.00285652
686,2000,1,5_9,0.00290105
686,2001,1,5_9,0.00285917
686,2002,1,5_9,0.00278846
686,2003,1,5_9,0.00274121
686,2004,1,5_9,0.00256634
686,2005,1,5_9,0.00242728
686,2006,1,5_9,0.0022378
686,2007,1,5_9,0.00205895
686,2008,1,5_9,0.00199255
686,2009,1,5_9,0.00197205
686,2010,1,5_9,0.00187979
686,2011,1,5_9,0.00176902
686,2012,1,5_9,0.0016952
686,2013,1,5_9,0.0016249
686,2014,1,5_9,0.00154698
686,2015,1,5_9,0.00143027
686,2016,1,5_9,0.00138455
686,2017,1,5_9,0.00134157
686,2018,1,5_9,0.00130125
686,2019,1,5_9,0.0012699
686,2020,1,5_9,0.00124012
686,2021,1,5_9,0.00120768
686,2022,1,5_9,0.00118217
686,2023,1,5_9,0.00115839
694,1950,1,5_9,0.01437642
694,1951,1,5_9,0.01418735
694,1952,1,5_9,0.01390292
694,1953,1,5_9,0.01368696
694,1954,1,5_9,0.01343581
694,1955,1,5_9,0.0132208
694,1956,1,5_9,0.01301217
694,1957,1,5_9,0.01274491
694,1958,1,5_9,0.01256566
694,1959,1,5_9,0.01232398
694,1960,1,5_9,0.0120566
694,1961,1,5_9,0.01174935
694,1962,1,5_9,0.0114528
694,1963,1,5_9,0.011119
694,1964,1,5_9,0.01078669
694,1965,1,5_9,0.01042827
694,1966,1,5_9,0.00999118
694,1967,1,5_9,0.00965163
694,1968,1,5_9,0.00943197
694,1969,1,5_9,0.00919845
694,1970,1,5_9,0.00906736
694,1971,1,5_9,0.00888313
694,1972,1,5_9,0.0087562
694,1973,1,5_9,0.00859383
694,1974,1,5_9,0.00846073
694,1975,1,5_9,0.00820788
694,1976,1,5_9,0.00803136
694,1977,1,5_9,0.00786269
694,1978,1,5_9,0.00772349
694,1979,1,5_9,0.00758649
694,1980,1,5_9,0.00746087
694,1981,1,5_9,0.00735675
694,1982,1,5_9,0.00726776
694,1983,1,5_9,0.00720135
694,1984,1,5_9,0.00716142
694,1985,1,5_9,0.00714227
694,1986,1,5_9,0.00715619
694,1987,1,5_9,0.00702839
694,1988,1,5_9,0.00700979
694,1989,1,5_9,0.00700372
694,1990,1,5_9,0.00699713
694,1991,1,5_9,0.00710544
694,1992,1,5_9,0.00699226
694,1993,1,5_9,0.00699165
694,1994,1,5_9,0.00720883
694,1995,1,5_9,0.00720819
694,1996,1,5_9,0.00693401
694,1997,1,5_9,0.00684242
694,1998,1,5_9,0.00693303
694,1999,1,5_9,0.00646165
694,2000,1,5_9,0.00635997
694,2001,1,5_9,0.0060901
694,2002,1,5_9,0.00586905
694,2003,1,5_9,0.00563939
694,2004,1,5_9,0.00539331
694,2005,1,5_9,0.00511658
694,2006,1,5_9,0.00476557
694,2007,1,5_9,0.00462374
694,2008,1,5_9,0.00440543
694,2009,1,5_9,0.00421573
694,2010,1,5_9,0.00401924
694,2011,1,5_9,0.0038131
694,2012,1,5_9,0.00366225
694,2013,1,5_9,0.00341927
694,2014,1,5_9,0.0034157
694,2015,1,5_9,0.00314237
694,2016,1,5_9,0.00277043
694,2017,1,5_9,0.00269251
694,2018,1,5_9,0.00239984
694,2019,1,5_9,0.00230099
694,2020,1,5_9,0.00221942
694,2021,1,5_9,0.00212737
694,2022,1,5_9,0.00204244
694,2023,1,5_9,0.00194452
768,1950,1,5_9,0.00693884
768,1951,1,5_9,0.00693866
768,1952,1,5_9,0.00688467
768,1953,1,5_9,0.00688557
768,1954,1,5_9,0.00682821
768,1955,1,5_9,0.00676668
768,1956,1,5_9,0.0067677
768,1957,1,5_9,0.00670768
768,1958,1,5_9,0.00664712
768,1959,1,5_9,0.00658779
768,1960,1,5_9,0.00652832
768,1961,1,5_9,0.0064699
768,1962,1,5_9,0.00638633
768,1963,1,5_9,0.00630391
768,1964,1,5_9,0.00621205
768,1965,1,5_9,0.00608641
768,1966,1,5_9,0.00602526
768,1967,1,5_9,0.00592073
768,1968,1,5_9,0.00582115
768,1969,1,5_9,0.00577232
768,1970,1,5_9,0.00567635
768,1971,1,5_9,0.00554151
768,1972,1,5_9,0.00544227
768,1973,1,5_9,0.00534512
768,1974,1,5_9,0.00526692
768,1975,1,5_9,0.0051723
768,1976,1,5_9,0.00504709
768,1977,1,5_9,0.00473304
768,1978,1,5_9,0.00438993
768,1979,1,5_9,0.00412622
768,1980,1,5_9,0.00386321
768,1981,1,5_9,0.00367031
768,1982,1,5_9,0.0035483
768,1983,1,5_9,0.00344993
768,1984,1,5_9,0.00343152
768,1985,1,5_9,0.00342142
768,1986,1,5_9,0.00340971
768,1987,1,5_9,0.00340437
768,1988,1,5_9,0.00343955
768,1989,1,5_9,0.00352158
768,1990,1,5_9,0.00364499
768,1991,1,5_9,0.00377283
768,1992,1,5_9,0.0038448
768,1993,1,5_9,0.00396444
768,1994,1,5_9,0.00404722
768,1995,1,5_9,0.00411304
768,1996,1,5_9,0.0041066
768,1997,1,5_9,0.0041636
768,1998,1,5_9,0.00418418
768,1999,1,5_9,0.0041326
768,2000,1,5_9,0.00407532
768,2001,1,5_9,0.00405558
768,2002,1,5_9,0.00399538
768,2003,1,5_9,0.00394664
768,2004,1,5_9,0.0039012
768,2005,1,5_9,0.00382499
768,2006,1,5_9,0.00375634
768,2007,1,5_9,0.00369809
768,2008,1,5_9,0.00363034
768,2009,1,5_9,0.00357326
768,2010,1,5_9,0.00350884
768,2011,1,5_9,0.00339022
768,2012,1,5_9,0.00332456
768,2013,1,5_9,0.00320396
768,2014,1,5_9,0.00308259
768,2015,1,5_9,0.00295493
768,2016,1,5_9,0.0028138
768,2017,1,5_9,0.00269512
768,2018,1,5_9,0.00254572
768,2019,1,5_9,0.00241407
768,2020,1,5_9,0.00229837
768,2021,1,5_9,0.00219771
768,2022,1,5_9,0.00207698
768,2023,1,5_9,0.00194623
398,1950,1,5_9,0.00452259
398,1951,1,5_9,0.00440742
398,1952,1,5_9,0.00430279
398,1953,1,5_9,0.00420977
398,1954,1,5_9,0.00412963
398,1955,1,5_9,0.00406361
398,1956,1,5_9,0.00401093
398,1957,1,5_9,0.00396838
398,1958,1,5_9,0.00393284
398,1959,1,5_9,0.00390136
398,1960,1,5_9,0.00387109
398,1961,1,5_9,0.00383973
398,1962,1,5_9,0.00380639
398,1963,1,5_9,0.00377054
398,1964,1,5_9,0.00373166
398,1965,1,5_9,0.00368921
398,1966,1,5_9,0.00364295
398,1967,1,5_9,0.00359018
398,1968,1,5_9,0.00353879
398,1969,1,5_9,0.00349059
398,1970,1,5_9,0.00344868
398,1971,1,5_9,0.00341447
398,1972,1,5_9,0.0033887
398,1973,1,5_9,0.00336472
398,1974,1,5_9,0.00333682
398,1975,1,5_9,0.00329687
398,1976,1,5_9,0.00323841
398,1977,1,5_9,0.00316035
398,1978,1,5_9,0.00303851
398,1979,1,5_9,0.00286791
398,1980,1,5_9,0.00264659
398,1981,1,5_9,0.00237988
398,1982,1,5_9,0.00208208
398,1983,1,5_9,0.00178889
398,1984,1,5_9,0.00153013
398,1985,1,5_9,0.00132008
398,1986,1,5_9,0.00116301
398,1987,1,5_9,0.00105805
398,1988,1,5_9,0.00099643
398,1989,1,5_9,0.00096542
398,1990,1,5_9,0.00095518
398,1991,1,5_9,0.00095685
398,1992,1,5_9,0.00096177
398,1993,1,5_9,0.00096257
398,1994,1,5_9,0.00095568
398,1995,1,5_9,0.00095069
398,1996,1,5_9,0.00091862
398,1997,1,5_9,0.00088939
398,1998,1,5_9,0.00085654
398,1999,1,5_9,0.00082144
398,2000,1,5_9,0.00078702
398,2001,1,5_9,0.00075437
398,2002,1,5_9,0.00072409
398,2003,1,5_9,0.00069629
398,2004,1,5_9,0.0006722
398,2005,1,5_9,0.00064417
398,2006,1,5_9,0.00061804
398,2007,1,5_9,0.00059042
398,2008,1,5_9,0.00056079
398,2009,1,5_9,0.0005292
398,2010,1,5_9,0.00049858
398,2011,1,5_9,0.00046486
398,2012,1,5_9,0.00043452
398,2013,1,5_9,0.00040737
398,2014,1,5_9,0.0003845
398,2015,1,5_9,0.00036567
398,2016,1,5_9,0.00035091
398,2017,1,5_9,0.00033967
398,2018,1,5_9,0.00033132
398,2019,1,5_9,0.00032498
398,2020,1,5_9,0.00026674
398,2021,1,5_9,0.00029726
398,2022,1,5_9,0.0003018
398,2023,1,5_9,0.00030486
417,1950,1,5_9,0.00178826
417,1951,1,5_9,0.00176053
417,1952,1,5_9,0.00174376
417,1953,1,5_9,0.00171489
417,1954,1,5_9,0.00168588
417,1955,1,5_9,0.00165718
417,1956,1,5_9,0.00162881
417,1957,1,5_9,0.0016012
417,1958,1,5_9,0.00157392
417,1959,1,5_9,0.00154664
417,1960,1,5_9,0.0015193
417,1961,1,5_9,0.001492
417,1962,1,5_9,0.00146452
417,1963,1,5_9,0.00143762
417,1964,1,5_9,0.00141082
417,1965,1,5_9,0.00138418
417,1966,1,5_9,0.00135738
417,1967,1,5_9,0.0013301
417,1968,1,5_9,0.00130345
417,1969,1,5_9,0.00127704
417,1970,1,5_9,0.00125263
417,1971,1,5_9,0.00122635
417,1972,1,5_9,0.00120155
417,1973,1,5_9,0.00117669
417,1974,1,5_9,0.0011517
417,1975,1,5_9,0.00112614
417,1976,1,5_9,0.00109971
417,1977,1,5_9,0.00107503
417,1978,1,5_9,0.00105033
417,1979,1,5_9,0.00102912
417,1980,1,5_9,0.00101112
417,1981,1,5_9,0.00101822
417,1982,1,5_9,0.00097452
417,1983,1,5_9,0.00096317
417,1984,1,5_9,0.00088922
417,1985,1,5_9,0.00089151
417,1986,1,5_9,0.00088908
417,1987,1,5_9,0.00092267
417,1988,1,5_9,0.00090298
417,1989,1,5_9,0.00084564
417,1990,1,5_9,0.0007774
417,1991,1,5_9,0.00071225
417,1992,1,5_9,0.00071065
417,1993,1,5_9,0.0006859
417,1994,1,5_9,0.00071689
417,1995,1,5_9,0.00065286
417,1996,1,5_9,0.0006833
417,1997,1,5_9,0.00067893
417,1998,1,5_9,0.0006542
417,1999,1,5_9,0.0005972
417,2000,1,5_9,0.00058651
417,2001,1,5_9,0.0005467
417,2002,1,5_9,0.00052628
417,2003,1,5_9,0.0004918
417,2004,1,5_9,0.0004279
417,2005,1,5_9,0.00039475
417,2006,1,5_9,0.00037071
417,2007,1,5_9,0.00040376
417,2008,1,5_9,0.00041394
417,2009,1,5_9,0.00038651
417,2010,1,5_9,0.00038153
417,2011,1,5_9,0.00034811
417,2012,1,5_9,0.00034183
417,2013,1,5_9,0.00033543
417,2014,1,5_9,0.00033035
417,2015,1,5_9,0.00035386
417,2016,1,5_9,0.00036842
417,2017,1,5_9,0.00041694
417,2018,1,5_9,0.00031157
417,2019,1,5_9,0.00033614
417,2020,1,5_9,0.00030104
417,2021,1,5_9,0.00032553
417,2022,1,5_9,0.0003161
417,2023,1,5_9,0.00029369
762,1950,1,5_9,0.00306207
762,1951,1,5_9,0.00301882
762,1952,1,5_9,0.00297343
762,1953,1,5_9,0.00294619
762,1954,1,5_9,0.00290498
762,1955,1,5_9,0.00286267
762,1956,1,5_9,0.00281123
762,1957,1,5_9,0.0027666
762,1958,1,5_9,0.00270977
762,1959,1,5_9,0.00264101
762,1960,1,5_9,0.0025793
762,1961,1,5_9,0.00250257
762,1962,1,5_9,0.00243481
762,1963,1,5_9,0.00235665
762,1964,1,5_9,0.00227388
762,1965,1,5_9,0.00219816
762,1966,1,5_9,0.00213246
762,1967,1,5_9,0.00206499
762,1968,1,5_9,0.00201104
762,1969,1,5_9,0.00196585
762,1970,1,5_9,0.00194112
762,1971,1,5_9,0.00193114
762,1972,1,5_9,0.00193215
762,1973,1,5_9,0.00194106
762,1974,1,5_9,0.00195728
762,1975,1,5_9,0.00196631
762,1976,1,5_9,0.00197652
762,1977,1,5_9,0.00198144
762,1978,1,5_9,0.00198129
762,1979,1,5_9,0.00197867
762,1980,1,5_9,0.00197513
762,1981,1,5_9,0.00196518
762,1982,1,5_9,0.00131902
762,1983,1,5_9,0.00138107
762,1984,1,5_9,0.00133338
762,1985,1,5_9,0.00111802
762,1986,1,5_9,0.00101272
762,1987,1,5_9,0.00141135
762,1988,1,5_9,0.00114134
762,1989,1,5_9,0.00111022
762,1990,1,5_9,0.00128199
762,1991,1,5_9,0.00097916
762,1992,1,5_9,0.00128383
762,1993,1,5_9,0.00107781
762,1994,1,5_9,0.00104938
762,1995,1,5_9,0.00102342
762,1996,1,5_9,0.00119124
762,1997,1,5_9,0.00099669
762,1998,1,5_9,0.00098492
762,1999,1,5_9,0.00065438
762,2000,1,5_9,0.00063662
762,2001,1,5_9,0.00071559
762,2002,1,5_9,0.00067173
762,2003,1,5_9,0.00056097
762,2004,1,5_9,0.00053917
762,2005,1,5_9,0.00052029
762,2006,1,5_9,0.00054422
762,2007,1,5_9,0.00045117
762,2008,1,5_9,0.00043302
762,2009,1,5_9,0.00051123
762,2010,1,5_9,0.00044747
762,2011,1,5_9,0.00044938
762,2012,1,5_9,0.0004342
762,2013,1,5_9,0.00038318
762,2014,1,5_9,0.00034671
762,2015,1,5_9,0.00044281
762,2016,1,5_9,0.00034237
762,2017,1,5_9,0.00032556
762,2018,1,5_9,0.00037147
762,2019,1,5_9,0.00041753
762,2020,1,5_9,0.00040181
762,2021,1,5_9,0.00038829
762,2022,1,5_9,0.00037409
762,2023,1,5_9,0.00035902
795,1950,1,5_9,0.00439219
795,1951,1,5_9,0.00423155
795,1952,1,5_9,0.00416506
795,1953,1,5_9,0.00410317
795,1954,1,5_9,0.00403967
795,1955,1,5_9,0.00397538
795,1956,1,5_9,0.00390845
795,1957,1,5_9,0.00384808
795,1958,1,5_9,0.00378822
795,1959,1,5_9,0.00374306
795,1960,1,5_9,0.00370626
795,1961,1,5_9,0.00368004
795,1962,1,5_9,0.00365324
795,1963,1,5_9,0.00362402
795,1964,1,5_9,0.0035847
795,1965,1,5_9,0.00352792
795,1966,1,5_9,0.00345073
795,1967,1,5_9,0.00335847
795,1968,1,5_9,0.00325611
795,1969,1,5_9,0.0031545
795,1970,1,5_9,0.00307101
795,1971,1,5_9,0.00300702
795,1972,1,5_9,0.00296299
795,1973,1,5_9,0.00293131
795,1974,1,5_9,0.00291324
795,1975,1,5_9,0.00290088
795,1976,1,5_9,0.00288859
795,1977,1,5_9,0.0028689
795,1978,1,5_9,0.00260075
795,1979,1,5_9,0.00220366
795,1980,1,5_9,0.0017007
795,1981,1,5_9,0.00138099
795,1982,1,5_9,0.00117673
795,1983,1,5_9,0.00106839
795,1984,1,5_9,0.0010084
795,1985,1,5_9,0.0009389
795,1986,1,5_9,0.00088136
795,1987,1,5_9,0.00085049
795,1988,1,5_9,0.00085512
795,1989,1,5_9,0.00087308
795,1990,1,5_9,0.00084465
795,1991,1,5_9,0.00079217
795,1992,1,5_9,0.00074086
795,1993,1,5_9,0.00074302
795,1994,1,5_9,0.00075817
795,1995,1,5_9,0.00075789
795,1996,1,5_9,0.00073863
795,1997,1,5_9,0.00072896
795,1998,1,5_9,0.000703
795,1999,1,5_9,0.00066817
795,2000,1,5_9,0.00063738
795,2001,1,5_9,0.00062689
795,2002,1,5_9,0.00062945
795,2003,1,5_9,0.00062361
795,2004,1,5_9,0.00061908
795,2005,1,5_9,0.00061459
795,2006,1,5_9,0.00061218
795,2007,1,5_9,0.00059207
795,2008,1,5_9,0.0005522
795,2009,1,5_9,0.00049049
795,2010,1,5_9,0.0004315
795,2011,1,5_9,0.00037907
795,2012,1,5_9,0.0003698
795,2013,1,5_9,0.00038056
795,2014,1,5_9,0.00041436
795,2015,1,5_9,0.00043537
795,2016,1,5_9,0.00045457
795,2017,1,5_9,0.00046959
795,2018,1,5_9,0.00053394
795,2019,1,5_9,0.00058665
795,2020,1,5_9,0.00062687
795,2021,1,5_9,0.00060692
795,2022,1,5_9,0.0005891
795,2023,1,5_9,0.00057164
860,1950,1,5_9,0.00230727
860,1951,1,5_9,0.00226927
860,1952,1,5_9,0.00224182
860,1953,1,5_9,0.00221657
860,1954,1,5_9,0.0021935
860,1955,1,5_9,0.00216856
860,1956,1,5_9,0.002142
860,1957,1,5_9,0.00211332
860,1958,1,5_9,0.002083
860,1959,1,5_9,0.0020523
860,1960,1,5_9,0.00202005
860,1961,1,5_9,0.00199116
860,1962,1,5_9,0.00195945
860,1963,1,5_9,0.00192948
860,1964,1,5_9,0.00189642
860,1965,1,5_9,0.00186549
860,1966,1,5_9,0.00183477
860,1967,1,5_9,0.00180271
860,1968,1,5_9,0.00176851
860,1969,1,5_9,0.00173332
860,1970,1,5_9,0.0016983
860,1971,1,5_9,0.00166443
860,1972,1,5_9,0.00163056
860,1973,1,5_9,0.00159898
860,1974,1,5_9,0.00156833
860,1975,1,5_9,0.00153964
860,1976,1,5_9,0.00151018
860,1977,1,5_9,0.00148173
860,1978,1,5_9,0.00145337
860,1979,1,5_9,0.0014274
860,1980,1,5_9,0.0013122
860,1981,1,5_9,0.00115628
860,1982,1,5_9,0.00099563
860,1983,1,5_9,0.00090012
860,1984,1,5_9,0.00087275
860,1985,1,5_9,0.00083672
860,1986,1,5_9,0.00081681
860,1987,1,5_9,0.00076331
860,1988,1,5_9,0.00075773
860,1989,1,5_9,0.00077279
860,1990,1,5_9,0.00080149
860,1991,1,5_9,0.00080812
860,1992,1,5_9,0.00081514
860,1993,1,5_9,0.00082455
860,1994,1,5_9,0.0008285
860,1995,1,5_9,0.0008147
860,1996,1,5_9,0.00079087
860,1997,1,5_9,0.00077479
860,1998,1,5_9,0.00075193
860,1999,1,5_9,0.00072274
860,2000,1,5_9,0.00066643
860,2001,1,5_9,0.00060841
860,2002,1,5_9,0.00055122
860,2003,1,5_9,0.00051762
860,2004,1,5_9,0.00049865
860,2005,1,5_9,0.00048638
860,2006,1,5_9,0.00047199
860,2007,1,5_9,0.00046393
860,2008,1,5_9,0.00046508
860,2009,1,5_9,0.00048915
860,2010,1,5_9,0.00050873
860,2011,1,5_9,0.00053217
860,2012,1,5_9,0.00052692
860,2013,1,5_9,0.00051663
860,2014,1,5_9,0.00049415
860,2015,1,5_9,0.00048073
860,2016,1,5_9,0.00047701
860,2017,1,5_9,0.00048462
860,2018,1,5_9,0.00048213
860,2019,1,5_9,0.00048347
860,2020,1,5_9,0.00036829
860,2021,1,5_9,0.00045391
860,2022,1,5_9,0.00081587
860,2023,1,5_9,0.00039693
156,1950,1,5_9,0.00879995
156,1951,1,5_9,0.00844173
156,1952,1,5_9,0.00774956
156,1953,1,5_9,0.00829838
156,1954,1,5_9,0.00724419
156,1955,1,5_9,0.00706923
156,1956,1,5_9,0.00682233
156,1957,1,5_9,0.00668917
156,1958,1,5_9,0.00668135
156,1959,1,5_9,0.01088126
156,1960,1,5_9,0.01555738
156,1961,1,5_9,0.01114967
156,1962,1,5_9,0.0057235
156,1963,1,5_9,0.00545009
156,1964,1,5_9,0.00520882
156,1965,1,5_9,0.00501338
156,1966,1,5_9,0.0047651
156,1967,1,5_9,0.0045487
156,1968,1,5_9,0.00432718
156,1969,1,5_9,0.00409514
156,1970,1,5_9,0.00388731
156,1971,1,5_9,0.00366087
156,1972,1,5_9,0.00349559
156,1973,1,5_9,0.00330666
156,1974,1,5_9,0.0031437
156,1975,1,5_9,0.00300809
156,1976,1,5_9,0.00297734
156,1977,1,5_9,0.00266418
156,1978,1,5_9,0.00250594
156,1979,1,5_9,0.00235933
156,1980,1,5_9,0.00223891
156,1981,1,5_9,0.00211018
156,1982,1,5_9,0.00201898
156,1983,1,5_9,0.00190378
156,1984,1,5_9,0.00181204
156,1985,1,5_9,0.00173553
156,1986,1,5_9,0.00166224
156,1987,1,5_9,0.00160313
156,1988,1,5_9,0.00155113
156,1989,1,5_9,0.00150125
156,1990,1,5_9,0.00145458
156,1991,1,5_9,0.00140857
156,1992,1,5_9,0.00136017
156,1993,1,5_9,0.00132894
156,1994,1,5_9,0.00129041
156,1995,1,5_9,0.0012646
156,1996,1,5_9,0.00123461
156,1997,1,5_9,0.00120063
156,1998,1,5_9,0.00115541
156,1999,1,5_9,0.00111561
156,2000,1,5_9,0.00108656
156,2001,1,5_9,0.00104149
156,2002,1,5_9,0.00099037
156,2003,1,5_9,0.00094142
156,2004,1,5_9,0.00089593
156,2005,1,5_9,0.0008511
156,2006,1,5_9,0.00080498
156,2007,1,5_9,0.00075171
156,2008,1,5_9,0.00075998
156,2009,1,5_9,0.00066691
156,2010,1,5_9,0.00061968
156,2011,1,5_9,0.00058262
156,2012,1,5_9,0.00053857
156,2013,1,5_9,0.00049661
156,2014,1,5_9,0.0004639
156,2015,1,5_9,0.00042455
156,2016,1,5_9,0.00039538
156,2017,1,5_9,0.00037027
156,2018,1,5_9,0.00033496
156,2019,1,5_9,0.00030913
156,2020,1,5_9,0.00029103
156,2021,1,5_9,0.00026355
156,2022,1,5_9,0.00026559
156,2023,1,5_9,0.0002862
344,1950,1,5_9,0.00445691
344,1951,1,5_9,0.00413632
344,1952,1,5_9,0.00366789
344,1953,1,5_9,0.00308076
344,1954,1,5_9,0.00243824
344,1955,1,5_9,0.00193687
344,1956,1,5_9,0.00161732
344,1957,1,5_9,0.00144264
344,1958,1,5_9,0.00129727
344,1959,1,5_9,0.00120027
344,1960,1,5_9,0.00110452
344,1961,1,5_9,0.00099161
344,1962,1,5_9,0.00097009
344,1963,1,5_9,0.00077974
344,1964,1,5_9,0.00070277
344,1965,1,5_9,0.00059415
344,1966,1,5_9,0.00057748
344,1967,1,5_9,0.00050573
344,1968,1,5_9,0.00048599
344,1969,1,5_9,0.00045842
344,1970,1,5_9,0.00046549
344,1971,1,5_9,0.00049705
344,1972,1,5_9,0.00049429
344,1973,1,5_9,0.00043352
344,1974,1,5_9,0.00041727
344,1975,1,5_9,0.00039745
344,1976,1,5_9,0.00038012
344,1977,1,5_9,0.00034878
344,1978,1,5_9,0.00033867
344,1979,1,5_9,0.00032685
344,1980,1,5_9,0.00030453
344,1981,1,5_9,0.00027541
344,1982,1,5_9,0.00025764
344,1983,1,5_9,0.00023633
344,1984,1,5_9,0.00021688
344,1985,1,5_9,0.00020009
344,1986,1,5_9,0.00019391
344,1987,1,5_9,0.0001843
344,1988,1,5_9,0.00017349
344,1989,1,5_9,0.00015579
344,1990,1,5_9,0.00013823
344,1991,1,5_9,0.00014208
344,1992,1,5_9,0.00014023
344,1993,1,5_9,0.00013692
344,1994,1,5_9,0.00012413
344,1995,1,5_9,0.00011978
344,1996,1,5_9,0.00011773
344,1997,1,5_9,0.00012692
344,1998,1,5_9,0.00011832
344,1999,1,5_9,0.00012236
344,2000,1,5_9,0.00012319
344,2001,1,5_9,0.00011974
344,2002,1,5_9,0.00010957
344,2003,1,5_9,0.00012621
344,2004,1,5_9,9.609e-05
344,2005,1,5_9,9.957e-05
344,2006,1,5_9,0.00010967
344,2007,1,5_9,0.00011197
344,2008,1,5_9,0.00010681
344,2009,1,5_9,8.601e-05
344,2010,1,5_9,7.718e-05
344,2011,1,5_9,8.271e-05
344,2012,1,5_9,9.87e-05
344,2013,1,5_9,0.00010333
344,2014,1,5_9,9.309e-05
344,2015,1,5_9,8.536e-05
344,2016,1,5_9,8.31e-05
344,2017,1,5_9,8.657e-05
344,2018,1,5_9,7.301e-05
344,2019,1,5_9,6.869e-05
344,2020,1,5_9,5.992e-05
344,2021,1,5_9,7.332e-05
344,2022,1,5_9,9.771e-05
344,2023,1,5_9,6.646e-05
446,1950,1,5_9,0.00210307
446,1951,1,5_9,0.00195677
446,1952,1,5_9,0.00181511
446,1953,1,5_9,0.00171103
446,1954,1,5_9,0.00160734
446,1955,1,5_9,0.00154535
446,1956,1,5_9,0.00148957
446,1957,1,5_9,0.00136328
446,1958,1,5_9,0.001267
446,1959,1,5_9,0.00122277
446,1960,1,5_9,0.00111711
446,1961,1,5_9,0.00110059
446,1962,1,5_9,0.00105791
446,1963,1,5_9,0.00100761
446,1964,1,5_9,0.00094277
446,1965,1,5_9,0.00090656
446,1966,1,5_9,0.00086886
446,1967,1,5_9,0.00082726
446,1968,1,5_9,0.00078873
446,1969,1,5_9,0.00074697
446,1970,1,5_9,0.00070179
446,1971,1,5_9,0.00066871
446,1972,1,5_9,0.00065462
446,1973,1,5_9,0.00060553
446,1974,1,5_9,0.00059272
446,1975,1,5_9,0.00059284
446,1976,1,5_9,0.00057158
446,1977,1,5_9,0.00058728
446,1978,1,5_9,0.00057768
446,1979,1,5_9,0.00053963
446,1980,1,5_9,0.00054789
446,1981,1,5_9,0.00049866
446,1982,1,5_9,0.00046679
446,1983,1,5_9,0.00044568
446,1984,1,5_9,0.00042276
446,1985,1,5_9,0.00038908
446,1986,1,5_9,0.00036512
446,1987,1,5_9,0.0003538
446,1988,1,5_9,0.00032114
446,1989,1,5_9,0.00029334
446,1990,1,5_9,0.0002745
446,1991,1,5_9,0.00025888
446,1992,1,5_9,0.00023028
446,1993,1,5_9,0.00021636
446,1994,1,5_9,0.00021802
446,1995,1,5_9,0.00019378
446,1996,1,5_9,0.00018977
446,1997,1,5_9,0.00018326
446,1998,1,5_9,0.00016
446,1999,1,5_9,0.00016046
446,2000,1,5_9,0.00013041
446,2001,1,5_9,0.00013088
446,2002,1,5_9,0.00012235
446,2003,1,5_9,0.00011498
446,2004,1,5_9,0.00011337
446,2005,1,5_9,0.00010347
446,2006,1,5_9,0.00010817
446,2007,1,5_9,0.00010342
446,2008,1,5_9,0.00010135
446,2009,1,5_9,9.881e-05
446,2010,1,5_9,9.82e-05
446,2011,1,5_9,9.221e-05
446,2012,1,5_9,8.726e-05
446,2013,1,5_9,8.437e-05
446,2014,1,5_9,7.803e-05
446,2015,1,5_9,7.78e-05
446,2016,1,5_9,8.217e-05
446,2017,1,5_9,0.00010258
446,2018,1,5_9,7.686e-05
446,2019,1,5_9,7.776e-05
446,2020,1,5_9,0.000146
446,2021,1,5_9,2.2e-07
446,2022,1,5_9,2.4e-07
446,2023,1,5_9,9.51e-05
158,1950,1,5_9,0.00221991
158,1951,1,5_9,0.00216956
158,1952,1,5_9,0.0020593
158,1953,1,5_9,0.0019825
158,1954,1,5_9,0.00189744
158,1955,1,5_9,0.00182536
158,1956,1,5_9,0.00175434
158,1957,1,5_9,0.00167497
158,1958,1,5_9,0.00163322
158,1959,1,5_9,0.00158693
158,1960,1,5_9,0.00140508
158,1961,1,5_9,0.00132371
158,1962,1,5_9,0.00122172
158,1963,1,5_9,0.00108009
158,1964,1,5_9,0.00092777
158,1965,1,5_9,0.00089862
158,1966,1,5_9,0.00093949
158,1967,1,5_9,0.00099389
158,1968,1,5_9,0.00082581
158,1969,1,5_9,0.00084196
158,1970,1,5_9,0.00068462
158,1971,1,5_9,0.00069989
158,1972,1,5_9,0.00066545
158,1973,1,5_9,0.00067019
158,1974,1,5_9,0.0007305
158,1975,1,5_9,0.00060357
158,1976,1,5_9,0.00055944
158,1977,1,5_9,0.00062235
158,1978,1,5_9,0.00058897
158,1979,1,5_9,0.00058922
158,1980,1,5_9,0.00057999
158,1981,1,5_9,0.00057401
158,1982,1,5_9,0.00053968
158,1983,1,5_9,0.00050704
158,1984,1,5_9,0.00050918
158,1985,1,5_9,0.00049457
158,1986,1,5_9,0.00050746
158,1987,1,5_9,0.00048369
158,1988,1,5_9,0.00046694
158,1989,1,5_9,0.0004569
158,1990,1,5_9,0.00040536
158,1991,1,5_9,0.00039001
158,1992,1,5_9,0.00034785
158,1993,1,5_9,0.00035019
158,1994,1,5_9,0.00033998
158,1995,1,5_9,0.00033994
158,1996,1,5_9,0.00029557
158,1997,1,5_9,0.00025996
158,1998,1,5_9,0.00025037
158,1999,1,5_9,0.00031
158,2000,1,5_9,0.00023017
158,2001,1,5_9,0.00022896
158,2002,1,5_9,0.00017994
158,2003,1,5_9,0.00023879
158,2004,1,5_9,0.00016985
158,2005,1,5_9,0.00018993
158,2006,1,5_9,0.00017963
158,2007,1,5_9,0.00015966
158,2008,1,5_9,0.00015945
158,2009,1,5_9,0.00021898
158,2010,1,5_9,0.00015955
158,2011,1,5_9,0.00015009
158,2012,1,5_9,0.00013973
158,2013,1,5_9,0.00013982
158,2014,1,5_9,0.00014966
158,2015,1,5_9,0.00011952
158,2016,1,5_9,0.00013967
158,2017,1,5_9,0.00011033
158,2018,1,5_9,0.00011011
158,2019,1,5_9,0.00010966
158,2020,1,5_9,8.984e-05
158,2021,1,5_9,7.99e-05
158,2022,1,5_9,9.512e-05
158,2023,1,5_9,9.01e-05
408,1950,1,5_9,0.02989518
408,1951,1,5_9,0.02431236
408,1952,1,5_9,0.01241767
408,1953,1,5_9,0.00950056
408,1954,1,5_9,0.00669939
408,1955,1,5_9,0.00649271
408,1956,1,5_9,0.00628124
408,1957,1,5_9,0.00607034
408,1958,1,5_9,0.005855
408,1959,1,5_9,0.00565072
408,1960,1,5_9,0.00544606
408,1961,1,5_9,0.00524957
408,1962,1,5_9,0.00505117
408,1963,1,5_9,0.00485871
408,1964,1,5_9,0.0046692
408,1965,1,5_9,0.00448138
408,1966,1,5_9,0.00429635
408,1967,1,5_9,0.00411341
408,1968,1,5_9,0.00393387
408,1969,1,5_9,0.00375922
408,1970,1,5_9,0.00359039
408,1971,1,5_9,0.00342703
408,1972,1,5_9,0.00326839
408,1973,1,5_9,0.00311414
408,1974,1,5_9,0.00296964
408,1975,1,5_9,0.00282932
408,1976,1,5_9,0.00269316
408,1977,1,5_9,0.00255636
408,1978,1,5_9,0.00242427
408,1979,1,5_9,0.00229643
408,1980,1,5_9,0.00217252
408,1981,1,5_9,0.00205168
408,1982,1,5_9,0.00193481
408,1983,1,5_9,0.00182194
408,1984,1,5_9,0.00171348
408,1985,1,5_9,0.00160924
408,1986,1,5_9,0.00150909
408,1987,1,5_9,0.00142481
408,1988,1,5_9,0.00131923
408,1989,1,5_9,0.00122822
408,1990,1,5_9,0.00113909
408,1991,1,5_9,0.00105145
408,1992,1,5_9,0.00088844
408,1993,1,5_9,0.00084122
408,1994,1,5_9,0.00082618
408,1995,1,5_9,0.00376503
408,1996,1,5_9,0.00374256
408,1997,1,5_9,0.00372232
408,1998,1,5_9,0.00371106
408,1999,1,5_9,0.00369835
408,2000,1,5_9,0.00369269
408,2001,1,5_9,0.0036891
408,2002,1,5_9,0.00368574
408,2003,1,5_9,0.00102171
408,2004,1,5_9,0.00103565
408,2005,1,5_9,0.00105356
408,2006,1,5_9,0.00106848
408,2007,1,5_9,0.00115113
408,2008,1,5_9,0.00118201
408,2009,1,5_9,0.00120776
408,2010,1,5_9,0.00114825
408,2011,1,5_9,0.00109398
408,2012,1,5_9,0.0010425
408,2013,1,5_9,0.00098707
408,2014,1,5_9,0.00092557
408,2015,1,5_9,0.00089802
408,2016,1,5_9,0.00090517
408,2017,1,5_9,0.00091431
408,2018,1,5_9,0.00093763
408,2019,1,5_9,0.00104394
408,2020,1,5_9,0.00101791
408,2021,1,5_9,0.0008523
408,2022,1,5_9,0.00085322
408,2023,1,5_9,0.0008535
392,1950,1,5_9,0.0022381
392,1951,1,5_9,0.00197373
392,1952,1,5_9,0.00176544
392,1953,1,5_9,0.00161519
392,1954,1,5_9,0.00153319
392,1955,1,5_9,0.00144686
392,1956,1,5_9,0.00134878
392,1957,1,5_9,0.00129268
392,1958,1,5_9,0.00117454
392,1959,1,5_9,0.00115843
392,1960,1,5_9,0.00103636
392,1961,1,5_9,0.00097829
392,1962,1,5_9,0.00082822
392,1963,1,5_9,0.00080221
392,1964,1,5_9,0.00077014
392,1965,1,5_9,0.00071214
392,1966,1,5_9,0.00070613
392,1967,1,5_9,0.00062006
392,1968,1,5_9,0.0006041
392,1969,1,5_9,0.00062611
392,1970,1,5_9,0.0005801
392,1971,1,5_9,0.00054008
392,1972,1,5_9,0.00054209
392,1973,1,5_9,0.00052008
392,1974,1,5_9,0.00045207
392,1975,1,5_9,0.00044206
392,1976,1,5_9,0.00039804
392,1977,1,5_9,0.00038605
392,1978,1,5_9,0.00038204
392,1979,1,5_9,0.00034604
392,1980,1,5_9,0.00034603
392,1981,1,5_9,0.00032803
392,1982,1,5_9,0.00030403
392,1983,1,5_9,0.00029802
392,1984,1,5_9,0.00026002
392,1985,1,5_9,0.00026401
392,1986,1,5_9,0.00023401
392,1987,1,5_9,0.00023602
392,1988,1,5_9,0.00022401
392,1989,1,5_9,0.00023001
392,1990,1,5_9,0.00022002
392,1991,1,5_9,0.00021401
392,1992,1,5_9,0.00021801
392,1993,1,5_9,0.00020801
392,1994,1,5_9,0.00019801
392,1995,1,5_9,0.00022601
392,1996,1,5_9,0.00017001
392,1997,1,5_9,0.00016201
392,1998,1,5_9,0.00018401
392,1999,1,5_9,0.000148
392,2000,1,5_9,0.00014201
392,2001,1,5_9,0.000136
392,2002,1,5_9,0.000134
392,2003,1,5_9,0.000122
392,2004,1,5_9,0.000126
392,2005,1,5_9,0.000136
392,2006,1,5_9,0.000114
392,2007,1,5_9,0.000106
392,2008,1,5_9,0.000108
392,2009,1,5_9,0.000102
392,2010,1,5_9,9.2e-05
392,2011,1,5_9,0.000144
392,2012,1,5_9,0.000108
392,2013,1,5_9,9.8e-05
392,2014,1,5_9,0.000102
392,2015,1,5_9,9.4e-05
392,2016,1,5_9,8.4e-05
392,2017,1,5_9,7.8e-05
392,2018,1,5_9,7.8e-05
392,2019,1,5_9,8e-05
392,2020,1,5_9,6e-05
392,2021,1,5_9,7.4e-05
392,2022,1,5_9,6.818e-05
392,2023,1,5_9,7.239e-05
496,1950,1,5_9,0.00579215
496,1951,1,5_9,0.00567038
496,1952,1,5_9,0.00554769
496,1953,1,5_9,0.0054338
496,1954,1,5_9,0.00529641
496,1955,1,5_9,0.00515627
496,1956,1,5_9,0.0049998
496,1957,1,5_9,0.00588267
496,1958,1,5_9,0.00468399
496,1959,1,5_9,0.00452181
496,1960,1,5_9,0.00435261
496,1961,1,5_9,0.00417852
496,1962,1,5_9,0.00400044
496,1963,1,5_9,0.00382051
496,1964,1,5_9,0.00366215
496,1965,1,5_9,0.00352143
496,1966,1,5_9,0.00342529
496,1967,1,5_9,0.00328206
496,1968,1,5_9,0.00316548
496,1969,1,5_9,0.00304188
496,1970,1,5_9,0.00291428
496,1971,1,5_9,0.00277869
496,1972,1,5_9,0.00264032
496,1973,1,5_9,0.00251176
496,1974,1,5_9,0.00240787
496,1975,1,5_9,0.00233765
496,1976,1,5_9,0.00229514
496,1977,1,5_9,0.00227502
496,1978,1,5_9,0.00226899
496,1979,1,5_9,0.00227117
496,1980,1,5_9,0.0022759
496,1981,1,5_9,0.00228363
496,1982,1,5_9,0.00229672
496,1983,1,5_9,0.00231655
496,1984,1,5_9,0.00234377
496,1985,1,5_9,0.00237486
496,1986,1,5_9,0.00240391
496,1987,1,5_9,0.00242396
496,1988,1,5_9,0.00243292
496,1989,1,5_9,0.00215321
496,1990,1,5_9,0.00178862
496,1991,1,5_9,0.00124384
496,1992,1,5_9,0.00099891
496,1993,1,5_9,0.0008882
496,1994,1,5_9,0.00091625
496,1995,1,5_9,0.00090952
496,1996,1,5_9,0.00083901
496,1997,1,5_9,0.00069638
496,1998,1,5_9,0.00059226
496,1999,1,5_9,0.00056435
496,2000,1,5_9,0.00057961
496,2001,1,5_9,0.00057362
496,2002,1,5_9,0.00053144
496,2003,1,5_9,0.00048651
496,2004,1,5_9,0.0004389
496,2005,1,5_9,0.00042064
496,2006,1,5_9,0.00046795
496,2007,1,5_9,0.00053719
496,2008,1,5_9,0.00063576
496,2009,1,5_9,0.00065184
496,2010,1,5_9,0.0006976
496,2011,1,5_9,0.00073294
496,2012,1,5_9,0.00070344
496,2013,1,5_9,0.00062472
496,2014,1,5_9,0.00053932
496,2015,1,5_9,0.0005068
496,2016,1,5_9,0.00045375
496,2017,1,5_9,0.00040836
496,2018,1,5_9,0.00033219
496,2019,1,5_9,0.00031912
496,2020,1,5_9,0.00048834
496,2021,1,5_9,0.00051097
496,2022,1,5_9,0.00025685
496,2023,1,5_9,0.00025066
410,1950,1,5_9,0.01656868
410,1951,1,5_9,0.01377556
410,1952,1,5_9,0.00983921
410,1953,1,5_9,0.01254297
410,1954,1,5_9,0.00943747
410,1955,1,5_9,0.0081466
410,1956,1,5_9,0.00721203
410,1957,1,5_9,0.00670569
410,1958,1,5_9,0.00688058
410,1959,1,5_9,0.00583093
410,1960,1,5_9,0.00542892
410,1961,1,5_9,0.00510966
410,1962,1,5_9,0.00466544
410,1963,1,5_9,0.00453866
410,1964,1,5_9,0.00437474
410,1965,1,5_9,0.00417463
410,1966,1,5_9,0.00410895
410,1967,1,5_9,0.00313977
410,1968,1,5_9,0.0029128
410,1969,1,5_9,0.00277032
410,1970,1,5_9,0.0022417
410,1971,1,5_9,0.00242025
410,1972,1,5_9,0.00218831
410,1973,1,5_9,0.00203868
410,1974,1,5_9,0.00192725
410,1975,1,5_9,0.00181553
410,1976,1,5_9,0.001886
410,1977,1,5_9,0.00178439
410,1978,1,5_9,0.00172071
410,1979,1,5_9,0.00157865
410,1980,1,5_9,0.00160635
410,1981,1,5_9,0.00138021
410,1982,1,5_9,0.00127812
410,1983,1,5_9,0.00130472
410,1984,1,5_9,0.00108671
410,1985,1,5_9,0.00106887
410,1986,1,5_9,0.00096624
410,1987,1,5_9,0.00088855
410,1988,1,5_9,0.00083174
410,1989,1,5_9,0.00072567
410,1990,1,5_9,0.00070989
410,1991,1,5_9,0.00062808
410,1992,1,5_9,0.00056054
410,1993,1,5_9,0.00053448
410,1994,1,5_9,0.00049236
410,1995,1,5_9,0.00045012
410,1996,1,5_9,0.00040991
410,1997,1,5_9,0.00038368
410,1998,1,5_9,0.00035795
410,1999,1,5_9,0.00031797
410,2000,1,5_9,0.00029327
410,2001,1,5_9,0.00027125
410,2002,1,5_9,0.00025652
410,2003,1,5_9,0.00023449
410,2004,1,5_9,0.00021719
410,2005,1,5_9,0.00020349
410,2006,1,5_9,0.00018866
410,2007,1,5_9,0.0001757
410,2008,1,5_9,0.00016314
410,2009,1,5_9,0.00015254
410,2010,1,5_9,0.00014599
410,2011,1,5_9,0.00013849
410,2012,1,5_9,0.00012806
410,2013,1,5_9,0.00012317
410,2014,1,5_9,0.00011585
410,2015,1,5_9,0.00011155
410,2016,1,5_9,0.00010238
410,2017,1,5_9,9.803e-05
410,2018,1,5_9,9.784e-05
410,2019,1,5_9,9.264e-05
410,2020,1,5_9,7.045e-05
410,2021,1,5_9,6.435e-05
410,2022,1,5_9,6.743e-05
410,2023,1,5_9,0.00015014
4,1950,1,5_9,0.00958081
4,1951,1,5_9,0.00943219
4,1952,1,5_9,0.00928818
4,1953,1,5_9,0.00914468
4,1954,1,5_9,0.00920682
4,1955,1,5_9,0.00885647
4,1956,1,5_9,0.00871216
4,1957,1,5_9,0.00852555
4,1958,1,5_9,0.00835739
4,1959,1,5_9,0.00819585
4,1960,1,5_9,0.00805604
4,1961,1,5_9,0.0078926
4,1962,1,5_9,0.0077474
4,1963,1,5_9,0.00761614
4,1964,1,5_9,0.00747547
4,1965,1,5_9,0.00735045
4,1966,1,5_9,0.00722178
4,1967,1,5_9,0.00709426
4,1968,1,5_9,0.00695341
4,1969,1,5_9,0.00682581
4,1970,1,5_9,0.00670026
4,1971,1,5_9,0.00658338
4,1972,1,5_9,0.00645416
4,1973,1,5_9,0.00630705
4,1974,1,5_9,0.00616953
4,1975,1,5_9,0.00603282
4,1976,1,5_9,0.00590218
4,1977,1,5_9,0.00575418
4,1978,1,5_9,0.00613971
4,1979,1,5_9,0.0066899
4,1980,1,5_9,0.00659825
4,1981,1,5_9,0.00660656
4,1982,1,5_9,0.00811032
4,1983,1,5_9,0.00797355
4,1984,1,5_9,0.01065708
4,1985,1,5_9,0.01037923
4,1986,1,5_9,0.00739858
4,1987,1,5_9,0.00729129
4,1988,1,5_9,0.00567494
4,1989,1,5_9,0.00530429
4,1990,1,5_9,0.00515807
4,1991,1,5_9,0.00502714
4,1992,1,5_9,0.00454448
4,1993,1,5_9,0.00354796
4,1994,1,5_9,0.00332138
4,1995,1,5_9,0.00326339
4,1996,1,5_9,0.00310883
4,1997,1,5_9,0.00312012
4,1998,1,5_9,0.0033627
4,1999,1,5_9,0.00291066
4,2000,1,5_9,0.00280598
4,2001,1,5_9,0.00272484
4,2002,1,5_9,0.00270561
4,2003,1,5_9,0.00246175
4,2004,1,5_9,0.00236755
4,2005,1,5_9,0.00230119
4,2006,1,5_9,0.0022225
4,2007,1,5_9,0.0021019
4,2008,1,5_9,0.00201224
4,2009,1,5_9,0.00200712
4,2010,1,5_9,0.00194692
4,2011,1,5_9,0.00186149
4,2012,1,5_9,0.001792
4,2013,1,5_9,0.00172401
4,2014,1,5_9,0.00173572
4,2015,1,5_9,0.00174707
4,2016,1,5_9,0.00168698
4,2017,1,5_9,0.00140677
4,2018,1,5_9,0.00135271
4,2019,1,5_9,0.00135839
4,2020,1,5_9,0.00136845
4,2021,1,5_9,0.00134994
4,2022,1,5_9,0.00122494
4,2023,1,5_9,0.00120064
50,1950,1,5_9,0.00874421
50,1951,1,5_9,0.00846371
50,1952,1,5_9,0.00819187
50,1953,1,5_9,0.00798545
50,1954,1,5_9,0.00761164
50,1955,1,5_9,0.00736428
50,1956,1,5_9,0.00719777
50,1957,1,5_9,0.00682003
50,1958,1,5_9,0.00667631
50,1959,1,5_9,0.00645909
50,1960,1,5_9,0.00651999
50,1961,1,5_9,0.00622799
50,1962,1,5_9,0.00576096
50,1963,1,5_9,0.00611313
50,1964,1,5_9,0.00545607
50,1965,1,5_9,0.00636722
50,1966,1,5_9,0.00517308
50,1967,1,5_9,0.00502246
50,1968,1,5_9,0.00491344
50,1969,1,5_9,0.00483126
50,1970,1,5_9,0.01046223
50,1971,1,5_9,0.01425508
50,1972,1,5_9,0.00454515
50,1973,1,5_9,0.00450599
50,1974,1,5_9,0.004681
50,1975,1,5_9,0.00433791
50,1976,1,5_9,0.0042887
50,1977,1,5_9,0.0042601
50,1978,1,5_9,0.00423309
50,1979,1,5_9,0.00419013
50,1980,1,5_9,0.00417322
50,1981,1,5_9,0.00415892
50,1982,1,5_9,0.0041289
50,1983,1,5_9,0.00408936
50,1984,1,5_9,0.00404823
50,1985,1,5_9,0.00420114
50,1986,1,5_9,0.00393115
50,1987,1,5_9,0.00386253
50,1988,1,5_9,0.00378796
50,1989,1,5_9,0.00366807
50,1990,1,5_9,0.00355258
50,1991,1,5_9,0.00516682
50,1992,1,5_9,0.00329175
50,1993,1,5_9,0.00316293
50,1994,1,5_9,0.00302206
50,1995,1,5_9,0.00289409
50,1996,1,5_9,0.00275092
50,1997,1,5_9,0.00261335
50,1998,1,5_9,0.00248399
50,1999,1,5_9,0.00234798
50,2000,1,5_9,0.00222225
50,2001,1,5_9,0.00210458
50,2002,1,5_9,0.0019917
50,2003,1,5_9,0.00188764
50,2004,1,5_9,0.00179528
50,2005,1,5_9,0.0017006
50,2006,1,5_9,0.00161492
50,2007,1,5_9,0.00158055
50,2008,1,5_9,0.00145194
50,2009,1,5_9,0.00137553
50,2010,1,5_9,0.00129788
50,2011,1,5_9,0.00122328
50,2012,1,5_9,0.00115428
50,2013,1,5_9,0.00108744
50,2014,1,5_9,0.00102261
50,2015,1,5_9,0.0009639
50,2016,1,5_9,0.00090794
50,2017,1,5_9,0.00085648
50,2018,1,5_9,0.00080844
50,2019,1,5_9,0.00076724
50,2020,1,5_9,0.00071816
50,2021,1,5_9,0.00079235
50,2022,1,5_9,0.00067024
50,2023,1,5_9,0.00063347
64,1950,1,5_9,0.00735323
64,1951,1,5_9,0.00734681
64,1952,1,5_9,0.0073404
64,1953,1,5_9,0.00733079
64,1954,1,5_9,0.00731604
64,1955,1,5_9,0.00729453
64,1956,1,5_9,0.00726522
64,1957,1,5_9,0.00722751
64,1958,1,5_9,0.00718086
64,1959,1,5_9,0.00712104
64,1960,1,5_9,0.00705061
64,1961,1,5_9,0.00696959
64,1962,1,5_9,0.00687817
64,1963,1,5_9,0.0067769
64,1964,1,5_9,0.00666447
64,1965,1,5_9,0.00654418
64,1966,1,5_9,0.00640189
64,1967,1,5_9,0.00624736
64,1968,1,5_9,0.00608737
64,1969,1,5_9,0.00592861
64,1970,1,5_9,0.00576778
64,1971,1,5_9,0.00560473
64,1972,1,5_9,0.00544736
64,1973,1,5_9,0.0052963
64,1974,1,5_9,0.00514094
64,1975,1,5_9,0.00496472
64,1976,1,5_9,0.00480658
64,1977,1,5_9,0.00465201
64,1978,1,5_9,0.00447867
64,1979,1,5_9,0.00431026
64,1980,1,5_9,0.00414651
64,1981,1,5_9,0.00398002
64,1982,1,5_9,0.00381446
64,1983,1,5_9,0.00365703
64,1984,1,5_9,0.00350412
64,1985,1,5_9,0.00338094
64,1986,1,5_9,0.00322892
64,1987,1,5_9,0.00307261
64,1988,1,5_9,0.00293804
64,1989,1,5_9,0.00281357
64,1990,1,5_9,0.0026985
64,1991,1,5_9,0.00260065
64,1992,1,5_9,0.00246606
64,1993,1,5_9,0.00234757
64,1994,1,5_9,0.00231546
64,1995,1,5_9,0.00212922
64,1996,1,5_9,0.00201979
64,1997,1,5_9,0.00192087
64,1998,1,5_9,0.00182068
64,1999,1,5_9,0.00171364
64,2000,1,5_9,0.00185434
64,2001,1,5_9,0.00152436
64,2002,1,5_9,0.00143593
64,2003,1,5_9,0.00133874
64,2004,1,5_9,0.00125075
64,2005,1,5_9,0.0011714
64,2006,1,5_9,0.00109753
64,2007,1,5_9,0.00101348
64,2008,1,5_9,0.00094061
64,2009,1,5_9,0.00091734
64,2010,1,5_9,0.00082484
64,2011,1,5_9,0.00077163
64,2012,1,5_9,0.00071933
64,2013,1,5_9,0.00067683
64,2014,1,5_9,0.0006414
64,2015,1,5_9,0.00061155
64,2016,1,5_9,0.00058612
64,2017,1,5_9,0.00056449
64,2018,1,5_9,0.00054164
64,2019,1,5_9,0.00051874
64,2020,1,5_9,0.00049871
64,2021,1,5_9,0.00049086
64,2022,1,5_9,0.00046419
64,2023,1,5_9,0.00044869
356,1950,1,5_9,0.00441571
356,1951,1,5_9,0.00440631
356,1952,1,5_9,0.00435839
356,1953,1,5_9,0.00439119
356,1954,1,5_9,0.00414676
356,1955,1,5_9,0.00407513
356,1956,1,5_9,0.00403222
356,1957,1,5_9,0.00403922
356,1958,1,5_9,0.00400611
356,1959,1,5_9,0.00392153
356,1960,1,5_9,0.00389905
356,1961,1,5_9,0.00394081
356,1962,1,5_9,0.00394713
356,1963,1,5_9,0.00395279
356,1964,1,5_9,0.00398238
356,1965,1,5_9,0.0047267
356,1966,1,5_9,0.00474568
356,1967,1,5_9,0.00478662
356,1968,1,5_9,0.00415192
356,1969,1,5_9,0.00419601
356,1970,1,5_9,0.00424422
356,1971,1,5_9,0.00430958
356,1972,1,5_9,0.00435962
356,1973,1,5_9,0.00436346
356,1974,1,5_9,0.00428373
356,1975,1,5_9,0.00425011
356,1976,1,5_9,0.00419394
356,1977,1,5_9,0.00415232
356,1978,1,5_9,0.0040438
356,1979,1,5_9,0.00394436
356,1980,1,5_9,0.00384327
356,1981,1,5_9,0.00373622
356,1982,1,5_9,0.0036281
356,1983,1,5_9,0.00351908
356,1984,1,5_9,0.00340946
356,1985,1,5_9,0.003301
356,1986,1,5_9,0.00319259
356,1987,1,5_9,0.00308692
356,1988,1,5_9,0.00298339
356,1989,1,5_9,0.00287922
356,1990,1,5_9,0.00278082
356,1991,1,5_9,0.00268289
356,1992,1,5_9,0.00258689
356,1993,1,5_9,0.00250437
356,1994,1,5_9,0.00240777
356,1995,1,5_9,0.00232156
356,1996,1,5_9,0.00223806
356,1997,1,5_9,0.00215401
356,1998,1,5_9,0.00207872
356,1999,1,5_9,0.00200621
356,2000,1,5_9,0.00191448
356,2001,1,5_9,0.00185037
356,2002,1,5_9,0.00175866
356,2003,1,5_9,0.00168165
356,2004,1,5_9,0.00161879
356,2005,1,5_9,0.00153022
356,2006,1,5_9,0.00145217
356,2007,1,5_9,0.00137603
356,2008,1,5_9,0.00129957
356,2009,1,5_9,0.00122416
356,2010,1,5_9,0.00114887
356,2011,1,5_9,0.00107548
356,2012,1,5_9,0.00100467
356,2013,1,5_9,0.0009408
356,2014,1,5_9,0.00087322
356,2015,1,5_9,0.00081332
356,2016,1,5_9,0.00075581
356,2017,1,5_9,0.00070412
356,2018,1,5_9,0.00065472
356,2019,1,5_9,0.00061049
356,2020,1,5_9,0.0005693
356,2021,1,5_9,0.00053137
356,2022,1,5_9,0.00049658
356,2023,1,5_9,0.00046387
364,1950,1,5_9,0.00420235
364,1951,1,5_9,0.00421585
364,1952,1,5_9,0.00421535
364,1953,1,5_9,0.00428647
364,1954,1,5_9,0.00427971
364,1955,1,5_9,0.00421341
364,1956,1,5_9,0.004246
364,1957,1,5_9,0.00440578
364,1958,1,5_9,0.00417401
364,1959,1,5_9,0.00414121
364,1960,1,5_9,0.00412812
364,1961,1,5_9,0.00407767
364,1962,1,5_9,0.0044474
364,1963,1,5_9,0.00398949
364,1964,1,5_9,0.00393751
364,1965,1,5_9,0.00388636
364,1966,1,5_9,0.00381184
364,1967,1,5_9,0.00372959
364,1968,1,5_9,0.00395288
364,1969,1,5_9,0.00353542
364,1970,1,5_9,0.00342699
364,1971,1,5_9,0.00329905
364,1972,1,5_9,0.00331051
364,1973,1,5_9,0.00304622
364,1974,1,5_9,0.00291588
364,1975,1,5_9,0.00278353
364,1976,1,5_9,0.00264854
364,1977,1,5_9,0.00253801
364,1978,1,5_9,0.00299224
364,1979,1,5_9,0.00225992
364,1980,1,5_9,0.00212798
364,1981,1,5_9,0.00207953
364,1982,1,5_9,0.0019016
364,1983,1,5_9,0.00180773
364,1984,1,5_9,0.00172262
364,1985,1,5_9,0.00164748
364,1986,1,5_9,0.00158288
364,1987,1,5_9,0.00152844
364,1988,1,5_9,0.00146188
364,1989,1,5_9,0.00142625
364,1990,1,5_9,0.00194753
364,1991,1,5_9,0.0013173
364,1992,1,5_9,0.00127462
364,1993,1,5_9,0.00124332
364,1994,1,5_9,0.00119747
364,1995,1,5_9,0.00116229
364,1996,1,5_9,0.00112707
364,1997,1,5_9,0.00112805
364,1998,1,5_9,0.0010579
364,1999,1,5_9,0.00101984
364,2000,1,5_9,0.00098093
364,2001,1,5_9,0.00094838
364,2002,1,5_9,0.00090762
364,2003,1,5_9,0.00119328
364,2004,1,5_9,0.00082922
364,2005,1,5_9,0.0008009
364,2006,1,5_9,0.00075826
364,2007,1,5_9,0.00072526
364,2008,1,5_9,0.0006955
364,2009,1,5_9,0.00066684
364,2010,1,5_9,0.00064179
364,2011,1,5_9,0.00061909
364,2012,1,5_9,0.00060179
364,2013,1,5_9,0.0005804
364,2014,1,5_9,0.00056327
364,2015,1,5_9,0.00054783
364,2016,1,5_9,0.00053268
364,2017,1,5_9,0.00052346
364,2018,1,5_9,0.0005059
364,2019,1,5_9,0.00049581
364,2020,1,5_9,0.00039659
364,2021,1,5_9,0.00042415
364,2022,1,5_9,0.00039785
364,2023,1,5_9,0.00044784
462,1950,1,5_9,0.00856181
462,1951,1,5_9,0.00826397
462,1952,1,5_9,0.00833914
462,1953,1,5_9,0.00840156
462,1954,1,5_9,0.00844009
462,1955,1,5_9,0.00844826
462,1956,1,5_9,0.00842474
462,1957,1,5_9,0.00837689
462,1958,1,5_9,0.00830626
462,1959,1,5_9,0.00821365
462,1960,1,5_9,0.00809796
462,1961,1,5_9,0.00796461
462,1962,1,5_9,0.00781092
462,1963,1,5_9,0.0076294
462,1964,1,5_9,0.0074259
462,1965,1,5_9,0.00719797
462,1966,1,5_9,0.00696147
462,1967,1,5_9,0.00670735
462,1968,1,5_9,0.00645013
462,1969,1,5_9,0.00617875
462,1970,1,5_9,0.00589638
462,1971,1,5_9,0.0055942
462,1972,1,5_9,0.00530926
462,1973,1,5_9,0.00501976
462,1974,1,5_9,0.00473064
462,1975,1,5_9,0.00442637
462,1976,1,5_9,0.00413287
462,1977,1,5_9,0.00385553
462,1978,1,5_9,0.00450772
462,1979,1,5_9,0.00335197
462,1980,1,5_9,0.00312718
462,1981,1,5_9,0.00292048
462,1982,1,5_9,0.00272764
462,1983,1,5_9,0.00254757
462,1984,1,5_9,0.00237759
462,1985,1,5_9,0.00221706
462,1986,1,5_9,0.00206607
462,1987,1,5_9,0.00192424
462,1988,1,5_9,0.00178547
462,1989,1,5_9,0.00165471
462,1990,1,5_9,0.00153292
462,1991,1,5_9,0.00142111
462,1992,1,5_9,0.00131469
462,1993,1,5_9,0.00120892
462,1994,1,5_9,0.00110791
462,1995,1,5_9,0.00101111
462,1996,1,5_9,0.00091948
462,1997,1,5_9,0.00083301
462,1998,1,5_9,0.00074972
462,1999,1,5_9,0.00060471
462,2000,1,5_9,0.00046378
462,2001,1,5_9,0.0003757
462,2002,1,5_9,0.00042398
462,2003,1,5_9,0.000508
462,2004,1,5_9,0.00091006
462,2005,1,5_9,0.00052891
462,2006,1,5_9,0.00047724
462,2007,1,5_9,0.00038468
462,2008,1,5_9,0.00035477
462,2009,1,5_9,0.00031941
462,2010,1,5_9,0.00032203
462,2011,1,5_9,0.00029684
462,2012,1,5_9,0.00022708
462,2013,1,5_9,0.00016892
462,2014,1,5_9,0.00013154
462,2015,1,5_9,0.00014094
462,2016,1,5_9,0.00013378
462,2017,1,5_9,0.00011528
462,2018,1,5_9,8.072e-05
462,2019,1,5_9,5.375e-05
462,2020,1,5_9,7.918e-05
462,2021,1,5_9,4.299e-05
462,2022,1,5_9,3.846e-05
462,2023,1,5_9,3.424e-05
524,1950,1,5_9,0.00555159
524,1951,1,5_9,0.00555002
524,1952,1,5_9,0.00554618
524,1953,1,5_9,0.00554752
524,1954,1,5_9,0.00551555
524,1955,1,5_9,0.00551329
524,1956,1,5_9,0.00551217
524,1957,1,5_9,0.00547305
524,1958,1,5_9,0.00544723
524,1959,1,5_9,0.00534504
524,1960,1,5_9,0.00527103
524,1961,1,5_9,0.00517716
524,1962,1,5_9,0.00506918
524,1963,1,5_9,0.00508208
524,1964,1,5_9,0.00488999
524,1965,1,5_9,0.00478727
524,1966,1,5_9,0.0046277
524,1967,1,5_9,0.00456719
524,1968,1,5_9,0.00452821
524,1969,1,5_9,0.00445975
524,1970,1,5_9,0.00439365
524,1971,1,5_9,0.00432569
524,1972,1,5_9,0.00428331
524,1973,1,5_9,0.00422888
524,1974,1,5_9,0.00415177
524,1975,1,5_9,0.00408011
524,1976,1,5_9,0.00397683
524,1977,1,5_9,0.00388534
524,1978,1,5_9,0.00379304
524,1979,1,5_9,0.00369717
524,1980,1,5_9,0.00360853
524,1981,1,5_9,0.00360056
524,1982,1,5_9,0.00352075
524,1983,1,5_9,0.00346198
524,1984,1,5_9,0.00338623
524,1985,1,5_9,0.00329736
524,1986,1,5_9,0.00322421
524,1987,1,5_9,0.00311456
524,1988,1,5_9,0.00303222
524,1989,1,5_9,0.00286823
524,1990,1,5_9,0.0027705
524,1991,1,5_9,0.0026789
524,1992,1,5_9,0.00254135
524,1993,1,5_9,0.00242668
524,1994,1,5_9,0.00221709
524,1995,1,5_9,0.00214073
524,1996,1,5_9,0.00206507
524,1997,1,5_9,0.00194453
524,1998,1,5_9,0.00181667
524,1999,1,5_9,0.00174043
524,2000,1,5_9,0.00167065
524,2001,1,5_9,0.00159971
524,2002,1,5_9,0.00155113
524,2003,1,5_9,0.00148351
524,2004,1,5_9,0.00141074
524,2005,1,5_9,0.00133623
524,2006,1,5_9,0.00127557
524,2007,1,5_9,0.00125404
524,2008,1,5_9,0.00120965
524,2009,1,5_9,0.00118637
524,2010,1,5_9,0.00113991
524,2011,1,5_9,0.00106938
524,2012,1,5_9,0.00104112
524,2013,1,5_9,0.00101095
524,2014,1,5_9,0.0009943
524,2015,1,5_9,0.00119317
524,2016,1,5_9,0.00091055
524,2017,1,5_9,0.00088182
524,2018,1,5_9,0.00085275
524,2019,1,5_9,0.00082817
524,2020,1,5_9,0.00081096
524,2021,1,5_9,0.00077654
524,2022,1,5_9,0.00075155
524,2023,1,5_9,0.00072682
586,1950,1,5_9,0.00512336
586,1951,1,5_9,0.00492387
586,1952,1,5_9,0.00471492
586,1953,1,5_9,0.00452905
586,1954,1,5_9,0.0043649
586,1955,1,5_9,0.00417725
586,1956,1,5_9,0.00400765
586,1957,1,5_9,0.00385144
586,1958,1,5_9,0.0037076
586,1959,1,5_9,0.00355854
586,1960,1,5_9,0.0034407
586,1961,1,5_9,0.00328902
586,1962,1,5_9,0.00313487
586,1963,1,5_9,0.00297278
586,1964,1,5_9,0.00281187
586,1965,1,5_9,0.00286336
586,1966,1,5_9,0.00241664
586,1967,1,5_9,0.0022418
586,1968,1,5_9,0.00208837
586,1969,1,5_9,0.00197889
586,1970,1,5_9,0.00188437
586,1971,1,5_9,0.00292383
586,1972,1,5_9,0.00179803
586,1973,1,5_9,0.00180646
586,1974,1,5_9,0.00182811
586,1975,1,5_9,0.00176039
586,1976,1,5_9,0.00174361
586,1977,1,5_9,0.00171678
586,1978,1,5_9,0.0016639
586,1979,1,5_9,0.00160406
586,1980,1,5_9,0.00152213
586,1981,1,5_9,0.00143618
586,1982,1,5_9,0.00134345
586,1983,1,5_9,0.00128372
586,1984,1,5_9,0.00124341
586,1985,1,5_9,0.00122451
586,1986,1,5_9,0.00123454
586,1987,1,5_9,0.00126869
586,1988,1,5_9,0.00128822
586,1989,1,5_9,0.0012927
586,1990,1,5_9,0.00128745
586,1991,1,5_9,0.00127925
586,1992,1,5_9,0.00126302
586,1993,1,5_9,0.00126232
586,1994,1,5_9,0.00127007
586,1995,1,5_9,0.00130302
586,1996,1,5_9,0.00133108
586,1997,1,5_9,0.00137497
586,1998,1,5_9,0.00128943
586,1999,1,5_9,0.00125588
586,2000,1,5_9,0.00122345
586,2001,1,5_9,0.00119716
586,2002,1,5_9,0.00117512
586,2003,1,5_9,0.00116628
586,2004,1,5_9,0.00116556
586,2005,1,5_9,0.00151489
586,2006,1,5_9,0.00118149
586,2007,1,5_9,0.00119375
586,2008,1,5_9,0.00119478
586,2009,1,5_9,0.00120842
586,2010,1,5_9,0.00120672
586,2011,1,5_9,0.00118594
586,2012,1,5_9,0.00117023
586,2013,1,5_9,0.0011542
586,2014,1,5_9,0.00113463
586,2015,1,5_9,0.00111193
586,2016,1,5_9,0.00108513
586,2017,1,5_9,0.00106079
586,2018,1,5_9,0.00104024
586,2019,1,5_9,0.00102147
586,2020,1,5_9,0.00100441
586,2021,1,5_9,0.00098615
586,2022,1,5_9,0.00097395
586,2023,1,5_9,0.00095371
144,1950,1,5_9,0.00363999
144,1951,1,5_9,0.0034332
144,1952,1,5_9,0.00322832
144,1953,1,5_9,0.00308268
144,1954,1,5_9,0.00300869
144,1955,1,5_9,0.00285623
144,1956,1,5_9,0.00271965
144,1957,1,5_9,0.00262805
144,1958,1,5_9,0.00248396
144,1959,1,5_9,0.00236602
144,1960,1,5_9,0.00224171
144,1961,1,5_9,0.00213587
144,1962,1,5_9,0.00205152
144,1963,1,5_9,0.00198267
144,1964,1,5_9,0.00194691
144,1965,1,5_9,0.00186439
144,1966,1,5_9,0.00181004
144,1967,1,5_9,0.00175558
144,1968,1,5_9,0.00170629
144,1969,1,5_9,0.00166645
144,1970,1,5_9,0.00162657
144,1971,1,5_9,0.00159984
144,1972,1,5_9,0.00157162
144,1973,1,5_9,0.00154421
144,1974,1,5_9,0.00152475
144,1975,1,5_9,0.00146094
144,1976,1,5_9,0.00139552
144,1977,1,5_9,0.00132831
144,1978,1,5_9,0.00133082
144,1979,1,5_9,0.00119064
144,1980,1,5_9,0.00113219
144,1981,1,5_9,0.00108468
144,1982,1,5_9,0.00104465
144,1983,1,5_9,0.00103376
144,1984,1,5_9,0.00097835
144,1985,1,5_9,0.00094926
144,1986,1,5_9,0.00092259
144,1987,1,5_9,0.00089255
144,1988,1,5_9,0.00085904
144,1989,1,5_9,0.00108089
144,1990,1,5_9,0.00077907
144,1991,1,5_9,0.00074959
144,1992,1,5_9,0.00070468
144,1993,1,5_9,0.00066605
144,1994,1,5_9,0.00063281
144,1995,1,5_9,0.00061319
144,1996,1,5_9,0.00062083
144,1997,1,5_9,0.00057666
144,1998,1,5_9,0.00055397
144,1999,1,5_9,0.0005261
144,2000,1,5_9,0.00047758
144,2001,1,5_9,0.00044717
144,2002,1,5_9,0.00041823
144,2003,1,5_9,0.0003863
144,2004,1,5_9,0.00206417
144,2005,1,5_9,0.00034978
144,2006,1,5_9,0.00033032
144,2007,1,5_9,0.00031823
144,2008,1,5_9,0.00030554
144,2009,1,5_9,0.0008933
144,2010,1,5_9,0.00027899
144,2011,1,5_9,0.00026698
144,2012,1,5_9,0.00024493
144,2013,1,5_9,0.00022974
144,2014,1,5_9,0.00022383
144,2015,1,5_9,0.00020258
144,2016,1,5_9,0.00020131
144,2017,1,5_9,0.00020977
144,2018,1,5_9,0.00018323
144,2019,1,5_9,0.00018068
144,2020,1,5_9,0.00016905
144,2021,1,5_9,0.00016497
144,2022,1,5_9,0.00015495
144,2023,1,5_9,0.00014749
96,1950,1,5_9,0.00477026
96,1951,1,5_9,0.00440159
96,1952,1,5_9,0.00406659
96,1953,1,5_9,0.00374478
96,1954,1,5_9,0.00344627
96,1955,1,5_9,0.00317433
96,1956,1,5_9,0.00292224
96,1957,1,5_9,0.00268911
96,1958,1,5_9,0.00247468
96,1959,1,5_9,0.00228103
96,1960,1,5_9,0.00210671
96,1961,1,5_9,0.00194965
96,1962,1,5_9,0.00181091
96,1963,1,5_9,0.00168422
96,1964,1,5_9,0.00155947
96,1965,1,5_9,0.0014929
96,1966,1,5_9,0.00136276
96,1967,1,5_9,0.00128324
96,1968,1,5_9,0.00119928
96,1969,1,5_9,0.00113076
96,1970,1,5_9,0.00105987
96,1971,1,5_9,0.00098862
96,1972,1,5_9,0.00092364
96,1973,1,5_9,0.00086425
96,1974,1,5_9,0.00080381
96,1975,1,5_9,0.00074368
96,1976,1,5_9,0.00069001
96,1977,1,5_9,0.00064236
96,1978,1,5_9,0.00059462
96,1979,1,5_9,0.00055336
96,1980,1,5_9,0.00051675
96,1981,1,5_9,0.00048443
96,1982,1,5_9,0.00045623
96,1983,1,5_9,0.00043081
96,1984,1,5_9,0.00041125
96,1985,1,5_9,0.00039385
96,1986,1,5_9,0.00037859
96,1987,1,5_9,0.00036746
96,1988,1,5_9,0.00035689
96,1989,1,5_9,0.00034847
96,1990,1,5_9,0.00034121
96,1991,1,5_9,0.0003341
96,1992,1,5_9,0.00032697
96,1993,1,5_9,0.00031941
96,1994,1,5_9,0.00031122
96,1995,1,5_9,0.00030184
96,1996,1,5_9,0.00029314
96,1997,1,5_9,0.00028379
96,1998,1,5_9,0.00027403
96,1999,1,5_9,0.00026531
96,2000,1,5_9,0.00025739
96,2001,1,5_9,0.00025036
96,2002,1,5_9,0.00024457
96,2003,1,5_9,0.00023948
96,2004,1,5_9,0.00023635
96,2005,1,5_9,0.00023386
96,2006,1,5_9,0.00023193
96,2007,1,5_9,0.00023105
96,2008,1,5_9,0.00023072
96,2009,1,5_9,0.00023113
96,2010,1,5_9,0.00023145
96,2011,1,5_9,0.00023187
96,2012,1,5_9,0.00023231
96,2013,1,5_9,0.00023266
96,2014,1,5_9,0.0002328
96,2015,1,5_9,0.00023267
96,2016,1,5_9,0.00023222
96,2017,1,5_9,0.00023144
96,2018,1,5_9,0.00023033
96,2019,1,5_9,0.00022893
96,2020,1,5_9,0.00022732
96,2021,1,5_9,0.00022531
96,2022,1,5_9,0.00022359
96,2023,1,5_9,0.00022188
116,1950,1,5_9,0.0123997
116,1951,1,5_9,0.01242219
116,1952,1,5_9,0.01233115
116,1953,1,5_9,0.01220599
116,1954,1,5_9,0.01211144
116,1955,1,5_9,0.01200254
116,1956,1,5_9,0.01192533
116,1957,1,5_9,0.01180245
116,1958,1,5_9,0.01167602
116,1959,1,5_9,0.01153691
116,1960,1,5_9,0.01136941
116,1961,1,5_9,0.01121662
116,1962,1,5_9,0.01104213
116,1963,1,5_9,0.01079585
116,1964,1,5_9,0.01066511
116,1965,1,5_9,0.01049844
116,1966,1,5_9,0.01032296
116,1967,1,5_9,0.01016106
116,1968,1,5_9,0.01000926
116,1969,1,5_9,0.00990728
116,1970,1,5_9,0.00981716
116,1971,1,5_9,0.00973915
116,1972,1,5_9,0.00967005
116,1973,1,5_9,0.00961341
116,1974,1,5_9,0.00956203
116,1975,1,5_9,0.06436325
116,1976,1,5_9,0.07685619
116,1977,1,5_9,0.07978093
116,1978,1,5_9,0.07559289
116,1979,1,5_9,0.00907161
116,1980,1,5_9,0.00896333
116,1981,1,5_9,0.00881168
116,1982,1,5_9,0.00860977
116,1983,1,5_9,0.00837102
116,1984,1,5_9,0.00807594
116,1985,1,5_9,0.00775495
116,1986,1,5_9,0.00740453
116,1987,1,5_9,0.00709808
116,1988,1,5_9,0.00677718
116,1989,1,5_9,0.00648494
116,1990,1,5_9,0.00625381
116,1991,1,5_9,0.00607253
116,1992,1,5_9,0.00599322
116,1993,1,5_9,0.00565972
116,1994,1,5_9,0.00545966
116,1995,1,5_9,0.00528895
116,1996,1,5_9,0.00510954
116,1997,1,5_9,0.00492724
116,1998,1,5_9,0.00468521
116,1999,1,5_9,0.0044704
116,2000,1,5_9,0.00420396
116,2001,1,5_9,0.00397437
116,2002,1,5_9,0.00377458
116,2003,1,5_9,0.00355231
116,2004,1,5_9,0.00326751
116,2005,1,5_9,0.00300989
116,2006,1,5_9,0.00282059
116,2007,1,5_9,0.00264958
116,2008,1,5_9,0.00252542
116,2009,1,5_9,0.00240626
116,2010,1,5_9,0.00227797
116,2011,1,5_9,0.00216848
116,2012,1,5_9,0.00207409
116,2013,1,5_9,0.00201393
116,2014,1,5_9,0.00194511
116,2015,1,5_9,0.00189867
116,2016,1,5_9,0.00185606
116,2017,1,5_9,0.0018122
116,2018,1,5_9,0.00179814
116,2019,1,5_9,0.00178706
116,2020,1,5_9,0.00179102
116,2021,1,5_9,0.00177539
116,2022,1,5_9,0.00173672
116,2023,1,5_9,0.00169403
360,1950,1,5_9,0.00852376
360,1951,1,5_9,0.00823123
360,1952,1,5_9,0.00793688
360,1953,1,5_9,0.00767077
360,1954,1,5_9,0.00739327
360,1955,1,5_9,0.00712811
360,1956,1,5_9,0.00686071
360,1957,1,5_9,0.00658586
360,1958,1,5_9,0.0063457
360,1959,1,5_9,0.00610463
360,1960,1,5_9,0.00588245
360,1961,1,5_9,0.00569094
360,1962,1,5_9,0.00547642
360,1963,1,5_9,0.0052935
360,1964,1,5_9,0.005087
360,1965,1,5_9,0.00717836
360,1966,1,5_9,0.00590768
360,1967,1,5_9,0.00459964
360,1968,1,5_9,0.00443717
360,1969,1,5_9,0.00423375
360,1970,1,5_9,0.00406299
360,1971,1,5_9,0.00391734
360,1972,1,5_9,0.00377685
360,1973,1,5_9,0.00362758
360,1974,1,5_9,0.00347909
360,1975,1,5_9,0.00333576
360,1976,1,5_9,0.00320674
360,1977,1,5_9,0.00303608
360,1978,1,5_9,0.00289576
360,1979,1,5_9,0.00276784
360,1980,1,5_9,0.00263239
360,1981,1,5_9,0.0025253
360,1982,1,5_9,0.00240461
360,1983,1,5_9,0.00227756
360,1984,1,5_9,0.00216096
360,1985,1,5_9,0.0020609
360,1986,1,5_9,0.00198869
360,1987,1,5_9,0.00191542
360,1988,1,5_9,0.00183819
360,1989,1,5_9,0.00175167
360,1990,1,5_9,0.00166223
360,1991,1,5_9,0.00157144
360,1992,1,5_9,0.00149934
360,1993,1,5_9,0.00139892
360,1994,1,5_9,0.00134213
360,1995,1,5_9,0.00128337
360,1996,1,5_9,0.00124009
360,1997,1,5_9,0.00118712
360,1998,1,5_9,0.00115123
360,1999,1,5_9,0.00111696
360,2000,1,5_9,0.00106945
360,2001,1,5_9,0.00102326
360,2002,1,5_9,0.00097512
360,2003,1,5_9,0.00093854
360,2004,1,5_9,0.00161339
360,2005,1,5_9,0.00087596
360,2006,1,5_9,0.00086647
360,2007,1,5_9,0.00081676
360,2008,1,5_9,0.00078761
360,2009,1,5_9,0.00076272
360,2010,1,5_9,0.00074204
360,2011,1,5_9,0.00071139
360,2012,1,5_9,0.00068569
360,2013,1,5_9,0.00066387
360,2014,1,5_9,0.00064084
360,2015,1,5_9,0.0006158
360,2016,1,5_9,0.00059446
360,2017,1,5_9,0.00057348
360,2018,1,5_9,0.00057384
360,2019,1,5_9,0.00053691
360,2020,1,5_9,0.00051818
360,2021,1,5_9,0.00050324
360,2022,1,5_9,0.00048579
360,2023,1,5_9,0.00046974
418,1950,1,5_9,0.00541882
418,1951,1,5_9,0.00537955
418,1952,1,5_9,0.00534252
418,1953,1,5_9,0.005309
418,1954,1,5_9,0.00526435
418,1955,1,5_9,0.00520829
418,1956,1,5_9,0.0051681
418,1957,1,5_9,0.0050999
418,1958,1,5_9,0.00506132
418,1959,1,5_9,0.00503636
418,1960,1,5_9,0.00499752
418,1961,1,5_9,0.00491461
418,1962,1,5_9,0.00489246
418,1963,1,5_9,0.00483289
418,1964,1,5_9,0.00476361
418,1965,1,5_9,0.00472879
418,1966,1,5_9,0.00475523
418,1967,1,5_9,0.00458214
418,1968,1,5_9,0.00453362
418,1969,1,5_9,0.00448878
418,1970,1,5_9,0.00441526
418,1971,1,5_9,0.00435776
418,1972,1,5_9,0.00430454
418,1973,1,5_9,0.00422659
418,1974,1,5_9,0.00417677
418,1975,1,5_9,0.00411388
418,1976,1,5_9,0.00419702
418,1977,1,5_9,0.00411733
418,1978,1,5_9,0.00403435
418,1979,1,5_9,0.00387633
418,1980,1,5_9,0.00356453
418,1981,1,5_9,0.00341269
418,1982,1,5_9,0.00325123
418,1983,1,5_9,0.00315155
418,1984,1,5_9,0.00307242
418,1985,1,5_9,0.00297389
418,1986,1,5_9,0.00287608
418,1987,1,5_9,0.00284978
418,1988,1,5_9,0.00282293
418,1989,1,5_9,0.00278776
418,1990,1,5_9,0.00272379
418,1991,1,5_9,0.00262891
418,1992,1,5_9,0.00260679
418,1993,1,5_9,0.00256422
418,1994,1,5_9,0.00260307
418,1995,1,5_9,0.00254262
418,1996,1,5_9,0.0024671
418,1997,1,5_9,0.00241343
418,1998,1,5_9,0.0024342
418,1999,1,5_9,0.00241271
418,2000,1,5_9,0.00237726
418,2001,1,5_9,0.00230879
418,2002,1,5_9,0.00229433
418,2003,1,5_9,0.00232534
418,2004,1,5_9,0.0023253
418,2005,1,5_9,0.00223964
418,2006,1,5_9,0.00221848
418,2007,1,5_9,0.00211809
418,2008,1,5_9,0.00200798
418,2009,1,5_9,0.00185331
418,2010,1,5_9,0.00172603
418,2011,1,5_9,0.0015653
418,2012,1,5_9,0.00144972
418,2013,1,5_9,0.00133633
418,2014,1,5_9,0.00121998
418,2015,1,5_9,0.00117072
418,2016,1,5_9,0.00113704
418,2017,1,5_9,0.00109345
418,2018,1,5_9,0.00107312
418,2019,1,5_9,0.0010358
418,2020,1,5_9,0.00100405
418,2021,1,5_9,0.00097331
418,2022,1,5_9,0.00094926
418,2023,1,5_9,0.00092107
458,1950,1,5_9,0.00476638
458,1951,1,5_9,0.00447892
458,1952,1,5_9,0.00422195
458,1953,1,5_9,0.00397235
458,1954,1,5_9,0.00373786
458,1955,1,5_9,0.00351902
458,1956,1,5_9,0.0032826
458,1957,1,5_9,0.00306871
458,1958,1,5_9,0.00287344
458,1959,1,5_9,0.00272373
458,1960,1,5_9,0.0025774
458,1961,1,5_9,0.00243056
458,1962,1,5_9,0.0022844
458,1963,1,5_9,0.00214401
458,1964,1,5_9,0.00200977
458,1965,1,5_9,0.00189451
458,1966,1,5_9,0.00181716
458,1967,1,5_9,0.00176866
458,1968,1,5_9,0.00169457
458,1969,1,5_9,0.00160807
458,1970,1,5_9,0.00152969
458,1971,1,5_9,0.00145138
458,1972,1,5_9,0.00137843
458,1973,1,5_9,0.0013057
458,1974,1,5_9,0.00123339
458,1975,1,5_9,0.00116506
458,1976,1,5_9,0.00109591
458,1977,1,5_9,0.0010356
458,1978,1,5_9,0.0009855
458,1979,1,5_9,0.00093887
458,1980,1,5_9,0.00089586
458,1981,1,5_9,0.00085446
458,1982,1,5_9,0.00081366
458,1983,1,5_9,0.00077509
458,1984,1,5_9,0.00073255
458,1985,1,5_9,0.00069482
458,1986,1,5_9,0.00066186
458,1987,1,5_9,0.0006346
458,1988,1,5_9,0.00061126
458,1989,1,5_9,0.00058522
458,1990,1,5_9,0.00057145
458,1991,1,5_9,0.00055185
458,1992,1,5_9,0.00052795
458,1993,1,5_9,0.00049949
458,1994,1,5_9,0.00046512
458,1995,1,5_9,0.00044631
458,1996,1,5_9,0.00044941
458,1997,1,5_9,0.00043249
458,1998,1,5_9,0.00043382
458,1999,1,5_9,0.00043313
458,2000,1,5_9,0.00039877
458,2001,1,5_9,0.00036601
458,2002,1,5_9,0.00033445
458,2003,1,5_9,0.00032219
458,2004,1,5_9,0.00031571
458,2005,1,5_9,0.00030334
458,2006,1,5_9,0.00028761
458,2007,1,5_9,0.0002793
458,2008,1,5_9,0.00026638
458,2009,1,5_9,0.00026183
458,2010,1,5_9,0.00025472
458,2011,1,5_9,0.00025042
458,2012,1,5_9,0.00024522
458,2013,1,5_9,0.00024759
458,2014,1,5_9,0.00025202
458,2015,1,5_9,0.00025535
458,2016,1,5_9,0.00025089
458,2017,1,5_9,0.00024197
458,2018,1,5_9,0.00023292
458,2019,1,5_9,0.0002248
458,2020,1,5_9,0.0002169
458,2021,1,5_9,0.00021045
458,2022,1,5_9,0.00020351
458,2023,1,5_9,0.00019407
104,1950,1,5_9,0.00628345
104,1951,1,5_9,0.00623099
104,1952,1,5_9,0.00589971
104,1953,1,5_9,0.00576652
104,1954,1,5_9,0.00562576
104,1955,1,5_9,0.00549311
104,1956,1,5_9,0.00537649
104,1957,1,5_9,0.00526975
104,1958,1,5_9,0.00512091
104,1959,1,5_9,0.00503338
104,1960,1,5_9,0.00492484
104,1961,1,5_9,0.00482112
104,1962,1,5_9,0.0047387
104,1963,1,5_9,0.00460446
104,1964,1,5_9,0.00445657
104,1965,1,5_9,0.00430696
104,1966,1,5_9,0.00416734
104,1967,1,5_9,0.00408037
104,1968,1,5_9,0.00399704
104,1969,1,5_9,0.00384585
104,1970,1,5_9,0.00379717
104,1971,1,5_9,0.00370475
104,1972,1,5_9,0.00364916
104,1973,1,5_9,0.00358958
104,1974,1,5_9,0.00354991
104,1975,1,5_9,0.00349945
104,1976,1,5_9,0.00344559
104,1977,1,5_9,0.00339214
104,1978,1,5_9,0.00336161
104,1979,1,5_9,0.00328606
104,1980,1,5_9,0.00323191
104,1981,1,5_9,0.00318198
104,1982,1,5_9,0.00314014
104,1983,1,5_9,0.0031053
104,1984,1,5_9,0.00306026
104,1985,1,5_9,0.00304552
104,1986,1,5_9,0.00300763
104,1987,1,5_9,0.00296834
104,1988,1,5_9,0.00294155
104,1989,1,5_9,0.00289052
104,1990,1,5_9,0.00286225
104,1991,1,5_9,0.00283893
104,1992,1,5_9,0.00280592
104,1993,1,5_9,0.00277162
104,1994,1,5_9,0.00272573
104,1995,1,5_9,0.00269676
104,1996,1,5_9,0.002629
104,1997,1,5_9,0.00259045
104,1998,1,5_9,0.00252813
104,1999,1,5_9,0.00250766
104,2000,1,5_9,0.00248059
104,2001,1,5_9,0.00244371
104,2002,1,5_9,0.00240352
104,2003,1,5_9,0.00235859
104,2004,1,5_9,0.00231772
104,2005,1,5_9,0.00227733
104,2006,1,5_9,0.00222943
104,2007,1,5_9,0.00216778
104,2008,1,5_9,0.006284
104,2009,1,5_9,0.00203367
104,2010,1,5_9,0.00197506
104,2011,1,5_9,0.00191757
104,2012,1,5_9,0.00186323
104,2013,1,5_9,0.0018064
104,2014,1,5_9,0.00175576
104,2015,1,5_9,0.00170661
104,2016,1,5_9,0.00165486
104,2017,1,5_9,0.00160718
104,2018,1,5_9,0.00155539
104,2019,1,5_9,0.00151162
104,2020,1,5_9,0.00146868
104,2021,1,5_9,0.0014571
104,2022,1,5_9,0.00142841
104,2023,1,5_9,0.00136909
608,1950,1,5_9,0.00279381
608,1951,1,5_9,0.0027806
608,1952,1,5_9,0.00269563
608,1953,1,5_9,0.00255271
608,1954,1,5_9,0.00246862
608,1955,1,5_9,0.00242109
608,1956,1,5_9,0.0023365
608,1957,1,5_9,0.00228688
608,1958,1,5_9,0.0022335
608,1959,1,5_9,0.00220222
608,1960,1,5_9,0.00220863
608,1961,1,5_9,0.00218744
608,1962,1,5_9,0.00218713
608,1963,1,5_9,0.00214473
608,1964,1,5_9,0.00218624
608,1965,1,5_9,0.0021489
608,1966,1,5_9,0.00213632
608,1967,1,5_9,0.0021397
608,1968,1,5_9,0.00215129
608,1969,1,5_9,0.00214994
608,1970,1,5_9,0.00228362
608,1971,1,5_9,0.00217227
608,1972,1,5_9,0.00222283
608,1973,1,5_9,0.0022643
608,1974,1,5_9,0.00225434
608,1975,1,5_9,0.00225004
608,1976,1,5_9,0.00233888
608,1977,1,5_9,0.00219963
608,1978,1,5_9,0.00221581
608,1979,1,5_9,0.00220563
608,1980,1,5_9,0.00220665
608,1981,1,5_9,0.00223122
608,1982,1,5_9,0.00220662
608,1983,1,5_9,0.00218211
608,1984,1,5_9,0.00222744
608,1985,1,5_9,0.00214075
608,1986,1,5_9,0.00213329
608,1987,1,5_9,0.00209016
608,1988,1,5_9,0.00204005
608,1989,1,5_9,0.00198247
608,1990,1,5_9,0.00197731
608,1991,1,5_9,0.00161197
608,1992,1,5_9,0.00138243
608,1993,1,5_9,0.00132777
608,1994,1,5_9,0.00125348
608,1995,1,5_9,0.00120553
608,1996,1,5_9,0.00111298
608,1997,1,5_9,0.0010451
608,1998,1,5_9,0.00099655
608,1999,1,5_9,0.00093107
608,2000,1,5_9,0.00077638
608,2001,1,5_9,0.00076365
608,2002,1,5_9,0.00069449
608,2003,1,5_9,0.0006935
608,2004,1,5_9,0.0006325
608,2005,1,5_9,0.00063275
608,2006,1,5_9,0.00066903
608,2007,1,5_9,0.00061936
608,2008,1,5_9,0.00059051
608,2009,1,5_9,0.00063221
608,2010,1,5_9,0.00060055
608,2011,1,5_9,0.0005762
608,2012,1,5_9,0.00055414
608,2013,1,5_9,0.00057731
608,2014,1,5_9,0.00051048
608,2015,1,5_9,0.0005334
608,2016,1,5_9,0.00054338
608,2017,1,5_9,0.00053162
608,2018,1,5_9,0.00052152
608,2019,1,5_9,0.00053779
608,2020,1,5_9,0.00038407
608,2021,1,5_9,0.00048769
608,2022,1,5_9,0.00051593
608,2023,1,5_9,0.00050017
702,1950,1,5_9,0.00229066
702,1951,1,5_9,0.00214552
702,1952,1,5_9,0.00199364
702,1953,1,5_9,0.00186244
702,1954,1,5_9,0.00158528
702,1955,1,5_9,0.00134557
702,1956,1,5_9,0.0013615
702,1957,1,5_9,0.00127279
702,1958,1,5_9,0.00119733
702,1959,1,5_9,0.00104047
702,1960,1,5_9,0.00095535
702,1961,1,5_9,0.00088263
702,1962,1,5_9,0.00081838
702,1963,1,5_9,0.00082129
702,1964,1,5_9,0.00077874
702,1965,1,5_9,0.0007438
702,1966,1,5_9,0.00066437
702,1967,1,5_9,0.00064288
702,1968,1,5_9,0.00055567
702,1969,1,5_9,0.00052417
702,1970,1,5_9,0.00046507
702,1971,1,5_9,0.00047543
702,1972,1,5_9,0.0005341
702,1973,1,5_9,0.00053758
702,1974,1,5_9,0.00050573
702,1975,1,5_9,0.00042299
702,1976,1,5_9,0.00041757
702,1977,1,5_9,0.00042382
702,1978,1,5_9,0.00036773
702,1979,1,5_9,0.00028185
702,1980,1,5_9,0.00026282
702,1981,1,5_9,0.00030265
702,1982,1,5_9,0.00034007
702,1983,1,5_9,0.00035694
702,1984,1,5_9,0.00030564
702,1985,1,5_9,0.00028644
702,1986,1,5_9,0.00024864
702,1987,1,5_9,0.0002507
702,1988,1,5_9,0.00026664
702,1989,1,5_9,0.00024647
702,1990,1,5_9,0.00025063
702,1991,1,5_9,0.00025646
702,1992,1,5_9,0.00022707
702,1993,1,5_9,0.0001955
702,1994,1,5_9,0.00016831
702,1995,1,5_9,0.00019905
702,1996,1,5_9,0.00020655
702,1997,1,5_9,0.00018239
702,1998,1,5_9,0.00017122
702,1999,1,5_9,0.00016395
702,2000,1,5_9,0.00015722
702,2001,1,5_9,0.00014952
702,2002,1,5_9,0.00014381
702,2003,1,5_9,0.00014238
702,2004,1,5_9,0.00012302
702,2005,1,5_9,0.0001164
702,2006,1,5_9,0.00010984
702,2007,1,5_9,0.00011319
702,2008,1,5_9,0.00011979
702,2009,1,5_9,0.0001196
702,2010,1,5_9,0.00011635
702,2011,1,5_9,0.0001129
702,2012,1,5_9,0.00010959
702,2013,1,5_9,9.583e-05
702,2014,1,5_9,7.612e-05
702,2015,1,5_9,6.991e-05
702,2016,1,5_9,7.333e-05
702,2017,1,5_9,7.324e-05
702,2018,1,5_9,7.017e-05
702,2019,1,5_9,6.714e-05
702,2020,1,5_9,6.787e-05
702,2021,1,5_9,7.789e-05
702,2022,1,5_9,9.46e-05
702,2023,1,5_9,7.909e-05
764,1950,1,5_9,0.00494796
764,1951,1,5_9,0.0047547
764,1952,1,5_9,0.00469739
764,1953,1,5_9,0.00462924
764,1954,1,5_9,0.00456951
764,1955,1,5_9,0.00450832
764,1956,1,5_9,0.00444263
764,1957,1,5_9,0.00439024
764,1958,1,5_9,0.00435351
764,1959,1,5_9,0.00444857
764,1960,1,5_9,0.00479786
764,1961,1,5_9,0.00510443
764,1962,1,5_9,0.00531219
764,1963,1,5_9,0.00512988
764,1964,1,5_9,0.00500811
764,1965,1,5_9,0.00473913
764,1966,1,5_9,0.00455186
764,1967,1,5_9,0.00432049
764,1968,1,5_9,0.00410426
764,1969,1,5_9,0.00385408
764,1970,1,5_9,0.00364354
764,1971,1,5_9,0.0035196
764,1972,1,5_9,0.00338756
764,1973,1,5_9,0.00320496
764,1974,1,5_9,0.00297191
764,1975,1,5_9,0.00277535
764,1976,1,5_9,0.00267578
764,1977,1,5_9,0.00259406
764,1978,1,5_9,0.00251042
764,1979,1,5_9,0.00233644
764,1980,1,5_9,0.00214827
764,1981,1,5_9,0.00194301
764,1982,1,5_9,0.00177829
764,1983,1,5_9,0.00162684
764,1984,1,5_9,0.00145298
764,1985,1,5_9,0.00129581
764,1986,1,5_9,0.00115949
764,1987,1,5_9,0.00107516
764,1988,1,5_9,0.00099803
764,1989,1,5_9,0.00093123
764,1990,1,5_9,0.00085868
764,1991,1,5_9,0.0008456
764,1992,1,5_9,0.00084859
764,1993,1,5_9,0.00086661
764,1994,1,5_9,0.00082921
764,1995,1,5_9,0.00077807
764,1996,1,5_9,0.00071251
764,1997,1,5_9,0.00069336
764,1998,1,5_9,0.00069679
764,1999,1,5_9,0.00073617
764,2000,1,5_9,0.00078557
764,2001,1,5_9,0.00080508
764,2002,1,5_9,0.00079396
764,2003,1,5_9,0.00075595
764,2004,1,5_9,0.00084007
764,2005,1,5_9,0.00067534
764,2006,1,5_9,0.00063901
764,2007,1,5_9,0.00059331
764,2008,1,5_9,0.0005695
764,2009,1,5_9,0.00054692
764,2010,1,5_9,0.00053466
764,2011,1,5_9,0.00051632
764,2012,1,5_9,0.00048469
764,2013,1,5_9,0.00045142
764,2014,1,5_9,0.0004203
764,2015,1,5_9,0.00039449
764,2016,1,5_9,0.00038174
764,2017,1,5_9,0.00037553
764,2018,1,5_9,0.00036865
764,2019,1,5_9,0.00035598
764,2020,1,5_9,0.00034457
764,2021,1,5_9,0.00033627
764,2022,1,5_9,0.00044938
764,2023,1,5_9,0.00038462
626,1950,1,5_9,0.00949119
626,1951,1,5_9,0.00938821
626,1952,1,5_9,0.00928664
626,1953,1,5_9,0.00918618
626,1954,1,5_9,0.00908652
626,1955,1,5_9,0.00898727
626,1956,1,5_9,0.00888794
626,1957,1,5_9,0.00878791
626,1958,1,5_9,0.00866658
626,1959,1,5_9,0.00854078
626,1960,1,5_9,0.00841163
626,1961,1,5_9,0.00827827
626,1962,1,5_9,0.00814022
626,1963,1,5_9,0.00799743
626,1964,1,5_9,0.00784851
626,1965,1,5_9,0.00769426
626,1966,1,5_9,0.00753852
626,1967,1,5_9,0.00738302
626,1968,1,5_9,0.00722946
626,1969,1,5_9,0.00707279
626,1970,1,5_9,0.00691804
626,1971,1,5_9,0.00676927
626,1972,1,5_9,0.00662691
626,1973,1,5_9,0.00648852
626,1974,1,5_9,0.00824281
626,1975,1,5_9,0.01314642
626,1976,1,5_9,0.01172907
626,1977,1,5_9,0.01309063
626,1978,1,5_9,0.01565816
626,1979,1,5_9,0.01452053
626,1980,1,5_9,0.00887124
626,1981,1,5_9,0.00830176
626,1982,1,5_9,0.00772146
626,1983,1,5_9,0.00761331
626,1984,1,5_9,0.00652187
626,1985,1,5_9,0.00686183
626,1986,1,5_9,0.006787
626,1987,1,5_9,0.0061444
626,1988,1,5_9,0.00630288
626,1989,1,5_9,0.00620282
626,1990,1,5_9,0.00622062
626,1991,1,5_9,0.00637097
626,1992,1,5_9,0.00599001
626,1993,1,5_9,0.00574395
626,1994,1,5_9,0.00552859
626,1995,1,5_9,0.0058309
626,1996,1,5_9,0.00563937
626,1997,1,5_9,0.00542107
626,1998,1,5_9,0.00575901
626,1999,1,5_9,0.00660084
626,2000,1,5_9,0.00236251
626,2001,1,5_9,0.00225652
626,2002,1,5_9,0.00214442
626,2003,1,5_9,0.00204141
626,2004,1,5_9,0.00194512
626,2005,1,5_9,0.00187556
626,2006,1,5_9,0.00177619
626,2007,1,5_9,0.00169684
626,2008,1,5_9,0.00162616
626,2009,1,5_9,0.00156485
626,2010,1,5_9,0.00151106
626,2011,1,5_9,0.00146351
626,2012,1,5_9,0.00141051
626,2013,1,5_9,0.00136164
626,2014,1,5_9,0.00131771
626,2015,1,5_9,0.00127442
626,2016,1,5_9,0.0012344
626,2017,1,5_9,0.00119623
626,2018,1,5_9,0.00115978
626,2019,1,5_9,0.0011251
626,2020,1,5_9,0.00108843
626,2021,1,5_9,0.00109062
626,2022,1,5_9,0.00101779
626,2023,1,5_9,0.0009714
704,1950,1,5_9,0.00709551
704,1951,1,5_9,0.00687407
704,1952,1,5_9,0.00669419
704,1953,1,5_9,0.00652701
704,1954,1,5_9,0.00660165
704,1955,1,5_9,0.00588266
704,1956,1,5_9,0.00570353
704,1957,1,5_9,0.00553524
704,1958,1,5_9,0.00537507
704,1959,1,5_9,0.00522261
704,1960,1,5_9,0.00507461
704,1961,1,5_9,0.00497647
704,1962,1,5_9,0.00500662
704,1963,1,5_9,0.00528341
704,1964,1,5_9,0.00529497
704,1965,1,5_9,0.00523185
704,1966,1,5_9,0.00525632
704,1967,1,5_9,0.00528483
704,1968,1,5_9,0.00628082
704,1969,1,5_9,0.00574947
704,1970,1,5_9,0.00571577
704,1971,1,5_9,0.00553579
704,1972,1,5_9,0.00646202
704,1973,1,5_9,0.0055146
704,1974,1,5_9,0.00571931
704,1975,1,5_9,0.00415502
704,1976,1,5_9,0.00376727
704,1977,1,5_9,0.00365215
704,1978,1,5_9,0.0035155
704,1979,1,5_9,0.00339135
704,1980,1,5_9,0.00329777
704,1981,1,5_9,0.00311205
704,1982,1,5_9,0.00290713
704,1983,1,5_9,0.00275947
704,1984,1,5_9,0.00259981
704,1985,1,5_9,0.00256708
704,1986,1,5_9,0.00248319
704,1987,1,5_9,0.00234666
704,1988,1,5_9,0.00213034
704,1989,1,5_9,0.00210857
704,1990,1,5_9,0.00211019
704,1991,1,5_9,0.00206546
704,1992,1,5_9,0.00197419
704,1993,1,5_9,0.00187212
704,1994,1,5_9,0.00171711
704,1995,1,5_9,0.00162888
704,1996,1,5_9,0.00156422
704,1997,1,5_9,0.00155936
704,1998,1,5_9,0.00144935
704,1999,1,5_9,0.00146212
704,2000,1,5_9,0.00147345
704,2001,1,5_9,0.00147002
704,2002,1,5_9,0.00149931
704,2003,1,5_9,0.00151515
704,2004,1,5_9,0.00153405
704,2005,1,5_9,0.00151423
704,2006,1,5_9,0.00150284
704,2007,1,5_9,0.00148347
704,2008,1,5_9,0.00147187
704,2009,1,5_9,0.00145707
704,2010,1,5_9,0.0014385
704,2011,1,5_9,0.00141439
704,2012,1,5_9,0.00139865
704,2013,1,5_9,0.00138493
704,2014,1,5_9,0.00137177
704,2015,1,5_9,0.00136195
704,2016,1,5_9,0.00135693
704,2017,1,5_9,0.00134264
704,2018,1,5_9,0.00132135
704,2019,1,5_9,0.00129497
704,2020,1,5_9,0.00127138
704,2021,1,5_9,0.00123982
704,2022,1,5_9,0.00121324
704,2023,1,5_9,0.00118667
51,1950,1,5_9,0.00299855
51,1951,1,5_9,0.00288446
51,1952,1,5_9,0.00277853
51,1953,1,5_9,0.00268112
51,1954,1,5_9,0.00259312
51,1955,1,5_9,0.00251472
51,1956,1,5_9,0.00244493
51,1957,1,5_9,0.00238194
51,1958,1,5_9,0.00232375
51,1959,1,5_9,0.00226839
51,1960,1,5_9,0.00221455
51,1961,1,5_9,0.00216161
51,1962,1,5_9,0.00211033
51,1963,1,5_9,0.00206178
51,1964,1,5_9,0.00201703
51,1965,1,5_9,0.0019769
51,1966,1,5_9,0.00194196
51,1967,1,5_9,0.00191258
51,1968,1,5_9,0.00188903
51,1969,1,5_9,0.0018715
51,1970,1,5_9,0.00185999
51,1971,1,5_9,0.00185459
51,1972,1,5_9,0.00184977
51,1973,1,5_9,0.00184682
51,1974,1,5_9,0.00184205
51,1975,1,5_9,0.00183355
51,1976,1,5_9,0.00181615
51,1977,1,5_9,0.00178945
51,1978,1,5_9,0.00175209
51,1979,1,5_9,0.0017065
51,1980,1,5_9,0.00165392
51,1981,1,5_9,0.00159673
51,1982,1,5_9,0.00153953
51,1983,1,5_9,0.001484
51,1984,1,5_9,0.00143616
51,1985,1,5_9,0.00140069
51,1986,1,5_9,0.001382
51,1987,1,5_9,0.00138449
51,1988,1,5_9,0.00708505
51,1989,1,5_9,0.00141761
51,1990,1,5_9,0.00141471
51,1991,1,5_9,0.00136809
51,1992,1,5_9,0.00127712
51,1993,1,5_9,0.00112423
51,1994,1,5_9,0.00095859
51,1995,1,5_9,0.00079886
51,1996,1,5_9,0.00066254
51,1997,1,5_9,0.00055499
51,1998,1,5_9,0.00047195
51,1999,1,5_9,0.00041058
51,2000,1,5_9,0.00036485
51,2001,1,5_9,0.00033118
51,2002,1,5_9,0.00030713
51,2003,1,5_9,0.00029104
51,2004,1,5_9,0.0002814
51,2005,1,5_9,0.00027581
51,2006,1,5_9,0.00027338
51,2007,1,5_9,0.00027221
51,2008,1,5_9,0.00027168
51,2009,1,5_9,0.00027058
51,2010,1,5_9,0.00026861
51,2011,1,5_9,0.00026553
51,2012,1,5_9,0.00026221
51,2013,1,5_9,0.0002553
51,2014,1,5_9,0.00024761
51,2015,1,5_9,0.00024057
51,2016,1,5_9,0.00022904
51,2017,1,5_9,0.00021771
51,2018,1,5_9,0.00020639
51,2019,1,5_9,0.00019487
51,2020,1,5_9,0.00017126
51,2021,1,5_9,0.00026397
51,2022,1,5_9,0.00013738
51,2023,1,5_9,0.00015099
31,1950,1,5_9,0.00583473
31,1951,1,5_9,0.0057971
31,1952,1,5_9,0.00571442
31,1953,1,5_9,0.0056064
31,1954,1,5_9,0.00551766
31,1955,1,5_9,0.00541831
31,1956,1,5_9,0.00536813
31,1957,1,5_9,0.00520632
31,1958,1,5_9,0.00513241
31,1959,1,5_9,0.00498393
31,1960,1,5_9,0.00481264
31,1961,1,5_9,0.00471009
31,1962,1,5_9,0.00456065
31,1963,1,5_9,0.00438116
31,1964,1,5_9,0.00422368
31,1965,1,5_9,0.00407538
31,1966,1,5_9,0.00393007
31,1967,1,5_9,0.00380115
31,1968,1,5_9,0.00367398
31,1969,1,5_9,0.00354895
31,1970,1,5_9,0.00342428
31,1971,1,5_9,0.00331429
31,1972,1,5_9,0.00319996
31,1973,1,5_9,0.00309197
31,1974,1,5_9,0.00298338
31,1975,1,5_9,0.00289688
31,1976,1,5_9,0.00234558
31,1977,1,5_9,0.00206285
31,1978,1,5_9,0.00177197
31,1979,1,5_9,0.00150433
31,1980,1,5_9,0.00124631
31,1981,1,5_9,0.00096423
31,1982,1,5_9,0.00099607
31,1983,1,5_9,0.00080812
31,1984,1,5_9,0.00102798
31,1985,1,5_9,0.00093718
31,1986,1,5_9,0.00102497
31,1987,1,5_9,0.00091805
31,1988,1,5_9,0.00100826
31,1989,1,5_9,0.00092457
31,1990,1,5_9,0.00070196
31,1991,1,5_9,0.00092405
31,1992,1,5_9,0.00078061
31,1993,1,5_9,0.00082463
31,1994,1,5_9,0.00094091
31,1995,1,5_9,0.000864
31,1996,1,5_9,0.00083873
31,1997,1,5_9,0.00084989
31,1998,1,5_9,0.00084273
31,1999,1,5_9,0.00087897
31,2000,1,5_9,0.00088039
31,2001,1,5_9,0.000855
31,2002,1,5_9,0.00077605
31,2003,1,5_9,0.00076517
31,2004,1,5_9,0.00062396
31,2005,1,5_9,0.00083859
31,2006,1,5_9,0.00043412
31,2007,1,5_9,0.0004092
31,2008,1,5_9,0.00047555
31,2009,1,5_9,0.00046933
31,2010,1,5_9,0.00044679
31,2011,1,5_9,0.00044286
31,2012,1,5_9,0.00031023
31,2013,1,5_9,0.00036338
31,2014,1,5_9,0.00035023
31,2015,1,5_9,0.00030351
31,2016,1,5_9,0.00035672
31,2017,1,5_9,0.00034599
31,2018,1,5_9,0.0003266
31,2019,1,5_9,0.00038946
31,2020,1,5_9,0.00028348
31,2021,1,5_9,0.00029676
31,2022,1,5_9,0.0003467
31,2023,1,5_9,0.00031096
48,1950,1,5_9,0.00528586
48,1951,1,5_9,0.00536373
48,1952,1,5_9,0.00541189
48,1953,1,5_9,0.00541309
48,1954,1,5_9,0.0053525
48,1955,1,5_9,0.00522247
48,1956,1,5_9,0.00500379
48,1957,1,5_9,0.00472545
48,1958,1,5_9,0.00440436
48,1959,1,5_9,0.00406257
48,1960,1,5_9,0.003716
48,1961,1,5_9,0.00338313
48,1962,1,5_9,0.00308489
48,1963,1,5_9,0.00279537
48,1964,1,5_9,0.00252656
48,1965,1,5_9,0.00227887
48,1966,1,5_9,0.00205222
48,1967,1,5_9,0.00184651
48,1968,1,5_9,0.0016613
48,1969,1,5_9,0.00149589
48,1970,1,5_9,0.0013496
48,1971,1,5_9,0.00122141
48,1972,1,5_9,0.00112092
48,1973,1,5_9,0.00101327
48,1974,1,5_9,0.00092975
48,1975,1,5_9,0.00085759
48,1976,1,5_9,0.00079525
48,1977,1,5_9,0.00074127
48,1978,1,5_9,0.00070225
48,1979,1,5_9,0.00065837
48,1980,1,5_9,0.00062308
48,1981,1,5_9,0.00059176
48,1982,1,5_9,0.00056376
48,1983,1,5_9,0.00053894
48,1984,1,5_9,0.00051733
48,1985,1,5_9,0.00049902
48,1986,1,5_9,0.0004835
48,1987,1,5_9,0.00047204
48,1988,1,5_9,0.00046262
48,1989,1,5_9,0.00045443
48,1990,1,5_9,0.00044637
48,1991,1,5_9,0.0004373
48,1992,1,5_9,0.0004264
48,1993,1,5_9,0.00041329
48,1994,1,5_9,0.00039808
48,1995,1,5_9,0.00038155
48,1996,1,5_9,0.00036485
48,1997,1,5_9,0.00034905
48,1998,1,5_9,0.00033489
48,1999,1,5_9,0.00032276
48,2000,1,5_9,0.00031264
48,2001,1,5_9,0.00030418
48,2002,1,5_9,0.00029686
48,2003,1,5_9,0.0002901
48,2004,1,5_9,0.00028346
48,2005,1,5_9,0.00027673
48,2006,1,5_9,0.00026984
48,2007,1,5_9,0.00026291
48,2008,1,5_9,0.00025621
48,2009,1,5_9,0.00025002
48,2010,1,5_9,0.00024454
48,2011,1,5_9,0.00023994
48,2012,1,5_9,0.00023629
48,2013,1,5_9,0.00023359
48,2014,1,5_9,0.00023175
48,2015,1,5_9,0.00023073
48,2016,1,5_9,0.00023044
48,2017,1,5_9,0.00023086
48,2018,1,5_9,0.00023197
48,2019,1,5_9,0.00023382
48,2020,1,5_9,0.00025545
48,2021,1,5_9,0.00023949
48,2022,1,5_9,0.0002432
48,2023,1,5_9,0.00024748
196,1950,1,5_9,0.00340557
196,1951,1,5_9,0.00314478
196,1952,1,5_9,0.00291703
196,1953,1,5_9,0.00273939
196,1954,1,5_9,0.00262307
196,1955,1,5_9,0.00244668
196,1956,1,5_9,0.00230213
196,1957,1,5_9,0.00215923
196,1958,1,5_9,0.00203102
196,1959,1,5_9,0.00191331
196,1960,1,5_9,0.00174526
196,1961,1,5_9,0.00161033
196,1962,1,5_9,0.00148604
196,1963,1,5_9,0.00206434
196,1964,1,5_9,0.00196764
196,1965,1,5_9,0.00121728
196,1966,1,5_9,0.00115571
196,1967,1,5_9,0.00109698
196,1968,1,5_9,0.00104317
196,1969,1,5_9,0.00099971
196,1970,1,5_9,0.00093858
196,1971,1,5_9,0.00089201
196,1972,1,5_9,0.00084425
196,1973,1,5_9,0.00078769
196,1974,1,5_9,0.00073682
196,1975,1,5_9,0.00066256
196,1976,1,5_9,0.00061328
196,1977,1,5_9,0.00057149
196,1978,1,5_9,0.00052438
196,1979,1,5_9,0.00051007
196,1980,1,5_9,0.00047772
196,1981,1,5_9,0.00045959
196,1982,1,5_9,0.0004389
196,1983,1,5_9,0.00041877
196,1984,1,5_9,0.00041998
196,1985,1,5_9,0.00038068
196,1986,1,5_9,0.00036349
196,1987,1,5_9,0.00034084
196,1988,1,5_9,0.00031807
196,1989,1,5_9,0.00030715
196,1990,1,5_9,0.00028373
196,1991,1,5_9,0.000271
196,1992,1,5_9,0.00025289
196,1993,1,5_9,0.00023963
196,1994,1,5_9,0.00022946
196,1995,1,5_9,0.00021314
196,1996,1,5_9,0.00019425
196,1997,1,5_9,0.00017814
196,1998,1,5_9,0.00018482
196,1999,1,5_9,0.00016013
196,2000,1,5_9,0.00015556
196,2001,1,5_9,0.00014953
196,2002,1,5_9,0.00014113
196,2003,1,5_9,0.00013693
196,2004,1,5_9,0.00013596
196,2005,1,5_9,0.00012899
196,2006,1,5_9,0.00012477
196,2007,1,5_9,0.00011405
196,2008,1,5_9,0.00010394
196,2009,1,5_9,9.248e-05
196,2010,1,5_9,8.235e-05
196,2011,1,5_9,7.891e-05
196,2012,1,5_9,6.849e-05
196,2013,1,5_9,6.576e-05
196,2014,1,5_9,6.296e-05
196,2015,1,5_9,6.228e-05
196,2016,1,5_9,6.102e-05
196,2017,1,5_9,5.909e-05
196,2018,1,5_9,5.838e-05
196,2019,1,5_9,5.799e-05
196,2020,1,5_9,0.00012554
196,2021,1,5_9,8.165e-05
196,2022,1,5_9,7.972e-05
196,2023,1,5_9,7.477e-05
268,1950,1,5_9,0.00127145
268,1951,1,5_9,0.00120041
268,1952,1,5_9,0.00117287
268,1953,1,5_9,0.00114572
268,1954,1,5_9,0.00111837
268,1955,1,5_9,0.00109183
268,1956,1,5_9,0.00106558
268,1957,1,5_9,0.0010333
268,1958,1,5_9,0.00100746
268,1959,1,5_9,0.00098108
268,1960,1,5_9,0.00095711
268,1961,1,5_9,0.00093149
268,1962,1,5_9,0.00090729
268,1963,1,5_9,0.00088176
268,1964,1,5_9,0.00085811
268,1965,1,5_9,0.0008455
268,1966,1,5_9,0.00082188
268,1967,1,5_9,0.00079844
268,1968,1,5_9,0.00077662
268,1969,1,5_9,0.00075418
268,1970,1,5_9,0.00073231
268,1971,1,5_9,0.00070983
268,1972,1,5_9,0.00068928
268,1973,1,5_9,0.0006677
268,1974,1,5_9,0.00064727
268,1975,1,5_9,0.00062723
268,1976,1,5_9,0.0006035
268,1977,1,5_9,0.00058383
268,1978,1,5_9,0.00056695
268,1979,1,5_9,0.00054839
268,1980,1,5_9,0.00052904
268,1981,1,5_9,0.00052499
268,1982,1,5_9,0.00053165
268,1983,1,5_9,0.00055261
268,1984,1,5_9,0.00043772
268,1985,1,5_9,0.0004318
268,1986,1,5_9,0.00047083
268,1987,1,5_9,0.0004505
268,1988,1,5_9,0.00054124
268,1989,1,5_9,0.00052677
268,1990,1,5_9,0.00044212
268,1991,1,5_9,0.0004903
268,1992,1,5_9,0.00043461
268,1993,1,5_9,0.00046711
268,1994,1,5_9,0.00027572
268,1995,1,5_9,0.00037222
268,1996,1,5_9,0.0002333
268,1997,1,5_9,0.00042705
268,1998,1,5_9,0.00043705
268,1999,1,5_9,0.00044713
268,2000,1,5_9,0.00044729
268,2001,1,5_9,0.00046787
268,2002,1,5_9,0.00046853
268,2003,1,5_9,0.00015056
268,2004,1,5_9,0.00046883
268,2005,1,5_9,0.00034847
268,2006,1,5_9,0.00032661
268,2007,1,5_9,0.00024075
268,2008,1,5_9,0.00048834
268,2009,1,5_9,0.00027935
268,2010,1,5_9,0.00039018
268,2011,1,5_9,0.00024918
268,2012,1,5_9,0.00026916
268,2013,1,5_9,0.00030924
268,2014,1,5_9,0.00028901
268,2015,1,5_9,0.00034027
268,2016,1,5_9,0.00021982
268,2017,1,5_9,0.00027446
268,2018,1,5_9,0.00026136
268,2019,1,5_9,0.00015585
268,2020,1,5_9,0.00017531
268,2021,1,5_9,0.00014244
268,2022,1,5_9,0.00015397
268,2023,1,5_9,0.00013366
368,1950,1,5_9,0.00636426
368,1951,1,5_9,0.00607765
368,1952,1,5_9,0.00579675
368,1953,1,5_9,0.00550356
368,1954,1,5_9,0.00525732
368,1955,1,5_9,0.00499636
368,1956,1,5_9,0.00475077
368,1957,1,5_9,0.00446178
368,1958,1,5_9,0.00420475
368,1959,1,5_9,0.00396226
368,1960,1,5_9,0.0037255
368,1961,1,5_9,0.00350023
368,1962,1,5_9,0.00328418
368,1963,1,5_9,0.00312088
368,1964,1,5_9,0.00303287
368,1965,1,5_9,0.00274207
368,1966,1,5_9,0.00256067
368,1967,1,5_9,0.00239898
368,1968,1,5_9,0.00229373
368,1969,1,5_9,0.00210777
368,1970,1,5_9,0.00199342
368,1971,1,5_9,0.00185284
368,1972,1,5_9,0.00179596
368,1973,1,5_9,0.00172209
368,1974,1,5_9,0.00173329
368,1975,1,5_9,0.00171168
368,1976,1,5_9,0.00162267
368,1977,1,5_9,0.00160893
368,1978,1,5_9,0.00160231
368,1979,1,5_9,0.00160203
368,1980,1,5_9,0.00160283
368,1981,1,5_9,0.00160434
368,1982,1,5_9,0.00161085
368,1983,1,5_9,0.00162353
368,1984,1,5_9,0.00163708
368,1985,1,5_9,0.00165397
368,1986,1,5_9,0.00167441
368,1987,1,5_9,0.0016957
368,1988,1,5_9,0.00255983
368,1989,1,5_9,0.00344318
368,1990,1,5_9,0.00345573
368,1991,1,5_9,0.00259451
368,1992,1,5_9,0.00185931
368,1993,1,5_9,0.00187855
368,1994,1,5_9,0.00192022
368,1995,1,5_9,0.00194458
368,1996,1,5_9,0.00194486
368,1997,1,5_9,0.00199059
368,1998,1,5_9,0.00193821
368,1999,1,5_9,0.00190868
368,2000,1,5_9,0.00184607
368,2001,1,5_9,0.00176682
368,2002,1,5_9,0.00167396
368,2003,1,5_9,0.00157335
368,2004,1,5_9,0.00148453
368,2005,1,5_9,0.00140826
368,2006,1,5_9,0.00134272
368,2007,1,5_9,0.00128111
368,2008,1,5_9,0.00122245
368,2009,1,5_9,0.00117938
368,2010,1,5_9,0.00113746
368,2011,1,5_9,0.0010755
368,2012,1,5_9,0.00101218
368,2013,1,5_9,0.00097632
368,2014,1,5_9,0.00087701
368,2015,1,5_9,0.00083004
368,2016,1,5_9,0.00076
368,2017,1,5_9,0.00069037
368,2018,1,5_9,0.00065335
368,2019,1,5_9,0.00063031
368,2020,1,5_9,0.00061568
368,2021,1,5_9,0.00057175
368,2022,1,5_9,0.00055421
368,2023,1,5_9,0.00052892
376,1950,1,5_9,0.00082756
376,1951,1,5_9,0.0009605
376,1952,1,5_9,0.00135566
376,1953,1,5_9,0.00112592
376,1954,1,5_9,0.00110888
376,1955,1,5_9,0.00078746
376,1956,1,5_9,0.00069687
376,1957,1,5_9,0.00099636
376,1958,1,5_9,0.00079807
376,1959,1,5_9,0.00080447
376,1960,1,5_9,0.00081174
376,1961,1,5_9,0.0007141
376,1962,1,5_9,0.00070703
376,1963,1,5_9,0.0006594
376,1964,1,5_9,0.0007491
376,1965,1,5_9,0.00056339
376,1966,1,5_9,0.00054245
376,1967,1,5_9,0.00057621
376,1968,1,5_9,0.0005612
376,1969,1,5_9,0.00069194
376,1970,1,5_9,0.000696
376,1971,1,5_9,0.00058719
376,1972,1,5_9,0.00058476
376,1973,1,5_9,0.00051362
376,1974,1,5_9,0.00056924
376,1975,1,5_9,0.00047438
376,1976,1,5_9,0.00051465
376,1977,1,5_9,0.0004237
376,1978,1,5_9,0.00049265
376,1979,1,5_9,0.00040033
376,1980,1,5_9,0.00037328
376,1981,1,5_9,0.00033369
376,1982,1,5_9,0.00030956
376,1983,1,5_9,0.00026468
376,1984,1,5_9,0.0002964
376,1985,1,5_9,0.00031173
376,1986,1,5_9,0.00025209
376,1987,1,5_9,0.00030007
376,1988,1,5_9,0.00028127
376,1989,1,5_9,0.00022964
376,1990,1,5_9,0.00018558
376,1991,1,5_9,0.00019701
376,1992,1,5_9,0.00019347
376,1993,1,5_9,0.00024186
376,1994,1,5_9,0.00018855
376,1995,1,5_9,0.00014552
376,1996,1,5_9,0.00018345
376,1997,1,5_9,0.00021687
376,1998,1,5_9,0.00017918
376,1999,1,5_9,0.0001469
376,2000,1,5_9,0.00016441
376,2001,1,5_9,0.00015437
376,2002,1,5_9,0.00016259
376,2003,1,5_9,0.00013528
376,2004,1,5_9,0.00020955
376,2005,1,5_9,0.00010385
376,2006,1,5_9,0.00018816
376,2007,1,5_9,0.00012791
376,2008,1,5_9,0.00015806
376,2009,1,5_9,0.00014658
376,2010,1,5_9,0.00011663
376,2011,1,5_9,0.00012765
376,2012,1,5_9,0.00011735
376,2013,1,5_9,8.854e-05
376,2014,1,5_9,0.00010351
376,2015,1,5_9,0.00013176
376,2016,1,5_9,0.00012245
376,2017,1,5_9,9.626e-05
376,2018,1,5_9,0.00011042
376,2019,1,5_9,7.576e-05
376,2020,1,5_9,7.194e-05
376,2021,1,5_9,9.386e-05
376,2022,1,5_9,8.494e-05
376,2023,1,5_9,0.00012314
400,1950,1,5_9,0.00552837
400,1951,1,5_9,0.00531296
400,1952,1,5_9,0.00506032
400,1953,1,5_9,0.00482327
400,1954,1,5_9,0.00457166
400,1955,1,5_9,0.00428394
400,1956,1,5_9,0.00399541
400,1957,1,5_9,0.00373176
400,1958,1,5_9,0.00349533
400,1959,1,5_9,0.0032871
400,1960,1,5_9,0.00311306
400,1961,1,5_9,0.00294727
400,1962,1,5_9,0.00279649
400,1963,1,5_9,0.00267088
400,1964,1,5_9,0.00250588
400,1965,1,5_9,0.00237117
400,1966,1,5_9,0.00236355
400,1967,1,5_9,0.00211322
400,1968,1,5_9,0.00199296
400,1969,1,5_9,0.00188857
400,1970,1,5_9,0.00208202
400,1971,1,5_9,0.00172258
400,1972,1,5_9,0.00160818
400,1973,1,5_9,0.00152653
400,1974,1,5_9,0.00145279
400,1975,1,5_9,0.0013709
400,1976,1,5_9,0.00129281
400,1977,1,5_9,0.0012185
400,1978,1,5_9,0.00114873
400,1979,1,5_9,0.00107854
400,1980,1,5_9,0.00101143
400,1981,1,5_9,0.00095127
400,1982,1,5_9,0.00089684
400,1983,1,5_9,0.0008511
400,1984,1,5_9,0.00080879
400,1985,1,5_9,0.00077397
400,1986,1,5_9,0.00074513
400,1987,1,5_9,0.00072359
400,1988,1,5_9,0.00070365
400,1989,1,5_9,0.00068917
400,1990,1,5_9,0.00067685
400,1991,1,5_9,0.00066987
400,1992,1,5_9,0.00066086
400,1993,1,5_9,0.00065142
400,1994,1,5_9,0.00064272
400,1995,1,5_9,0.00063134
400,1996,1,5_9,0.0006175
400,1997,1,5_9,0.00060127
400,1998,1,5_9,0.00058312
400,1999,1,5_9,0.0005648
400,2000,1,5_9,0.00055223
400,2001,1,5_9,0.00053041
400,2002,1,5_9,0.00051288
400,2003,1,5_9,0.00049358
400,2004,1,5_9,0.00047623
400,2005,1,5_9,0.00046436
400,2006,1,5_9,0.00044397
400,2007,1,5_9,0.00043024
400,2008,1,5_9,0.00041804
400,2009,1,5_9,0.00040914
400,2010,1,5_9,0.00040294
400,2011,1,5_9,0.0003957
400,2012,1,5_9,0.00038545
400,2013,1,5_9,0.00037154
400,2014,1,5_9,0.00035185
400,2015,1,5_9,0.00032685
400,2016,1,5_9,0.00030238
400,2017,1,5_9,0.00028136
400,2018,1,5_9,0.00026473
400,2019,1,5_9,0.00024915
400,2020,1,5_9,0.00023955
400,2021,1,5_9,0.0002319
400,2022,1,5_9,0.00022749
400,2023,1,5_9,0.00022228
414,1950,1,5_9,0.00291092
414,1951,1,5_9,0.00283519
414,1952,1,5_9,0.00275468
414,1953,1,5_9,0.00266655
414,1954,1,5_9,0.00256888
414,1955,1,5_9,0.00246027
414,1956,1,5_9,0.00234064
414,1957,1,5_9,0.00221103
414,1958,1,5_9,0.00207335
414,1959,1,5_9,0.00193017
414,1960,1,5_9,0.00178456
414,1961,1,5_9,0.00163999
414,1962,1,5_9,0.00150079
414,1963,1,5_9,0.00137023
414,1964,1,5_9,0.00125039
414,1965,1,5_9,0.00114221
414,1966,1,5_9,0.00104603
414,1967,1,5_9,0.00096282
414,1968,1,5_9,0.00089355
414,1969,1,5_9,0.00083854
414,1970,1,5_9,0.00079792
414,1971,1,5_9,0.00077179
414,1972,1,5_9,0.00075816
414,1973,1,5_9,0.00075278
414,1974,1,5_9,0.00075183
414,1975,1,5_9,0.00075228
414,1976,1,5_9,0.00074873
414,1977,1,5_9,0.00074011
414,1978,1,5_9,0.00072507
414,1979,1,5_9,0.00070349
414,1980,1,5_9,0.00067573
414,1981,1,5_9,0.00064258
414,1982,1,5_9,0.00060526
414,1983,1,5_9,0.00056589
414,1984,1,5_9,0.00052655
414,1985,1,5_9,0.00048881
414,1986,1,5_9,0.00045369
414,1987,1,5_9,0.00042168
414,1988,1,5_9,0.00039328
414,1989,1,5_9,0.00036901
414,1990,1,5_9,0.0004943
414,1991,1,5_9,0.00033449
414,1992,1,5_9,0.00032418
414,1993,1,5_9,0.00031915
414,1994,1,5_9,0.00031768
414,1995,1,5_9,0.00031833
414,1996,1,5_9,0.00031998
414,1997,1,5_9,0.00032137
414,1998,1,5_9,0.00031937
414,1999,1,5_9,0.00031657
414,2000,1,5_9,0.00031282
414,2001,1,5_9,0.00030882
414,2002,1,5_9,0.00030524
414,2003,1,5_9,0.00030264
414,2004,1,5_9,0.00030104
414,2005,1,5_9,0.00030001
414,2006,1,5_9,0.00029912
414,2007,1,5_9,0.00029792
414,2008,1,5_9,0.00029603
414,2009,1,5_9,0.00029314
414,2010,1,5_9,0.00028906
414,2011,1,5_9,0.00028369
414,2012,1,5_9,0.00027703
414,2013,1,5_9,0.00026912
414,2014,1,5_9,0.00026011
414,2015,1,5_9,0.00025323
414,2016,1,5_9,0.00024142
414,2017,1,5_9,0.00023296
414,2018,1,5_9,0.00022586
414,2019,1,5_9,0.00021985
414,2020,1,5_9,9.988e-05
414,2021,1,5_9,0.00018518
414,2022,1,5_9,0.00021572
414,2023,1,5_9,0.00020711
422,1950,1,5_9,0.00210686
422,1951,1,5_9,0.00203935
422,1952,1,5_9,0.00197139
422,1953,1,5_9,0.00190943
422,1954,1,5_9,0.00184961
422,1955,1,5_9,0.00194155
422,1956,1,5_9,0.00178281
422,1957,1,5_9,0.00165917
422,1958,1,5_9,0.00160196
422,1959,1,5_9,0.00154712
422,1960,1,5_9,0.00149704
422,1961,1,5_9,0.00144705
422,1962,1,5_9,0.00140121
422,1963,1,5_9,0.00135912
422,1964,1,5_9,0.00132204
422,1965,1,5_9,0.00128987
422,1966,1,5_9,0.00126152
422,1967,1,5_9,0.00123498
422,1968,1,5_9,0.00121502
422,1969,1,5_9,0.00119613
422,1970,1,5_9,0.00117937
422,1971,1,5_9,0.00116177
422,1972,1,5_9,0.00114809
422,1973,1,5_9,0.00113245
422,1974,1,5_9,0.00111524
422,1975,1,5_9,0.00118003
422,1976,1,5_9,0.00999382
422,1977,1,5_9,0.00232831
422,1978,1,5_9,0.00240953
422,1979,1,5_9,0.00251469
422,1980,1,5_9,0.00245095
422,1981,1,5_9,0.00238517
422,1982,1,5_9,0.00583288
422,1983,1,5_9,0.00143985
422,1984,1,5_9,0.00138923
422,1985,1,5_9,0.0013434
422,1986,1,5_9,0.00129604
422,1987,1,5_9,0.00203126
422,1988,1,5_9,0.00197366
422,1989,1,5_9,0.00065647
422,1990,1,5_9,0.00062389
422,1991,1,5_9,0.00059257
422,1992,1,5_9,0.0005781
422,1993,1,5_9,0.00054199
422,1994,1,5_9,0.0005073
422,1995,1,5_9,0.00048703
422,1996,1,5_9,0.00047866
422,1997,1,5_9,0.00044452
422,1998,1,5_9,0.00043439
422,1999,1,5_9,0.00041785
422,2000,1,5_9,0.00039628
422,2001,1,5_9,0.00036854
422,2002,1,5_9,0.00034519
422,2003,1,5_9,0.00032358
422,2004,1,5_9,0.00030446
422,2005,1,5_9,0.00028865
422,2006,1,5_9,0.00027381
422,2007,1,5_9,0.00026078
422,2008,1,5_9,0.0002529
422,2009,1,5_9,0.00023973
422,2010,1,5_9,0.00023099
422,2011,1,5_9,0.00022368
422,2012,1,5_9,0.0002211
422,2013,1,5_9,0.00022433
422,2014,1,5_9,0.00022217
422,2015,1,5_9,0.00021803
422,2016,1,5_9,0.00020406
422,2017,1,5_9,0.00020518
422,2018,1,5_9,0.00020905
422,2019,1,5_9,0.00020827
422,2020,1,5_9,0.00024081
422,2021,1,5_9,0.00038783
422,2022,1,5_9,0.00021064
422,2023,1,5_9,0.00022293
512,1950,1,5_9,0.00489179
512,1951,1,5_9,0.00498522
512,1952,1,5_9,0.00508524
512,1953,1,5_9,0.00518973
512,1954,1,5_9,0.00529612
512,1955,1,5_9,0.00540034
512,1956,1,5_9,0.00549729
512,1957,1,5_9,0.00558117
512,1958,1,5_9,0.00564627
512,1959,1,5_9,0.00568773
512,1960,1,5_9,0.00570386
512,1961,1,5_9,0.00569464
512,1962,1,5_9,0.00566172
512,1963,1,5_9,0.00560704
512,1964,1,5_9,0.00553294
512,1965,1,5_9,0.00543974
512,1966,1,5_9,0.0053279
512,1967,1,5_9,0.00519672
512,1968,1,5_9,0.00504637
512,1969,1,5_9,0.00487792
512,1970,1,5_9,0.0047599
512,1971,1,5_9,0.00456765
512,1972,1,5_9,0.00428709
512,1973,1,5_9,0.00407015
512,1974,1,5_9,0.00384676
512,1975,1,5_9,0.00361815
512,1976,1,5_9,0.00338553
512,1977,1,5_9,0.00330329
512,1978,1,5_9,0.00291591
512,1979,1,5_9,0.00268394
512,1980,1,5_9,0.00245791
512,1981,1,5_9,0.00227066
512,1982,1,5_9,0.0020356
512,1983,1,5_9,0.0018447
512,1984,1,5_9,0.00166999
512,1985,1,5_9,0.00151229
512,1986,1,5_9,0.00137161
512,1987,1,5_9,0.00124723
512,1988,1,5_9,0.00113765
512,1989,1,5_9,0.00104088
512,1990,1,5_9,0.00095513
512,1991,1,5_9,0.00087887
512,1992,1,5_9,0.00081078
512,1993,1,5_9,0.00075006
512,1994,1,5_9,0.00069645
512,1995,1,5_9,0.00064977
512,1996,1,5_9,0.00060974
512,1997,1,5_9,0.00057611
512,1998,1,5_9,0.00054854
512,1999,1,5_9,0.0005261
512,2000,1,5_9,0.00050779
512,2001,1,5_9,0.00049278
512,2002,1,5_9,0.00048496
512,2003,1,5_9,0.00048954
512,2004,1,5_9,0.00046084
512,2005,1,5_9,0.00045309
512,2006,1,5_9,0.00044636
512,2007,1,5_9,0.00048906
512,2008,1,5_9,0.0004351
512,2009,1,5_9,0.00043002
512,2010,1,5_9,0.00042485
512,2011,1,5_9,0.00041922
512,2012,1,5_9,0.00041263
512,2013,1,5_9,0.0004048
512,2014,1,5_9,0.00039564
512,2015,1,5_9,0.00038536
512,2016,1,5_9,0.00037432
512,2017,1,5_9,0.00036298
512,2018,1,5_9,0.00035165
512,2019,1,5_9,0.00034051
512,2020,1,5_9,0.00018455
512,2021,1,5_9,0.00022111
512,2022,1,5_9,0.00023772
512,2023,1,5_9,0.00029888
634,1950,1,5_9,0.00478487
634,1951,1,5_9,0.00458533
634,1952,1,5_9,0.00439297
634,1953,1,5_9,0.00420484
634,1954,1,5_9,0.00401935
634,1955,1,5_9,0.00383552
634,1956,1,5_9,0.0036529
634,1957,1,5_9,0.00347134
634,1958,1,5_9,0.00329074
634,1959,1,5_9,0.00311109
634,1960,1,5_9,0.00293243
634,1961,1,5_9,0.00275515
634,1962,1,5_9,0.00258041
634,1963,1,5_9,0.00240959
634,1964,1,5_9,0.00224424
634,1965,1,5_9,0.00208599
634,1966,1,5_9,0.0019364
634,1967,1,5_9,0.00179688
634,1968,1,5_9,0.00166819
634,1969,1,5_9,0.00155073
634,1970,1,5_9,0.00144437
634,1971,1,5_9,0.00135094
634,1972,1,5_9,0.00126612
634,1973,1,5_9,0.00118915
634,1974,1,5_9,0.00111817
634,1975,1,5_9,0.00105366
634,1976,1,5_9,0.00099309
634,1977,1,5_9,0.00093953
634,1978,1,5_9,0.00089142
634,1979,1,5_9,0.00084895
634,1980,1,5_9,0.00081131
634,1981,1,5_9,0.00078388
634,1982,1,5_9,0.00075286
634,1983,1,5_9,0.00072368
634,1984,1,5_9,0.00069592
634,1985,1,5_9,0.00066921
634,1986,1,5_9,0.00064335
634,1987,1,5_9,0.00061833
634,1988,1,5_9,0.00059404
634,1989,1,5_9,0.00057032
634,1990,1,5_9,0.00054717
634,1991,1,5_9,0.00052465
634,1992,1,5_9,0.00050284
634,1993,1,5_9,0.0004819
634,1994,1,5_9,0.00046213
634,1995,1,5_9,0.00044368
634,1996,1,5_9,0.00042652
634,1997,1,5_9,0.00041053
634,1998,1,5_9,0.00039549
634,1999,1,5_9,0.00038119
634,2000,1,5_9,0.00036752
634,2001,1,5_9,0.00035441
634,2002,1,5_9,0.00034178
634,2003,1,5_9,0.00032985
634,2004,1,5_9,0.00031867
634,2005,1,5_9,0.00030817
634,2006,1,5_9,0.00029831
634,2007,1,5_9,0.00028895
634,2008,1,5_9,0.00027981
634,2009,1,5_9,0.00027112
634,2010,1,5_9,0.00026264
634,2011,1,5_9,0.0002543
634,2012,1,5_9,0.00024588
634,2013,1,5_9,0.00023732
634,2014,1,5_9,0.00022863
634,2015,1,5_9,0.00021987
634,2016,1,5_9,0.00021111
634,2017,1,5_9,0.00020254
634,2018,1,5_9,0.00019438
634,2019,1,5_9,0.00018684
634,2020,1,5_9,0.00014952
634,2021,1,5_9,0.00019047
634,2022,1,5_9,0.00020088
634,2023,1,5_9,0.00016239
682,1950,1,5_9,0.00919982
682,1951,1,5_9,0.00899154
682,1952,1,5_9,0.00878927
682,1953,1,5_9,0.00858948
682,1954,1,5_9,0.00838917
682,1955,1,5_9,0.00818538
682,1956,1,5_9,0.0079779
682,1957,1,5_9,0.00776846
682,1958,1,5_9,0.00755901
682,1959,1,5_9,0.00735104
682,1960,1,5_9,0.00714556
682,1961,1,5_9,0.00694173
682,1962,1,5_9,0.00673595
682,1963,1,5_9,0.00652361
682,1964,1,5_9,0.00630127
682,1965,1,5_9,0.00605697
682,1966,1,5_9,0.00579463
682,1967,1,5_9,0.00551207
682,1968,1,5_9,0.00521191
682,1969,1,5_9,0.00490122
682,1970,1,5_9,0.00458842
682,1971,1,5_9,0.00427574
682,1972,1,5_9,0.00397284
682,1973,1,5_9,0.0036825
682,1974,1,5_9,0.00340673
682,1975,1,5_9,0.00315069
682,1976,1,5_9,0.00290326
682,1977,1,5_9,0.00267646
682,1978,1,5_9,0.00246667
682,1979,1,5_9,0.00227288
682,1980,1,5_9,0.00209445
682,1981,1,5_9,0.00193039
682,1982,1,5_9,0.00177957
682,1983,1,5_9,0.00164042
682,1984,1,5_9,0.00151168
682,1985,1,5_9,0.00139382
682,1986,1,5_9,0.00128156
682,1987,1,5_9,0.00117853
682,1988,1,5_9,0.00108357
682,1989,1,5_9,0.00099671
682,1990,1,5_9,0.00091801
682,1991,1,5_9,0.00084961
682,1992,1,5_9,0.00078439
682,1993,1,5_9,0.00072853
682,1994,1,5_9,0.00067842
682,1995,1,5_9,0.00063293
682,1996,1,5_9,0.00059109
682,1997,1,5_9,0.00055191
682,1998,1,5_9,0.00051505
682,1999,1,5_9,0.0004814
682,2000,1,5_9,0.00045613
682,2001,1,5_9,0.00042833
682,2002,1,5_9,0.00040855
682,2003,1,5_9,0.00039518
682,2004,1,5_9,0.00038787
682,2005,1,5_9,0.00038498
682,2006,1,5_9,0.00038318
682,2007,1,5_9,0.00038737
682,2008,1,5_9,0.00039537
682,2009,1,5_9,0.00041088
682,2010,1,5_9,0.00041903
682,2011,1,5_9,0.00042833
682,2012,1,5_9,0.00043296
682,2013,1,5_9,0.00042879
682,2014,1,5_9,0.00041357
682,2015,1,5_9,0.00038989
682,2016,1,5_9,0.00036182
682,2017,1,5_9,0.0003329
682,2018,1,5_9,0.00030579
682,2019,1,5_9,0.00028236
682,2020,1,5_9,0.00026389
682,2021,1,5_9,0.00025147
682,2022,1,5_9,0.00024642
682,2023,1,5_9,0.00025298
275,1950,1,5_9,0.00482607
275,1951,1,5_9,0.0047643
275,1952,1,5_9,0.00470383
275,1953,1,5_9,0.00463999
275,1954,1,5_9,0.00456605
275,1955,1,5_9,0.00448753
275,1956,1,5_9,0.00440364
275,1957,1,5_9,0.00431408
275,1958,1,5_9,0.00421907
275,1959,1,5_9,0.00411918
275,1960,1,5_9,0.0040096
275,1961,1,5_9,0.00389302
275,1962,1,5_9,0.00377459
275,1963,1,5_9,0.00365556
275,1964,1,5_9,0.0035362
275,1965,1,5_9,0.00340676
275,1966,1,5_9,0.00328077
275,1967,1,5_9,0.00315889
275,1968,1,5_9,0.0030363
275,1969,1,5_9,0.00291004
275,1970,1,5_9,0.00278795
275,1971,1,5_9,0.00266992
275,1972,1,5_9,0.00253713
275,1973,1,5_9,0.00240968
275,1974,1,5_9,0.00229296
275,1975,1,5_9,0.002178
275,1976,1,5_9,0.00206368
275,1977,1,5_9,0.00195652
275,1978,1,5_9,0.00185553
275,1979,1,5_9,0.0017445
275,1980,1,5_9,0.0016355
275,1981,1,5_9,0.00153354
275,1982,1,5_9,0.00144006
275,1983,1,5_9,0.00134178
275,1984,1,5_9,0.00125782
275,1985,1,5_9,0.00118634
275,1986,1,5_9,0.00112569
275,1987,1,5_9,0.00106067
275,1988,1,5_9,0.00099945
275,1989,1,5_9,0.00094641
275,1990,1,5_9,0.00090025
275,1991,1,5_9,0.00085998
275,1992,1,5_9,0.00082462
275,1993,1,5_9,0.00078874
275,1994,1,5_9,0.00075062
275,1995,1,5_9,0.00071705
275,1996,1,5_9,0.00069078
275,1997,1,5_9,0.00066098
275,1998,1,5_9,0.00063821
275,1999,1,5_9,0.00061641
275,2000,1,5_9,0.00059712
275,2001,1,5_9,0.00057981
275,2002,1,5_9,0.00059497
275,2003,1,5_9,0.00054495
275,2004,1,5_9,0.00052434
275,2005,1,5_9,0.00050471
275,2006,1,5_9,0.00048629
275,2007,1,5_9,0.00046873
275,2008,1,5_9,0.00055472
275,2009,1,5_9,0.00056217
275,2010,1,5_9,0.00042606
275,2011,1,5_9,0.00041403
275,2012,1,5_9,0.00040773
275,2013,1,5_9,0.00038431
275,2014,1,5_9,0.0005612
275,2015,1,5_9,0.00037156
275,2016,1,5_9,0.00034898
275,2017,1,5_9,0.00033071
275,2018,1,5_9,0.00033768
275,2019,1,5_9,0.00030909
275,2020,1,5_9,0.00029214
275,2021,1,5_9,0.00030372
275,2022,1,5_9,0.00028519
275,2023,1,5_9,0.00293457
760,1950,1,5_9,0.00494546
760,1951,1,5_9,0.0047552
760,1952,1,5_9,0.00454745
760,1953,1,5_9,0.00434577
760,1954,1,5_9,0.00414827
760,1955,1,5_9,0.00395135
760,1956,1,5_9,0.00374347
760,1957,1,5_9,0.00354041
760,1958,1,5_9,0.00332159
760,1959,1,5_9,0.00311155
760,1960,1,5_9,0.00290038
760,1961,1,5_9,0.00271126
760,1962,1,5_9,0.00252692
760,1963,1,5_9,0.00237444
760,1964,1,5_9,0.0022412
760,1965,1,5_9,0.00212173
760,1966,1,5_9,0.00200711
760,1967,1,5_9,0.00190279
760,1968,1,5_9,0.00179485
760,1969,1,5_9,0.00169332
760,1970,1,5_9,0.00160107
760,1971,1,5_9,0.00152736
760,1972,1,5_9,0.00146983
760,1973,1,5_9,0.00141975
760,1974,1,5_9,0.00137558
760,1975,1,5_9,0.00134358
760,1976,1,5_9,0.00131191
760,1977,1,5_9,0.00128318
760,1978,1,5_9,0.00124221
760,1979,1,5_9,0.00123346
760,1980,1,5_9,0.00119727
760,1981,1,5_9,0.00156285
760,1982,1,5_9,0.00219288
760,1983,1,5_9,0.00106625
760,1984,1,5_9,0.00099941
760,1985,1,5_9,0.00094691
760,1986,1,5_9,0.00090059
760,1987,1,5_9,0.00086327
760,1988,1,5_9,0.0008338
760,1989,1,5_9,0.00081667
760,1990,1,5_9,0.00079879
760,1991,1,5_9,0.00078923
760,1992,1,5_9,0.00078567
760,1993,1,5_9,0.00078921
760,1994,1,5_9,0.00079687
760,1995,1,5_9,0.00080874
760,1996,1,5_9,0.00081742
760,1997,1,5_9,0.00081458
760,1998,1,5_9,0.00079971
760,1999,1,5_9,0.0007624
760,2000,1,5_9,0.000713
760,2001,1,5_9,0.00065844
760,2002,1,5_9,0.00061044
760,2003,1,5_9,0.00056321
760,2004,1,5_9,0.00053379
760,2005,1,5_9,0.00050395
760,2006,1,5_9,0.00048238
760,2007,1,5_9,0.00046556
760,2008,1,5_9,0.00045481
760,2009,1,5_9,0.00044432
760,2010,1,5_9,0.00043812
760,2011,1,5_9,0.00060158
760,2012,1,5_9,0.00136743
760,2013,1,5_9,0.00152444
760,2014,1,5_9,0.00142849
760,2015,1,5_9,0.00151769
760,2016,1,5_9,0.00119168
760,2017,1,5_9,0.00121856
760,2018,1,5_9,0.00118142
760,2019,1,5_9,0.00069382
760,2020,1,5_9,0.0005398
760,2021,1,5_9,0.00047366
760,2022,1,5_9,0.0005088
760,2023,1,5_9,0.00070796
792,1950,1,5_9,0.00269715
792,1951,1,5_9,0.00286533
792,1952,1,5_9,0.00188249
792,1953,1,5_9,0.00325992
792,1954,1,5_9,0.00253367
792,1955,1,5_9,0.0025429
792,1956,1,5_9,0.00242909
792,1957,1,5_9,0.00253995
792,1958,1,5_9,0.00269421
792,1959,1,5_9,0.0023638
792,1960,1,5_9,0.00247446
792,1961,1,5_9,0.00230396
792,1962,1,5_9,0.00200901
792,1963,1,5_9,0.00194679
792,1964,1,5_9,0.00189166
792,1965,1,5_9,0.00182293
792,1966,1,5_9,0.00178786
792,1967,1,5_9,0.00169946
792,1968,1,5_9,0.0016403
792,1969,1,5_9,0.00155228
792,1970,1,5_9,0.00150695
792,1971,1,5_9,0.00145817
792,1972,1,5_9,0.0013383
792,1973,1,5_9,0.0012581
792,1974,1,5_9,0.00123485
792,1975,1,5_9,0.00118942
792,1976,1,5_9,0.00121232
792,1977,1,5_9,0.00106387
792,1978,1,5_9,0.00101094
792,1979,1,5_9,0.00097181
792,1980,1,5_9,0.00094381
792,1981,1,5_9,0.00088129
792,1982,1,5_9,0.00085099
792,1983,1,5_9,0.00082435
792,1984,1,5_9,0.00078485
792,1985,1,5_9,0.00073242
792,1986,1,5_9,0.00069861
792,1987,1,5_9,0.00067044
792,1988,1,5_9,0.00062775
792,1989,1,5_9,0.00059126
792,1990,1,5_9,0.00055468
792,1991,1,5_9,0.00052605
792,1992,1,5_9,0.00050365
792,1993,1,5_9,0.00046113
792,1994,1,5_9,0.00043402
792,1995,1,5_9,0.00041053
792,1996,1,5_9,0.00038332
792,1997,1,5_9,0.00036108
792,1998,1,5_9,0.00034433
792,1999,1,5_9,0.00055153
792,2000,1,5_9,0.00030405
792,2001,1,5_9,0.0002853
792,2002,1,5_9,0.00026997
792,2003,1,5_9,0.00025472
792,2004,1,5_9,0.00023717
792,2005,1,5_9,0.00022123
792,2006,1,5_9,0.00020707
792,2007,1,5_9,0.00019161
792,2008,1,5_9,0.00017815
792,2009,1,5_9,0.00016507
792,2010,1,5_9,0.00015121
792,2011,1,5_9,0.00015045
792,2012,1,5_9,0.00013019
792,2013,1,5_9,0.0001127
792,2014,1,5_9,0.00010716
792,2015,1,5_9,9.339e-05
792,2016,1,5_9,8.806e-05
792,2017,1,5_9,8.339e-05
792,2018,1,5_9,7.801e-05
792,2019,1,5_9,7.268e-05
792,2020,1,5_9,6.594e-05
792,2021,1,5_9,6.282e-05
792,2022,1,5_9,6.054e-05
792,2023,1,5_9,0.00048444
784,1950,1,5_9,0.00504289
784,1951,1,5_9,0.00501445
784,1952,1,5_9,0.00497596
784,1953,1,5_9,0.0049229
784,1954,1,5_9,0.00485229
784,1955,1,5_9,0.00476186
784,1956,1,5_9,0.00463161
784,1957,1,5_9,0.004492
784,1958,1,5_9,0.00434715
784,1959,1,5_9,0.00420713
784,1960,1,5_9,0.00406593
784,1961,1,5_9,0.00393371
784,1962,1,5_9,0.00379458
784,1963,1,5_9,0.00364676
784,1964,1,5_9,0.00348366
784,1965,1,5_9,0.00330385
784,1966,1,5_9,0.0031246
784,1967,1,5_9,0.00293177
784,1968,1,5_9,0.00273505
784,1969,1,5_9,0.00253991
784,1970,1,5_9,0.0023509
784,1971,1,5_9,0.00217177
784,1972,1,5_9,0.00200484
784,1973,1,5_9,0.00185097
784,1974,1,5_9,0.0017101
784,1975,1,5_9,0.00158176
784,1976,1,5_9,0.00146532
784,1977,1,5_9,0.00135995
784,1978,1,5_9,0.00126473
784,1979,1,5_9,0.00117902
784,1980,1,5_9,0.0011023
784,1981,1,5_9,0.00103399
784,1982,1,5_9,0.00097359
784,1983,1,5_9,0.0009208
784,1984,1,5_9,0.00087521
784,1985,1,5_9,0.00083644
784,1986,1,5_9,0.0008042
784,1987,1,5_9,0.00077748
784,1988,1,5_9,0.00075552
784,1989,1,5_9,0.00073743
784,1990,1,5_9,0.00072259
784,1991,1,5_9,0.00071049
784,1992,1,5_9,0.00070073
784,1993,1,5_9,0.00069197
784,1994,1,5_9,0.00068063
784,1995,1,5_9,0.00066293
784,1996,1,5_9,0.00063574
784,1997,1,5_9,0.00059685
784,1998,1,5_9,0.00054636
784,1999,1,5_9,0.0004902
784,2000,1,5_9,0.00043475
784,2001,1,5_9,0.00038435
784,2002,1,5_9,0.00034019
784,2003,1,5_9,0.00030457
784,2004,1,5_9,0.00027652
784,2005,1,5_9,0.00025581
784,2006,1,5_9,0.00024015
784,2007,1,5_9,0.00022735
784,2008,1,5_9,0.00021754
784,2009,1,5_9,0.00021034
784,2010,1,5_9,0.00020468
784,2011,1,5_9,0.00019946
784,2012,1,5_9,0.00019386
784,2013,1,5_9,0.00018697
784,2014,1,5_9,0.00017815
784,2015,1,5_9,0.00016746
784,2016,1,5_9,0.00015522
784,2017,1,5_9,0.00014185
784,2018,1,5_9,0.00012778
784,2019,1,5_9,0.00011347
784,2020,1,5_9,7.852e-05
784,2021,1,5_9,6.408e-05
784,2022,1,5_9,0.00010063
784,2023,1,5_9,6.333e-05
887,1950,1,5_9,0.00673497
887,1951,1,5_9,0.00667334
887,1952,1,5_9,0.00661828
887,1953,1,5_9,0.00653023
887,1954,1,5_9,0.00647312
887,1955,1,5_9,0.00644547
887,1956,1,5_9,0.00634025
887,1957,1,5_9,0.00628208
887,1958,1,5_9,0.00614503
887,1959,1,5_9,0.0060756
887,1960,1,5_9,0.00594591
887,1961,1,5_9,0.00582854
887,1962,1,5_9,0.00605408
887,1963,1,5_9,0.00632016
887,1964,1,5_9,0.00581492
887,1965,1,5_9,0.0057618
887,1966,1,5_9,0.00565421
887,1967,1,5_9,0.00549622
887,1968,1,5_9,0.00537182
887,1969,1,5_9,0.00495663
887,1970,1,5_9,0.00472259
887,1971,1,5_9,0.00453888
887,1972,1,5_9,0.00436372
887,1973,1,5_9,0.00426785
887,1974,1,5_9,0.00413283
887,1975,1,5_9,0.00400325
887,1976,1,5_9,0.00386489
887,1977,1,5_9,0.00373454
887,1978,1,5_9,0.00359951
887,1979,1,5_9,0.00341431
887,1980,1,5_9,0.00326383
887,1981,1,5_9,0.00309454
887,1982,1,5_9,0.00307013
887,1983,1,5_9,0.00279723
887,1984,1,5_9,0.0026388
887,1985,1,5_9,0.00251874
887,1986,1,5_9,0.00241231
887,1987,1,5_9,0.00232766
887,1988,1,5_9,0.00223931
887,1989,1,5_9,0.00215977
887,1990,1,5_9,0.00207961
887,1991,1,5_9,0.00211755
887,1992,1,5_9,0.00204401
887,1993,1,5_9,0.00199319
887,1994,1,5_9,0.00191379
887,1995,1,5_9,0.00184348
887,1996,1,5_9,0.00180129
887,1997,1,5_9,0.00173076
887,1998,1,5_9,0.00166104
887,1999,1,5_9,0.00158714
887,2000,1,5_9,0.00152073
887,2001,1,5_9,0.00144587
887,2002,1,5_9,0.00138878
887,2003,1,5_9,0.00130874
887,2004,1,5_9,0.00124955
887,2005,1,5_9,0.00120053
887,2006,1,5_9,0.00114976
887,2007,1,5_9,0.00110465
887,2008,1,5_9,0.00106544
887,2009,1,5_9,0.00102209
887,2010,1,5_9,0.00099173
887,2011,1,5_9,0.00097161
887,2012,1,5_9,0.00096604
887,2013,1,5_9,0.00092471
887,2014,1,5_9,0.00092459
887,2015,1,5_9,0.00102152
887,2016,1,5_9,0.00099194
887,2017,1,5_9,0.00096697
887,2018,1,5_9,0.00103478
887,2019,1,5_9,0.00101801
887,2020,1,5_9,0.00089321
887,2021,1,5_9,0.00088996
887,2022,1,5_9,0.0008428
887,2023,1,5_9,0.00079895
112,1950,1,5_9,0.00252945
112,1951,1,5_9,0.00237543
112,1952,1,5_9,0.00206821
112,1953,1,5_9,0.0017965
112,1954,1,5_9,0.00155214
112,1955,1,5_9,0.00133567
112,1956,1,5_9,0.00114358
112,1957,1,5_9,0.0009806
112,1958,1,5_9,0.00087617
112,1959,1,5_9,0.00080239
112,1960,1,5_9,0.00078709
112,1961,1,5_9,0.0008112
112,1962,1,5_9,0.00072846
112,1963,1,5_9,0.00062251
112,1964,1,5_9,0.00051135
112,1965,1,5_9,0.00050035
112,1966,1,5_9,0.00053632
112,1967,1,5_9,0.00053302
112,1968,1,5_9,0.00048666
112,1969,1,5_9,0.00047883
112,1970,1,5_9,0.00056447
112,1971,1,5_9,0.00061412
112,1972,1,5_9,0.00057306
112,1973,1,5_9,0.00042624
112,1974,1,5_9,0.0003861
112,1975,1,5_9,0.00042131
112,1976,1,5_9,0.0004665
112,1977,1,5_9,0.00049311
112,1978,1,5_9,0.00050846
112,1979,1,5_9,0.00051685
112,1980,1,5_9,0.00065042
112,1981,1,5_9,0.00064311
112,1982,1,5_9,0.00068019
112,1983,1,5_9,0.00044091
112,1984,1,5_9,0.00048513
112,1985,1,5_9,0.00043582
112,1986,1,5_9,0.00047672
112,1987,1,5_9,0.00040072
112,1988,1,5_9,0.00044192
112,1989,1,5_9,0.00046484
112,1990,1,5_9,0.0005619
112,1991,1,5_9,0.00050069
112,1992,1,5_9,0.00056584
112,1993,1,5_9,0.0004939
112,1994,1,5_9,0.00050746
112,1995,1,5_9,0.00038248
112,1996,1,5_9,0.00038071
112,1997,1,5_9,0.00034392
112,1998,1,5_9,0.00032358
112,1999,1,5_9,0.0002852
112,2000,1,5_9,0.00024168
112,2001,1,5_9,0.00032328
112,2002,1,5_9,0.00027329
112,2003,1,5_9,0.00030431
112,2004,1,5_9,0.00033597
112,2005,1,5_9,0.00037011
112,2006,1,5_9,0.00027945
112,2007,1,5_9,0.00014974
112,2008,1,5_9,0.00022724
112,2009,1,5_9,0.00032039
112,2010,1,5_9,0.00037238
112,2011,1,5_9,0.00028383
112,2012,1,5_9,0.00027379
112,2013,1,5_9,0.00021892
112,2014,1,5_9,0.00018387
112,2015,1,5_9,0.00013918
112,2016,1,5_9,0.00017432
112,2017,1,5_9,0.00014022
112,2018,1,5_9,0.00013662
112,2019,1,5_9,0.00011122
112,2020,1,5_9,0.00014314
112,2021,1,5_9,0.00013826
112,2022,1,5_9,0.00013375
112,2023,1,5_9,0.0001293
100,1950,1,5_9,0.00166034
100,1951,1,5_9,0.00169256
100,1952,1,5_9,0.00149673
100,1953,1,5_9,0.00129037
100,1954,1,5_9,0.00113221
100,1955,1,5_9,0.00095222
100,1956,1,5_9,0.00097624
100,1957,1,5_9,0.00088808
100,1958,1,5_9,0.00086805
100,1959,1,5_9,0.00083408
100,1960,1,5_9,0.00081024
100,1961,1,5_9,0.00067407
100,1962,1,5_9,0.00077804
100,1963,1,5_9,0.00069213
100,1964,1,5_9,0.00064397
100,1965,1,5_9,0.00069204
100,1966,1,5_9,0.00072403
100,1967,1,5_9,0.00075606
100,1968,1,5_9,0.00061808
100,1969,1,5_9,0.00066399
100,1970,1,5_9,0.00060407
100,1971,1,5_9,0.00056405
100,1972,1,5_9,0.00054809
100,1973,1,5_9,0.00061399
100,1974,1,5_9,0.00057008
100,1975,1,5_9,0.00061005
100,1976,1,5_9,0.00053203
100,1977,1,5_9,0.00061202
100,1978,1,5_9,0.00054606
100,1979,1,5_9,0.000562
100,1980,1,5_9,0.00051801
100,1981,1,5_9,0.00054601
100,1982,1,5_9,0.00059
100,1983,1,5_9,0.00048601
100,1984,1,5_9,0.00054601
100,1985,1,5_9,0.000516
100,1986,1,5_9,0.00041402
100,1987,1,5_9,0.00053809
100,1988,1,5_9,0.00055603
100,1989,1,5_9,0.000474
100,1990,1,5_9,0.00044803
100,1991,1,5_9,0.00050199
100,1992,1,5_9,0.00052006
100,1993,1,5_9,0.00047007
100,1994,1,5_9,0.00051408
100,1995,1,5_9,0.00045202
100,1996,1,5_9,0.00044205
100,1997,1,5_9,0.00053606
100,1998,1,5_9,0.00046005
100,1999,1,5_9,0.00041203
100,2000,1,5_9,0.00041602
100,2001,1,5_9,0.00030603
100,2002,1,5_9,0.00030399
100,2003,1,5_9,0.00030797
100,2004,1,5_9,0.00031998
100,2005,1,5_9,0.00031598
100,2006,1,5_9,0.00035806
100,2007,1,5_9,0.00027797
100,2008,1,5_9,0.000386
100,2009,1,5_9,0.00034804
100,2010,1,5_9,0.00025803
100,2011,1,5_9,0.000182
100,2012,1,5_9,0.00021202
100,2013,1,5_9,0.00023001
100,2014,1,5_9,0.00017201
100,2015,1,5_9,0.00026402
100,2016,1,5_9,0.000162
100,2017,1,5_9,0.00020201
100,2018,1,5_9,0.000198
100,2019,1,5_9,0.000132
100,2020,1,5_9,0.000148
100,2021,1,5_9,0.00017201
100,2022,1,5_9,0.00015666
100,2023,1,5_9,0.00011154
203,1950,1,5_9,0.00087405
203,1951,1,5_9,0.00086601
203,1952,1,5_9,0.00077815
203,1953,1,5_9,0.00070611
203,1954,1,5_9,0.00056605
203,1955,1,5_9,0.00068203
203,1956,1,5_9,0.00062604
203,1957,1,5_9,0.00076403
203,1958,1,5_9,0.00056803
203,1959,1,5_9,0.00054805
203,1960,1,5_9,0.00046205
203,1961,1,5_9,0.00062404
203,1962,1,5_9,0.00067605
203,1963,1,5_9,0.00050205
203,1964,1,5_9,0.00054006
203,1965,1,5_9,0.00050197
203,1966,1,5_9,0.00054799
203,1967,1,5_9,0.000448
203,1968,1,5_9,0.00063602
203,1969,1,5_9,0.00051403
203,1970,1,5_9,0.00047202
203,1971,1,5_9,0.000468
203,1972,1,5_9,0.00045605
203,1973,1,5_9,0.00049204
203,1974,1,5_9,0.00050203
203,1975,1,5_9,0.00050204
203,1976,1,5_9,0.00043801
203,1977,1,5_9,0.00041001
203,1978,1,5_9,0.00039202
203,1979,1,5_9,0.00047004
203,1980,1,5_9,0.00049203
203,1981,1,5_9,0.00046801
203,1982,1,5_9,0.00036004
203,1983,1,5_9,0.000404
203,1984,1,5_9,0.00037604
203,1985,1,5_9,0.00031801
203,1986,1,5_9,0.00036999
203,1987,1,5_9,0.00034
203,1988,1,5_9,0.000326
203,1989,1,5_9,0.00031602
203,1990,1,5_9,0.00031801
203,1991,1,5_9,0.00026599
203,1992,1,5_9,0.00026802
203,1993,1,5_9,0.00026999
203,1994,1,5_9,0.000276
203,1995,1,5_9,0.00026801
203,1996,1,5_9,0.000246
203,1997,1,5_9,0.00020401
203,1998,1,5_9,0.00020999
203,1999,1,5_9,0.00019
203,2000,1,5_9,0.000208
203,2001,1,5_9,0.00016001
203,2002,1,5_9,0.00019801
203,2003,1,5_9,0.00016599
203,2004,1,5_9,0.00015399
203,2005,1,5_9,0.000138
203,2006,1,5_9,0.00019199
203,2007,1,5_9,0.000112
203,2008,1,5_9,0.000112
203,2009,1,5_9,0.00011
203,2010,1,5_9,9.2e-05
203,2011,1,5_9,9.2e-05
203,2012,1,5_9,6.8e-05
203,2013,1,5_9,0.000104
203,2014,1,5_9,0.000102
203,2015,1,5_9,8.6e-05
203,2016,1,5_9,8e-05
203,2017,1,5_9,0.000112
203,2018,1,5_9,8.2e-05
203,2019,1,5_9,0.0001
203,2020,1,5_9,8.4e-05
203,2021,1,5_9,8.4e-05
203,2022,1,5_9,9.55e-05
203,2023,1,5_9,8.587e-05
348,1950,1,5_9,0.00138028
348,1951,1,5_9,0.00114225
348,1952,1,5_9,0.00095006
348,1953,1,5_9,0.00095218
348,1954,1,5_9,0.00076601
348,1955,1,5_9,0.00071602
348,1956,1,5_9,0.00070805
348,1957,1,5_9,0.00072011
348,1958,1,5_9,0.00065407
348,1959,1,5_9,0.00060608
348,1960,1,5_9,0.00056
348,1961,1,5_9,0.00059602
348,1962,1,5_9,0.00052002
348,1963,1,5_9,0.00048203
348,1964,1,5_9,0.00045602
348,1965,1,5_9,0.00050802
348,1966,1,5_9,0.00045003
348,1967,1,5_9,0.00047205
348,1968,1,5_9,0.00043403
348,1969,1,5_9,0.00046604
348,1970,1,5_9,0.00046402
348,1971,1,5_9,0.00054005
348,1972,1,5_9,0.00046599
348,1973,1,5_9,0.000384
348,1974,1,5_9,0.00040805
348,1975,1,5_9,0.00041601
348,1976,1,5_9,0.00033003
348,1977,1,5_9,0.00040401
348,1978,1,5_9,0.00042005
348,1979,1,5_9,0.00040001
348,1980,1,5_9,0.000416
348,1981,1,5_9,0.00036602
348,1982,1,5_9,0.00033801
348,1983,1,5_9,0.00033401
348,1984,1,5_9,0.00028602
348,1985,1,5_9,0.00030601
348,1986,1,5_9,0.00033201
348,1987,1,5_9,0.00028401
348,1988,1,5_9,0.00029601
348,1989,1,5_9,0.00032198
348,1990,1,5_9,0.00031199
348,1991,1,5_9,0.00035201
348,1992,1,5_9,0.00025999
348,1993,1,5_9,0.00026398
348,1994,1,5_9,0.00019801
348,1995,1,5_9,0.00026001
348,1996,1,5_9,0.000228
348,1997,1,5_9,0.00022799
348,1998,1,5_9,0.000216
348,1999,1,5_9,0.000204
348,2000,1,5_9,0.000186
348,2001,1,5_9,0.000174
348,2002,1,5_9,0.000208
348,2003,1,5_9,0.000172
348,2004,1,5_9,0.000174
348,2005,1,5_9,0.000184
348,2006,1,5_9,0.00013
348,2007,1,5_9,0.000128
348,2008,1,5_9,0.000136
348,2009,1,5_9,0.00014
348,2010,1,5_9,0.00012
348,2011,1,5_9,0.000114
348,2012,1,5_9,7.8e-05
348,2013,1,5_9,9e-05
348,2014,1,5_9,0.000112
348,2015,1,5_9,0.00014799
348,2016,1,5_9,8.8e-05
348,2017,1,5_9,0.000112
348,2018,1,5_9,6e-05
348,2019,1,5_9,0.000148
348,2020,1,5_9,0.000116
348,2021,1,5_9,0.000122
348,2022,1,5_9,0.00014643
348,2023,1,5_9,0.00013161
616,1950,1,5_9,0.0017368
616,1951,1,5_9,0.00167464
616,1952,1,5_9,0.00160888
616,1953,1,5_9,0.00147726
616,1954,1,5_9,0.00133699
616,1955,1,5_9,0.00119887
616,1956,1,5_9,0.00106503
616,1957,1,5_9,0.00092402
616,1958,1,5_9,0.0008564
616,1959,1,5_9,0.00074142
616,1960,1,5_9,0.00070207
616,1961,1,5_9,0.00065473
616,1962,1,5_9,0.00063472
616,1963,1,5_9,0.00059072
616,1964,1,5_9,0.00055739
616,1965,1,5_9,0.00054273
616,1966,1,5_9,0.00054606
616,1967,1,5_9,0.00056272
616,1968,1,5_9,0.00055872
616,1969,1,5_9,0.00055139
616,1970,1,5_9,0.00054071
616,1971,1,5_9,0.00054338
616,1972,1,5_9,0.00053471
616,1973,1,5_9,0.00050271
616,1974,1,5_9,0.00049337
616,1975,1,5_9,0.00047804
616,1976,1,5_9,0.00049203
616,1977,1,5_9,0.00048136
616,1978,1,5_9,0.00048468
616,1979,1,5_9,0.00047668
616,1980,1,5_9,0.00046935
616,1981,1,5_9,0.00048135
616,1982,1,5_9,0.00046402
616,1983,1,5_9,0.00043735
616,1984,1,5_9,0.00038934
616,1985,1,5_9,0.00037067
616,1986,1,5_9,0.00034934
616,1987,1,5_9,0.00034667
616,1988,1,5_9,0.00034667
616,1989,1,5_9,0.00034667
616,1990,1,5_9,0.00033133
616,1991,1,5_9,0.00030534
616,1992,1,5_9,0.00028667
616,1993,1,5_9,0.00027667
616,1994,1,5_9,0.00027271
616,1995,1,5_9,0.00027067
616,1996,1,5_9,0.00025933
616,1997,1,5_9,0.00024631
616,1998,1,5_9,0.0002355
616,1999,1,5_9,0.00022478
616,2000,1,5_9,0.00021733
616,2001,1,5_9,0.00020647
616,2002,1,5_9,0.00020366
616,2003,1,5_9,0.00019533
616,2004,1,5_9,0.00018067
616,2005,1,5_9,0.00017604
616,2006,1,5_9,0.000164
616,2007,1,5_9,0.00016467
616,2008,1,5_9,0.00015541
616,2009,1,5_9,0.00014963
616,2010,1,5_9,0.00014297
616,2011,1,5_9,0.00013333
616,2012,1,5_9,0.00012537
616,2013,1,5_9,0.00011214
616,2014,1,5_9,0.00010067
616,2015,1,5_9,9.937e-05
616,2016,1,5_9,9.67e-05
616,2017,1,5_9,9.02e-05
616,2018,1,5_9,0.0001
616,2019,1,5_9,9.613e-05
616,2020,1,5_9,9e-05
616,2021,1,5_9,8.8e-05
616,2022,1,5_9,9.06e-05
616,2023,1,5_9,8.317e-05
498,1950,1,5_9,0.0039787
498,1951,1,5_9,0.00378972
498,1952,1,5_9,0.00363635
498,1953,1,5_9,0.00347479
498,1954,1,5_9,0.00331522
498,1955,1,5_9,0.0031611
498,1956,1,5_9,0.00300464
498,1957,1,5_9,0.00285509
498,1958,1,5_9,0.00271667
498,1959,1,5_9,0.0025926
498,1960,1,5_9,0.00247918
498,1961,1,5_9,0.00237128
498,1962,1,5_9,0.00226948
498,1963,1,5_9,0.00217441
498,1964,1,5_9,0.00208568
498,1965,1,5_9,0.00200512
498,1966,1,5_9,0.0019344
498,1967,1,5_9,0.00187343
498,1968,1,5_9,0.00182124
498,1969,1,5_9,0.00177159
498,1970,1,5_9,0.00172251
498,1971,1,5_9,0.00167267
498,1972,1,5_9,0.00162424
498,1973,1,5_9,0.0015785
498,1974,1,5_9,0.00153035
498,1975,1,5_9,0.00148266
498,1976,1,5_9,0.0014357
498,1977,1,5_9,0.00139161
498,1978,1,5_9,0.00134946
498,1979,1,5_9,0.00127424
498,1980,1,5_9,0.00118869
498,1981,1,5_9,0.0010567
498,1982,1,5_9,0.00097403
498,1983,1,5_9,0.00090558
498,1984,1,5_9,0.00087536
498,1985,1,5_9,0.00083952
498,1986,1,5_9,0.00080395
498,1987,1,5_9,0.00077999
498,1988,1,5_9,0.00076499
498,1989,1,5_9,0.00076495
498,1990,1,5_9,0.0007656
498,1991,1,5_9,0.00077049
498,1992,1,5_9,0.0007788
498,1993,1,5_9,0.00077177
498,1994,1,5_9,0.00074322
498,1995,1,5_9,0.0007005
498,1996,1,5_9,0.00066482
498,1997,1,5_9,0.00063296
498,1998,1,5_9,0.0005935
498,1999,1,5_9,0.00057799
498,2000,1,5_9,0.0005567
498,2001,1,5_9,0.00052555
498,2002,1,5_9,0.00048428
498,2003,1,5_9,0.00045818
498,2004,1,5_9,0.00042842
498,2005,1,5_9,0.00040742
498,2006,1,5_9,0.00039236
498,2007,1,5_9,0.00038291
498,2008,1,5_9,0.00036243
498,2009,1,5_9,0.00033836
498,2010,1,5_9,0.00031916
498,2011,1,5_9,0.00030618
498,2012,1,5_9,0.00029014
498,2013,1,5_9,0.00028685
498,2014,1,5_9,0.00028654
498,2015,1,5_9,0.00028988
498,2016,1,5_9,0.00028072
498,2017,1,5_9,0.00027715
498,2018,1,5_9,0.00028384
498,2019,1,5_9,0.00028462
498,2020,1,5_9,0.00030009
498,2021,1,5_9,0.00021979
498,2022,1,5_9,0.00019958
498,2023,1,5_9,0.00018108
642,1950,1,5_9,0.00147643
642,1951,1,5_9,0.00139613
642,1952,1,5_9,0.00132319
642,1953,1,5_9,0.00125776
642,1954,1,5_9,0.00121003
642,1955,1,5_9,0.00116536
642,1956,1,5_9,0.00113325
642,1957,1,5_9,0.00110781
642,1958,1,5_9,0.00107676
642,1959,1,5_9,0.00103932
642,1960,1,5_9,0.00098994
642,1961,1,5_9,0.00091772
642,1962,1,5_9,0.00085937
642,1963,1,5_9,0.00082177
642,1964,1,5_9,0.00078282
642,1965,1,5_9,0.00077265
642,1966,1,5_9,0.00075466
642,1967,1,5_9,0.0007722
642,1968,1,5_9,0.00073012
642,1969,1,5_9,0.00082815
642,1970,1,5_9,0.00089131
642,1971,1,5_9,0.00071604
642,1972,1,5_9,0.00072599
642,1973,1,5_9,0.00076608
642,1974,1,5_9,0.00075005
642,1975,1,5_9,0.00076789
642,1976,1,5_9,0.00066211
642,1977,1,5_9,0.00087323
642,1978,1,5_9,0.00073009
642,1979,1,5_9,0.00078827
642,1980,1,5_9,0.00082207
642,1981,1,5_9,0.00087415
642,1982,1,5_9,0.00084211
642,1983,1,5_9,0.0008241
642,1984,1,5_9,0.00082812
642,1985,1,5_9,0.00079604
642,1986,1,5_9,0.00080807
642,1987,1,5_9,0.00077409
642,1988,1,5_9,0.00077208
642,1989,1,5_9,0.00075218
642,1990,1,5_9,0.00071442
642,1991,1,5_9,0.00068745
642,1992,1,5_9,0.00061806
642,1993,1,5_9,0.00066833
642,1994,1,5_9,0.00084035
642,1995,1,5_9,0.00096643
642,1996,1,5_9,0.00102197
642,1997,1,5_9,0.00100766
642,1998,1,5_9,0.00091363
642,1999,1,5_9,0.0006999
642,2000,1,5_9,0.00051202
642,2001,1,5_9,0.00046201
642,2002,1,5_9,0.00044402
642,2003,1,5_9,0.00038802
642,2004,1,5_9,0.00039001
642,2005,1,5_9,0.00036399
642,2006,1,5_9,0.00034801
642,2007,1,5_9,0.000344
642,2008,1,5_9,0.00035202
642,2009,1,5_9,0.00029201
642,2010,1,5_9,0.000306
642,2011,1,5_9,0.00024599
642,2012,1,5_9,0.00024201
642,2013,1,5_9,0.000214
642,2014,1,5_9,0.00020999
642,2015,1,5_9,0.00021801
642,2016,1,5_9,0.00019
642,2017,1,5_9,0.000186
642,2018,1,5_9,0.00017001
642,2019,1,5_9,0.000196
642,2020,1,5_9,0.000172
642,2021,1,5_9,0.000156
642,2022,1,5_9,0.00019528
642,2023,1,5_9,0.00015916
643,1950,1,5_9,0.00326036
643,1951,1,5_9,0.00311609
643,1952,1,5_9,0.002736
643,1953,1,5_9,0.00255629
643,1954,1,5_9,0.00214607
643,1955,1,5_9,0.00192774
643,1956,1,5_9,0.00135408
643,1957,1,5_9,0.00136169
643,1958,1,5_9,0.00122576
643,1959,1,5_9,0.00115342
643,1960,1,5_9,0.00106258
643,1961,1,5_9,0.00100409
643,1962,1,5_9,0.00096078
643,1963,1,5_9,0.00094622
643,1964,1,5_9,0.00086414
643,1965,1,5_9,0.0008365
643,1966,1,5_9,0.0008627
643,1967,1,5_9,0.00080381
643,1968,1,5_9,0.00078175
643,1969,1,5_9,0.00078607
643,1970,1,5_9,0.00079805
643,1971,1,5_9,0.00078747
643,1972,1,5_9,0.00078998
643,1973,1,5_9,0.00073788
643,1974,1,5_9,0.00075888
643,1975,1,5_9,0.00073419
643,1976,1,5_9,0.00075087
643,1977,1,5_9,0.00080096
643,1978,1,5_9,0.00070547
643,1979,1,5_9,0.00075335
643,1980,1,5_9,0.00072709
643,1981,1,5_9,0.00078349
643,1982,1,5_9,0.00069332
643,1983,1,5_9,0.00069433
643,1984,1,5_9,0.00070141
643,1985,1,5_9,0.00066179
643,1986,1,5_9,0.00065177
643,1987,1,5_9,0.00063279
643,1988,1,5_9,0.00063821
643,1989,1,5_9,0.00064196
643,1990,1,5_9,0.00064034
643,1991,1,5_9,0.00072298
643,1992,1,5_9,0.00068671
643,1993,1,5_9,0.00068937
643,1994,1,5_9,0.00063918
643,1995,1,5_9,0.00068854
643,1996,1,5_9,0.00057224
643,1997,1,5_9,0.00053889
643,1998,1,5_9,0.00055858
643,1999,1,5_9,0.0005704
643,2000,1,5_9,0.00055
643,2001,1,5_9,0.00055554
643,2002,1,5_9,0.00049788
643,2003,1,5_9,0.00049935
643,2004,1,5_9,0.00048262
643,2005,1,5_9,0.00046413
643,2006,1,5_9,0.00041307
643,2007,1,5_9,0.00039194
643,2008,1,5_9,0.00033812
643,2009,1,5_9,0.00034419
643,2010,1,5_9,0.0004464
643,2011,1,5_9,0.0003106
643,2012,1,5_9,0.00032352
643,2013,1,5_9,0.000275
643,2014,1,5_9,0.00028204
643,2015,1,5_9,0.00026593
643,2016,1,5_9,0.00024246
643,2017,1,5_9,0.00023494
643,2018,1,5_9,0.00022225
643,2019,1,5_9,0.00021395
643,2020,1,5_9,0.00015128
643,2021,1,5_9,0.00018703
643,2022,1,5_9,0.00017142
643,2023,1,5_9,0.00017867
703,1950,1,5_9,0.00118836
703,1951,1,5_9,0.00115214
703,1952,1,5_9,0.00085397
703,1953,1,5_9,0.00081401
703,1954,1,5_9,0.00076813
703,1955,1,5_9,0.00076413
703,1956,1,5_9,0.00075204
703,1957,1,5_9,0.00079409
703,1958,1,5_9,0.00068207
703,1959,1,5_9,0.00077211
703,1960,1,5_9,0.00056406
703,1961,1,5_9,0.00051406
703,1962,1,5_9,0.00053805
703,1963,1,5_9,0.00063405
703,1964,1,5_9,0.00070612
703,1965,1,5_9,0.00064612
703,1966,1,5_9,0.00062819
703,1967,1,5_9,0.00060409
703,1968,1,5_9,0.00061811
703,1969,1,5_9,0.00072012
703,1970,1,5_9,0.00051804
703,1971,1,5_9,0.0006001
703,1972,1,5_9,0.00057213
703,1973,1,5_9,0.00059797
703,1974,1,5_9,0.00052004
703,1975,1,5_9,0.00057602
703,1976,1,5_9,0.00054602
703,1977,1,5_9,0.00055409
703,1978,1,5_9,0.00046405
703,1979,1,5_9,0.00046801
703,1980,1,5_9,0.00048597
703,1981,1,5_9,0.00045003
703,1982,1,5_9,0.00043403
703,1983,1,5_9,0.00042597
703,1984,1,5_9,0.00037401
703,1985,1,5_9,0.00044602
703,1986,1,5_9,0.00031002
703,1987,1,5_9,0.00031801
703,1988,1,5_9,0.000266
703,1989,1,5_9,0.00029601
703,1990,1,5_9,0.00030599
703,1991,1,5_9,0.00033402
703,1992,1,5_9,0.00028201
703,1993,1,5_9,0.00026202
703,1994,1,5_9,0.00025601
703,1995,1,5_9,0.000306
703,1996,1,5_9,0.00025598
703,1997,1,5_9,0.00028602
703,1998,1,5_9,0.00028802
703,1999,1,5_9,0.00026599
703,2000,1,5_9,0.00020199
703,2001,1,5_9,0.000304
703,2002,1,5_9,0.00030202
703,2003,1,5_9,0.00017802
703,2004,1,5_9,0.00021801
703,2005,1,5_9,0.00027
703,2006,1,5_9,0.000258
703,2007,1,5_9,0.000208
703,2008,1,5_9,0.000184
703,2009,1,5_9,0.00018201
703,2010,1,5_9,0.00017199
703,2011,1,5_9,0.000238
703,2012,1,5_9,0.00016199
703,2013,1,5_9,0.00016401
703,2014,1,5_9,0.000158
703,2015,1,5_9,0.00013
703,2016,1,5_9,0.000116
703,2017,1,5_9,0.00012001
703,2018,1,5_9,0.000112
703,2019,1,5_9,0.000106
703,2020,1,5_9,0.00016
703,2021,1,5_9,0.000158
703,2022,1,5_9,0.00012496
703,2023,1,5_9,9.417e-05
804,1950,1,5_9,0.00224809
804,1951,1,5_9,0.00221142
804,1952,1,5_9,0.00196245
804,1953,1,5_9,0.00169465
804,1954,1,5_9,0.00145642
804,1955,1,5_9,0.00126779
804,1956,1,5_9,0.00114121
804,1957,1,5_9,0.00108234
804,1958,1,5_9,0.00100951
804,1959,1,5_9,0.00093588
804,1960,1,5_9,0.00086538
804,1961,1,5_9,0.00083319
804,1962,1,5_9,0.00081673
804,1963,1,5_9,0.00078272
804,1964,1,5_9,0.00075471
804,1965,1,5_9,0.00071203
804,1966,1,5_9,0.00070804
804,1967,1,5_9,0.0007187
804,1968,1,5_9,0.00072271
804,1969,1,5_9,0.00073136
804,1970,1,5_9,0.00071472
804,1971,1,5_9,0.00071539
804,1972,1,5_9,0.00068806
804,1973,1,5_9,0.00069003
804,1974,1,5_9,0.0006867
804,1975,1,5_9,0.0006847
804,1976,1,5_9,0.00071204
804,1977,1,5_9,0.00070137
804,1978,1,5_9,0.00073603
804,1979,1,5_9,0.00068736
804,1980,1,5_9,0.0006807
804,1981,1,5_9,0.00064603
804,1982,1,5_9,0.00066803
804,1983,1,5_9,0.00064669
804,1984,1,5_9,0.00064002
804,1985,1,5_9,0.00060736
804,1986,1,5_9,0.00059736
804,1987,1,5_9,0.0005867
804,1988,1,5_9,0.00059405
804,1989,1,5_9,0.00059404
804,1990,1,5_9,0.00061402
804,1991,1,5_9,0.00060638
804,1992,1,5_9,0.00060271
804,1993,1,5_9,0.00057815
804,1994,1,5_9,0.00057824
804,1995,1,5_9,0.00056546
804,1996,1,5_9,0.00053536
804,1997,1,5_9,0.00050831
804,1998,1,5_9,0.00048959
804,1999,1,5_9,0.00048135
804,2000,1,5_9,0.00047761
804,2001,1,5_9,0.00047747
804,2002,1,5_9,0.00046802
804,2003,1,5_9,0.00044402
804,2004,1,5_9,0.00044601
804,2005,1,5_9,0.00043868
804,2006,1,5_9,0.00044937
804,2007,1,5_9,0.00040534
804,2008,1,5_9,0.00036384
804,2009,1,5_9,0.00031401
804,2010,1,5_9,0.00029342
804,2011,1,5_9,0.000284
804,2012,1,5_9,0.00025734
804,2013,1,5_9,0.000241
804,2014,1,5_9,0.00023418
804,2015,1,5_9,0.00021022
804,2016,1,5_9,0.00018303
804,2017,1,5_9,0.00016941
804,2018,1,5_9,0.00017128
804,2019,1,5_9,0.00015807
804,2020,1,5_9,0.00014817
804,2021,1,5_9,0.0001665
804,2022,1,5_9,0.00021276
804,2023,1,5_9,0.00014456
208,1950,1,5_9,0.00052606
208,1951,1,5_9,0.00053007
208,1952,1,5_9,0.00069201
208,1953,1,5_9,0.00064202
208,1954,1,5_9,0.00044204
208,1955,1,5_9,0.00041209
208,1956,1,5_9,0.00044601
208,1957,1,5_9,0.00045205
208,1958,1,5_9,0.00050001
208,1959,1,5_9,0.00048606
208,1960,1,5_9,0.00051609
208,1961,1,5_9,0.0005781
208,1962,1,5_9,0.00055804
208,1963,1,5_9,0.00056399
208,1964,1,5_9,0.0004941
208,1965,1,5_9,0.00052
208,1966,1,5_9,0.00053004
208,1967,1,5_9,0.00050396
208,1968,1,5_9,0.00062601
208,1969,1,5_9,0.00056398
208,1970,1,5_9,0.00049801
208,1971,1,5_9,0.00058204
208,1972,1,5_9,0.00050409
208,1973,1,5_9,0.000522
208,1974,1,5_9,0.00040796
208,1975,1,5_9,0.000478
208,1976,1,5_9,0.00035801
208,1977,1,5_9,0.00034001
208,1978,1,5_9,0.00030397
208,1979,1,5_9,0.00035202
208,1980,1,5_9,0.000274
208,1981,1,5_9,0.00036399
208,1982,1,5_9,0.00027399
208,1983,1,5_9,0.00025998
208,1984,1,5_9,0.00019601
208,1985,1,5_9,0.00035796
208,1986,1,5_9,0.00018799
208,1987,1,5_9,0.000208
208,1988,1,5_9,0.00025201
208,1989,1,5_9,0.000188
208,1990,1,5_9,0.00028601
208,1991,1,5_9,0.00026998
208,1992,1,5_9,0.00021799
208,1993,1,5_9,0.00020201
208,1994,1,5_9,0.00019799
208,1995,1,5_9,0.00017599
208,1996,1,5_9,0.000164
208,1997,1,5_9,0.00018201
208,1998,1,5_9,0.00016199
208,1999,1,5_9,0.00015001
208,2000,1,5_9,0.00012801
208,2001,1,5_9,0.000168
208,2002,1,5_9,0.000122
208,2003,1,5_9,0.000108
208,2004,1,5_9,0.00011199
208,2005,1,5_9,0.00012199
208,2006,1,5_9,0.000116
208,2007,1,5_9,9.4e-05
208,2008,1,5_9,9.7e-05
208,2009,1,5_9,6e-05
208,2010,1,5_9,7.2e-05
208,2011,1,5_9,6.6e-05
208,2012,1,5_9,0.00011399
208,2013,1,5_9,4.8e-05
208,2014,1,5_9,6e-05
208,2015,1,5_9,7.8e-05
208,2016,1,5_9,7.9e-05
208,2017,1,5_9,5.4e-05
208,2018,1,5_9,7.7e-05
208,2019,1,5_9,6.1e-05
208,2020,1,5_9,0.000101
208,2021,1,5_9,9.8e-05
208,2022,1,5_9,5e-05
208,2023,1,5_9,8.1e-05
233,1950,1,5_9,0.00133304
233,1951,1,5_9,0.0012618
233,1952,1,5_9,0.00119293
233,1953,1,5_9,0.00112963
233,1954,1,5_9,0.00107305
233,1955,1,5_9,0.00101843
233,1956,1,5_9,0.00096295
233,1957,1,5_9,0.000915
233,1958,1,5_9,0.0008611
233,1959,1,5_9,0.00096418
233,1960,1,5_9,0.00089583
233,1961,1,5_9,0.00064994
233,1962,1,5_9,0.0007501
233,1963,1,5_9,0.00064181
233,1964,1,5_9,0.00082013
233,1965,1,5_9,0.00075209
233,1966,1,5_9,0.00052803
233,1967,1,5_9,0.00069589
233,1968,1,5_9,0.00093815
233,1969,1,5_9,0.0007302
233,1970,1,5_9,0.00049994
233,1971,1,5_9,0.00085375
233,1972,1,5_9,0.00084399
233,1973,1,5_9,0.00048794
233,1974,1,5_9,0.00085204
233,1975,1,5_9,0.00048196
233,1976,1,5_9,0.00057798
233,1977,1,5_9,0.00057398
233,1978,1,5_9,0.0006701
233,1979,1,5_9,0.00080805
233,1980,1,5_9,0.00061009
233,1981,1,5_9,0.00069611
233,1982,1,5_9,0.00055601
233,1983,1,5_9,0.00087606
233,1984,1,5_9,0.00039401
233,1985,1,5_9,0.00063991
233,1986,1,5_9,0.00047402
233,1987,1,5_9,0.00058809
233,1988,1,5_9,0.00056601
233,1989,1,5_9,0.00074389
233,1990,1,5_9,0.0007179
233,1991,1,5_9,0.0006
233,1992,1,5_9,0.00058617
233,1993,1,5_9,0.00046001
233,1994,1,5_9,0.00045399
233,1995,1,5_9,0.00067018
233,1996,1,5_9,0.00045604
233,1997,1,5_9,0.00056209
233,1998,1,5_9,0.00041594
233,1999,1,5_9,0.00034394
233,2000,1,5_9,0.00042197
233,2001,1,5_9,0.00044312
233,2002,1,5_9,0.00044906
233,2003,1,5_9,0.00022602
233,2004,1,5_9,0.00023805
233,2005,1,5_9,0.00035597
233,2006,1,5_9,0.00021797
233,2007,1,5_9,0.00022802
233,2008,1,5_9,0.00026996
233,2009,1,5_9,0.000111
233,2010,1,5_9,0.00022998
233,2011,1,5_9,0.00016801
233,2012,1,5_9,0.000126
233,2013,1,5_9,0.00020398
233,2014,1,5_9,0.00021
233,2015,1,5_9,0.00014102
233,2016,1,5_9,0.00017001
233,2017,1,5_9,0.000128
233,2018,1,5_9,0.00012399
233,2019,1,5_9,0.00018101
233,2020,1,5_9,0.00013601
233,2021,1,5_9,0.00013399
233,2022,1,5_9,0.00010895
233,2023,1,5_9,0.00016054
234,1950,1,5_9,0.00215157
234,1951,1,5_9,0.00193788
234,1952,1,5_9,0.00174397
234,1953,1,5_9,0.00154917
234,1954,1,5_9,0.00137143
234,1955,1,5_9,0.00119455
234,1956,1,5_9,0.00103279
234,1957,1,5_9,0.00089014
234,1958,1,5_9,0.00077851
234,1959,1,5_9,0.00068413
234,1960,1,5_9,0.0006148
234,1961,1,5_9,0.0005578
234,1962,1,5_9,0.00051591
234,1963,1,5_9,0.00048309
234,1964,1,5_9,0.00045664
234,1965,1,5_9,0.00043403
234,1966,1,5_9,0.00041354
234,1967,1,5_9,0.00039409
234,1968,1,5_9,0.00037557
234,1969,1,5_9,0.00035887
234,1970,1,5_9,0.00034467
234,1971,1,5_9,0.00033263
234,1972,1,5_9,0.0003235
234,1973,1,5_9,0.0003134
234,1974,1,5_9,0.00030367
234,1975,1,5_9,0.00029279
234,1976,1,5_9,0.00028048
234,1977,1,5_9,0.00026974
234,1978,1,5_9,0.00026121
234,1979,1,5_9,0.00025581
234,1980,1,5_9,0.00025345
234,1981,1,5_9,0.00025416
234,1982,1,5_9,0.00025633
234,1983,1,5_9,0.00025873
234,1984,1,5_9,0.00026006
234,1985,1,5_9,0.00025965
234,1986,1,5_9,0.0002568
234,1987,1,5_9,0.00025135
234,1988,1,5_9,0.00024399
234,1989,1,5_9,0.00023511
234,1990,1,5_9,0.00022684
234,1991,1,5_9,0.00021875
234,1992,1,5_9,0.00021136
234,1993,1,5_9,0.00020584
234,1994,1,5_9,0.00020059
234,1995,1,5_9,0.00019627
234,1996,1,5_9,0.00019251
234,1997,1,5_9,0.00018797
234,1998,1,5_9,0.00018361
234,1999,1,5_9,0.00017932
234,2000,1,5_9,0.00017533
234,2001,1,5_9,0.00017186
234,2002,1,5_9,0.00016927
234,2003,1,5_9,0.00016718
234,2004,1,5_9,0.00016593
234,2005,1,5_9,0.00016526
234,2006,1,5_9,0.0001643
234,2007,1,5_9,0.00016341
234,2008,1,5_9,0.00016218
234,2009,1,5_9,0.00016055
234,2010,1,5_9,0.00015841
234,2011,1,5_9,0.00015555
234,2012,1,5_9,0.00015211
234,2013,1,5_9,0.00014847
234,2014,1,5_9,0.00014411
234,2015,1,5_9,0.0001401
234,2016,1,5_9,0.00013592
234,2017,1,5_9,0.00013257
234,2018,1,5_9,0.0001294
234,2019,1,5_9,0.000127
234,2020,1,5_9,0.00012516
234,2021,1,5_9,0.00012593
234,2022,1,5_9,0.00013022
234,2023,1,5_9,0.00012129
246,1950,1,5_9,0.00115218
246,1951,1,5_9,0.00108407
246,1952,1,5_9,0.00079215
246,1953,1,5_9,0.00093406
246,1954,1,5_9,0.00083622
246,1955,1,5_9,0.00076013
246,1956,1,5_9,0.00079604
246,1957,1,5_9,0.00082207
246,1958,1,5_9,0.00068605
246,1959,1,5_9,0.00074806
246,1960,1,5_9,0.00062405
246,1961,1,5_9,0.00065409
246,1962,1,5_9,0.00061004
246,1963,1,5_9,0.00064407
246,1964,1,5_9,0.00067813
246,1965,1,5_9,0.00075203
246,1966,1,5_9,0.00066408
246,1967,1,5_9,0.00071403
246,1968,1,5_9,0.00062605
246,1969,1,5_9,0.00072418
246,1970,1,5_9,0.00064212
246,1971,1,5_9,0.00063396
246,1972,1,5_9,0.00060203
246,1973,1,5_9,0.00060606
246,1974,1,5_9,0.00046801
246,1975,1,5_9,0.00047805
246,1976,1,5_9,0.00039601
246,1977,1,5_9,0.00041798
246,1978,1,5_9,0.00042202
246,1979,1,5_9,0.00036202
246,1980,1,5_9,0.00031403
246,1981,1,5_9,0.00035798
246,1982,1,5_9,0.00025999
246,1983,1,5_9,0.00027
246,1984,1,5_9,0.00027
246,1985,1,5_9,0.00027599
246,1986,1,5_9,0.000218
246,1987,1,5_9,0.00022599
246,1988,1,5_9,0.00024199
246,1989,1,5_9,0.00023001
246,1990,1,5_9,0.00023199
246,1991,1,5_9,0.00020599
246,1992,1,5_9,0.000172
246,1993,1,5_9,0.000224
246,1994,1,5_9,0.000132
246,1995,1,5_9,0.00018001
246,1996,1,5_9,0.000172
246,1997,1,5_9,0.00025402
246,1998,1,5_9,0.000111
246,1999,1,5_9,0.00021
246,2000,1,5_9,0.00010801
246,2001,1,5_9,0.00019001
246,2002,1,5_9,0.00013001
246,2003,1,5_9,0.00010401
246,2004,1,5_9,0.00013001
246,2005,1,5_9,0.00022999
246,2006,1,5_9,0.0001
246,2007,1,5_9,9.24e-05
246,2008,1,5_9,0.00014399
246,2009,1,5_9,8.3e-05
246,2010,1,5_9,9.4e-05
246,2011,1,5_9,0.000105
246,2012,1,5_9,8e-05
246,2013,1,5_9,8.4e-05
246,2014,1,5_9,8.24e-05
246,2015,1,5_9,4.8e-05
246,2016,1,5_9,9.4e-05
246,2017,1,5_9,7.3e-05
246,2018,1,5_9,5.54e-05
246,2019,1,5_9,5.9e-05
246,2020,1,5_9,6.14e-05
246,2021,1,5_9,8.4e-05
246,2022,1,5_9,0.00015988
246,2023,1,5_9,0.0001066
831,1950,1,5_9,0.0007716
831,1951,1,5_9,0.00071251
831,1952,1,5_9,0.00052129
831,1953,1,5_9,0.00084376
831,1954,1,5_9,0.00053744
831,1955,1,5_9,0.00066651
831,1956,1,5_9,0.00035356
831,1957,1,5_9,0.00069578
831,1958,1,5_9,0.00049757
831,1959,1,5_9,0.00056095
831,1960,1,5_9,0.00034216
831,1961,1,5_9,0.00058652
831,1962,1,5_9,0.00055039
831,1963,1,5_9,0.00070319
831,1964,1,5_9,0.00054222
831,1965,1,5_9,0.00057928
831,1966,1,5_9,0.00043081
831,1967,1,5_9,0.00051211
831,1968,1,5_9,0.0006738
831,1969,1,5_9,0.00063599
831,1970,1,5_9,0.00059475
831,1971,1,5_9,0.00058941
831,1972,1,5_9,0.00056423
831,1973,1,5_9,0.00049096
831,1974,1,5_9,0.00060849
831,1975,1,5_9,0.00056756
831,1976,1,5_9,0.00054046
831,1977,1,5_9,0.00050135
831,1978,1,5_9,0.00043153
831,1979,1,5_9,0.00045093
831,1980,1,5_9,0.00033496
831,1981,1,5_9,0.00047385
831,1982,1,5_9,0.00055004
831,1983,1,5_9,0.00032213
831,1984,1,5_9,0.00032311
831,1985,1,5_9,0.00037129
831,1986,1,5_9,0.00031055
831,1987,1,5_9,0.00031115
831,1988,1,5_9,0.00032851
831,1989,1,5_9,0.00025958
831,1990,1,5_9,0.0002597
831,1991,1,5_9,0.00033345
831,1992,1,5_9,0.00025742
831,1993,1,5_9,0.00029367
831,1994,1,5_9,0.00024968
831,1995,1,5_9,0.00023594
831,1996,1,5_9,0.00021581
831,1997,1,5_9,0.00021328
831,1998,1,5_9,0.00020367
831,1999,1,5_9,0.0001558
831,2000,1,5_9,0.0001887
831,2001,1,5_9,0.00018678
831,2002,1,5_9,0.00018261
831,2003,1,5_9,0.00017815
831,2004,1,5_9,0.00016413
831,2005,1,5_9,0.0001581
831,2006,1,5_9,0.00015208
831,2007,1,5_9,0.00014867
831,2008,1,5_9,0.00014404
831,2009,1,5_9,0.00013958
831,2010,1,5_9,0.00013221
831,2011,1,5_9,0.00012732
831,2012,1,5_9,0.00012925
831,2013,1,5_9,0.00012324
831,2014,1,5_9,0.00012076
831,2015,1,5_9,0.00012336
831,2016,1,5_9,0.00012552
831,2017,1,5_9,0.00013166
831,2018,1,5_9,0.00012874
831,2019,1,5_9,0.00011905
831,2020,1,5_9,0.00011512
831,2021,1,5_9,0.000135
831,2022,1,5_9,0.0001223
831,2023,1,5_9,0.0001205
352,1950,1,5_9,0.00143329
352,1951,1,5_9,0.00036821
352,1952,1,5_9,0.00062581
352,1953,1,5_9,0.00163812
352,1954,1,5_9,0.00111049
352,1955,1,5_9,0.00054987
352,1956,1,5_9,0.0004002
352,1957,1,5_9,0.00061405
352,1958,1,5_9,0.00049021
352,1959,1,5_9,0.00038996
352,1960,1,5_9,0.00094228
352,1961,1,5_9,0.00046798
352,1962,1,5_9,0.00024209
352,1963,1,5_9,0.00053578
352,1964,1,5_9,0.00052593
352,1965,1,5_9,0.00028112
352,1966,1,5_9,0.00059185
352,1967,1,5_9,0.00067594
352,1968,1,5_9,0.00092585
352,1969,1,5_9,0.00084601
352,1970,1,5_9,0.00042816
352,1971,1,5_9,0.0009419
352,1972,1,5_9,0.00060407
352,1973,1,5_9,0.00043186
352,1974,1,5_9,0.00040056
352,1975,1,5_9,0.00017004
352,1976,1,5_9,0.00047528
352,1977,1,5_9,0.00076186
352,1978,1,5_9,0.00047003
352,1979,1,5_9,0.00092616
352,1980,1,5_9,0.00037003
352,1981,1,5_9,0.00014502
352,1982,1,5_9,0.00026611
352,1983,1,5_9,0.00062646
352,1984,1,5_9,0.000218
352,1985,1,5_9,0.00024996
352,1986,1,5_9,0.00052091
352,1987,1,5_9,0.00048092
352,1988,1,5_9,0.00022199
352,1989,1,5_9,0.00021599
352,1990,1,5_9,0.00024505
352,1991,1,5_9,0.00017604
352,1992,1,5_9,0.000151
352,1993,1,5_9,7.202e-05
352,1994,1,5_9,0.00026195
352,1995,1,5_9,0.00038458
352,1996,1,5_9,0.00015603
352,1997,1,5_9,0.00024409
352,1998,1,5_9,0.00013702
352,1999,1,5_9,0.00051498
352,2000,1,5_9,0.00020905
352,2001,1,5_9,7.202e-05
352,2002,1,5_9,0.00015701
352,2003,1,5_9,0.0003411
352,2004,1,5_9,7.202e-05
352,2005,1,5_9,7.202e-05
352,2006,1,5_9,7.202e-05
352,2007,1,5_9,0.000153
352,2008,1,5_9,0.00012703
352,2009,1,5_9,0.00012703
352,2010,1,5_9,7.202e-05
352,2011,1,5_9,0.00033107
352,2012,1,5_9,0.000157
352,2013,1,5_9,0.00011903
352,2014,1,5_9,0.00015203
352,2015,1,5_9,0.00015203
352,2016,1,5_9,7.202e-05
352,2017,1,5_9,7.202e-05
352,2018,1,5_9,7.202e-05
352,2019,1,5_9,7.202e-05
352,2020,1,5_9,7.202e-05
352,2021,1,5_9,7.202e-05
352,2022,1,5_9,6.895e-05
352,2023,1,5_9,7.003e-05
372,1950,1,5_9,0.00093204
372,1951,1,5_9,0.00092411
372,1952,1,5_9,0.00084813
372,1953,1,5_9,0.00066405
372,1954,1,5_9,0.00055605
372,1955,1,5_9,0.00061807
372,1956,1,5_9,0.00059401
372,1957,1,5_9,0.00054208
372,1958,1,5_9,0.00048013
372,1959,1,5_9,0.00048604
372,1960,1,5_9,0.00052796
372,1961,1,5_9,0.00052194
372,1962,1,5_9,0.0005401
372,1963,1,5_9,0.00048404
372,1964,1,5_9,0.00044802
372,1965,1,5_9,0.00052203
372,1966,1,5_9,0.000408
372,1967,1,5_9,0.00045604
372,1968,1,5_9,0.00058001
372,1969,1,5_9,0.00038806
372,1970,1,5_9,0.00041003
372,1971,1,5_9,0.00050208
372,1972,1,5_9,0.00060411
372,1973,1,5_9,0.00032202
372,1974,1,5_9,0.00047207
372,1975,1,5_9,0.00037
372,1976,1,5_9,0.00042602
372,1977,1,5_9,0.00052003
372,1978,1,5_9,0.000386
372,1979,1,5_9,0.00034004
372,1980,1,5_9,0.00042198
372,1981,1,5_9,0.00035202
372,1982,1,5_9,0.00034605
372,1983,1,5_9,0.00032201
372,1984,1,5_9,0.00029998
372,1985,1,5_9,0.00031
372,1986,1,5_9,0.00030402
372,1987,1,5_9,0.00021601
372,1988,1,5_9,0.00024797
372,1989,1,5_9,0.00028198
372,1990,1,5_9,0.00020799
372,1991,1,5_9,0.00021201
372,1992,1,5_9,0.00021399
372,1993,1,5_9,0.00023202
372,1994,1,5_9,0.00021401
372,1995,1,5_9,0.00021001
372,1996,1,5_9,0.000172
372,1997,1,5_9,0.000122
372,1998,1,5_9,0.00010201
372,1999,1,5_9,0.00023202
372,2000,1,5_9,0.000149
372,2001,1,5_9,0.000146
372,2002,1,5_9,0.00012599
372,2003,1,5_9,0.000137
372,2004,1,5_9,0.000174
372,2005,1,5_9,0.000113
372,2006,1,5_9,0.00015899
372,2007,1,5_9,5.7e-05
372,2008,1,5_9,0.00012
372,2009,1,5_9,6.5e-05
372,2010,1,5_9,0.00011
372,2011,1,5_9,9.6e-05
372,2012,1,5_9,9.4e-05
372,2013,1,5_9,9.2e-05
372,2014,1,5_9,8.8e-05
372,2015,1,5_9,7.6e-05
372,2016,1,5_9,3.1e-05
372,2017,1,5_9,6.8e-05
372,2018,1,5_9,5.3e-05
372,2019,1,5_9,9.6e-05
372,2020,1,5_9,9.8e-05
372,2021,1,5_9,6.8e-05
372,2022,1,5_9,8.793e-05
372,2023,1,5_9,8.348e-05
833,1950,1,5_9,0.0036975
833,1951,1,5_9,0.00360351
833,1952,1,5_9,0.00352279
833,1953,1,5_9,0.00339062
833,1954,1,5_9,0.00330116
833,1955,1,5_9,0.00321259
833,1956,1,5_9,0.00319574
833,1957,1,5_9,0.0032284
833,1958,1,5_9,0.00328334
833,1959,1,5_9,0.00335205
833,1960,1,5_9,0.00344171
833,1961,1,5_9,0.00350994
833,1962,1,5_9,0.00353683
833,1963,1,5_9,0.00353041
833,1964,1,5_9,0.00347397
833,1965,1,5_9,0.00339997
833,1966,1,5_9,0.00332297
833,1967,1,5_9,0.00325409
833,1968,1,5_9,0.00320974
833,1969,1,5_9,0.00318001
833,1970,1,5_9,0.00314537
833,1971,1,5_9,0.00310435
833,1972,1,5_9,0.00305604
833,1973,1,5_9,0.00297887
833,1974,1,5_9,0.00290418
833,1975,1,5_9,0.00281758
833,1976,1,5_9,0.00273216
833,1977,1,5_9,0.00264311
833,1978,1,5_9,0.00254333
833,1979,1,5_9,0.00243093
833,1980,1,5_9,0.00232465
833,1981,1,5_9,0.00222558
833,1982,1,5_9,0.00213712
833,1983,1,5_9,0.00205451
833,1984,1,5_9,0.00197417
833,1985,1,5_9,0.00189352
833,1986,1,5_9,0.00180293
833,1987,1,5_9,0.00171279
833,1988,1,5_9,0.00162028
833,1989,1,5_9,0.00153163
833,1990,1,5_9,0.00143242
833,1991,1,5_9,0.00132483
833,1992,1,5_9,0.00121716
833,1993,1,5_9,0.00112744
833,1994,1,5_9,0.00103444
833,1995,1,5_9,0.00096218
833,1996,1,5_9,0.00090039
833,1997,1,5_9,0.00084284
833,1998,1,5_9,0.0007825
833,1999,1,5_9,0.00073244
833,2000,1,5_9,0.00067507
833,2001,1,5_9,0.00062546
833,2002,1,5_9,0.00058171
833,2003,1,5_9,0.00053678
833,2004,1,5_9,0.00049692
833,2005,1,5_9,0.00046579
833,2006,1,5_9,0.00044087
833,2007,1,5_9,0.00041938
833,2008,1,5_9,0.00040271
833,2009,1,5_9,0.00038736
833,2010,1,5_9,0.00037799
833,2011,1,5_9,0.00037119
833,2012,1,5_9,0.00036609
833,2013,1,5_9,0.00036247
833,2014,1,5_9,0.0003604
833,2015,1,5_9,0.00035983
833,2016,1,5_9,0.00035885
833,2017,1,5_9,0.0003582
833,2018,1,5_9,0.00035771
833,2019,1,5_9,0.00035658
833,2020,1,5_9,0.00035532
833,2021,1,5_9,0.00035717
833,2022,1,5_9,0.00035252
833,2023,1,5_9,0.00035129
832,1950,1,5_9,0.00092748
832,1951,1,5_9,0.00090571
832,1952,1,5_9,0.00087161
832,1953,1,5_9,0.00085097
832,1954,1,5_9,0.00083598
832,1955,1,5_9,0.00082052
832,1956,1,5_9,0.00082247
832,1957,1,5_9,0.0008385
832,1958,1,5_9,0.00084442
832,1959,1,5_9,0.00085564
832,1960,1,5_9,0.00086976
832,1961,1,5_9,0.00086269
832,1962,1,5_9,0.00083447
832,1963,1,5_9,0.00081584
832,1964,1,5_9,0.00079756
832,1965,1,5_9,0.00077051
832,1966,1,5_9,0.00075162
832,1967,1,5_9,0.00075867
832,1968,1,5_9,0.00076717
832,1969,1,5_9,0.00076269
832,1970,1,5_9,0.0007769
832,1971,1,5_9,0.00078629
832,1972,1,5_9,0.000775
832,1973,1,5_9,0.000749
832,1974,1,5_9,0.00073624
832,1975,1,5_9,0.00071263
832,1976,1,5_9,0.00069196
832,1977,1,5_9,0.00068045
832,1978,1,5_9,0.00067265
832,1979,1,5_9,0.00065721
832,1980,1,5_9,0.00062729
832,1981,1,5_9,0.00059221
832,1982,1,5_9,0.00054546
832,1983,1,5_9,0.00049907
832,1984,1,5_9,0.00045553
832,1985,1,5_9,0.00042797
832,1986,1,5_9,0.00040107
832,1987,1,5_9,0.00038086
832,1988,1,5_9,0.00035893
832,1989,1,5_9,0.00034096
832,1990,1,5_9,0.00032124
832,1991,1,5_9,0.00030482
832,1992,1,5_9,0.00028974
832,1993,1,5_9,0.00027777
832,1994,1,5_9,0.00026352
832,1995,1,5_9,0.00025141
832,1996,1,5_9,0.00024186
832,1997,1,5_9,0.00023401
832,1998,1,5_9,0.00022715
832,1999,1,5_9,0.00022258
832,2000,1,5_9,0.00021677
832,2001,1,5_9,0.00021042
832,2002,1,5_9,0.00020421
832,2003,1,5_9,0.00019604
832,2004,1,5_9,0.00018809
832,2005,1,5_9,0.00018154
832,2006,1,5_9,0.00017585
832,2007,1,5_9,0.00017092
832,2008,1,5_9,0.00016819
832,2009,1,5_9,0.00016594
832,2010,1,5_9,0.00016328
832,2011,1,5_9,0.0001611
832,2012,1,5_9,0.00016052
832,2013,1,5_9,0.00016045
832,2014,1,5_9,0.00016121
832,2015,1,5_9,0.00016382
832,2016,1,5_9,0.00016686
832,2017,1,5_9,0.00016944
832,2018,1,5_9,0.00017144
832,2019,1,5_9,0.00017264
832,2020,1,5_9,0.00017295
832,2021,1,5_9,0.00017622
832,2022,1,5_9,0.00017201
832,2023,1,5_9,0.00017158
428,1950,1,5_9,0.00172912
428,1951,1,5_9,0.0016052
428,1952,1,5_9,0.00150192
428,1953,1,5_9,0.00140407
428,1954,1,5_9,0.00131828
428,1955,1,5_9,0.00123545
428,1956,1,5_9,0.00115516
428,1957,1,5_9,0.00108566
428,1958,1,5_9,0.00101775
428,1959,1,5_9,0.001116
428,1960,1,5_9,0.00072601
428,1961,1,5_9,0.00098003
428,1962,1,5_9,0.00071198
428,1963,1,5_9,0.00081598
428,1964,1,5_9,0.00076403
428,1965,1,5_9,0.00063204
428,1966,1,5_9,0.00070812
428,1967,1,5_9,0.00088398
428,1968,1,5_9,0.00068198
428,1969,1,5_9,0.00060806
428,1970,1,5_9,0.00080197
428,1971,1,5_9,0.00081393
428,1972,1,5_9,0.00083599
428,1973,1,5_9,0.00065405
428,1974,1,5_9,0.00064802
428,1975,1,5_9,0.0008219
428,1976,1,5_9,0.00065018
428,1977,1,5_9,0.00061797
428,1978,1,5_9,0.00069813
428,1979,1,5_9,0.00057002
428,1980,1,5_9,0.00049792
428,1981,1,5_9,0.00091825
428,1982,1,5_9,0.00072411
428,1983,1,5_9,0.00073995
428,1984,1,5_9,0.00089
428,1985,1,5_9,0.00082002
428,1986,1,5_9,0.00073209
428,1987,1,5_9,0.00074411
428,1988,1,5_9,0.00071609
428,1989,1,5_9,0.0007318
428,1990,1,5_9,0.00102802
428,1991,1,5_9,0.00070615
428,1992,1,5_9,0.00077225
428,1993,1,5_9,0.00061401
428,1994,1,5_9,0.00064009
428,1995,1,5_9,0.00054208
428,1996,1,5_9,0.00044602
428,1997,1,5_9,0.00064405
428,1998,1,5_9,0.0005401
428,1999,1,5_9,0.00049602
428,2000,1,5_9,0.00056413
428,2001,1,5_9,0.000472
428,2002,1,5_9,0.00052611
428,2003,1,5_9,0.00040603
428,2004,1,5_9,0.00050202
428,2005,1,5_9,0.0004401
428,2006,1,5_9,0.00039792
428,2007,1,5_9,0.00035991
428,2008,1,5_9,0.00032602
428,2009,1,5_9,0.00036791
428,2010,1,5_9,0.000322
428,2011,1,5_9,0.00033998
428,2012,1,5_9,0.00021401
428,2013,1,5_9,0.00027605
428,2014,1,5_9,0.00024795
428,2015,1,5_9,0.00017698
428,2016,1,5_9,9.401e-05
428,2017,1,5_9,0.000136
428,2018,1,5_9,0.0002
428,2019,1,5_9,6.702e-05
428,2020,1,5_9,0.00015
428,2021,1,5_9,0.000109
428,2022,1,5_9,9.285e-05
428,2023,1,5_9,5.814e-05
440,1950,1,5_9,0.00143581
440,1951,1,5_9,0.00142044
440,1952,1,5_9,0.00140315
440,1953,1,5_9,0.00138317
440,1954,1,5_9,0.00135959
440,1955,1,5_9,0.00132536
440,1956,1,5_9,0.00128617
440,1957,1,5_9,0.00110699
440,1958,1,5_9,0.00100897
440,1959,1,5_9,0.00091758
440,1960,1,5_9,0.00067008
440,1961,1,5_9,0.00076002
440,1962,1,5_9,0.00096426
440,1963,1,5_9,0.00076013
440,1964,1,5_9,0.00072006
440,1965,1,5_9,0.00072007
440,1966,1,5_9,0.00067603
440,1967,1,5_9,0.00066593
440,1968,1,5_9,0.000648
440,1969,1,5_9,0.00064598
440,1970,1,5_9,0.0006761
440,1971,1,5_9,0.00067403
440,1972,1,5_9,0.0007781
440,1973,1,5_9,0.0005481
440,1974,1,5_9,0.0004941
440,1975,1,5_9,0.00072205
440,1976,1,5_9,0.00069597
440,1977,1,5_9,0.00062004
440,1978,1,5_9,0.00064806
440,1979,1,5_9,0.00067604
440,1980,1,5_9,0.00063596
440,1981,1,5_9,0.00067992
440,1982,1,5_9,0.00078422
440,1983,1,5_9,0.00063396
440,1984,1,5_9,0.00062999
440,1985,1,5_9,0.00059603
440,1986,1,5_9,0.00053393
440,1987,1,5_9,0.00054191
440,1988,1,5_9,0.00064203
440,1989,1,5_9,0.00054587
440,1990,1,5_9,0.00055596
440,1991,1,5_9,0.00067399
440,1992,1,5_9,0.00067002
440,1993,1,5_9,0.00052998
440,1994,1,5_9,0.00058396
440,1995,1,5_9,0.00042204
440,1996,1,5_9,0.00035798
440,1997,1,5_9,0.00044604
440,1998,1,5_9,0.00040605
440,1999,1,5_9,0.00036001
440,2000,1,5_9,0.00035404
440,2001,1,5_9,0.00038804
440,2002,1,5_9,0.00036405
440,2003,1,5_9,0.00024001
440,2004,1,5_9,0.00031601
440,2005,1,5_9,0.00046195
440,2006,1,5_9,0.00043199
440,2007,1,5_9,0.00030604
440,2008,1,5_9,0.000366
440,2009,1,5_9,0.00024402
440,2010,1,5_9,0.000166
440,2011,1,5_9,0.00026494
440,2012,1,5_9,0.00019001
440,2013,1,5_9,8.6e-05
440,2014,1,5_9,0.000232
440,2015,1,5_9,8.084e-05
440,2016,1,5_9,8.084e-05
440,2017,1,5_9,0.00023001
440,2018,1,5_9,0.000119
440,2019,1,5_9,0.00012
440,2020,1,5_9,0.00024201
440,2021,1,5_9,0.00014999
440,2022,1,5_9,0.00015187
440,2023,1,5_9,0.00010762
578,1950,1,5_9,0.0009682
578,1951,1,5_9,0.00082808
578,1952,1,5_9,0.00079816
578,1953,1,5_9,0.00078414
578,1954,1,5_9,0.00066803
578,1955,1,5_9,0.00065406
578,1956,1,5_9,0.00061402
578,1957,1,5_9,0.00070812
578,1958,1,5_9,0.00066013
578,1959,1,5_9,0.00068211
578,1960,1,5_9,0.00068807
578,1961,1,5_9,0.0005701
578,1962,1,5_9,0.00060417
578,1963,1,5_9,0.00064206
578,1964,1,5_9,0.00068807
578,1965,1,5_9,0.00064403
578,1966,1,5_9,0.00052007
578,1967,1,5_9,0.00055809
578,1968,1,5_9,0.00063207
578,1969,1,5_9,0.00053008
578,1970,1,5_9,0.00054609
578,1971,1,5_9,0.00057205
578,1972,1,5_9,0.00050207
578,1973,1,5_9,0.00047405
578,1974,1,5_9,0.00054804
578,1975,1,5_9,0.00046803
578,1976,1,5_9,0.00032803
578,1977,1,5_9,0.00041607
578,1978,1,5_9,0.00034003
578,1979,1,5_9,0.00042205
578,1980,1,5_9,0.00036001
578,1981,1,5_9,0.00031004
578,1982,1,5_9,0.000258
578,1983,1,5_9,0.00031403
578,1984,1,5_9,0.00023402
578,1985,1,5_9,0.00026002
578,1986,1,5_9,0.00027802
578,1987,1,5_9,0.00022603
578,1988,1,5_9,0.00028398
578,1989,1,5_9,0.00022601
578,1990,1,5_9,0.00023602
578,1991,1,5_9,0.00017401
578,1992,1,5_9,0.000156
578,1993,1,5_9,0.000158
578,1994,1,5_9,0.000122
578,1995,1,5_9,0.00017801
578,1996,1,5_9,0.000154
578,1997,1,5_9,0.00021201
578,1998,1,5_9,0.00014001
578,1999,1,5_9,0.00011201
578,2000,1,5_9,0.000152
578,2001,1,5_9,0.000114
578,2002,1,5_9,0.000194
578,2003,1,5_9,0.00014601
578,2004,1,5_9,7e-05
578,2005,1,5_9,0.000138
578,2006,1,5_9,0.0001
578,2007,1,5_9,6.9e-05
578,2008,1,5_9,0.000106
578,2009,1,5_9,0.00011801
578,2010,1,5_9,9.4e-05
578,2011,1,5_9,9.3e-05
578,2012,1,5_9,8.501e-05
578,2013,1,5_9,6.5e-05
578,2014,1,5_9,0.00010201
578,2015,1,5_9,5.4e-05
578,2016,1,5_9,4.2e-05
578,2017,1,5_9,5.7e-05
578,2018,1,5_9,6.9e-05
578,2019,1,5_9,8.9e-05
578,2020,1,5_9,5e-05
578,2021,1,5_9,5.4e-05
578,2022,1,5_9,0.000106
578,2023,1,5_9,7.695e-05
752,1950,1,5_9,0.00073614
752,1951,1,5_9,0.00074414
752,1952,1,5_9,0.00069018
752,1953,1,5_9,0.00076215
752,1954,1,5_9,0.00050002
752,1955,1,5_9,0.00062805
752,1956,1,5_9,0.00063406
752,1957,1,5_9,0.00064799
752,1958,1,5_9,0.00055413
752,1959,1,5_9,0.00057204
752,1960,1,5_9,0.00051009
752,1961,1,5_9,0.00050608
752,1962,1,5_9,0.00048807
752,1963,1,5_9,0.00053409
752,1964,1,5_9,0.00048407
752,1965,1,5_9,0.00053604
752,1966,1,5_9,0.00043407
752,1967,1,5_9,0.00039604
752,1968,1,5_9,0.000438
752,1969,1,5_9,0.00047404
752,1970,1,5_9,0.000446
752,1971,1,5_9,0.00039605
752,1972,1,5_9,0.00041002
752,1973,1,5_9,0.00032601
752,1974,1,5_9,0.00032206
752,1975,1,5_9,0.00038001
752,1976,1,5_9,0.00033199
752,1977,1,5_9,0.00028003
752,1978,1,5_9,0.00031805
752,1979,1,5_9,0.00028601
752,1980,1,5_9,0.000252
752,1981,1,5_9,0.00023601
752,1982,1,5_9,0.00019
752,1983,1,5_9,0.00023801
752,1984,1,5_9,0.000188
752,1985,1,5_9,0.00019601
752,1986,1,5_9,0.00018599
752,1987,1,5_9,0.00015801
752,1988,1,5_9,0.00016801
752,1989,1,5_9,0.000148
752,1990,1,5_9,0.00018399
752,1991,1,5_9,0.00013
752,1992,1,5_9,0.000138
752,1993,1,5_9,0.000192
752,1994,1,5_9,0.00012201
752,1995,1,5_9,0.000122
752,1996,1,5_9,0.00011
752,1997,1,5_9,0.000168
752,1998,1,5_9,0.00015399
752,1999,1,5_9,0.000126
752,2000,1,5_9,9.4e-05
752,2001,1,5_9,8e-05
752,2002,1,5_9,5.6e-05
752,2003,1,5_9,0.000108
752,2004,1,5_9,7e-05
752,2005,1,5_9,0.00013601
752,2006,1,5_9,0.000122
752,2007,1,5_9,8e-05
752,2008,1,5_9,6.8e-05
752,2009,1,5_9,0.00011
752,2010,1,5_9,5.2e-05
752,2011,1,5_9,8.4e-05
752,2012,1,5_9,8e-05
752,2013,1,5_9,6.2e-05
752,2014,1,5_9,5.8e-05
752,2015,1,5_9,5.8e-05
752,2016,1,5_9,8.801e-05
752,2017,1,5_9,6.2e-05
752,2018,1,5_9,4.2e-05
752,2019,1,5_9,6e-05
752,2020,1,5_9,5.6e-05
752,2021,1,5_9,7.4e-05
752,2022,1,5_9,6.8e-05
752,2023,1,5_9,6.515e-05
826,1950,1,5_9,0.00074815
826,1951,1,5_9,0.0006781
826,1952,1,5_9,0.00059206
826,1953,1,5_9,0.00058208
826,1954,1,5_9,0.00048806
826,1955,1,5_9,0.00050805
826,1956,1,5_9,0.00046606
826,1957,1,5_9,0.00050204
826,1958,1,5_9,0.00049205
826,1959,1,5_9,0.00047404
826,1960,1,5_9,0.00053405
826,1961,1,5_9,0.00048803
826,1962,1,5_9,0.00045403
826,1963,1,5_9,0.00050003
826,1964,1,5_9,0.00045603
826,1965,1,5_9,0.00048404
826,1966,1,5_9,0.00045003
826,1967,1,5_9,0.00044803
826,1968,1,5_9,0.00045003
826,1969,1,5_9,0.00042404
826,1970,1,5_9,0.00041003
826,1971,1,5_9,0.00043802
826,1972,1,5_9,0.00042603
826,1973,1,5_9,0.00040604
826,1974,1,5_9,0.00036003
826,1975,1,5_9,0.00035602
826,1976,1,5_9,0.00034802
826,1977,1,5_9,0.00033202
826,1978,1,5_9,0.00033601
826,1979,1,5_9,0.00034001
826,1980,1,5_9,0.00030601
826,1981,1,5_9,0.00027601
826,1982,1,5_9,0.000254
826,1983,1,5_9,0.00027001
826,1984,1,5_9,0.000246
826,1985,1,5_9,0.00022601
826,1986,1,5_9,0.00021601
826,1987,1,5_9,0.00020601
826,1988,1,5_9,0.000234
826,1989,1,5_9,0.00022401
826,1990,1,5_9,0.00020201
826,1991,1,5_9,0.00021
826,1992,1,5_9,0.00018401
826,1993,1,5_9,0.000168
826,1994,1,5_9,0.000162
826,1995,1,5_9,0.000162
826,1996,1,5_9,0.000134
826,1997,1,5_9,0.00015
826,1998,1,5_9,0.000142
826,1999,1,5_9,0.000132
826,2000,1,5_9,0.00013
826,2001,1,5_9,0.000118
826,2002,1,5_9,0.000116
826,2003,1,5_9,0.000114
826,2004,1,5_9,0.000108
826,2005,1,5_9,9.8e-05
826,2006,1,5_9,0.000114
826,2007,1,5_9,0.000114
826,2008,1,5_9,0.000118
826,2009,1,5_9,9.8e-05
826,2010,1,5_9,0.0001
826,2011,1,5_9,0.000102
826,2012,1,5_9,9.4e-05
826,2013,1,5_9,8.4e-05
826,2014,1,5_9,9.4e-05
826,2015,1,5_9,8.2e-05
826,2016,1,5_9,7.8e-05
826,2017,1,5_9,8.2e-05
826,2018,1,5_9,7.4e-05
826,2019,1,5_9,6.6e-05
826,2020,1,5_9,7e-05
826,2021,1,5_9,6.655e-05
826,2022,1,5_9,7.43e-05
826,2023,1,5_9,6.247e-05
8,1950,1,5_9,0.00385541
8,1951,1,5_9,0.00377814
8,1952,1,5_9,0.00378187
8,1953,1,5_9,0.00343747
8,1954,1,5_9,0.00353157
8,1955,1,5_9,0.00342747
8,1956,1,5_9,0.0032439
8,1957,1,5_9,0.00258795
8,1958,1,5_9,0.00197432
8,1959,1,5_9,0.00154574
8,1960,1,5_9,0.00128034
8,1961,1,5_9,0.00124958
8,1962,1,5_9,0.00118956
8,1963,1,5_9,0.00113873
8,1964,1,5_9,0.00112759
8,1965,1,5_9,0.00114615
8,1966,1,5_9,0.00112963
8,1967,1,5_9,0.00111363
8,1968,1,5_9,0.00108709
8,1969,1,5_9,0.00106076
8,1970,1,5_9,0.0010313
8,1971,1,5_9,0.00099734
8,1972,1,5_9,0.00096083
8,1973,1,5_9,0.00092284
8,1974,1,5_9,0.00088405
8,1975,1,5_9,0.00084337
8,1976,1,5_9,0.00079995
8,1977,1,5_9,0.00075513
8,1978,1,5_9,0.00071473
8,1979,1,5_9,0.00073088
8,1980,1,5_9,0.00074276
8,1981,1,5_9,0.00077315
8,1982,1,5_9,0.00077182
8,1983,1,5_9,0.00076968
8,1984,1,5_9,0.00076794
8,1985,1,5_9,0.00074739
8,1986,1,5_9,0.00072532
8,1987,1,5_9,0.00074087
8,1988,1,5_9,0.00079808
8,1989,1,5_9,0.00083582
8,1990,1,5_9,0.00085431
8,1991,1,5_9,0.00084702
8,1992,1,5_9,0.00081662
8,1993,1,5_9,0.00076834
8,1994,1,5_9,0.00073423
8,1995,1,5_9,0.00071009
8,1996,1,5_9,0.00070507
8,1997,1,5_9,0.00084146
8,1998,1,5_9,0.00072495
8,1999,1,5_9,0.0007235
8,2000,1,5_9,0.00070155
8,2001,1,5_9,0.00069497
8,2002,1,5_9,0.00068585
8,2003,1,5_9,0.00067758
8,2004,1,5_9,0.00065022
8,2005,1,5_9,0.00061674
8,2006,1,5_9,0.00054815
8,2007,1,5_9,0.0004706
8,2008,1,5_9,0.00039168
8,2009,1,5_9,0.00034529
8,2010,1,5_9,0.0003171
8,2011,1,5_9,0.00030782
8,2012,1,5_9,0.00029742
8,2013,1,5_9,0.00028989
8,2014,1,5_9,0.00027325
8,2015,1,5_9,0.00025369
8,2016,1,5_9,0.00022664
8,2017,1,5_9,0.00019882
8,2018,1,5_9,0.00018718
8,2019,1,5_9,0.00018067
8,2020,1,5_9,0.00013168
8,2021,1,5_9,0.00014486
8,2022,1,5_9,0.00018931
8,2023,1,5_9,0.00015244
20,1950,1,5_9,0.00128105
20,1951,1,5_9,0.00122329
20,1952,1,5_9,0.00116327
20,1953,1,5_9,0.00106536
20,1954,1,5_9,0.00097221
20,1955,1,5_9,0.0008954
20,1956,1,5_9,0.00083385
20,1957,1,5_9,0.00078303
20,1958,1,5_9,0.00072418
20,1959,1,5_9,0.00067955
20,1960,1,5_9,0.00063872
20,1961,1,5_9,0.00060549
20,1962,1,5_9,0.000579
20,1963,1,5_9,0.00056153
20,1964,1,5_9,0.00053979
20,1965,1,5_9,0.0005221
20,1966,1,5_9,0.00050589
20,1967,1,5_9,0.00049309
20,1968,1,5_9,0.00047768
20,1969,1,5_9,0.00046376
20,1970,1,5_9,0.000445
20,1971,1,5_9,0.00042765
20,1972,1,5_9,0.00040754
20,1973,1,5_9,0.00039099
20,1974,1,5_9,0.00037501
20,1975,1,5_9,0.00036141
20,1976,1,5_9,0.00034722
20,1977,1,5_9,0.00033366
20,1978,1,5_9,0.00031871
20,1979,1,5_9,0.00030403
20,1980,1,5_9,0.00029041
20,1981,1,5_9,0.00027941
20,1982,1,5_9,0.00027033
20,1983,1,5_9,0.00026403
20,1984,1,5_9,0.00025951
20,1985,1,5_9,0.00025675
20,1986,1,5_9,0.00025372
20,1987,1,5_9,0.00025142
20,1988,1,5_9,0.00024386
20,1989,1,5_9,0.00023633
20,1990,1,5_9,0.00022064
20,1991,1,5_9,0.00020522
20,1992,1,5_9,0.00018797
20,1993,1,5_9,0.00017486
20,1994,1,5_9,0.00016546
20,1995,1,5_9,0.00016312
20,1996,1,5_9,0.00015998
20,1997,1,5_9,0.00015853
20,1998,1,5_9,0.0001569
20,1999,1,5_9,0.00015233
20,2000,1,5_9,0.00014446
20,2001,1,5_9,0.00013794
20,2002,1,5_9,0.00013082
20,2003,1,5_9,0.00012426
20,2004,1,5_9,0.00012079
20,2005,1,5_9,0.00011748
20,2006,1,5_9,0.00011409
20,2007,1,5_9,0.00011186
20,2008,1,5_9,0.00010973
20,2009,1,5_9,0.00010736
20,2010,1,5_9,0.00010613
20,2011,1,5_9,0.00010553
20,2012,1,5_9,0.00010452
20,2013,1,5_9,0.00010345
20,2014,1,5_9,0.00010188
20,2015,1,5_9,0.00010081
20,2016,1,5_9,0.00010096
20,2017,1,5_9,0.00010225
20,2018,1,5_9,0.00010347
20,2019,1,5_9,0.00010558
20,2020,1,5_9,0.0016997
20,2021,1,5_9,0.00010717
20,2022,1,5_9,0.0001068
20,2023,1,5_9,0.00010659
70,1950,1,5_9,0.00305222
70,1951,1,5_9,0.00286268
70,1952,1,5_9,0.00251563
70,1953,1,5_9,0.00261207
70,1954,1,5_9,0.00232993
70,1955,1,5_9,0.00204693
70,1956,1,5_9,0.00165367
70,1957,1,5_9,0.00153425
70,1958,1,5_9,0.00147591
70,1959,1,5_9,0.00128088
70,1960,1,5_9,0.00112211
70,1961,1,5_9,0.00095169
70,1962,1,5_9,0.00093739
70,1963,1,5_9,0.0007983
70,1964,1,5_9,0.00078037
70,1965,1,5_9,0.0007071
70,1966,1,5_9,0.00074923
70,1967,1,5_9,0.00075456
70,1968,1,5_9,0.00076396
70,1969,1,5_9,0.0007593
70,1970,1,5_9,0.00072478
70,1971,1,5_9,0.00073665
70,1972,1,5_9,0.00078578
70,1973,1,5_9,0.00075645
70,1974,1,5_9,0.00069235
70,1975,1,5_9,0.00066055
70,1976,1,5_9,0.00063443
70,1977,1,5_9,0.00062365
70,1978,1,5_9,0.0005509
70,1979,1,5_9,0.00051806
70,1980,1,5_9,0.00047878
70,1981,1,5_9,0.00046121
70,1982,1,5_9,0.00047577
70,1983,1,5_9,0.00048121
70,1984,1,5_9,0.00047746
70,1985,1,5_9,0.00043456
70,1986,1,5_9,0.00039641
70,1987,1,5_9,0.000371
70,1988,1,5_9,0.00033904
70,1989,1,5_9,0.00033168
70,1990,1,5_9,0.00032443
70,1991,1,5_9,0.00032288
70,1992,1,5_9,0.00302289
70,1993,1,5_9,0.00312474
70,1994,1,5_9,0.00026354
70,1995,1,5_9,0.0006393
70,1996,1,5_9,0.00023167
70,1997,1,5_9,0.00021065
70,1998,1,5_9,0.00019244
70,1999,1,5_9,0.00016868
70,2000,1,5_9,0.00016756
70,2001,1,5_9,0.00015157
70,2002,1,5_9,0.00013661
70,2003,1,5_9,0.00011585
70,2004,1,5_9,0.00011685
70,2005,1,5_9,0.00013477
70,2006,1,5_9,0.00015128
70,2007,1,5_9,0.00016083
70,2008,1,5_9,0.00015341
70,2009,1,5_9,0.00015158
70,2010,1,5_9,0.00013124
70,2011,1,5_9,0.00013819
70,2012,1,5_9,9.164e-05
70,2013,1,5_9,7.009e-05
70,2014,1,5_9,4.753e-05
70,2015,1,5_9,9.572e-05
70,2016,1,5_9,0.00013525
70,2017,1,5_9,0.00014738
70,2018,1,5_9,2.605e-05
70,2019,1,5_9,5.855e-05
70,2020,1,5_9,0.00010377
70,2021,1,5_9,3.504e-05
70,2022,1,5_9,3.485e-05
70,2023,1,5_9,4.426e-05
191,1950,1,5_9,0.00182165
191,1951,1,5_9,0.00175471
191,1952,1,5_9,0.00153229
191,1953,1,5_9,0.00133053
191,1954,1,5_9,0.00118952
191,1955,1,5_9,0.00104691
191,1956,1,5_9,0.00102232
191,1957,1,5_9,0.00099577
191,1958,1,5_9,0.00091854
191,1959,1,5_9,0.00083246
191,1960,1,5_9,0.00079202
191,1961,1,5_9,0.00076461
191,1962,1,5_9,0.00064642
191,1963,1,5_9,0.00062173
191,1964,1,5_9,0.0006105
191,1965,1,5_9,0.00063132
191,1966,1,5_9,0.00061929
191,1967,1,5_9,0.00061925
191,1968,1,5_9,0.00060854
191,1969,1,5_9,0.00056918
191,1970,1,5_9,0.00055833
191,1971,1,5_9,0.00060125
191,1972,1,5_9,0.00068625
191,1973,1,5_9,0.00063509
191,1974,1,5_9,0.00056909
191,1975,1,5_9,0.00051909
191,1976,1,5_9,0.00054784
191,1977,1,5_9,0.00055983
191,1978,1,5_9,0.00051796
191,1979,1,5_9,0.00054532
191,1980,1,5_9,0.00053784
191,1981,1,5_9,0.00051018
191,1982,1,5_9,0.00048286
191,1983,1,5_9,0.0004692
191,1984,1,5_9,0.00046738
191,1985,1,5_9,0.00043168
191,1986,1,5_9,0.00040829
191,1987,1,5_9,0.00037965
191,1988,1,5_9,0.00037176
191,1989,1,5_9,0.00035396
191,1990,1,5_9,0.00036526
191,1991,1,5_9,0.00049358
191,1992,1,5_9,0.00038945
191,1993,1,5_9,0.00036316
191,1994,1,5_9,0.00028244
191,1995,1,5_9,0.00030993
191,1996,1,5_9,0.00025064
191,1997,1,5_9,0.00025274
191,1998,1,5_9,0.00022813
191,1999,1,5_9,0.00023826
191,2000,1,5_9,0.00021525
191,2001,1,5_9,0.00020931
191,2002,1,5_9,0.00018799
191,2003,1,5_9,0.00020973
191,2004,1,5_9,0.000166
191,2005,1,5_9,0.00015991
191,2006,1,5_9,0.00015733
191,2007,1,5_9,0.00015133
191,2008,1,5_9,0.00013934
191,2009,1,5_9,0.00014734
191,2010,1,5_9,0.00013633
191,2011,1,5_9,0.00013095
191,2012,1,5_9,0.00010529
191,2013,1,5_9,0.00010329
191,2014,1,5_9,0.00011638
191,2015,1,5_9,0.00013167
191,2016,1,5_9,0.00013934
191,2017,1,5_9,0.00014
191,2018,1,5_9,0.000122
191,2019,1,5_9,4.826e-05
191,2020,1,5_9,6.7e-05
191,2021,1,5_9,8.07e-05
191,2022,1,5_9,9.218e-05
191,2023,1,5_9,4.184e-05
292,1950,1,5_9,0.00310251
292,1951,1,5_9,0.00307055
292,1952,1,5_9,0.00298451
292,1953,1,5_9,0.00282896
292,1954,1,5_9,0.0026601
292,1955,1,5_9,0.00244483
292,1956,1,5_9,0.002212
292,1957,1,5_9,0.00201044
292,1958,1,5_9,0.00179197
292,1959,1,5_9,0.00161031
292,1960,1,5_9,0.00146991
292,1961,1,5_9,0.00137497
292,1962,1,5_9,0.00131693
292,1963,1,5_9,0.00127143
292,1964,1,5_9,0.00123672
292,1965,1,5_9,0.0012149
292,1966,1,5_9,0.00117803
292,1967,1,5_9,0.00114319
292,1968,1,5_9,0.00113457
292,1969,1,5_9,0.00112462
292,1970,1,5_9,0.00110218
292,1971,1,5_9,0.00106337
292,1972,1,5_9,0.00101737
292,1973,1,5_9,0.000959
292,1974,1,5_9,0.00091198
292,1975,1,5_9,0.00088374
292,1976,1,5_9,0.00087258
292,1977,1,5_9,0.00087174
292,1978,1,5_9,0.00087104
292,1979,1,5_9,0.00085753
292,1980,1,5_9,0.00082736
292,1981,1,5_9,0.0007864
292,1982,1,5_9,0.0007414
292,1983,1,5_9,0.00070066
292,1984,1,5_9,0.000668
292,1985,1,5_9,0.00064526
292,1986,1,5_9,0.00062505
292,1987,1,5_9,0.00060758
292,1988,1,5_9,0.00059088
292,1989,1,5_9,0.00057182
292,1990,1,5_9,0.00054775
292,1991,1,5_9,0.00052795
292,1992,1,5_9,0.0005044
292,1993,1,5_9,0.00048038
292,1994,1,5_9,0.00046038
292,1995,1,5_9,0.00044273
292,1996,1,5_9,0.00042059
292,1997,1,5_9,0.00039933
292,1998,1,5_9,0.00038373
292,1999,1,5_9,0.00037222
292,2000,1,5_9,0.00036303
292,2001,1,5_9,0.00035805
292,2002,1,5_9,0.00035573
292,2003,1,5_9,0.00035575
292,2004,1,5_9,0.00035529
292,2005,1,5_9,0.0003551
292,2006,1,5_9,0.0003562
292,2007,1,5_9,0.00035615
292,2008,1,5_9,0.00035039
292,2009,1,5_9,0.00034474
292,2010,1,5_9,0.00033824
292,2011,1,5_9,0.00033152
292,2012,1,5_9,0.00032639
292,2013,1,5_9,0.000326
292,2014,1,5_9,0.00032464
292,2015,1,5_9,0.00032425
292,2016,1,5_9,0.00032187
292,2017,1,5_9,0.00031777
292,2018,1,5_9,0.00031177
292,2019,1,5_9,0.00030687
292,2020,1,5_9,0.00030187
292,2021,1,5_9,0.00030146
292,2022,1,5_9,0.00029698
292,2023,1,5_9,0.00029583
300,1950,1,5_9,0.00082579
300,1951,1,5_9,0.0008169
300,1952,1,5_9,0.00080416
300,1953,1,5_9,0.00074979
300,1954,1,5_9,0.00075664
300,1955,1,5_9,0.00073804
300,1956,1,5_9,0.00076187
300,1957,1,5_9,0.00069984
300,1958,1,5_9,0.00065406
300,1959,1,5_9,0.00072412
300,1960,1,5_9,0.00064165
300,1961,1,5_9,0.00063506
300,1962,1,5_9,0.00062587
300,1963,1,5_9,0.00061513
300,1964,1,5_9,0.00059305
300,1965,1,5_9,0.00056962
300,1966,1,5_9,0.00056988
300,1967,1,5_9,0.00057129
300,1968,1,5_9,0.00055774
300,1969,1,5_9,0.00053031
300,1970,1,5_9,0.00051537
300,1971,1,5_9,0.00052006
300,1972,1,5_9,0.00050845
300,1973,1,5_9,0.00049647
300,1974,1,5_9,0.00048138
300,1975,1,5_9,0.00044197
300,1976,1,5_9,0.00046982
300,1977,1,5_9,0.00042596
300,1978,1,5_9,0.00041907
300,1979,1,5_9,0.00037354
300,1980,1,5_9,0.00037287
300,1981,1,5_9,0.00036568
300,1982,1,5_9,0.00032113
300,1983,1,5_9,0.00032647
300,1984,1,5_9,0.00030873
300,1985,1,5_9,0.00030213
300,1986,1,5_9,0.00027182
300,1987,1,5_9,0.00031242
300,1988,1,5_9,0.00025811
300,1989,1,5_9,0.00027
300,1990,1,5_9,0.00023887
300,1991,1,5_9,0.00022964
300,1992,1,5_9,0.00023989
300,1993,1,5_9,0.00021466
300,1994,1,5_9,0.00022137
300,1995,1,5_9,0.0001812
300,1996,1,5_9,0.00017995
300,1997,1,5_9,0.00017474
300,1998,1,5_9,0.00015619
300,1999,1,5_9,0.0001643
300,2000,1,5_9,0.00014626
300,2001,1,5_9,0.00012477
300,2002,1,5_9,0.00013005
300,2003,1,5_9,0.00012638
300,2004,1,5_9,0.00012469
300,2005,1,5_9,0.00010634
300,2006,1,5_9,0.00010442
300,2007,1,5_9,0.00010534
300,2008,1,5_9,8.777e-05
300,2009,1,5_9,8.235e-05
300,2010,1,5_9,7.56e-05
300,2011,1,5_9,8.399e-05
300,2012,1,5_9,6.137e-05
300,2013,1,5_9,5.365e-05
300,2014,1,5_9,6.811e-05
300,2015,1,5_9,6.686e-05
300,2016,1,5_9,4.546e-05
300,2017,1,5_9,5.157e-05
300,2018,1,5_9,5.748e-05
300,2019,1,5_9,5.205e-05
300,2020,1,5_9,9.264e-05
300,2021,1,5_9,9.2e-05
300,2022,1,5_9,0.00014369
300,2023,1,5_9,7.06e-05
336,1950,1,5_9,0.00121697
336,1951,1,5_9,0.00130812
336,1952,1,5_9,0.00125011
336,1953,1,5_9,0.00118078
336,1954,1,5_9,0.00104586
336,1955,1,5_9,0.00101463
336,1956,1,5_9,0.00108796
336,1957,1,5_9,0.00107298
336,1958,1,5_9,0.00092795
336,1959,1,5_9,0.00086937
336,1960,1,5_9,0.00088937
336,1961,1,5_9,0.00083434
336,1962,1,5_9,0.00090155
336,1963,1,5_9,0.00090178
336,1964,1,5_9,0.00079764
336,1965,1,5_9,0.00081402
336,1966,1,5_9,0.00073416
336,1967,1,5_9,0.00073136
336,1968,1,5_9,0.00075798
336,1969,1,5_9,0.00077744
336,1970,1,5_9,0.00068073
336,1971,1,5_9,0.00066176
336,1972,1,5_9,0.00064313
336,1973,1,5_9,0.00064159
336,1974,1,5_9,0.00058507
336,1975,1,5_9,0.00059759
336,1976,1,5_9,0.00057048
336,1977,1,5_9,0.00054599
336,1978,1,5_9,0.00051298
336,1979,1,5_9,0.00049577
336,1980,1,5_9,0.00048368
336,1981,1,5_9,0.00046667
336,1982,1,5_9,0.00043002
336,1983,1,5_9,0.00043853
336,1984,1,5_9,0.0004072
336,1985,1,5_9,0.00037812
336,1986,1,5_9,0.00035931
336,1987,1,5_9,0.00033755
336,1988,1,5_9,0.00032691
336,1989,1,5_9,0.00030807
336,1990,1,5_9,0.00030235
336,1991,1,5_9,0.0003033
336,1992,1,5_9,0.00028538
336,1993,1,5_9,0.00029564
336,1994,1,5_9,0.00026871
336,1995,1,5_9,0.00026426
336,1996,1,5_9,0.00023572
336,1997,1,5_9,0.00024003
336,1998,1,5_9,0.00023917
336,1999,1,5_9,0.00022784
336,2000,1,5_9,0.00020014
336,2001,1,5_9,0.0001897
336,2002,1,5_9,0.00018575
336,2003,1,5_9,0.00018621
336,2004,1,5_9,0.00017758
336,2005,1,5_9,0.00016762
336,2006,1,5_9,0.00015833
336,2007,1,5_9,0.00015496
336,2008,1,5_9,0.00015348
336,2009,1,5_9,0.00015256
336,2010,1,5_9,0.00014838
336,2011,1,5_9,0.00014472
336,2012,1,5_9,0.00014035
336,2013,1,5_9,0.00013394
336,2014,1,5_9,0.00013075
336,2015,1,5_9,0.0001313
336,2016,1,5_9,0.0001249
336,2017,1,5_9,0.0001271
336,2018,1,5_9,0.00011861
336,2019,1,5_9,0.00011452
336,2020,1,5_9,0.0001245
336,2021,1,5_9,0.00012384
336,2022,1,5_9,0.00011853
336,2023,1,5_9,0.00012367
380,1950,1,5_9,0.0010623
380,1951,1,5_9,0.00099223
380,1952,1,5_9,0.00097223
380,1953,1,5_9,0.00094019
380,1954,1,5_9,0.00081811
380,1955,1,5_9,0.00082214
380,1956,1,5_9,0.00079812
380,1957,1,5_9,0.00081008
380,1958,1,5_9,0.00076415
380,1959,1,5_9,0.00073012
380,1960,1,5_9,0.0006701
380,1961,1,5_9,0.00065812
380,1962,1,5_9,0.00066606
380,1963,1,5_9,0.00064606
380,1964,1,5_9,0.00062206
380,1965,1,5_9,0.00054804
380,1966,1,5_9,0.00054805
380,1967,1,5_9,0.00049604
380,1968,1,5_9,0.00052602
380,1969,1,5_9,0.00050804
380,1970,1,5_9,0.00052004
380,1971,1,5_9,0.00048004
380,1972,1,5_9,0.00047803
380,1973,1,5_9,0.00047403
380,1974,1,5_9,0.00041801
380,1975,1,5_9,0.00041401
380,1976,1,5_9,0.00038801
380,1977,1,5_9,0.00038401
380,1978,1,5_9,0.000364
380,1979,1,5_9,0.000322
380,1980,1,5_9,0.00036201
380,1981,1,5_9,0.000292
380,1982,1,5_9,0.00028401
380,1983,1,5_9,0.00025
380,1984,1,5_9,0.00025
380,1985,1,5_9,0.000234
380,1986,1,5_9,0.00021
380,1987,1,5_9,0.00022801
380,1988,1,5_9,0.00020601
380,1989,1,5_9,0.000182
380,1990,1,5_9,0.000194
380,1991,1,5_9,0.00022601
380,1992,1,5_9,0.000198
380,1993,1,5_9,0.000218
380,1994,1,5_9,0.000196
380,1995,1,5_9,0.00020201
380,1996,1,5_9,0.000174
380,1997,1,5_9,0.00016801
380,1998,1,5_9,0.000142
380,1999,1,5_9,0.00012
380,2000,1,5_9,0.000142
380,2001,1,5_9,0.000128
380,2002,1,5_9,0.000166
380,2003,1,5_9,0.000112
380,2004,1,5_9,9.8e-05
380,2005,1,5_9,9.8e-05
380,2006,1,5_9,0.000102
380,2007,1,5_9,0.0001
380,2008,1,5_9,8e-05
380,2009,1,5_9,8.6e-05
380,2010,1,5_9,8e-05
380,2011,1,5_9,8.8e-05
380,2012,1,5_9,7.2e-05
380,2013,1,5_9,8.6e-05
380,2014,1,5_9,7.4e-05
380,2015,1,5_9,7e-05
380,2016,1,5_9,8e-05
380,2017,1,5_9,7.8e-05
380,2018,1,5_9,7.8e-05
380,2019,1,5_9,5.6e-05
380,2020,1,5_9,5.6e-05
380,2021,1,5_9,6e-05
380,2022,1,5_9,0.00010916
380,2023,1,5_9,5.018e-05
412,1950,1,5_9,0.0048991
412,1951,1,5_9,0.00477747
412,1952,1,5_9,0.00367995
412,1953,1,5_9,0.00506348
412,1954,1,5_9,0.00287562
412,1955,1,5_9,0.00389216
412,1956,1,5_9,0.0024857
412,1957,1,5_9,0.00301794
412,1958,1,5_9,0.00153003
412,1959,1,5_9,0.00148829
412,1960,1,5_9,0.00160995
412,1961,1,5_9,0.00100704
412,1962,1,5_9,0.00136235
412,1963,1,5_9,0.00132441
412,1964,1,5_9,0.00118928
412,1965,1,5_9,0.00108836
412,1966,1,5_9,0.00125141
412,1967,1,5_9,0.00121798
412,1968,1,5_9,0.0011069
412,1969,1,5_9,0.00102036
412,1970,1,5_9,0.00099978
412,1971,1,5_9,0.00092989
412,1972,1,5_9,0.00067446
412,1973,1,5_9,0.00081742
412,1974,1,5_9,0.00090033
412,1975,1,5_9,0.0008834
412,1976,1,5_9,0.00097584
412,1977,1,5_9,0.00095046
412,1978,1,5_9,0.00102563
412,1979,1,5_9,0.0007667
412,1980,1,5_9,0.00060194
412,1981,1,5_9,0.00069004
412,1982,1,5_9,0.000886
412,1983,1,5_9,0.0007312
412,1984,1,5_9,0.00056961
412,1985,1,5_9,0.00105863
412,1986,1,5_9,0.00075494
412,1987,1,5_9,0.00068611
412,1988,1,5_9,0.00059328
412,1989,1,5_9,0.00059449
412,1990,1,5_9,0.00048043
412,1991,1,5_9,0.00033769
412,1992,1,5_9,0.00033835
412,1993,1,5_9,0.00029404
412,1994,1,5_9,0.00028657
412,1995,1,5_9,0.00025415
412,1996,1,5_9,0.00024529
412,1997,1,5_9,0.00031083
412,1998,1,5_9,0.00036442
412,1999,1,5_9,0.00193391
412,2000,1,5_9,0.00026357
412,2001,1,5_9,0.00025704
412,2002,1,5_9,0.00025038
412,2003,1,5_9,0.00024279
412,2004,1,5_9,0.00023513
412,2005,1,5_9,0.00038881
412,2006,1,5_9,0.0002043
412,2007,1,5_9,0.00017431
412,2008,1,5_9,0.00026214
412,2009,1,5_9,0.00016124
412,2010,1,5_9,0.00020001
412,2011,1,5_9,0.00018109
412,2012,1,5_9,0.00015131
412,2013,1,5_9,0.00011732
412,2014,1,5_9,0.00011956
412,2015,1,5_9,9.069e-05
412,2016,1,5_9,0.00010768
412,2017,1,5_9,0.00015013
412,2018,1,5_9,6.894e-05
412,2019,1,5_9,0.00012698
412,2020,1,5_9,2.463e-05
412,2021,1,5_9,0.00016596
412,2022,1,5_9,0.00021792
412,2023,1,5_9,0.00010714
470,1950,1,5_9,0.00088604
470,1951,1,5_9,0.00085362
470,1952,1,5_9,0.00082264
470,1953,1,5_9,0.00079672
470,1954,1,5_9,0.0007505
470,1955,1,5_9,0.00074417
470,1956,1,5_9,0.00066859
470,1957,1,5_9,0.00057919
470,1958,1,5_9,0.00056022
470,1959,1,5_9,0.00048248
470,1960,1,5_9,0.00038476
470,1961,1,5_9,0.00038224
470,1962,1,5_9,0.00038046
470,1963,1,5_9,0.00032173
470,1964,1,5_9,0.00037141
470,1965,1,5_9,0.00040007
470,1966,1,5_9,0.00032161
470,1967,1,5_9,0.00029784
470,1968,1,5_9,0.000349
470,1969,1,5_9,0.00031468
470,1970,1,5_9,0.00031961
470,1971,1,5_9,0.00034612
470,1972,1,5_9,0.00036028
470,1973,1,5_9,0.00036455
470,1974,1,5_9,0.00032544
470,1975,1,5_9,0.0002914
470,1976,1,5_9,0.00026637
470,1977,1,5_9,0.00022779
470,1978,1,5_9,0.00025264
470,1979,1,5_9,0.00021311
470,1980,1,5_9,0.00017818
470,1981,1,5_9,0.00018304
470,1982,1,5_9,0.00018352
470,1983,1,5_9,0.00014288
470,1984,1,5_9,0.00025911
470,1985,1,5_9,0.00030977
470,1986,1,5_9,0.00031216
470,1987,1,5_9,0.00027948
470,1988,1,5_9,0.00029371
470,1989,1,5_9,0.00018889
470,1990,1,5_9,0.00020607
470,1991,1,5_9,0.0002076
470,1992,1,5_9,0.00019264
470,1993,1,5_9,0.00013803
470,1994,1,5_9,0.00015207
470,1995,1,5_9,8.619e-05
470,1996,1,5_9,0.00015257
470,1997,1,5_9,1.725e-05
470,1998,1,5_9,0.00015251
470,1999,1,5_9,9.325e-05
470,2000,1,5_9,8.85e-05
470,2001,1,5_9,0.00015817
470,2002,1,5_9,0.00016257
470,2003,1,5_9,9.219e-05
470,2004,1,5_9,9.058e-05
470,2005,1,5_9,1.725e-05
470,2006,1,5_9,1.725e-05
470,2007,1,5_9,9.458e-05
470,2008,1,5_9,1.725e-05
470,2009,1,5_9,0.0001125
470,2010,1,5_9,1.725e-05
470,2011,1,5_9,0.00011726
470,2012,1,5_9,0.00011257
470,2013,1,5_9,1.725e-05
470,2014,1,5_9,0.00011218
470,2015,1,5_9,1.725e-05
470,2016,1,5_9,0.00010725
470,2017,1,5_9,1.725e-05
470,2018,1,5_9,1.725e-05
470,2019,1,5_9,0.0001765
470,2020,1,5_9,0.00017857
470,2021,1,5_9,9.251e-05
470,2022,1,5_9,0.00020044
470,2023,1,5_9,0.0001622
499,1950,1,5_9,0.00230265
499,1951,1,5_9,0.00222501
499,1952,1,5_9,0.00215025
499,1953,1,5_9,0.00213372
499,1954,1,5_9,0.00200263
499,1955,1,5_9,0.00204185
499,1956,1,5_9,0.001853
499,1957,1,5_9,0.00163991
499,1958,1,5_9,0.00135272
499,1959,1,5_9,0.00112095
499,1960,1,5_9,0.00097398
499,1961,1,5_9,0.00093553
499,1962,1,5_9,0.00085848
499,1963,1,5_9,0.00078731
499,1964,1,5_9,0.00079849
499,1965,1,5_9,0.00074888
499,1966,1,5_9,0.00078288
499,1967,1,5_9,0.0008144
499,1968,1,5_9,0.00090906
499,1969,1,5_9,0.00085862
499,1970,1,5_9,0.00071668
499,1971,1,5_9,0.00063918
499,1972,1,5_9,0.00057941
499,1973,1,5_9,0.00043306
499,1974,1,5_9,0.00041306
499,1975,1,5_9,0.00045502
499,1976,1,5_9,0.00049024
499,1977,1,5_9,0.00049807
499,1978,1,5_9,0.0005129
499,1979,1,5_9,0.00070175
499,1980,1,5_9,0.00049107
499,1981,1,5_9,0.0004215
499,1982,1,5_9,0.00038499
499,1983,1,5_9,0.00043119
499,1984,1,5_9,0.00039331
499,1985,1,5_9,0.00034481
499,1986,1,5_9,0.00034298
499,1987,1,5_9,0.00035734
499,1988,1,5_9,0.0002729
499,1989,1,5_9,0.00026229
499,1990,1,5_9,0.00030912
499,1991,1,5_9,0.00030154
499,1992,1,5_9,0.00028878
499,1993,1,5_9,0.00032736
499,1994,1,5_9,0.00030496
499,1995,1,5_9,0.00025941
499,1996,1,5_9,0.00028703
499,1997,1,5_9,0.00028595
499,1998,1,5_9,0.00023398
499,1999,1,5_9,0.00026106
499,2000,1,5_9,0.0002583
499,2001,1,5_9,0.00021138
499,2002,1,5_9,0.00016291
499,2003,1,5_9,0.00019756
499,2004,1,5_9,0.00019853
499,2005,1,5_9,0.00026044
499,2006,1,5_9,0.00030899
499,2007,1,5_9,0.00034583
499,2008,1,5_9,0.00034283
499,2009,1,5_9,0.00033774
499,2010,1,5_9,0.00030896
499,2011,1,5_9,0.00029944
499,2012,1,5_9,0.00028593
499,2013,1,5_9,0.00028281
499,2014,1,5_9,0.00028481
499,2015,1,5_9,0.00022939
499,2016,1,5_9,0.00030097
499,2017,1,5_9,0.000255
499,2018,1,5_9,0.000244
499,2019,1,5_9,0.00029161
499,2020,1,5_9,0.00022685
499,2021,1,5_9,0.00024247
499,2022,1,5_9,0.00039372
499,2023,1,5_9,0.00027594
807,1950,1,5_9,0.00304796
807,1951,1,5_9,0.00371697
807,1952,1,5_9,0.00244146
807,1953,1,5_9,0.00187815
807,1954,1,5_9,0.00165018
807,1955,1,5_9,0.0018473
807,1956,1,5_9,0.00158788
807,1957,1,5_9,0.00186149
807,1958,1,5_9,0.00123863
807,1959,1,5_9,0.00104065
807,1960,1,5_9,0.00103284
807,1961,1,5_9,0.00093894
807,1962,1,5_9,0.00081267
807,1963,1,5_9,0.00134575
807,1964,1,5_9,0.00087136
807,1965,1,5_9,0.00068556
807,1966,1,5_9,0.0006426
807,1967,1,5_9,0.00077938
807,1968,1,5_9,0.00076055
807,1969,1,5_9,0.00071769
807,1970,1,5_9,0.00075791
807,1971,1,5_9,0.00077233
807,1972,1,5_9,0.0007467
807,1973,1,5_9,0.00071375
807,1974,1,5_9,0.00070873
807,1975,1,5_9,0.00093097
807,1976,1,5_9,0.00058828
807,1977,1,5_9,0.00080042
807,1978,1,5_9,0.0006653
807,1979,1,5_9,0.00069599
807,1980,1,5_9,0.00053574
807,1981,1,5_9,0.00054469
807,1982,1,5_9,0.00055818
807,1983,1,5_9,0.00043587
807,1984,1,5_9,0.00055698
807,1985,1,5_9,0.00046908
807,1986,1,5_9,0.00050382
807,1987,1,5_9,0.00041481
807,1988,1,5_9,0.00036172
807,1989,1,5_9,0.00051363
807,1990,1,5_9,0.00050191
807,1991,1,5_9,0.0004058
807,1992,1,5_9,0.00033041
807,1993,1,5_9,0.0004817
807,1994,1,5_9,0.00034754
807,1995,1,5_9,0.00037611
807,1996,1,5_9,0.00033948
807,1997,1,5_9,0.00039143
807,1998,1,5_9,0.00044066
807,1999,1,5_9,0.00037663
807,2000,1,5_9,0.00031108
807,2001,1,5_9,0.00032214
807,2002,1,5_9,0.00036855
807,2003,1,5_9,0.00018958
807,2004,1,5_9,0.00021142
807,2005,1,5_9,0.00014344
807,2006,1,5_9,0.00012513
807,2007,1,5_9,0.00014695
807,2008,1,5_9,0.0001045
807,2009,1,5_9,0.00027879
807,2010,1,5_9,0.00018882
807,2011,1,5_9,0.00016934
807,2012,1,5_9,0.00012588
807,2013,1,5_9,0.00019134
807,2014,1,5_9,0.00020744
807,2015,1,5_9,0.00023969
807,2016,1,5_9,0.00018329
807,2017,1,5_9,0.00013293
807,2018,1,5_9,0.0001128
807,2019,1,5_9,6.754e-05
807,2020,1,5_9,0.00022761
807,2021,1,5_9,0.00012991
807,2022,1,5_9,5.054e-05
807,2023,1,5_9,5.597e-05
620,1950,1,5_9,0.00214935
620,1951,1,5_9,0.0019455
620,1952,1,5_9,0.00178105
620,1953,1,5_9,0.00170095
620,1954,1,5_9,0.00155065
620,1955,1,5_9,0.00146054
620,1956,1,5_9,0.00155889
620,1957,1,5_9,0.00149681
620,1958,1,5_9,0.00120251
620,1959,1,5_9,0.00131645
620,1960,1,5_9,0.00117048
620,1961,1,5_9,0.00136465
620,1962,1,5_9,0.00141047
620,1963,1,5_9,0.00133066
620,1964,1,5_9,0.00128428
620,1965,1,5_9,0.00111434
620,1966,1,5_9,0.00102227
620,1967,1,5_9,0.00111238
620,1968,1,5_9,0.00092621
620,1969,1,5_9,0.00090624
620,1970,1,5_9,0.00097421
620,1971,1,5_9,0.00109432
620,1972,1,5_9,0.00089617
620,1973,1,5_9,0.00094408
620,1974,1,5_9,0.00076008
620,1975,1,5_9,0.00086621
620,1976,1,5_9,0.00090411
620,1977,1,5_9,0.00075615
620,1978,1,5_9,0.00076608
620,1979,1,5_9,0.00069813
620,1980,1,5_9,0.000716
620,1981,1,5_9,0.00054203
620,1982,1,5_9,0.00058801
620,1983,1,5_9,0.00056001
620,1984,1,5_9,0.00061804
620,1985,1,5_9,0.00053004
620,1986,1,5_9,0.00051804
620,1987,1,5_9,0.00048205
620,1988,1,5_9,0.00048599
620,1989,1,5_9,0.00045203
620,1990,1,5_9,0.000426
620,1991,1,5_9,0.00052202
620,1992,1,5_9,0.00040403
620,1993,1,5_9,0.00042801
620,1994,1,5_9,0.00036801
620,1995,1,5_9,0.00038604
620,1996,1,5_9,0.00031203
620,1997,1,5_9,0.00030604
620,1998,1,5_9,0.00029
620,1999,1,5_9,0.00029399
620,2000,1,5_9,0.00023401
620,2001,1,5_9,0.00022399
620,2002,1,5_9,0.00021001
620,2003,1,5_9,0.00022001
620,2004,1,5_9,0.00019999
620,2005,1,5_9,0.00020601
620,2006,1,5_9,0.00015601
620,2007,1,5_9,0.000138
620,2008,1,5_9,0.00012599
620,2009,1,5_9,0.000116
620,2010,1,5_9,0.000134
620,2011,1,5_9,0.000132
620,2012,1,5_9,9.6e-05
620,2013,1,5_9,8.8e-05
620,2014,1,5_9,0.00011201
620,2015,1,5_9,8.8e-05
620,2016,1,5_9,6e-05
620,2017,1,5_9,9.8e-05
620,2018,1,5_9,7.2e-05
620,2019,1,5_9,0.000106
620,2020,1,5_9,6.2e-05
620,2021,1,5_9,9e-05
620,2022,1,5_9,0.00014065
620,2023,1,5_9,9.109e-05
674,1950,1,5_9,0.00055285
674,1951,1,5_9,0.00053954
674,1952,1,5_9,0.00052288
674,1953,1,5_9,0.00050867
674,1954,1,5_9,0.00049463
674,1955,1,5_9,0.0004806
674,1956,1,5_9,0.00046644
674,1957,1,5_9,0.00045297
674,1958,1,5_9,0.00043962
674,1959,1,5_9,0.00042609
674,1960,1,5_9,0.00041256
674,1961,1,5_9,0.00040183
674,1962,1,5_9,0.00039096
674,1963,1,5_9,0.000385
674,1964,1,5_9,0.00037911
674,1965,1,5_9,0.00037364
674,1966,1,5_9,0.00036667
674,1967,1,5_9,0.00036128
674,1968,1,5_9,0.00035669
674,1969,1,5_9,0.0003531
674,1970,1,5_9,0.00035032
674,1971,1,5_9,0.00034569
674,1972,1,5_9,0.00033895
674,1973,1,5_9,0.00033077
674,1974,1,5_9,0.0003186
674,1975,1,5_9,0.00030795
674,1976,1,5_9,0.00029663
674,1977,1,5_9,0.00028542
674,1978,1,5_9,0.00027368
674,1979,1,5_9,0.00026226
674,1980,1,5_9,0.00025089
674,1981,1,5_9,0.00024154
674,1982,1,5_9,0.00023315
674,1983,1,5_9,0.00022592
674,1984,1,5_9,0.00022095
674,1985,1,5_9,0.00021772
674,1986,1,5_9,0.00021527
674,1987,1,5_9,0.00021354
674,1988,1,5_9,0.00021084
674,1989,1,5_9,0.00020728
674,1990,1,5_9,0.00020158
674,1991,1,5_9,0.00019421
674,1992,1,5_9,0.00018566
674,1993,1,5_9,0.00017547
674,1994,1,5_9,0.00016416
674,1995,1,5_9,0.00015177
674,1996,1,5_9,0.00014139
674,1997,1,5_9,0.00013105
674,1998,1,5_9,0.00012329
674,1999,1,5_9,0.00011445
674,2000,1,5_9,0.00010629
674,2001,1,5_9,9.873e-05
674,2002,1,5_9,9.28e-05
674,2003,1,5_9,8.703e-05
674,2004,1,5_9,8.251e-05
674,2005,1,5_9,7.739e-05
674,2006,1,5_9,7.281e-05
674,2007,1,5_9,6.859e-05
674,2008,1,5_9,6.491e-05
674,2009,1,5_9,6.117e-05
674,2010,1,5_9,5.827e-05
674,2011,1,5_9,5.562e-05
674,2012,1,5_9,5.282e-05
674,2013,1,5_9,5.006e-05
674,2014,1,5_9,4.791e-05
674,2015,1,5_9,4.588e-05
674,2016,1,5_9,4.412e-05
674,2017,1,5_9,4.235e-05
674,2018,1,5_9,4.072e-05
674,2019,1,5_9,3.934e-05
674,2020,1,5_9,3.772e-05
674,2021,1,5_9,3.665e-05
674,2022,1,5_9,3.548e-05
674,2023,1,5_9,3.433e-05
688,1950,1,5_9,0.00220148
688,1951,1,5_9,0.00212069
688,1952,1,5_9,0.00187922
688,1953,1,5_9,0.00155231
688,1954,1,5_9,0.00141322
688,1955,1,5_9,0.0013333
688,1956,1,5_9,0.00131034
688,1957,1,5_9,0.0012172
688,1958,1,5_9,0.00103635
688,1959,1,5_9,0.00089357
688,1960,1,5_9,0.00086292
688,1961,1,5_9,0.00086954
688,1962,1,5_9,0.00089185
688,1963,1,5_9,0.00085529
688,1964,1,5_9,0.00082474
688,1965,1,5_9,0.00074137
688,1966,1,5_9,0.00068917
688,1967,1,5_9,0.0006133
688,1968,1,5_9,0.00057926
688,1969,1,5_9,0.000584
688,1970,1,5_9,0.00057477
688,1971,1,5_9,0.00058192
688,1972,1,5_9,0.0005363
688,1973,1,5_9,0.0005082
688,1974,1,5_9,0.00048013
688,1975,1,5_9,0.000474
688,1976,1,5_9,0.00048115
688,1977,1,5_9,0.00046384
688,1978,1,5_9,0.00048271
688,1979,1,5_9,0.00049255
688,1980,1,5_9,0.00050518
688,1981,1,5_9,0.00050448
688,1982,1,5_9,0.00047182
688,1983,1,5_9,0.00045422
688,1984,1,5_9,0.00043008
688,1985,1,5_9,0.00041881
688,1986,1,5_9,0.00040864
688,1987,1,5_9,0.00038906
688,1988,1,5_9,0.00034868
688,1989,1,5_9,0.0003347
688,1990,1,5_9,0.00032552
688,1991,1,5_9,0.00035141
688,1992,1,5_9,0.0003461
688,1993,1,5_9,0.00035164
688,1994,1,5_9,0.00034296
688,1995,1,5_9,0.00031679
688,1996,1,5_9,0.00030445
688,1997,1,5_9,0.00031348
688,1998,1,5_9,0.00045524
688,1999,1,5_9,0.00106939
688,2000,1,5_9,0.00029751
688,2001,1,5_9,0.00027468
688,2002,1,5_9,0.00024809
688,2003,1,5_9,0.00020933
688,2004,1,5_9,0.00019733
688,2005,1,5_9,0.00021748
688,2006,1,5_9,0.000202
688,2007,1,5_9,0.00018999
688,2008,1,5_9,0.00015933
688,2009,1,5_9,0.00015533
688,2010,1,5_9,0.00013697
688,2011,1,5_9,0.00012533
688,2012,1,5_9,0.00010933
688,2013,1,5_9,0.000126
688,2014,1,5_9,0.00013673
688,2015,1,5_9,0.000142
688,2016,1,5_9,0.000122
688,2017,1,5_9,9.399e-05
688,2018,1,5_9,0.00015619
688,2019,1,5_9,0.00013204
688,2020,1,5_9,0.000116
688,2021,1,5_9,0.000132
688,2022,1,5_9,0.00013177
688,2023,1,5_9,0.00011196
705,1950,1,5_9,0.00128981
705,1951,1,5_9,0.00123592
705,1952,1,5_9,0.00113873
705,1953,1,5_9,0.00110897
705,1954,1,5_9,0.0010671
705,1955,1,5_9,0.00100607
705,1956,1,5_9,0.00092395
705,1957,1,5_9,0.00085772
705,1958,1,5_9,0.000741
705,1959,1,5_9,0.00070477
705,1960,1,5_9,0.00066791
705,1961,1,5_9,0.00060204
705,1962,1,5_9,0.00058274
705,1963,1,5_9,0.00064633
705,1964,1,5_9,0.00067912
705,1965,1,5_9,0.00069932
705,1966,1,5_9,0.00064819
705,1967,1,5_9,0.00073447
705,1968,1,5_9,0.00071787
705,1969,1,5_9,0.00072538
705,1970,1,5_9,0.00066549
705,1971,1,5_9,0.00066593
705,1972,1,5_9,0.00060441
705,1973,1,5_9,0.00046888
705,1974,1,5_9,0.00040603
705,1975,1,5_9,0.00039643
705,1976,1,5_9,0.00048828
705,1977,1,5_9,0.00048586
705,1978,1,5_9,0.00048311
705,1979,1,5_9,0.00037244
705,1980,1,5_9,0.0003424
705,1981,1,5_9,0.00038838
705,1982,1,5_9,0.00043268
705,1983,1,5_9,0.00043764
705,1984,1,5_9,0.00033864
705,1985,1,5_9,0.00032398
705,1986,1,5_9,0.00030866
705,1987,1,5_9,0.00031735
705,1988,1,5_9,0.00029202
705,1989,1,5_9,0.00028736
705,1990,1,5_9,0.00024536
705,1991,1,5_9,0.0002387
705,1992,1,5_9,0.00018535
705,1993,1,5_9,0.00021334
705,1994,1,5_9,0.00021267
705,1995,1,5_9,0.00021592
705,1996,1,5_9,0.00024316
705,1997,1,5_9,0.00025317
705,1998,1,5_9,0.00026993
705,1999,1,5_9,0.0002046
705,2000,1,5_9,0.00019193
705,2001,1,5_9,0.00017789
705,2002,1,5_9,0.00017239
705,2003,1,5_9,0.00018751
705,2004,1,5_9,0.00012036
705,2005,1,5_9,0.00011284
705,2006,1,5_9,9.294e-05
705,2007,1,5_9,8.474e-05
705,2008,1,5_9,8.694e-05
705,2009,1,5_9,9.556e-05
705,2010,1,5_9,0.00011564
705,2011,1,5_9,0.00011561
705,2012,1,5_9,0.00010494
705,2013,1,5_9,9.911e-05
705,2014,1,5_9,7.969e-05
705,2015,1,5_9,6.134e-05
705,2016,1,5_9,5.587e-05
705,2017,1,5_9,6.525e-05
705,2018,1,5_9,6.915e-05
705,2019,1,5_9,0.00012577
705,2020,1,5_9,3.48e-05
705,2021,1,5_9,1.762e-05
705,2022,1,5_9,0.00014065
705,2023,1,5_9,0.00011053
724,1950,1,5_9,0.00188303
724,1951,1,5_9,0.00186094
724,1952,1,5_9,0.00156873
724,1953,1,5_9,0.00126245
724,1954,1,5_9,0.00109031
724,1955,1,5_9,0.0010724
724,1956,1,5_9,0.00091624
724,1957,1,5_9,0.00098222
724,1958,1,5_9,0.00085412
724,1959,1,5_9,0.00082215
724,1960,1,5_9,0.00073214
724,1961,1,5_9,0.00070809
724,1962,1,5_9,0.00069608
724,1963,1,5_9,0.00073214
724,1964,1,5_9,0.00061008
724,1965,1,5_9,0.00061005
724,1966,1,5_9,0.00054602
724,1967,1,5_9,0.00052603
724,1968,1,5_9,0.00049002
724,1969,1,5_9,0.00052605
724,1970,1,5_9,0.00054204
724,1971,1,5_9,0.00050602
724,1972,1,5_9,0.00048603
724,1973,1,5_9,0.00050006
724,1974,1,5_9,0.00048404
724,1975,1,5_9,0.00042802
724,1976,1,5_9,0.00043203
724,1977,1,5_9,0.00044201
724,1978,1,5_9,0.00041
724,1979,1,5_9,0.00041203
724,1980,1,5_9,0.00041404
724,1981,1,5_9,0.00034402
724,1982,1,5_9,0.00033401
724,1983,1,5_9,0.00033202
724,1984,1,5_9,0.00029802
724,1985,1,5_9,0.00030801
724,1986,1,5_9,0.00027801
724,1987,1,5_9,0.00026002
724,1988,1,5_9,0.00026802
724,1989,1,5_9,0.000248
724,1990,1,5_9,0.00027601
724,1991,1,5_9,0.00024201
724,1992,1,5_9,0.00021401
724,1993,1,5_9,0.000212
724,1994,1,5_9,0.00022
724,1995,1,5_9,0.000196
724,1996,1,5_9,0.000196
724,1997,1,5_9,0.00016001
724,1998,1,5_9,0.0002
724,1999,1,5_9,0.00017201
724,2000,1,5_9,0.000168
724,2001,1,5_9,0.000152
724,2002,1,5_9,0.000148
724,2003,1,5_9,0.000148
724,2004,1,5_9,0.000128
724,2005,1,5_9,0.000118
724,2006,1,5_9,0.00015
724,2007,1,5_9,0.000108
724,2008,1,5_9,0.00013201
724,2009,1,5_9,9.4e-05
724,2010,1,5_9,9.4e-05
724,2011,1,5_9,9.8e-05
724,2012,1,5_9,0.0001
724,2013,1,5_9,9e-05
724,2014,1,5_9,8.6e-05
724,2015,1,5_9,9e-05
724,2016,1,5_9,8.2e-05
724,2017,1,5_9,7.2e-05
724,2018,1,5_9,8e-05
724,2019,1,5_9,6.4e-05
724,2020,1,5_9,5.4e-05
724,2021,1,5_9,6.291e-05
724,2022,1,5_9,0.00011006
724,2023,1,5_9,5.841e-05
40,1950,1,5_9,0.00093024
40,1951,1,5_9,0.00091811
40,1952,1,5_9,0.0008442
40,1953,1,5_9,0.0007742
40,1954,1,5_9,0.00083605
40,1955,1,5_9,0.00078616
40,1956,1,5_9,0.00067812
40,1957,1,5_9,0.00086211
40,1958,1,5_9,0.00069611
40,1959,1,5_9,0.00068005
40,1960,1,5_9,0.00067598
40,1961,1,5_9,0.00055605
40,1962,1,5_9,0.00053009
40,1963,1,5_9,0.00057212
40,1964,1,5_9,0.00059407
40,1965,1,5_9,0.00056601
40,1966,1,5_9,0.00063216
40,1967,1,5_9,0.00063609
40,1968,1,5_9,0.000612
40,1969,1,5_9,0.00063008
40,1970,1,5_9,0.00065202
40,1971,1,5_9,0.00056205
40,1972,1,5_9,0.00052394
40,1973,1,5_9,0.00055607
40,1974,1,5_9,0.00046403
40,1975,1,5_9,0.00048805
40,1976,1,5_9,0.000392
40,1977,1,5_9,0.000378
40,1978,1,5_9,0.00034602
40,1979,1,5_9,0.00037604
40,1980,1,5_9,0.00041804
40,1981,1,5_9,0.00029198
40,1982,1,5_9,0.00029601
40,1983,1,5_9,0.00029403
40,1984,1,5_9,0.00031805
40,1985,1,5_9,0.00021002
40,1986,1,5_9,0.00025998
40,1987,1,5_9,0.00023802
40,1988,1,5_9,0.000236
40,1989,1,5_9,0.00030601
40,1990,1,5_9,0.00020203
40,1991,1,5_9,0.00022603
40,1992,1,5_9,0.00015199
40,1993,1,5_9,0.000208
40,1994,1,5_9,0.00019001
40,1995,1,5_9,0.00016
40,1996,1,5_9,0.000144
40,1997,1,5_9,0.000134
40,1998,1,5_9,0.00013
40,1999,1,5_9,0.000114
40,2000,1,5_9,0.00014599
40,2001,1,5_9,0.0001
40,2002,1,5_9,0.00013001
40,2003,1,5_9,0.000118
40,2004,1,5_9,0.000128
40,2005,1,5_9,0.000152
40,2006,1,5_9,0.00011
40,2007,1,5_9,0.000104
40,2008,1,5_9,6.6e-05
40,2009,1,5_9,0.000106
40,2010,1,5_9,6.5e-05
40,2011,1,5_9,8.4e-05
40,2012,1,5_9,8.6e-05
40,2013,1,5_9,8.8e-05
40,2014,1,5_9,8.6e-05
40,2015,1,5_9,8.6e-05
40,2016,1,5_9,7.6e-05
40,2017,1,5_9,6.8e-05
40,2018,1,5_9,8.4e-05
40,2019,1,5_9,9.2e-05
40,2020,1,5_9,7.6e-05
40,2021,1,5_9,5e-05
40,2022,1,5_9,9.547e-05
40,2023,1,5_9,8.355e-05
56,1950,1,5_9,0.00067205
56,1951,1,5_9,0.00075412
56,1952,1,5_9,0.00067209
56,1953,1,5_9,0.00061214
56,1954,1,5_9,0.00071816
56,1955,1,5_9,0.00066002
56,1956,1,5_9,0.00056208
56,1957,1,5_9,0.00066212
56,1958,1,5_9,0.00056208
56,1959,1,5_9,0.00061009
56,1960,1,5_9,0.0006141
56,1961,1,5_9,0.00054006
56,1962,1,5_9,0.00050404
56,1963,1,5_9,0.000522
56,1964,1,5_9,0.00050205
56,1965,1,5_9,0.00052404
56,1966,1,5_9,0.00059804
56,1967,1,5_9,0.00048203
56,1968,1,5_9,0.00051006
56,1969,1,5_9,0.00050003
56,1970,1,5_9,0.00054806
56,1971,1,5_9,0.00048805
56,1972,1,5_9,0.00044204
56,1973,1,5_9,0.000468
56,1974,1,5_9,0.00043602
56,1975,1,5_9,0.00044202
56,1976,1,5_9,0.00043402
56,1977,1,5_9,0.00039403
56,1978,1,5_9,0.00041202
56,1979,1,5_9,0.00034001
56,1980,1,5_9,0.00038804
56,1981,1,5_9,0.00032199
56,1982,1,5_9,0.00031002
56,1983,1,5_9,0.00032802
56,1984,1,5_9,0.00028201
56,1985,1,5_9,0.000302
56,1986,1,5_9,0.00030999
56,1987,1,5_9,0.00026199
56,1988,1,5_9,0.000224
56,1989,1,5_9,0.00021201
56,1990,1,5_9,0.00023601
56,1991,1,5_9,0.000208
56,1992,1,5_9,0.00027598
56,1993,1,5_9,0.00017
56,1994,1,5_9,0.000156
56,1995,1,5_9,0.000148
56,1996,1,5_9,0.000186
56,1997,1,5_9,0.00018202
56,1998,1,5_9,0.00015401
56,1999,1,5_9,0.000176
56,2000,1,5_9,0.000112
56,2001,1,5_9,0.00018
56,2002,1,5_9,0.000174
56,2003,1,5_9,0.00011001
56,2004,1,5_9,9.8e-05
56,2005,1,5_9,0.00013199
56,2006,1,5_9,0.00012
56,2007,1,5_9,9.8e-05
56,2008,1,5_9,0.000114
56,2009,1,5_9,7.2e-05
56,2010,1,5_9,0.00011
56,2011,1,5_9,0.00011799
56,2012,1,5_9,0.000104
56,2013,1,5_9,9.6e-05
56,2014,1,5_9,7.6e-05
56,2015,1,5_9,9.201e-05
56,2016,1,5_9,0.00012
56,2017,1,5_9,0.000108
56,2018,1,5_9,9e-05
56,2019,1,5_9,6.8e-05
56,2020,1,5_9,9e-05
56,2021,1,5_9,9e-05
56,2022,1,5_9,0.00010097
56,2023,1,5_9,7.019e-05
250,1950,1,5_9,0.00076408
250,1951,1,5_9,0.00066211
250,1952,1,5_9,0.00063006
250,1953,1,5_9,0.00057808
250,1954,1,5_9,0.00052603
250,1955,1,5_9,0.00048604
250,1956,1,5_9,0.00051607
250,1957,1,5_9,0.00053407
250,1958,1,5_9,0.00045204
250,1959,1,5_9,0.00050405
250,1960,1,5_9,0.00045402
250,1961,1,5_9,0.00048004
250,1962,1,5_9,0.00049605
250,1963,1,5_9,0.00046605
250,1964,1,5_9,0.00044803
250,1965,1,5_9,0.00046404
250,1966,1,5_9,0.00044604
250,1967,1,5_9,0.00045602
250,1968,1,5_9,0.00045003
250,1969,1,5_9,0.00046402
250,1970,1,5_9,0.00047404
250,1971,1,5_9,0.00048004
250,1972,1,5_9,0.00044603
250,1973,1,5_9,0.00045603
250,1974,1,5_9,0.00043002
250,1975,1,5_9,0.00043002
250,1976,1,5_9,0.00038002
250,1977,1,5_9,0.00039804
250,1978,1,5_9,0.00038801
250,1979,1,5_9,0.00035802
250,1980,1,5_9,0.00038602
250,1981,1,5_9,0.00034401
250,1982,1,5_9,0.00032402
250,1983,1,5_9,0.00034202
250,1984,1,5_9,0.00030801
250,1985,1,5_9,0.00028001
250,1986,1,5_9,0.000284
250,1987,1,5_9,0.00026401
250,1988,1,5_9,0.00024201
250,1989,1,5_9,0.00024001
250,1990,1,5_9,0.000208
250,1991,1,5_9,0.00022001
250,1992,1,5_9,0.00019401
250,1993,1,5_9,0.000196
250,1994,1,5_9,0.00018601
250,1995,1,5_9,0.00018201
250,1996,1,5_9,0.000168
250,1997,1,5_9,0.000168
250,1998,1,5_9,0.000152
250,1999,1,5_9,0.000142
250,2000,1,5_9,0.000144
250,2001,1,5_9,0.000138
250,2002,1,5_9,0.00014
250,2003,1,5_9,0.00012
250,2004,1,5_9,0.0001
250,2005,1,5_9,0.000112
250,2006,1,5_9,9.8e-05
250,2007,1,5_9,9.2e-05
250,2008,1,5_9,9e-05
250,2009,1,5_9,9.6e-05
250,2010,1,5_9,9.8e-05
250,2011,1,5_9,9.4e-05
250,2012,1,5_9,8e-05
250,2013,1,5_9,9.8e-05
250,2014,1,5_9,9e-05
250,2015,1,5_9,9.2e-05
250,2016,1,5_9,8.6e-05
250,2017,1,5_9,8.2e-05
250,2018,1,5_9,7.2e-05
250,2019,1,5_9,8.2e-05
250,2020,1,5_9,7.6e-05
250,2021,1,5_9,8.6e-05
250,2022,1,5_9,9.112e-05
250,2023,1,5_9,7.361e-05
276,1950,1,5_9,0.00086709
276,1951,1,5_9,0.00083551
276,1952,1,5_9,0.00080508
276,1953,1,5_9,0.00077577
276,1954,1,5_9,0.00074753
276,1955,1,5_9,0.00072033
276,1956,1,5_9,0.00069413
276,1957,1,5_9,0.00074611
276,1958,1,5_9,0.00064406
276,1959,1,5_9,0.00067004
276,1960,1,5_9,0.00063411
276,1961,1,5_9,0.00064207
276,1962,1,5_9,0.00062207
276,1963,1,5_9,0.00060805
276,1964,1,5_9,0.00059805
276,1965,1,5_9,0.00060206
276,1966,1,5_9,0.00059404
276,1967,1,5_9,0.00062607
276,1968,1,5_9,0.00061609
276,1969,1,5_9,0.00059806
276,1970,1,5_9,0.00059406
276,1971,1,5_9,0.00058606
276,1972,1,5_9,0.00059605
276,1973,1,5_9,0.00053604
276,1974,1,5_9,0.00049206
276,1975,1,5_9,0.00048004
276,1976,1,5_9,0.00046805
276,1977,1,5_9,0.00043803
276,1978,1,5_9,0.00045404
276,1979,1,5_9,0.00041802
276,1980,1,5_9,0.00040203
276,1981,1,5_9,0.00036201
276,1982,1,5_9,0.00035803
276,1983,1,5_9,0.00032
276,1984,1,5_9,0.00027601
276,1985,1,5_9,0.000268
276,1986,1,5_9,0.00027402
276,1987,1,5_9,0.000242
276,1988,1,5_9,0.00028001
276,1989,1,5_9,0.000246
276,1990,1,5_9,0.00024601
276,1991,1,5_9,0.00021801
276,1992,1,5_9,0.000198
276,1993,1,5_9,0.000194
276,1994,1,5_9,0.000184
276,1995,1,5_9,0.000162
276,1996,1,5_9,0.000152
276,1997,1,5_9,0.000158
276,1998,1,5_9,0.000132
276,1999,1,5_9,0.000146
276,2000,1,5_9,0.000134
276,2001,1,5_9,0.000122
276,2002,1,5_9,0.000114
276,2003,1,5_9,0.000134
276,2004,1,5_9,0.000108
276,2005,1,5_9,0.000114
276,2006,1,5_9,0.000106
276,2007,1,5_9,0.000112
276,2008,1,5_9,9.6e-05
276,2009,1,5_9,9.2e-05
276,2010,1,5_9,9.4e-05
276,2011,1,5_9,8.8e-05
276,2012,1,5_9,9.4e-05
276,2013,1,5_9,0.0001
276,2014,1,5_9,8.4e-05
276,2015,1,5_9,8e-05
276,2016,1,5_9,0.000102
276,2017,1,5_9,7.6e-05
276,2018,1,5_9,9.2e-05
276,2019,1,5_9,9.2e-05
276,2020,1,5_9,8e-05
276,2021,1,5_9,7.6e-05
276,2022,1,5_9,0.00010451
276,2023,1,5_9,8.369e-05
438,1950,1,5_9,0.00143075
438,1951,1,5_9,0.00138133
438,1952,1,5_9,0.0013442
438,1953,1,5_9,0.00126852
438,1954,1,5_9,0.001195
438,1955,1,5_9,0.00111741
438,1956,1,5_9,0.00104433
438,1957,1,5_9,0.0009576
438,1958,1,5_9,0.00089758
438,1959,1,5_9,0.00084608
438,1960,1,5_9,0.00080264
438,1961,1,5_9,0.0007816
438,1962,1,5_9,0.00078159
438,1963,1,5_9,0.0007728
438,1964,1,5_9,0.00076012
438,1965,1,5_9,0.00075727
438,1966,1,5_9,0.00074034
438,1967,1,5_9,0.0007294
438,1968,1,5_9,0.000718
438,1969,1,5_9,0.00070715
438,1970,1,5_9,0.00068209
438,1971,1,5_9,0.00065343
438,1972,1,5_9,0.00061118
438,1973,1,5_9,0.00056855
438,1974,1,5_9,0.00051887
438,1975,1,5_9,0.00047779
438,1976,1,5_9,0.00043739
438,1977,1,5_9,0.00040637
438,1978,1,5_9,0.00040188
438,1979,1,5_9,0.00040019
438,1980,1,5_9,0.0003998
438,1981,1,5_9,0.0004086
438,1982,1,5_9,0.00041734
438,1983,1,5_9,0.00038594
438,1984,1,5_9,0.00036344
438,1985,1,5_9,0.00034292
438,1986,1,5_9,0.00031725
438,1987,1,5_9,0.00029089
438,1988,1,5_9,0.00027692
438,1989,1,5_9,0.00026029
438,1990,1,5_9,0.00024528
438,1991,1,5_9,0.00023626
438,1992,1,5_9,0.00023486
438,1993,1,5_9,0.00024123
438,1994,1,5_9,0.00025452
438,1995,1,5_9,0.00027025
438,1996,1,5_9,0.00028896
438,1997,1,5_9,0.00029513
438,1998,1,5_9,0.00028426
438,1999,1,5_9,0.00026191
438,2000,1,5_9,0.00023813
438,2001,1,5_9,0.00021354
438,2002,1,5_9,0.00019291
438,2003,1,5_9,0.00017725
438,2004,1,5_9,0.00016726
438,2005,1,5_9,0.0001599
438,2006,1,5_9,0.00015378
438,2007,1,5_9,0.00014915
438,2008,1,5_9,0.00014552
438,2009,1,5_9,0.00014253
438,2010,1,5_9,0.00013924
438,2011,1,5_9,0.00013643
438,2012,1,5_9,0.00013331
438,2013,1,5_9,0.00012944
438,2014,1,5_9,0.00012607
438,2015,1,5_9,0.00012273
438,2016,1,5_9,0.00012071
438,2017,1,5_9,0.00011831
438,2018,1,5_9,0.00011657
438,2019,1,5_9,0.00011445
438,2020,1,5_9,0.00011369
438,2021,1,5_9,0.00011126
438,2022,1,5_9,0.00011047
438,2023,1,5_9,0.00010984
442,1950,1,5_9,0.00114624
442,1951,1,5_9,0.00072916
442,1952,1,5_9,0.00048007
442,1953,1,5_9,0.00050142
442,1954,1,5_9,0.00129572
442,1955,1,5_9,0.00082384
442,1956,1,5_9,0.00058077
442,1957,1,5_9,0.00055014
442,1958,1,5_9,0.00044017
442,1959,1,5_9,0.0008015
442,1960,1,5_9,0.00070652
442,1961,1,5_9,0.00086435
442,1962,1,5_9,0.0010023
442,1963,1,5_9,0.00080868
442,1964,1,5_9,0.00064577
442,1965,1,5_9,0.00062999
442,1966,1,5_9,0.00046407
442,1967,1,5_9,0.00055617
442,1968,1,5_9,0.00062628
442,1969,1,5_9,0.00047007
442,1970,1,5_9,0.00077394
442,1971,1,5_9,0.00083809
442,1972,1,5_9,0.00045193
442,1973,1,5_9,0.00054206
442,1974,1,5_9,0.00084392
442,1975,1,5_9,0.00047591
442,1976,1,5_9,0.00028824
442,1977,1,5_9,0.00060626
442,1978,1,5_9,0.00043205
442,1979,1,5_9,0.00038213
442,1980,1,5_9,0.00029405
442,1981,1,5_9,0.00041226
442,1982,1,5_9,0.00051019
442,1983,1,5_9,0.00059988
442,1984,1,5_9,0.00031411
442,1985,1,5_9,0.00013402
442,1986,1,5_9,0.0003001
442,1987,1,5_9,0.00047612
442,1988,1,5_9,0.00020019
442,1989,1,5_9,0.00046808
442,1990,1,5_9,0.00013002
442,1991,1,5_9,0.00046011
442,1992,1,5_9,0.00044999
442,1993,1,5_9,0.00058418
442,1994,1,5_9,0.0002041
442,1995,1,5_9,0.0001862
442,1996,1,5_9,0.00010817
442,1997,1,5_9,0.00011201
442,1998,1,5_9,0.00017003
442,1999,1,5_9,0.00016615
442,2000,1,5_9,0.00023597
442,2001,1,5_9,0.00016016
442,2002,1,5_9,0.00028015
442,2003,1,5_9,0.00015615
442,2004,1,5_9,4.217e-05
442,2005,1,5_9,0.00016001
442,2006,1,5_9,0.00015417
442,2007,1,5_9,4.217e-05
442,2008,1,5_9,0.00016201
442,2009,1,5_9,0.00016203
442,2010,1,5_9,4.217e-05
442,2011,1,5_9,0.00010601
442,2012,1,5_9,4.217e-05
442,2013,1,5_9,0.00015217
442,2014,1,5_9,0.00015018
442,2015,1,5_9,0.00020401
442,2016,1,5_9,4.217e-05
442,2017,1,5_9,9.017e-05
442,2018,1,5_9,0.00010001
442,2019,1,5_9,4.217e-05
442,2020,1,5_9,0.00019413
442,2021,1,5_9,0.00013416
442,2022,1,5_9,0.00017816
442,2023,1,5_9,3.843e-05
492,1950,1,5_9,0.00113303
492,1951,1,5_9,0.0010709
492,1952,1,5_9,0.00098869
492,1953,1,5_9,0.00089519
492,1954,1,5_9,0.00084907
492,1955,1,5_9,0.00081854
492,1956,1,5_9,0.00079852
492,1957,1,5_9,0.00078413
492,1958,1,5_9,0.00075868
492,1959,1,5_9,0.00072871
492,1960,1,5_9,0.00068717
492,1961,1,5_9,0.00065954
492,1962,1,5_9,0.00063242
492,1963,1,5_9,0.00061474
492,1964,1,5_9,0.00058965
492,1965,1,5_9,0.00057808
492,1966,1,5_9,0.00057802
492,1967,1,5_9,0.00058755
492,1968,1,5_9,0.00058436
492,1969,1,5_9,0.00057121
492,1970,1,5_9,0.00055578
492,1971,1,5_9,0.00054989
492,1972,1,5_9,0.00054685
492,1973,1,5_9,0.00054573
492,1974,1,5_9,0.00054722
492,1975,1,5_9,0.00055201
492,1976,1,5_9,0.00053764
492,1977,1,5_9,0.00049835
492,1978,1,5_9,0.00044602
492,1979,1,5_9,0.00042029
492,1980,1,5_9,0.00041435
492,1981,1,5_9,0.00041853
492,1982,1,5_9,0.00040011
492,1983,1,5_9,0.0003733
492,1984,1,5_9,0.00033403
492,1985,1,5_9,0.00028242
492,1986,1,5_9,0.00023634
492,1987,1,5_9,0.00021211
492,1988,1,5_9,0.00021509
492,1989,1,5_9,0.00022209
492,1990,1,5_9,0.00022624
492,1991,1,5_9,0.00021882
492,1992,1,5_9,0.0002116
492,1993,1,5_9,0.00020433
492,1994,1,5_9,0.00019661
492,1995,1,5_9,0.00018972
492,1996,1,5_9,0.00018297
492,1997,1,5_9,0.00017623
492,1998,1,5_9,0.00016969
492,1999,1,5_9,0.00016422
492,2000,1,5_9,0.00015873
492,2001,1,5_9,0.00015399
492,2002,1,5_9,0.0001469
492,2003,1,5_9,0.00013867
492,2004,1,5_9,0.00012874
492,2005,1,5_9,0.00012281
492,2006,1,5_9,0.00012265
492,2007,1,5_9,0.00012527
492,2008,1,5_9,0.00012434
492,2009,1,5_9,0.00011455
492,2010,1,5_9,0.00010488
492,2011,1,5_9,9.833e-05
492,2012,1,5_9,9.998e-05
492,2013,1,5_9,0.00010193
492,2014,1,5_9,0.00010218
492,2015,1,5_9,9.792e-05
492,2016,1,5_9,9.223e-05
492,2017,1,5_9,8.796e-05
492,2018,1,5_9,8.413e-05
492,2019,1,5_9,8.239e-05
492,2020,1,5_9,8.021e-05
492,2021,1,5_9,7.99e-05
492,2022,1,5_9,7.955e-05
492,2023,1,5_9,7.992e-05
528,1950,1,5_9,0.00078014
528,1951,1,5_9,0.0007922
528,1952,1,5_9,0.00073415
528,1953,1,5_9,0.00087227
528,1954,1,5_9,0.00065609
528,1955,1,5_9,0.00067803
528,1956,1,5_9,0.00064409
528,1957,1,5_9,0.00066606
528,1958,1,5_9,0.00060009
528,1959,1,5_9,0.00073214
528,1960,1,5_9,0.0006261
528,1961,1,5_9,0.00063012
528,1962,1,5_9,0.00060409
528,1963,1,5_9,0.00063011
528,1964,1,5_9,0.00062007
528,1965,1,5_9,0.00055806
528,1966,1,5_9,0.00061008
528,1967,1,5_9,0.00059405
528,1968,1,5_9,0.00058807
528,1969,1,5_9,0.00055805
528,1970,1,5_9,0.00059004
528,1971,1,5_9,0.00053006
528,1972,1,5_9,0.00052403
528,1973,1,5_9,0.00049002
528,1974,1,5_9,0.00043805
528,1975,1,5_9,0.00038002
528,1976,1,5_9,0.00038601
528,1977,1,5_9,0.00040802
528,1978,1,5_9,0.00040404
528,1979,1,5_9,0.00032801
528,1980,1,5_9,0.00035602
528,1981,1,5_9,0.00029604
528,1982,1,5_9,0.00028801
528,1983,1,5_9,0.00027403
528,1984,1,5_9,0.00027001
528,1985,1,5_9,0.000214
528,1986,1,5_9,0.00022602
528,1987,1,5_9,0.00020601
528,1988,1,5_9,0.000242
528,1989,1,5_9,0.000216
528,1990,1,5_9,0.00022802
528,1991,1,5_9,0.00017001
528,1992,1,5_9,0.00022
528,1993,1,5_9,0.00019001
528,1994,1,5_9,0.000164
528,1995,1,5_9,0.00019401
528,1996,1,5_9,0.000156
528,1997,1,5_9,0.00018201
528,1998,1,5_9,0.00015401
528,1999,1,5_9,0.00015801
528,2000,1,5_9,0.000154
528,2001,1,5_9,0.00014801
528,2002,1,5_9,0.00013
528,2003,1,5_9,0.00018601
528,2004,1,5_9,0.000106
528,2005,1,5_9,0.00012
528,2006,1,5_9,0.00011
528,2007,1,5_9,8.8e-05
528,2008,1,5_9,8e-05
528,2009,1,5_9,0.000104
528,2010,1,5_9,7.6e-05
528,2011,1,5_9,9.6e-05
528,2012,1,5_9,0.000122
528,2013,1,5_9,8.8e-05
528,2014,1,5_9,9e-05
528,2015,1,5_9,6e-05
528,2016,1,5_9,5.2e-05
528,2017,1,5_9,9.6e-05
528,2018,1,5_9,6.8e-05
528,2019,1,5_9,5.4e-05
528,2020,1,5_9,5.6e-05
528,2021,1,5_9,5e-05
528,2022,1,5_9,5.796e-05
528,2023,1,5_9,5.479e-05
756,1950,1,5_9,0.00067404
756,1951,1,5_9,0.00081627
756,1952,1,5_9,0.00072415
756,1953,1,5_9,0.00080813
756,1954,1,5_9,0.00069011
756,1955,1,5_9,0.00075815
756,1956,1,5_9,0.00075998
756,1957,1,5_9,0.00072814
756,1958,1,5_9,0.00076211
756,1959,1,5_9,0.00051401
756,1960,1,5_9,0.00059406
756,1961,1,5_9,0.00059008
756,1962,1,5_9,0.00065609
756,1963,1,5_9,0.00060403
756,1964,1,5_9,0.00062012
756,1965,1,5_9,0.00056006
756,1966,1,5_9,0.00057812
756,1967,1,5_9,0.00069211
756,1968,1,5_9,0.00058803
756,1969,1,5_9,0.00062413
756,1970,1,5_9,0.0006281
756,1971,1,5_9,0.00056605
756,1972,1,5_9,0.00055407
756,1973,1,5_9,0.00051406
756,1974,1,5_9,0.00045807
756,1975,1,5_9,0.00040201
756,1976,1,5_9,0.00045999
756,1977,1,5_9,0.00038801
756,1978,1,5_9,0.00049609
756,1979,1,5_9,0.000326
756,1980,1,5_9,0.00039406
756,1981,1,5_9,0.000304
756,1982,1,5_9,0.00027403
756,1983,1,5_9,0.000352
756,1984,1,5_9,0.00028002
756,1985,1,5_9,0.00024202
756,1986,1,5_9,0.000208
756,1987,1,5_9,0.000236
756,1988,1,5_9,0.00025602
756,1989,1,5_9,0.000176
756,1990,1,5_9,0.00019598
756,1991,1,5_9,0.00028
756,1992,1,5_9,0.00019401
756,1993,1,5_9,0.00028402
756,1994,1,5_9,0.000232
756,1995,1,5_9,0.00016601
756,1996,1,5_9,0.00019201
756,1997,1,5_9,0.000128
756,1998,1,5_9,0.00014
756,1999,1,5_9,0.00014001
756,2000,1,5_9,0.000142
756,2001,1,5_9,0.00010399
756,2002,1,5_9,0.000114
756,2003,1,5_9,0.00012
756,2004,1,5_9,9e-05
756,2005,1,5_9,0.000126
756,2006,1,5_9,0.000132
756,2007,1,5_9,0.000106
756,2008,1,5_9,0.000112
756,2009,1,5_9,9.6e-05
756,2010,1,5_9,6.8e-05
756,2011,1,5_9,0.00012
756,2012,1,5_9,5.8e-05
756,2013,1,5_9,8.8e-05
756,2014,1,5_9,5.8e-05
756,2015,1,5_9,7.4e-05
756,2016,1,5_9,4.6e-05
756,2017,1,5_9,6.4e-05
756,2018,1,5_9,9.2e-05
756,2019,1,5_9,8.2e-05
756,2020,1,5_9,8e-05
756,2021,1,5_9,6.2e-05
756,2022,1,5_9,8.71e-05
756,2023,1,5_9,7.513e-05
660,1950,1,5_9,0.0042038
660,1951,1,5_9,0.00403482
660,1952,1,5_9,0.00387074
660,1953,1,5_9,0.00371532
660,1954,1,5_9,0.00356373
660,1955,1,5_9,0.00341546
660,1956,1,5_9,0.00326684
660,1957,1,5_9,0.0031301
660,1958,1,5_9,0.00299018
660,1959,1,5_9,0.0028542
660,1960,1,5_9,0.00370326
660,1961,1,5_9,0.00260011
660,1962,1,5_9,0.00247568
660,1963,1,5_9,0.00235813
660,1964,1,5_9,0.00224418
660,1965,1,5_9,0.00212973
660,1966,1,5_9,0.00202033
660,1967,1,5_9,0.00191834
660,1968,1,5_9,0.00181347
660,1969,1,5_9,0.00171581
660,1970,1,5_9,0.00160316
660,1971,1,5_9,0.00149714
660,1972,1,5_9,0.00140376
660,1973,1,5_9,0.00132039
660,1974,1,5_9,0.00123549
660,1975,1,5_9,0.00115158
660,1976,1,5_9,0.00107986
660,1977,1,5_9,0.0010099
660,1978,1,5_9,0.00094033
660,1979,1,5_9,0.00088122
660,1980,1,5_9,0.00083183
660,1981,1,5_9,0.00078463
660,1982,1,5_9,0.00074006
660,1983,1,5_9,0.00070247
660,1984,1,5_9,0.00066986
660,1985,1,5_9,0.00063622
660,1986,1,5_9,0.00060168
660,1987,1,5_9,0.00057036
660,1988,1,5_9,0.00054145
660,1989,1,5_9,0.00051088
660,1990,1,5_9,0.00048411
660,1991,1,5_9,0.00045952
660,1992,1,5_9,0.00043707
660,1993,1,5_9,0.00041664
660,1994,1,5_9,0.00039771
660,1995,1,5_9,0.00037993
660,1996,1,5_9,0.00036269
660,1997,1,5_9,0.00034656
660,1998,1,5_9,0.0003323
660,1999,1,5_9,0.00031752
660,2000,1,5_9,0.00030451
660,2001,1,5_9,0.00029267
660,2002,1,5_9,0.00028206
660,2003,1,5_9,0.00027247
660,2004,1,5_9,0.00026328
660,2005,1,5_9,0.00025576
660,2006,1,5_9,0.00024789
660,2007,1,5_9,0.00024095
660,2008,1,5_9,0.00023442
660,2009,1,5_9,0.0002287
660,2010,1,5_9,0.00022261
660,2011,1,5_9,0.00021738
660,2012,1,5_9,0.00021255
660,2013,1,5_9,0.00020759
660,2014,1,5_9,0.00020294
660,2015,1,5_9,0.00019799
660,2016,1,5_9,0.0001916
660,2017,1,5_9,0.00057404
660,2018,1,5_9,0.0001787
660,2019,1,5_9,0.00017213
660,2020,1,5_9,0.00016558
660,2021,1,5_9,0.00015967
660,2022,1,5_9,0.00015362
660,2023,1,5_9,0.00014816
28,1950,1,5_9,0.00271649
28,1951,1,5_9,0.0025459
28,1952,1,5_9,0.00245843
28,1953,1,5_9,0.00237438
28,1954,1,5_9,0.00229218
28,1955,1,5_9,0.00221005
28,1956,1,5_9,0.00212746
28,1957,1,5_9,0.00204239
28,1958,1,5_9,0.00195045
28,1959,1,5_9,0.0018492
28,1960,1,5_9,0.00178786
28,1961,1,5_9,0.00162641
28,1962,1,5_9,0.00150771
28,1963,1,5_9,0.00138824
28,1964,1,5_9,0.00126927
28,1965,1,5_9,0.00115629
28,1966,1,5_9,0.00104825
28,1967,1,5_9,0.00095299
28,1968,1,5_9,0.00086769
28,1969,1,5_9,0.00079302
28,1970,1,5_9,0.00072888
28,1971,1,5_9,0.00067243
28,1972,1,5_9,0.00062416
28,1973,1,5_9,0.00058198
28,1974,1,5_9,0.00054481
28,1975,1,5_9,0.00051158
28,1976,1,5_9,0.0004806
28,1977,1,5_9,0.00045157
28,1978,1,5_9,0.00042462
28,1979,1,5_9,0.00039977
28,1980,1,5_9,0.0003778
28,1981,1,5_9,0.00035873
28,1982,1,5_9,0.00034297
28,1983,1,5_9,0.00033088
28,1984,1,5_9,0.00032215
28,1985,1,5_9,0.0003166
28,1986,1,5_9,0.00031394
28,1987,1,5_9,0.00031374
28,1988,1,5_9,0.00031594
28,1989,1,5_9,0.0003629
28,1990,1,5_9,0.00032566
28,1991,1,5_9,0.00033231
28,1992,1,5_9,0.00035486
28,1993,1,5_9,0.00036994
28,1994,1,5_9,0.00037728
28,1995,1,5_9,0.00040241
28,1996,1,5_9,0.00034668
28,1997,1,5_9,0.00033187
28,1998,1,5_9,0.00039613
28,1999,1,5_9,0.00038979
28,2000,1,5_9,0.00033471
28,2001,1,5_9,0.00024393
28,2002,1,5_9,0.00017218
28,2003,1,5_9,0.0001182
28,2004,1,5_9,0.00011828
28,2005,1,5_9,0.00019459
28,2006,1,5_9,0.00022536
28,2007,1,5_9,0.00024334
28,2008,1,5_9,0.00020636
28,2009,1,5_9,0.00021743
28,2010,1,5_9,0.00022953
28,2011,1,5_9,0.00032736
28,2012,1,5_9,0.00036169
28,2013,1,5_9,0.00039154
28,2014,1,5_9,0.0002935
28,2015,1,5_9,0.00023771
28,2016,1,5_9,0.00016529
28,2017,1,5_9,0.00013086
28,2018,1,5_9,8.233e-05
28,2019,1,5_9,6.446e-05
28,2020,1,5_9,6.944e-05
28,2021,1,5_9,5.777e-05
28,2022,1,5_9,5.42e-05
28,2023,1,5_9,5.444e-05
533,1950,1,5_9,0.00279989
533,1951,1,5_9,0.00268336
533,1952,1,5_9,0.00257995
533,1953,1,5_9,0.00247524
533,1954,1,5_9,0.00237375
533,1955,1,5_9,0.0022917
533,1956,1,5_9,0.00221621
533,1957,1,5_9,0.00214587
533,1958,1,5_9,0.00208143
533,1959,1,5_9,0.00202601
533,1960,1,5_9,0.00197751
533,1961,1,5_9,0.00135751
533,1962,1,5_9,0.00132617
533,1963,1,5_9,0.00130112
533,1964,1,5_9,0.00129205
533,1965,1,5_9,0.00123357
533,1966,1,5_9,0.00118257
533,1967,1,5_9,0.00113755
533,1968,1,5_9,0.00108605
533,1969,1,5_9,0.0010218
533,1970,1,5_9,0.00096867
533,1971,1,5_9,0.00091622
533,1972,1,5_9,0.00086804
533,1973,1,5_9,0.00083133
533,1974,1,5_9,0.00080496
533,1975,1,5_9,0.0007961
533,1976,1,5_9,0.00078272
533,1977,1,5_9,0.00076656
533,1978,1,5_9,0.00074542
533,1979,1,5_9,0.00071105
533,1980,1,5_9,0.00067513
533,1981,1,5_9,0.00062263
533,1982,1,5_9,0.0005817
533,1983,1,5_9,0.0005232
533,1984,1,5_9,0.00050352
533,1985,1,5_9,0.00049309
533,1986,1,5_9,0.00048581
533,1987,1,5_9,0.00047554
533,1988,1,5_9,0.0004903
533,1989,1,5_9,0.00048776
533,1990,1,5_9,0.00052022
533,1991,1,5_9,0.00049174
533,1992,1,5_9,0.00049355
533,1993,1,5_9,0.00049365
533,1994,1,5_9,0.00049292
533,1995,1,5_9,0.00049343
533,1996,1,5_9,0.00048221
533,1997,1,5_9,0.00048731
533,1998,1,5_9,0.0004844
533,1999,1,5_9,0.00047884
533,2000,1,5_9,0.0004679
533,2001,1,5_9,0.0004584
533,2002,1,5_9,0.00044609
533,2003,1,5_9,0.000435
533,2004,1,5_9,0.00042216
533,2005,1,5_9,0.00041053
533,2006,1,5_9,0.00037955
533,2007,1,5_9,0.00039193
533,2008,1,5_9,0.0003746
533,2009,1,5_9,0.00036741
533,2010,1,5_9,0.00036142
533,2011,1,5_9,0.00034974
533,2012,1,5_9,0.00034059
533,2013,1,5_9,0.00033936
533,2014,1,5_9,0.00031733
533,2015,1,5_9,0.00031615
533,2016,1,5_9,0.00031171
533,2017,1,5_9,0.00031354
533,2018,1,5_9,0.00030839
533,2019,1,5_9,0.0003007
533,2020,1,5_9,0.00030142
533,2021,1,5_9,0.00030171
533,2022,1,5_9,0.00029503
533,2023,1,5_9,0.00028911
44,1950,1,5_9,0.00151262
44,1951,1,5_9,0.00147245
44,1952,1,5_9,0.00146017
44,1953,1,5_9,0.00142257
44,1954,1,5_9,0.00138618
44,1955,1,5_9,0.00135048
44,1956,1,5_9,0.00131552
44,1957,1,5_9,0.00128025
44,1958,1,5_9,0.00124567
44,1959,1,5_9,0.00121203
44,1960,1,5_9,0.00117848
44,1961,1,5_9,0.00114567
44,1962,1,5_9,0.00111268
44,1963,1,5_9,0.00108236
44,1964,1,5_9,0.00105224
44,1965,1,5_9,0.00102336
44,1966,1,5_9,0.00103594
44,1967,1,5_9,0.0009631
44,1968,1,5_9,0.00093385
44,1969,1,5_9,0.00090531
44,1970,1,5_9,0.00087637
44,1971,1,5_9,0.00084835
44,1972,1,5_9,0.00080922
44,1973,1,5_9,0.00076877
44,1974,1,5_9,0.00072973
44,1975,1,5_9,0.00071426
44,1976,1,5_9,0.00071409
44,1977,1,5_9,0.0007352
44,1978,1,5_9,0.00075038
44,1979,1,5_9,0.00075311
44,1980,1,5_9,0.00072797
44,1981,1,5_9,0.0006922
44,1982,1,5_9,0.00064505
44,1983,1,5_9,0.00060894
44,1984,1,5_9,0.00058249
44,1985,1,5_9,0.00058024
44,1986,1,5_9,0.00058494
44,1987,1,5_9,0.00059893
44,1988,1,5_9,0.00059962
44,1989,1,5_9,0.00059604
44,1990,1,5_9,0.00057741
44,1991,1,5_9,0.00055471
44,1992,1,5_9,0.00054565
44,1993,1,5_9,0.00051384
44,1994,1,5_9,0.00051308
44,1995,1,5_9,0.00052832
44,1996,1,5_9,0.00053626
44,1997,1,5_9,0.00054447
44,1998,1,5_9,0.00053312
44,1999,1,5_9,0.00051764
44,2000,1,5_9,0.00048267
44,2001,1,5_9,0.0004593
44,2002,1,5_9,0.00043446
44,2003,1,5_9,0.0004156
44,2004,1,5_9,0.00044533
44,2005,1,5_9,0.00037569
44,2006,1,5_9,0.00034286
44,2007,1,5_9,0.0003154
44,2008,1,5_9,0.00028272
44,2009,1,5_9,0.00026587
44,2010,1,5_9,0.00026181
44,2011,1,5_9,0.0002688
44,2012,1,5_9,0.00028542
44,2013,1,5_9,0.00029527
44,2014,1,5_9,0.00029937
44,2015,1,5_9,0.00041504
44,2016,1,5_9,0.00028267
44,2017,1,5_9,0.00027612
44,2018,1,5_9,0.00027133
44,2019,1,5_9,0.00155061
44,2020,1,5_9,0.00025486
44,2021,1,5_9,0.00024803
44,2022,1,5_9,0.00023792
44,2023,1,5_9,0.00023081
52,1950,1,5_9,0.0005137
52,1951,1,5_9,0.00054561
52,1952,1,5_9,0.00057088
52,1953,1,5_9,0.00059568
52,1954,1,5_9,0.00066823
52,1955,1,5_9,0.00101975
52,1956,1,5_9,0.0008239
52,1957,1,5_9,0.00077946
52,1958,1,5_9,0.00076112
52,1959,1,5_9,0.00074328
52,1960,1,5_9,0.00078247
52,1961,1,5_9,0.00077595
52,1962,1,5_9,0.00077276
52,1963,1,5_9,0.00069864
52,1964,1,5_9,0.00069179
52,1965,1,5_9,0.00070975
52,1966,1,5_9,0.00071906
52,1967,1,5_9,0.00074864
52,1968,1,5_9,0.00066339
52,1969,1,5_9,0.00066145
52,1970,1,5_9,0.00064596
52,1971,1,5_9,0.0006364
52,1972,1,5_9,0.00056224
52,1973,1,5_9,0.00051845
52,1974,1,5_9,0.00049462
52,1975,1,5_9,0.00052413
52,1976,1,5_9,0.00054803
52,1977,1,5_9,0.00057378
52,1978,1,5_9,0.00057549
52,1979,1,5_9,0.00059669
52,1980,1,5_9,0.00057487
52,1981,1,5_9,0.0005029
52,1982,1,5_9,0.00047471
52,1983,1,5_9,0.00041806
52,1984,1,5_9,0.00040844
52,1985,1,5_9,0.00038544
52,1986,1,5_9,0.00036968
52,1987,1,5_9,0.00034335
52,1988,1,5_9,0.00036041
52,1989,1,5_9,0.00034718
52,1990,1,5_9,0.00034238
52,1991,1,5_9,0.00027021
52,1992,1,5_9,0.00027242
52,1993,1,5_9,0.00026934
52,1994,1,5_9,0.00027484
52,1995,1,5_9,0.00028906
52,1996,1,5_9,0.00027434
52,1997,1,5_9,0.00030452
52,1998,1,5_9,0.0002978
52,1999,1,5_9,0.00027576
52,2000,1,5_9,0.00025042
52,2001,1,5_9,0.00025285
52,2002,1,5_9,0.00022946
52,2003,1,5_9,0.00021361
52,2004,1,5_9,0.000219
52,2005,1,5_9,0.0002082
52,2006,1,5_9,0.00020914
52,2007,1,5_9,0.00021246
52,2008,1,5_9,0.00016542
52,2009,1,5_9,0.00016416
52,2010,1,5_9,0.00018726
52,2011,1,5_9,0.00017688
52,2012,1,5_9,0.00016612
52,2013,1,5_9,0.00015757
52,2014,1,5_9,0.00014876
52,2015,1,5_9,0.00013997
52,2016,1,5_9,0.0001323
52,2017,1,5_9,0.00012976
52,2018,1,5_9,0.00011793
52,2019,1,5_9,0.00011136
52,2020,1,5_9,0.00010651
52,2021,1,5_9,9.966e-05
52,2022,1,5_9,9.421e-05
52,2023,1,5_9,8.907e-05
535,1950,1,5_9,0.00209967
535,1951,1,5_9,0.00190626
535,1952,1,5_9,0.00136678
535,1953,1,5_9,0.00141701
535,1954,1,5_9,0.00131189
535,1955,1,5_9,0.00120323
535,1956,1,5_9,0.00128888
535,1957,1,5_9,0.00111345
535,1958,1,5_9,0.00098917
535,1959,1,5_9,0.00105631
535,1960,1,5_9,0.00107751
535,1961,1,5_9,0.00113365
535,1962,1,5_9,0.00093288
535,1963,1,5_9,0.00072207
535,1964,1,5_9,0.00071513
535,1965,1,5_9,0.00086296
535,1966,1,5_9,0.00088253
535,1967,1,5_9,0.00079192
535,1968,1,5_9,0.00106254
535,1969,1,5_9,0.000778
535,1970,1,5_9,0.00050402
535,1971,1,5_9,0.00037818
535,1972,1,5_9,0.00037095
535,1973,1,5_9,0.00038822
535,1974,1,5_9,0.00039139
535,1975,1,5_9,0.00038258
535,1976,1,5_9,0.00035106
535,1977,1,5_9,0.00033318
535,1978,1,5_9,0.0003633
535,1979,1,5_9,0.00040573
535,1980,1,5_9,0.00059539
535,1981,1,5_9,0.00073908
535,1982,1,5_9,0.00053224
535,1983,1,5_9,0.00044778
535,1984,1,5_9,0.00045336
535,1985,1,5_9,0.00044292
535,1986,1,5_9,0.00041908
535,1987,1,5_9,0.00044028
535,1988,1,5_9,0.00042989
535,1989,1,5_9,0.00037192
535,1990,1,5_9,0.00042188
535,1991,1,5_9,0.00046544
535,1992,1,5_9,0.00053972
535,1993,1,5_9,0.00054637
535,1994,1,5_9,0.00038839
535,1995,1,5_9,0.00033803
535,1996,1,5_9,0.00033193
535,1997,1,5_9,0.00040146
535,1998,1,5_9,0.00035258
535,1999,1,5_9,0.00035659
535,2000,1,5_9,0.00033682
535,2001,1,5_9,0.00039181
535,2002,1,5_9,0.00037044
535,2003,1,5_9,0.0003783
535,2004,1,5_9,0.00037124
535,2005,1,5_9,0.00036151
535,2006,1,5_9,0.0003465
535,2007,1,5_9,0.00034907
535,2008,1,5_9,0.00030294
535,2009,1,5_9,0.00030255
535,2010,1,5_9,0.00029416
535,2011,1,5_9,0.0002956
535,2012,1,5_9,0.00029267
535,2013,1,5_9,0.00031285
535,2014,1,5_9,0.00026975
535,2015,1,5_9,0.00023183
535,2016,1,5_9,0.00022546
535,2017,1,5_9,0.0002357
535,2018,1,5_9,0.00024073
535,2019,1,5_9,0.00025704
535,2020,1,5_9,0.00023907
535,2021,1,5_9,0.00019978
535,2022,1,5_9,0.00021802
535,2023,1,5_9,0.00023771
92,1950,1,5_9,0.00380393
92,1951,1,5_9,0.00350787
92,1952,1,5_9,0.00325942
92,1953,1,5_9,0.00301669
92,1954,1,5_9,0.00278454
92,1955,1,5_9,0.00258776
92,1956,1,5_9,0.00240706
92,1957,1,5_9,0.00224129
92,1958,1,5_9,0.00208686
92,1959,1,5_9,0.00194138
92,1960,1,5_9,0.0018533
92,1961,1,5_9,0.00174785
92,1962,1,5_9,0.0016367
92,1963,1,5_9,0.00154156
92,1964,1,5_9,0.00145434
92,1965,1,5_9,0.001381
92,1966,1,5_9,0.00131907
92,1967,1,5_9,0.00125554
92,1968,1,5_9,0.00122975
92,1969,1,5_9,0.00119039
92,1970,1,5_9,0.00116599
92,1971,1,5_9,0.00112204
92,1972,1,5_9,0.00108222
92,1973,1,5_9,0.00103628
92,1974,1,5_9,0.00097382
92,1975,1,5_9,0.00091669
92,1976,1,5_9,0.00087217
92,1977,1,5_9,0.00083575
92,1978,1,5_9,0.00079291
92,1979,1,5_9,0.00075728
92,1980,1,5_9,0.00072015
92,1981,1,5_9,0.00068935
92,1982,1,5_9,0.00066332
92,1983,1,5_9,0.00063622
92,1984,1,5_9,0.00059869
92,1985,1,5_9,0.00056818
92,1986,1,5_9,0.0005392
92,1987,1,5_9,0.00051487
92,1988,1,5_9,0.00049031
92,1989,1,5_9,0.00046801
92,1990,1,5_9,0.00044181
92,1991,1,5_9,0.0004193
92,1992,1,5_9,0.00039775
92,1993,1,5_9,0.00037973
92,1994,1,5_9,0.00036378
92,1995,1,5_9,0.00035139
92,1996,1,5_9,0.00033946
92,1997,1,5_9,0.00033359
92,1998,1,5_9,0.00032732
92,1999,1,5_9,0.00032118
92,2000,1,5_9,0.00031418
92,2001,1,5_9,0.00030902
92,2002,1,5_9,0.00030451
92,2003,1,5_9,0.00029903
92,2004,1,5_9,0.00029497
92,2005,1,5_9,0.00029288
92,2006,1,5_9,0.00028962
92,2007,1,5_9,0.00028525
92,2008,1,5_9,0.00028088
92,2009,1,5_9,0.00027747
92,2010,1,5_9,0.00027509
92,2011,1,5_9,0.00027297
92,2012,1,5_9,0.00027172
92,2013,1,5_9,0.00027025
92,2014,1,5_9,0.00026838
92,2015,1,5_9,0.00026646
92,2016,1,5_9,0.00026334
92,2017,1,5_9,0.0007084
92,2018,1,5_9,0.000256
92,2019,1,5_9,0.00025084
92,2020,1,5_9,0.00024596
92,2021,1,5_9,0.00024164
92,2022,1,5_9,0.00023476
92,2023,1,5_9,0.00022973
136,1950,1,5_9,0.00363931
136,1951,1,5_9,0.00349093
136,1952,1,5_9,0.00335646
136,1953,1,5_9,0.00322652
136,1954,1,5_9,0.00310164
136,1955,1,5_9,0.00297713
136,1956,1,5_9,0.00286354
136,1957,1,5_9,0.00274608
136,1958,1,5_9,0.00263222
136,1959,1,5_9,0.0025154
136,1960,1,5_9,0.00239873
136,1961,1,5_9,0.00227686
136,1962,1,5_9,0.00215501
136,1963,1,5_9,0.00203582
136,1964,1,5_9,0.00192493
136,1965,1,5_9,0.00179971
136,1966,1,5_9,0.00171675
136,1967,1,5_9,0.00163741
136,1968,1,5_9,0.00154866
136,1969,1,5_9,0.00146741
136,1970,1,5_9,0.00137872
136,1971,1,5_9,0.00128885
136,1972,1,5_9,0.00118397
136,1973,1,5_9,0.00108669
136,1974,1,5_9,0.00098346
136,1975,1,5_9,0.00089144
136,1976,1,5_9,0.00081096
136,1977,1,5_9,0.00073448
136,1978,1,5_9,0.00067194
136,1979,1,5_9,0.00061231
136,1980,1,5_9,0.00056102
136,1981,1,5_9,0.00051437
136,1982,1,5_9,0.00047207
136,1983,1,5_9,0.00043434
136,1984,1,5_9,0.00040124
136,1985,1,5_9,0.00037268
136,1986,1,5_9,0.00034987
136,1987,1,5_9,0.0003316
136,1988,1,5_9,0.00031694
136,1989,1,5_9,0.00030505
136,1990,1,5_9,0.00029385
136,1991,1,5_9,0.00028478
136,1992,1,5_9,0.00027563
136,1993,1,5_9,0.00026721
136,1994,1,5_9,0.00025861
136,1995,1,5_9,0.00025066
136,1996,1,5_9,0.00024217
136,1997,1,5_9,0.00023408
136,1998,1,5_9,0.00022605
136,1999,1,5_9,0.00021925
136,2000,1,5_9,0.00021326
136,2001,1,5_9,0.00020785
136,2002,1,5_9,0.00020498
136,2003,1,5_9,0.0002039
136,2004,1,5_9,0.00026992
136,2005,1,5_9,0.00019798
136,2006,1,5_9,0.00019324
136,2007,1,5_9,0.00018675
136,2008,1,5_9,0.00017806
136,2009,1,5_9,0.00016817
136,2010,1,5_9,0.00015724
136,2011,1,5_9,0.00014557
136,2012,1,5_9,0.00013432
136,2013,1,5_9,0.00012577
136,2014,1,5_9,0.0001205
136,2015,1,5_9,0.0001152
136,2016,1,5_9,0.00011048
136,2017,1,5_9,0.00010587
136,2018,1,5_9,0.00010177
136,2019,1,5_9,9.811e-05
136,2020,1,5_9,9.393e-05
136,2021,1,5_9,9e-05
136,2022,1,5_9,8.412e-05
136,2023,1,5_9,7.954e-05
192,1950,1,5_9,0.00166276
192,1951,1,5_9,0.00162493
192,1952,1,5_9,0.00156044
192,1953,1,5_9,0.0014954
192,1954,1,5_9,0.00142685
192,1955,1,5_9,0.00135193
192,1956,1,5_9,0.00133635
192,1957,1,5_9,0.00133093
192,1958,1,5_9,0.00133645
192,1959,1,5_9,0.00129936
192,1960,1,5_9,0.00125102
192,1961,1,5_9,0.00120874
192,1962,1,5_9,0.00116633
192,1963,1,5_9,0.00142966
192,1964,1,5_9,0.00108231
192,1965,1,5_9,0.00104083
192,1966,1,5_9,0.00099885
192,1967,1,5_9,0.00095993
192,1968,1,5_9,0.00092266
192,1969,1,5_9,0.0008883
192,1970,1,5_9,0.00084633
192,1971,1,5_9,0.00080648
192,1972,1,5_9,0.00076915
192,1973,1,5_9,0.00073894
192,1974,1,5_9,0.00070263
192,1975,1,5_9,0.00066685
192,1976,1,5_9,0.00063184
192,1977,1,5_9,0.00058533
192,1978,1,5_9,0.00055673
192,1979,1,5_9,0.0005481
192,1980,1,5_9,0.00058659
192,1981,1,5_9,0.00059031
192,1982,1,5_9,0.00057188
192,1983,1,5_9,0.00054703
192,1984,1,5_9,0.00053538
192,1985,1,5_9,0.00054876
192,1986,1,5_9,0.00051223
192,1987,1,5_9,0.00051592
192,1988,1,5_9,0.0004993
192,1989,1,5_9,0.00047059
192,1990,1,5_9,0.00044008
192,1991,1,5_9,0.00041956
192,1992,1,5_9,0.00045003
192,1993,1,5_9,0.00043824
192,1994,1,5_9,0.00043268
192,1995,1,5_9,0.00039266
192,1996,1,5_9,0.00037703
192,1997,1,5_9,0.00035663
192,1998,1,5_9,0.00034759
192,1999,1,5_9,0.00033936
192,2000,1,5_9,0.00032741
192,2001,1,5_9,0.00032685
192,2002,1,5_9,0.00030971
192,2003,1,5_9,0.0002913
192,2004,1,5_9,0.0002806
192,2005,1,5_9,0.00025202
192,2006,1,5_9,0.00023961
192,2007,1,5_9,0.00021045
192,2008,1,5_9,0.00019892
192,2009,1,5_9,0.00018784
192,2010,1,5_9,0.00019259
192,2011,1,5_9,0.00019995
192,2012,1,5_9,0.00020219
192,2013,1,5_9,0.00018585
192,2014,1,5_9,0.00019799
192,2015,1,5_9,0.00020982
192,2016,1,5_9,0.00021802
192,2017,1,5_9,0.00018521
192,2018,1,5_9,0.00023389
192,2019,1,5_9,0.00019867
192,2020,1,5_9,0.00016749
192,2021,1,5_9,0.00020906
192,2022,1,5_9,0.00017935
192,2023,1,5_9,0.00017191
531,1950,1,5_9,0.00203797
531,1951,1,5_9,0.00195691
531,1952,1,5_9,0.00187464
531,1953,1,5_9,0.00179734
531,1954,1,5_9,0.00172182
531,1955,1,5_9,0.00165383
531,1956,1,5_9,0.0016002
531,1957,1,5_9,0.0015434
531,1958,1,5_9,0.00149812
531,1959,1,5_9,0.00145336
531,1960,1,5_9,0.00141997
531,1961,1,5_9,0.00137443
531,1962,1,5_9,0.0013423
531,1963,1,5_9,0.00130953
531,1964,1,5_9,0.00127757
531,1965,1,5_9,0.00124626
531,1966,1,5_9,0.00121428
531,1967,1,5_9,0.00118679
531,1968,1,5_9,0.00115697
531,1969,1,5_9,0.00113109
531,1970,1,5_9,0.00109747
531,1971,1,5_9,0.00107199
531,1972,1,5_9,0.00103741
531,1973,1,5_9,0.00100923
531,1974,1,5_9,0.00097633
531,1975,1,5_9,0.00094337
531,1976,1,5_9,0.00091054
531,1977,1,5_9,0.00088297
531,1978,1,5_9,0.00085118
531,1979,1,5_9,0.00082435
531,1980,1,5_9,0.00079966
531,1981,1,5_9,0.00077603
531,1982,1,5_9,0.00075488
531,1983,1,5_9,0.00073858
531,1984,1,5_9,0.00072133
531,1985,1,5_9,0.00070335
531,1986,1,5_9,0.0006905
531,1987,1,5_9,0.00067753
531,1988,1,5_9,0.00066917
531,1989,1,5_9,0.00075552
531,1990,1,5_9,0.00064892
531,1991,1,5_9,0.00064119
531,1992,1,5_9,0.00063318
531,1993,1,5_9,0.00062915
531,1994,1,5_9,0.00062523
531,1995,1,5_9,0.00063952
531,1996,1,5_9,0.00061728
531,1997,1,5_9,0.00061324
531,1998,1,5_9,0.00061272
531,1999,1,5_9,0.00060861
531,2000,1,5_9,0.00060122
531,2001,1,5_9,0.00059637
531,2002,1,5_9,0.00058846
531,2003,1,5_9,0.00057722
531,2004,1,5_9,0.00056619
531,2005,1,5_9,0.00055486
531,2006,1,5_9,0.00054525
531,2007,1,5_9,0.00053087
531,2008,1,5_9,0.00051356
531,2009,1,5_9,0.00049929
531,2010,1,5_9,0.00045898
531,2011,1,5_9,0.00043894
531,2012,1,5_9,0.00040776
531,2013,1,5_9,0.00039086
531,2014,1,5_9,0.00038972
531,2015,1,5_9,0.00039833
531,2016,1,5_9,0.00043046
531,2017,1,5_9,0.00042314
531,2018,1,5_9,0.00041896
531,2019,1,5_9,0.00041448
531,2020,1,5_9,0.00040968
531,2021,1,5_9,0.00040625
531,2022,1,5_9,0.00040173
531,2023,1,5_9,0.00039717
212,1950,1,5_9,0.00665506
212,1951,1,5_9,0.00603935
212,1952,1,5_9,0.00546186
212,1953,1,5_9,0.0049273
212,1954,1,5_9,0.00446838
212,1955,1,5_9,0.00398236
212,1956,1,5_9,0.00354837
212,1957,1,5_9,0.00315248
212,1958,1,5_9,0.00280136
212,1959,1,5_9,0.00252432
212,1960,1,5_9,0.00231832
212,1961,1,5_9,0.00213497
212,1962,1,5_9,0.00199256
212,1963,1,5_9,0.00187776
212,1964,1,5_9,0.00176188
212,1965,1,5_9,0.00163326
212,1966,1,5_9,0.00151963
212,1967,1,5_9,0.00141739
212,1968,1,5_9,0.00131073
212,1969,1,5_9,0.00121137
212,1970,1,5_9,0.00111983
212,1971,1,5_9,0.00103542
212,1972,1,5_9,0.00095016
212,1973,1,5_9,0.00087646
212,1974,1,5_9,0.0008152
212,1975,1,5_9,0.00075366
212,1976,1,5_9,0.00070225
212,1977,1,5_9,0.00065617
212,1978,1,5_9,0.00060814
212,1979,1,5_9,0.00128311
212,1980,1,5_9,0.00051627
212,1981,1,5_9,0.00047837
212,1982,1,5_9,0.00045126
212,1983,1,5_9,0.00043218
212,1984,1,5_9,0.00046674
212,1985,1,5_9,0.00043393
212,1986,1,5_9,0.00044483
212,1987,1,5_9,0.00045419
212,1988,1,5_9,0.00046335
212,1989,1,5_9,0.00046797
212,1990,1,5_9,0.00046763
212,1991,1,5_9,0.00046271
212,1992,1,5_9,0.00045758
212,1993,1,5_9,0.00045239
212,1994,1,5_9,0.00044662
212,1995,1,5_9,0.00048141
212,1996,1,5_9,0.00043892
212,1997,1,5_9,0.00043428
212,1998,1,5_9,0.00043064
212,1999,1,5_9,0.00042703
212,2000,1,5_9,0.00042382
212,2001,1,5_9,0.00042294
212,2002,1,5_9,0.00042543
212,2003,1,5_9,0.0004295
212,2004,1,5_9,0.00043363
212,2005,1,5_9,0.00043877
212,2006,1,5_9,0.00044546
212,2007,1,5_9,0.00049471
212,2008,1,5_9,0.00046371
212,2009,1,5_9,0.00047543
212,2010,1,5_9,0.00048844
212,2011,1,5_9,0.00050161
212,2012,1,5_9,0.00051352
212,2013,1,5_9,0.00052672
212,2014,1,5_9,0.00054004
212,2015,1,5_9,0.00116976
212,2016,1,5_9,0.00056199
212,2017,1,5_9,0.00189699
212,2018,1,5_9,0.00056941
212,2019,1,5_9,0.00058893
212,2020,1,5_9,0.00059567
212,2021,1,5_9,0.00061423
212,2022,1,5_9,0.00062838
212,2023,1,5_9,0.00063058
214,1950,1,5_9,0.00552139
214,1951,1,5_9,0.00526336
214,1952,1,5_9,0.00501746
214,1953,1,5_9,0.00481075
214,1954,1,5_9,0.00460609
214,1955,1,5_9,0.00439502
214,1956,1,5_9,0.0041924
214,1957,1,5_9,0.00400155
214,1958,1,5_9,0.00381783
214,1959,1,5_9,0.00364124
214,1960,1,5_9,0.00346493
214,1961,1,5_9,0.0032959
214,1962,1,5_9,0.00312858
214,1963,1,5_9,0.00310638
214,1964,1,5_9,0.00282085
214,1965,1,5_9,0.00268131
214,1966,1,5_9,0.00257405
214,1967,1,5_9,0.00242953
214,1968,1,5_9,0.0023149
214,1969,1,5_9,0.00220274
214,1970,1,5_9,0.00209436
214,1971,1,5_9,0.00198647
214,1972,1,5_9,0.00188482
214,1973,1,5_9,0.00178587
214,1974,1,5_9,0.00169686
214,1975,1,5_9,0.00161423
214,1976,1,5_9,0.00153142
214,1977,1,5_9,0.00145533
214,1978,1,5_9,0.00138536
214,1979,1,5_9,0.00166201
214,1980,1,5_9,0.00126461
214,1981,1,5_9,0.00120786
214,1982,1,5_9,0.00114797
214,1983,1,5_9,0.0010931
214,1984,1,5_9,0.0010328
214,1985,1,5_9,0.00097981
214,1986,1,5_9,0.000931
214,1987,1,5_9,0.0008836
214,1988,1,5_9,0.00084091
214,1989,1,5_9,0.00080266
214,1990,1,5_9,0.00076741
214,1991,1,5_9,0.00073809
214,1992,1,5_9,0.00071066
214,1993,1,5_9,0.00068489
214,1994,1,5_9,0.00065802
214,1995,1,5_9,0.00063868
214,1996,1,5_9,0.00062376
214,1997,1,5_9,0.0006017
214,1998,1,5_9,0.00064595
214,1999,1,5_9,0.00057149
214,2000,1,5_9,0.00055301
214,2001,1,5_9,0.00052579
214,2002,1,5_9,0.0004985
214,2003,1,5_9,0.00047223
214,2004,1,5_9,0.00053418
214,2005,1,5_9,0.00041508
214,2006,1,5_9,0.00036989
214,2007,1,5_9,0.00037726
214,2008,1,5_9,0.00035124
214,2009,1,5_9,0.00032982
214,2010,1,5_9,0.00031759
214,2011,1,5_9,0.00031236
214,2012,1,5_9,0.00027828
214,2013,1,5_9,0.00026185
214,2014,1,5_9,0.00025734
214,2015,1,5_9,0.00024202
214,2016,1,5_9,0.0002567
214,2017,1,5_9,0.00017093
214,2018,1,5_9,5.147e-05
214,2019,1,5_9,0.00016565
214,2020,1,5_9,0.00013957
214,2021,1,5_9,0.0001691
214,2022,1,5_9,0.00017913
214,2023,1,5_9,0.000105
308,1950,1,5_9,0.00119555
308,1951,1,5_9,0.00117371
308,1952,1,5_9,0.00116319
308,1953,1,5_9,0.00115811
308,1954,1,5_9,0.00115287
308,1955,1,5_9,0.00114272
308,1956,1,5_9,0.00112837
308,1957,1,5_9,0.00111676
308,1958,1,5_9,0.0011101
308,1959,1,5_9,0.00110883
308,1960,1,5_9,0.00111584
308,1961,1,5_9,0.00113491
308,1962,1,5_9,0.00117211
308,1963,1,5_9,0.00130862
308,1964,1,5_9,0.00134454
308,1965,1,5_9,0.00152698
308,1966,1,5_9,0.00183094
308,1967,1,5_9,0.00229545
308,1968,1,5_9,0.00293419
308,1969,1,5_9,0.00368707
308,1970,1,5_9,0.00434902
308,1971,1,5_9,0.00458416
308,1972,1,5_9,0.00426619
308,1973,1,5_9,0.00361465
308,1974,1,5_9,0.00289007
308,1975,1,5_9,0.00225591
308,1976,1,5_9,0.00177095
308,1977,1,5_9,0.00142275
308,1978,1,5_9,0.00117251
308,1979,1,5_9,0.00099159
308,1980,1,5_9,0.00086191
308,1981,1,5_9,0.00077269
308,1982,1,5_9,0.00071727
308,1983,1,5_9,0.00068747
308,1984,1,5_9,0.0006724
308,1985,1,5_9,0.00066773
308,1986,1,5_9,0.00066511
308,1987,1,5_9,0.00065634
308,1988,1,5_9,0.0006388
308,1989,1,5_9,0.0006149
308,1990,1,5_9,0.00058773
308,1991,1,5_9,0.00056025
308,1992,1,5_9,0.00053509
308,1993,1,5_9,0.00051387
308,1994,1,5_9,0.00049651
308,1995,1,5_9,0.00048256
308,1996,1,5_9,0.00047169
308,1997,1,5_9,0.00046348
308,1998,1,5_9,0.00045758
308,1999,1,5_9,0.00045364
308,2000,1,5_9,0.00045165
308,2001,1,5_9,0.00045104
308,2002,1,5_9,0.00045181
308,2003,1,5_9,0.0004538
308,2004,1,5_9,0.00095967
308,2005,1,5_9,0.00045655
308,2006,1,5_9,0.00045397
308,2007,1,5_9,0.00044611
308,2008,1,5_9,0.0004313
308,2009,1,5_9,0.0004095
308,2010,1,5_9,0.00038344
308,2011,1,5_9,0.00035612
308,2012,1,5_9,0.00033007
308,2013,1,5_9,0.00030736
308,2014,1,5_9,0.0002892
308,2015,1,5_9,0.00027465
308,2016,1,5_9,0.0002626
308,2017,1,5_9,0.00025193
308,2018,1,5_9,0.00024149
308,2019,1,5_9,0.00023028
308,2020,1,5_9,0.00021817
308,2021,1,5_9,0.00020535
308,2022,1,5_9,0.00019204
308,2023,1,5_9,0.00017853
312,1950,1,5_9,0.00220102
312,1951,1,5_9,0.00206762
312,1952,1,5_9,0.00197366
312,1953,1,5_9,0.00188238
312,1954,1,5_9,0.00182801
312,1955,1,5_9,0.00172601
312,1956,1,5_9,0.00162713
312,1957,1,5_9,0.00154154
312,1958,1,5_9,0.00148717
312,1959,1,5_9,0.00144074
312,1960,1,5_9,0.00135725
312,1961,1,5_9,0.00127915
312,1962,1,5_9,0.0012243
312,1963,1,5_9,0.00120257
312,1964,1,5_9,0.00126183
312,1965,1,5_9,0.00117372
312,1966,1,5_9,0.0012359
312,1967,1,5_9,0.00112454
312,1968,1,5_9,0.00108094
312,1969,1,5_9,0.00106324
312,1970,1,5_9,0.00102412
312,1971,1,5_9,0.00098242
312,1972,1,5_9,0.00094284
312,1973,1,5_9,0.00088977
312,1974,1,5_9,0.00086032
312,1975,1,5_9,0.00082237
312,1976,1,5_9,0.00077676
312,1977,1,5_9,0.00072693
312,1978,1,5_9,0.00069068
312,1979,1,5_9,0.00064934
312,1980,1,5_9,0.0006095
312,1981,1,5_9,0.00057564
312,1982,1,5_9,0.00054429
312,1983,1,5_9,0.00051756
312,1984,1,5_9,0.00048993
312,1985,1,5_9,0.00047061
312,1986,1,5_9,0.00044992
312,1987,1,5_9,0.00043504
312,1988,1,5_9,0.00042257
312,1989,1,5_9,0.00042134
312,1990,1,5_9,0.00039564
312,1991,1,5_9,0.00038429
312,1992,1,5_9,0.00037196
312,1993,1,5_9,0.00035917
312,1994,1,5_9,0.00033942
312,1995,1,5_9,0.00032469
312,1996,1,5_9,0.00030479
312,1997,1,5_9,0.00028677
312,1998,1,5_9,0.00027045
312,1999,1,5_9,0.00026758
312,2000,1,5_9,0.0002441
312,2001,1,5_9,0.00023528
312,2002,1,5_9,0.00022311
312,2003,1,5_9,0.00021528
312,2004,1,5_9,0.00021422
312,2005,1,5_9,0.00020659
312,2006,1,5_9,0.00020851
312,2007,1,5_9,0.00019417
312,2008,1,5_9,0.00019125
312,2009,1,5_9,0.00016927
312,2010,1,5_9,0.00015909
312,2011,1,5_9,0.00015168
312,2012,1,5_9,0.00015542
312,2013,1,5_9,0.0001544
312,2014,1,5_9,0.00015171
312,2015,1,5_9,0.00015788
312,2016,1,5_9,0.00016477
312,2017,1,5_9,9.027e-05
312,2018,1,5_9,3.353e-05
312,2019,1,5_9,0.0001627
312,2020,1,5_9,7.874e-05
312,2021,1,5_9,7.854e-05
312,2022,1,5_9,0.0001189
312,2023,1,5_9,0.00010385
332,1950,1,5_9,0.00529919
332,1951,1,5_9,0.00515655
332,1952,1,5_9,0.00503305
332,1953,1,5_9,0.00493022
332,1954,1,5_9,0.00499767
332,1955,1,5_9,0.00467484
332,1956,1,5_9,0.00455529
332,1957,1,5_9,0.00446477
332,1958,1,5_9,0.00438583
332,1959,1,5_9,0.00432261
332,1960,1,5_9,0.00424692
332,1961,1,5_9,0.00417783
332,1962,1,5_9,0.00411289
332,1963,1,5_9,0.0056962
332,1964,1,5_9,0.00400022
332,1965,1,5_9,0.00388789
332,1966,1,5_9,0.00397712
332,1967,1,5_9,0.00375865
332,1968,1,5_9,0.00369808
332,1969,1,5_9,0.00364214
332,1970,1,5_9,0.00359791
332,1971,1,5_9,0.00356263
332,1972,1,5_9,0.00356617
332,1973,1,5_9,0.00355403
332,1974,1,5_9,0.00356084
332,1975,1,5_9,0.00357098
332,1976,1,5_9,0.00357585
332,1977,1,5_9,0.00357659
332,1978,1,5_9,0.00357095
332,1979,1,5_9,0.00355762
332,1980,1,5_9,0.00358488
332,1981,1,5_9,0.0035115
332,1982,1,5_9,0.00348116
332,1983,1,5_9,0.00345586
332,1984,1,5_9,0.00343717
332,1985,1,5_9,0.00341468
332,1986,1,5_9,0.00340418
332,1987,1,5_9,0.00336114
332,1988,1,5_9,0.00334572
332,1989,1,5_9,0.00330768
332,1990,1,5_9,0.00327778
332,1991,1,5_9,0.00323321
332,1992,1,5_9,0.00316751
332,1993,1,5_9,0.003105
332,1994,1,5_9,0.00321548
332,1995,1,5_9,0.00291923
332,1996,1,5_9,0.00284153
332,1997,1,5_9,0.00274167
332,1998,1,5_9,0.0026986
332,1999,1,5_9,0.00259405
332,2000,1,5_9,0.00252284
332,2001,1,5_9,0.00247072
332,2002,1,5_9,0.00241047
332,2003,1,5_9,0.00236643
332,2004,1,5_9,0.0029332
332,2005,1,5_9,0.00225711
332,2006,1,5_9,0.0021982
332,2007,1,5_9,0.00216235
332,2008,1,5_9,0.0022059
332,2009,1,5_9,0.00206294
332,2010,1,5_9,0.00943229
332,2011,1,5_9,0.00219193
332,2012,1,5_9,0.00204291
332,2013,1,5_9,0.00198486
332,2014,1,5_9,0.00193654
332,2015,1,5_9,0.00191238
332,2016,1,5_9,0.00196955
332,2017,1,5_9,0.00184305
332,2018,1,5_9,0.00181631
332,2019,1,5_9,0.0017873
332,2020,1,5_9,0.00176816
332,2021,1,5_9,0.00192611
332,2022,1,5_9,0.00175975
332,2023,1,5_9,0.00172697
388,1950,1,5_9,0.0029222
388,1951,1,5_9,0.00289315
388,1952,1,5_9,0.00256934
388,1953,1,5_9,0.0024088
388,1954,1,5_9,0.002259
388,1955,1,5_9,0.00211897
388,1956,1,5_9,0.00198192
388,1957,1,5_9,0.00185279
388,1958,1,5_9,0.00173888
388,1959,1,5_9,0.00163546
388,1960,1,5_9,0.00154558
388,1961,1,5_9,0.00145907
388,1962,1,5_9,0.00139051
388,1963,1,5_9,0.00133578
388,1964,1,5_9,0.00127326
388,1965,1,5_9,0.00122503
388,1966,1,5_9,0.0011814
388,1967,1,5_9,0.00113989
388,1968,1,5_9,0.00109883
388,1969,1,5_9,0.0010534
388,1970,1,5_9,0.00101464
388,1971,1,5_9,0.00096761
388,1972,1,5_9,0.00094794
388,1973,1,5_9,0.00093113
388,1974,1,5_9,0.00090694
388,1975,1,5_9,0.00089064
388,1976,1,5_9,0.0008588
388,1977,1,5_9,0.00081255
388,1978,1,5_9,0.00077031
388,1979,1,5_9,0.00074123
388,1980,1,5_9,0.00069584
388,1981,1,5_9,0.00065905
388,1982,1,5_9,0.00063086
388,1983,1,5_9,0.00061424
388,1984,1,5_9,0.00058232
388,1985,1,5_9,0.0005699
388,1986,1,5_9,0.00055623
388,1987,1,5_9,0.00053064
388,1988,1,5_9,0.00053897
388,1989,1,5_9,0.00049598
388,1990,1,5_9,0.00048233
388,1991,1,5_9,0.00047465
388,1992,1,5_9,0.00046014
388,1993,1,5_9,0.00045299
388,1994,1,5_9,0.00044447
388,1995,1,5_9,0.00043
388,1996,1,5_9,0.00041767
388,1997,1,5_9,0.00040801
388,1998,1,5_9,0.0003982
388,1999,1,5_9,0.00038847
388,2000,1,5_9,0.00037903
388,2001,1,5_9,0.00039026
388,2002,1,5_9,0.00037273
388,2003,1,5_9,0.00036059
388,2004,1,5_9,0.00036591
388,2005,1,5_9,0.00035792
388,2006,1,5_9,0.00035578
388,2007,1,5_9,0.00035833
388,2008,1,5_9,0.00036073
388,2009,1,5_9,0.00035156
388,2010,1,5_9,0.00035814
388,2011,1,5_9,0.00034638
388,2012,1,5_9,0.00034337
388,2013,1,5_9,0.0003406
388,2014,1,5_9,0.00033938
388,2015,1,5_9,0.00034031
388,2016,1,5_9,0.00034154
388,2017,1,5_9,0.00034496
388,2018,1,5_9,0.0003671
388,2019,1,5_9,0.00037943
388,2020,1,5_9,0.00036793
388,2021,1,5_9,0.00037289
388,2022,1,5_9,0.00038012
388,2023,1,5_9,0.00038579
474,1950,1,5_9,0.00168532
474,1951,1,5_9,0.00163118
474,1952,1,5_9,0.0015664
474,1953,1,5_9,0.00125096
474,1954,1,5_9,0.00127602
474,1955,1,5_9,0.00116159
474,1956,1,5_9,0.00101434
474,1957,1,5_9,0.00113626
474,1958,1,5_9,0.00110898
474,1959,1,5_9,0.00104881
474,1960,1,5_9,0.00103099
474,1961,1,5_9,0.00099105
474,1962,1,5_9,0.00093394
474,1963,1,5_9,0.00103269
474,1964,1,5_9,0.00088198
474,1965,1,5_9,0.00089331
474,1966,1,5_9,0.00081598
474,1967,1,5_9,0.00081367
474,1968,1,5_9,0.00074076
474,1969,1,5_9,0.00071577
474,1970,1,5_9,0.00088872
474,1971,1,5_9,0.00062135
474,1972,1,5_9,0.00059766
474,1973,1,5_9,0.00057585
474,1974,1,5_9,0.00049915
474,1975,1,5_9,0.0005047
474,1976,1,5_9,0.00045597
474,1977,1,5_9,0.00043031
474,1978,1,5_9,0.00037732
474,1979,1,5_9,0.00035192
474,1980,1,5_9,0.0003491
474,1981,1,5_9,0.00031454
474,1982,1,5_9,0.00029145
474,1983,1,5_9,0.00026553
474,1984,1,5_9,0.00025101
474,1985,1,5_9,0.0002335
474,1986,1,5_9,0.00022545
474,1987,1,5_9,0.00021585
474,1988,1,5_9,0.00020806
474,1989,1,5_9,0.00021071
474,1990,1,5_9,0.0002301
474,1991,1,5_9,0.00020104
474,1992,1,5_9,0.00019522
474,1993,1,5_9,0.00020867
474,1994,1,5_9,0.0001913
474,1995,1,5_9,0.00018146
474,1996,1,5_9,0.00017507
474,1997,1,5_9,0.00016326
474,1998,1,5_9,0.00015563
474,1999,1,5_9,0.0001405
474,2000,1,5_9,0.00012947
474,2001,1,5_9,0.00012131
474,2002,1,5_9,0.00011673
474,2003,1,5_9,0.0001114
474,2004,1,5_9,0.00012071
474,2005,1,5_9,0.00011025
474,2006,1,5_9,0.00010007
474,2007,1,5_9,0.00012476
474,2008,1,5_9,9.605e-05
474,2009,1,5_9,0.00011203
474,2010,1,5_9,0.00012343
474,2011,1,5_9,0.00010244
474,2012,1,5_9,9.989e-05
474,2013,1,5_9,0.00010101
474,2014,1,5_9,0.00010825
474,2015,1,5_9,0.00011163
474,2016,1,5_9,0.00010817
474,2017,1,5_9,0.00011092
474,2018,1,5_9,0.00012452
474,2019,1,5_9,0.00013216
474,2020,1,5_9,2.863e-05
474,2021,1,5_9,2.853e-05
474,2022,1,5_9,2.254e-05
474,2023,1,5_9,0.00021542
500,1950,1,5_9,0.00391522
500,1951,1,5_9,0.0037202
500,1952,1,5_9,0.00354431
500,1953,1,5_9,0.00337036
500,1954,1,5_9,0.00320271
500,1955,1,5_9,0.00305446
500,1956,1,5_9,0.00289917
500,1957,1,5_9,0.00275202
500,1958,1,5_9,0.00261726
500,1959,1,5_9,0.00248247
500,1960,1,5_9,0.00236031
500,1961,1,5_9,0.00224807
500,1962,1,5_9,0.0021488
500,1963,1,5_9,0.00205946
500,1964,1,5_9,0.00197849
500,1965,1,5_9,0.00190296
500,1966,1,5_9,0.00182941
500,1967,1,5_9,0.00175435
500,1968,1,5_9,0.00167264
500,1969,1,5_9,0.00159278
500,1970,1,5_9,0.001515
500,1971,1,5_9,0.00144026
500,1972,1,5_9,0.00136323
500,1973,1,5_9,0.00128416
500,1974,1,5_9,0.00121561
500,1975,1,5_9,0.00115701
500,1976,1,5_9,0.00111036
500,1977,1,5_9,0.00107091
500,1978,1,5_9,0.00103528
500,1979,1,5_9,0.00100715
500,1980,1,5_9,0.00098412
500,1981,1,5_9,0.00096052
500,1982,1,5_9,0.00093916
500,1983,1,5_9,0.00091791
500,1984,1,5_9,0.00089508
500,1985,1,5_9,0.00087307
500,1986,1,5_9,0.00084883
500,1987,1,5_9,0.00082637
500,1988,1,5_9,0.00080262
500,1989,1,5_9,0.0021092
500,1990,1,5_9,0.0007542
500,1991,1,5_9,0.00072734
500,1992,1,5_9,0.00069698
500,1993,1,5_9,0.00067004
500,1994,1,5_9,0.00064394
500,1995,1,5_9,0.00061882
500,1996,1,5_9,0.00059531
500,1997,1,5_9,0.00357145
500,1998,1,5_9,0.00055146
500,1999,1,5_9,0.00053578
500,2000,1,5_9,0.00051499
500,2001,1,5_9,0.00049116
500,2002,1,5_9,0.00046727
500,2003,1,5_9,0.00044527
500,2004,1,5_9,0.00042635
500,2005,1,5_9,0.00041081
500,2006,1,5_9,0.00039927
500,2007,1,5_9,0.00039233
500,2008,1,5_9,0.00038726
500,2009,1,5_9,0.00038349
500,2010,1,5_9,0.00037915
500,2011,1,5_9,0.0003746
500,2012,1,5_9,0.00036894
500,2013,1,5_9,0.00036261
500,2014,1,5_9,0.00035626
500,2015,1,5_9,0.00034974
500,2016,1,5_9,0.00034315
500,2017,1,5_9,0.00033665
500,2018,1,5_9,0.00033007
500,2019,1,5_9,0.00032298
500,2020,1,5_9,0.00031589
500,2021,1,5_9,0.00030875
500,2022,1,5_9,0.00030157
500,2023,1,5_9,0.0002948
630,1950,1,5_9,0.0009244
630,1951,1,5_9,0.00093947
630,1952,1,5_9,0.00087917
630,1953,1,5_9,0.00076178
630,1954,1,5_9,0.00073409
630,1955,1,5_9,0.00071991
630,1956,1,5_9,0.00074152
630,1957,1,5_9,0.00072864
630,1958,1,5_9,0.0007361
630,1959,1,5_9,0.00072624
630,1960,1,5_9,0.00071062
630,1961,1,5_9,0.00071084
630,1962,1,5_9,0.00071211
630,1963,1,5_9,0.00073749
630,1964,1,5_9,0.00074944
630,1965,1,5_9,0.00070809
630,1966,1,5_9,0.00065008
630,1967,1,5_9,0.00063907
630,1968,1,5_9,0.00065174
630,1969,1,5_9,0.00063496
630,1970,1,5_9,0.00065819
630,1971,1,5_9,0.00062087
630,1972,1,5_9,0.00060999
630,1973,1,5_9,0.00058789
630,1974,1,5_9,0.00055032
630,1975,1,5_9,0.00052549
630,1976,1,5_9,0.00050182
630,1977,1,5_9,0.0004763
630,1978,1,5_9,0.00047578
630,1979,1,5_9,0.00045482
630,1980,1,5_9,0.00043611
630,1981,1,5_9,0.00045036
630,1982,1,5_9,0.00044005
630,1983,1,5_9,0.00043209
630,1984,1,5_9,0.00043412
630,1985,1,5_9,0.00056931
630,1986,1,5_9,0.00045669
630,1987,1,5_9,0.00044324
630,1988,1,5_9,0.00044972
630,1989,1,5_9,0.00043384
630,1990,1,5_9,0.00042092
630,1991,1,5_9,0.00040041
630,1992,1,5_9,0.00041619
630,1993,1,5_9,0.00040496
630,1994,1,5_9,0.00038638
630,1995,1,5_9,0.00038007
630,1996,1,5_9,0.00036623
630,1997,1,5_9,0.00032456
630,1998,1,5_9,0.00032742
630,1999,1,5_9,0.00028626
630,2000,1,5_9,0.00027227
630,2001,1,5_9,0.00024909
630,2002,1,5_9,0.00022233
630,2003,1,5_9,0.00020357
630,2004,1,5_9,0.00019476
630,2005,1,5_9,0.00018418
630,2006,1,5_9,0.00016297
630,2007,1,5_9,0.00015652
630,2008,1,5_9,0.00014469
630,2009,1,5_9,0.00013698
630,2010,1,5_9,0.00012882
630,2011,1,5_9,0.00013273
630,2012,1,5_9,0.00012355
630,2013,1,5_9,0.00011227
630,2014,1,5_9,0.00011803
630,2015,1,5_9,0.00011132
630,2016,1,5_9,0.00011418
630,2017,1,5_9,0.00060409
630,2018,1,5_9,0.00011843
630,2019,1,5_9,0.00011538
630,2020,1,5_9,5.062e-05
630,2021,1,5_9,0.0001429
630,2022,1,5_9,8.018e-05
630,2023,1,5_9,0.00010204
652,1950,1,5_9,0.00312608
652,1951,1,5_9,0.00291822
652,1952,1,5_9,0.0026165
652,1953,1,5_9,0.00242808
652,1954,1,5_9,0.00230682
652,1955,1,5_9,0.0022526
652,1956,1,5_9,0.00215913
652,1957,1,5_9,0.00210058
652,1958,1,5_9,0.00207047
652,1959,1,5_9,0.00203515
652,1960,1,5_9,0.00198587
652,1961,1,5_9,0.00191988
652,1962,1,5_9,0.00183824
652,1963,1,5_9,0.00182528
652,1964,1,5_9,0.00174808
652,1965,1,5_9,0.00171946
652,1966,1,5_9,0.00174027
652,1967,1,5_9,0.00171618
652,1968,1,5_9,0.00155068
652,1969,1,5_9,0.00143158
652,1970,1,5_9,0.00131178
652,1971,1,5_9,0.00118573
652,1972,1,5_9,0.0010997
652,1973,1,5_9,0.00105824
652,1974,1,5_9,0.00101254
652,1975,1,5_9,0.0009638
652,1976,1,5_9,0.00092068
652,1977,1,5_9,0.00088241
652,1978,1,5_9,0.00084653
652,1979,1,5_9,0.00080708
652,1980,1,5_9,0.00073422
652,1981,1,5_9,0.00068262
652,1982,1,5_9,0.00063671
652,1983,1,5_9,0.00060511
652,1984,1,5_9,0.00057153
652,1985,1,5_9,0.00056263
652,1986,1,5_9,0.00053231
652,1987,1,5_9,0.00050496
652,1988,1,5_9,0.0004718
652,1989,1,5_9,0.00044044
652,1990,1,5_9,0.00040598
652,1991,1,5_9,0.00037708
652,1992,1,5_9,0.00035105
652,1993,1,5_9,0.00032734
652,1994,1,5_9,0.00031119
652,1995,1,5_9,0.00029795
652,1996,1,5_9,0.00028714
652,1997,1,5_9,0.00027464
652,1998,1,5_9,0.00026275
652,1999,1,5_9,0.00025143
652,2000,1,5_9,0.00024123
652,2001,1,5_9,0.00023243
652,2002,1,5_9,0.00022397
652,2003,1,5_9,0.00021582
652,2004,1,5_9,0.00020798
652,2005,1,5_9,0.0002005
652,2006,1,5_9,0.00019341
652,2007,1,5_9,0.00018727
652,2008,1,5_9,0.00018227
652,2009,1,5_9,0.0001795
652,2010,1,5_9,0.00017526
652,2011,1,5_9,0.00017175
652,2012,1,5_9,0.00016785
652,2013,1,5_9,0.0001656
652,2014,1,5_9,0.00016062
652,2015,1,5_9,0.00015815
652,2016,1,5_9,0.00015425
652,2017,1,5_9,0.00074354
652,2018,1,5_9,0.00014257
652,2019,1,5_9,0.00013541
652,2020,1,5_9,0.00012679
652,2021,1,5_9,0.00012106
652,2022,1,5_9,0.00011669
652,2023,1,5_9,0.00011458
659,1950,1,5_9,0.00365639
659,1951,1,5_9,0.00354254
659,1952,1,5_9,0.00342958
659,1953,1,5_9,0.00334414
659,1954,1,5_9,0.00328927
659,1955,1,5_9,0.00326849
659,1956,1,5_9,0.00327028
659,1957,1,5_9,0.0032873
659,1958,1,5_9,0.00329977
659,1959,1,5_9,0.00328478
659,1960,1,5_9,0.00323192
659,1961,1,5_9,0.00313087
659,1962,1,5_9,0.0029994
659,1963,1,5_9,0.00284665
659,1964,1,5_9,0.00268591
659,1965,1,5_9,0.00253236
659,1966,1,5_9,0.00239542
659,1967,1,5_9,0.00227812
659,1968,1,5_9,0.00214561
659,1969,1,5_9,0.0020322
659,1970,1,5_9,0.00193398
659,1971,1,5_9,0.00185169
659,1972,1,5_9,0.00176901
659,1973,1,5_9,0.00170737
659,1974,1,5_9,0.00164217
659,1975,1,5_9,0.00158953
659,1976,1,5_9,0.00153637
659,1977,1,5_9,0.00149049
659,1978,1,5_9,0.00137434
659,1979,1,5_9,0.00132068
659,1980,1,5_9,0.00127099
659,1981,1,5_9,0.00121142
659,1982,1,5_9,0.00115596
659,1983,1,5_9,0.00110091
659,1984,1,5_9,0.00105893
659,1985,1,5_9,0.00101581
659,1986,1,5_9,0.00097305
659,1987,1,5_9,0.00093785
659,1988,1,5_9,0.00090762
659,1989,1,5_9,0.00091469
659,1990,1,5_9,0.00086546
659,1991,1,5_9,0.00084554
659,1992,1,5_9,0.00082689
659,1993,1,5_9,0.00080746
659,1994,1,5_9,0.00078239
659,1995,1,5_9,0.00075875
659,1996,1,5_9,0.00073285
659,1997,1,5_9,0.00070526
659,1998,1,5_9,0.00083749
659,1999,1,5_9,0.00064638
659,2000,1,5_9,0.00061627
659,2001,1,5_9,0.00058637
659,2002,1,5_9,0.00055843
659,2003,1,5_9,0.00053232
659,2004,1,5_9,0.00050995
659,2005,1,5_9,0.000491
659,2006,1,5_9,0.00047663
659,2007,1,5_9,0.00046904
659,2008,1,5_9,0.00046251
659,2009,1,5_9,0.00045956
659,2010,1,5_9,0.00046046
659,2011,1,5_9,0.00046283
659,2012,1,5_9,0.00046657
659,2013,1,5_9,0.00047238
659,2014,1,5_9,0.00047729
659,2015,1,5_9,0.00047922
659,2016,1,5_9,0.00047692
659,2017,1,5_9,0.00047144
659,2018,1,5_9,0.00047063
659,2019,1,5_9,0.00045109
659,2020,1,5_9,0.00044007
659,2021,1,5_9,0.00043051
659,2022,1,5_9,0.00041873
659,2023,1,5_9,0.00040822
662,1950,1,5_9,0.00504253
662,1951,1,5_9,0.00466242
662,1952,1,5_9,0.00403977
662,1953,1,5_9,0.00396566
662,1954,1,5_9,0.00367897
662,1955,1,5_9,0.00340066
662,1956,1,5_9,0.00325415
662,1957,1,5_9,0.00324773
662,1958,1,5_9,0.00313984
662,1959,1,5_9,0.00295048
662,1960,1,5_9,0.00283793
662,1961,1,5_9,0.00261789
662,1962,1,5_9,0.00245193
662,1963,1,5_9,0.00240432
662,1964,1,5_9,0.00213924
662,1965,1,5_9,0.00200537
662,1966,1,5_9,0.00187333
662,1967,1,5_9,0.0017405
662,1968,1,5_9,0.00160839
662,1969,1,5_9,0.0015389
662,1970,1,5_9,0.00146684
662,1971,1,5_9,0.00139917
662,1972,1,5_9,0.00133997
662,1973,1,5_9,0.00126586
662,1974,1,5_9,0.0011603
662,1975,1,5_9,0.00110315
662,1976,1,5_9,0.00105649
662,1977,1,5_9,0.00097989
662,1978,1,5_9,0.00088591
662,1979,1,5_9,0.00083925
662,1980,1,5_9,0.00084926
662,1981,1,5_9,0.00070083
662,1982,1,5_9,0.000656
662,1983,1,5_9,0.00059311
662,1984,1,5_9,0.00057497
662,1985,1,5_9,0.00058132
662,1986,1,5_9,0.00057217
662,1987,1,5_9,0.00057339
662,1988,1,5_9,0.00055258
662,1989,1,5_9,0.00053353
662,1990,1,5_9,0.00051877
662,1991,1,5_9,0.00050309
662,1992,1,5_9,0.000499
662,1993,1,5_9,0.00047903
662,1994,1,5_9,0.00050547
662,1995,1,5_9,0.00046478
662,1996,1,5_9,0.00045386
662,1997,1,5_9,0.0004378
662,1998,1,5_9,0.00043684
662,1999,1,5_9,0.00044713
662,2000,1,5_9,0.00045601
662,2001,1,5_9,0.00044775
662,2002,1,5_9,0.00044596
662,2003,1,5_9,0.00043093
662,2004,1,5_9,0.00042225
662,2005,1,5_9,0.00041937
662,2006,1,5_9,0.00041086
662,2007,1,5_9,0.00041417
662,2008,1,5_9,0.00039943
662,2009,1,5_9,0.00040477
662,2010,1,5_9,0.00051614
662,2011,1,5_9,0.00038888
662,2012,1,5_9,0.00038951
662,2013,1,5_9,0.00042409
662,2014,1,5_9,0.00041159
662,2015,1,5_9,0.00040215
662,2016,1,5_9,0.00041799
662,2017,1,5_9,0.00042511
662,2018,1,5_9,0.00042028
662,2019,1,5_9,0.00043807
662,2020,1,5_9,0.00043062
662,2021,1,5_9,0.0004302
662,2022,1,5_9,0.00041866
662,2023,1,5_9,0.00041583
663,1950,1,5_9,0.00154851
663,1951,1,5_9,0.00152894
663,1952,1,5_9,0.00152599
663,1953,1,5_9,0.00150018
663,1954,1,5_9,0.00146602
663,1955,1,5_9,0.00142629
663,1956,1,5_9,0.00138752
663,1957,1,5_9,0.00134946
663,1958,1,5_9,0.0013166
663,1959,1,5_9,0.00128686
663,1960,1,5_9,0.00125417
663,1961,1,5_9,0.00122296
663,1962,1,5_9,0.00118878
663,1963,1,5_9,0.00115691
663,1964,1,5_9,0.00113323
663,1965,1,5_9,0.00111593
663,1966,1,5_9,0.00108509
663,1967,1,5_9,0.00105118
663,1968,1,5_9,0.00101356
663,1969,1,5_9,0.00096692
663,1970,1,5_9,0.00091798
663,1971,1,5_9,0.00088235
663,1972,1,5_9,0.00085476
663,1973,1,5_9,0.0008329
663,1974,1,5_9,0.00081797
663,1975,1,5_9,0.00080747
663,1976,1,5_9,0.0007956
663,1977,1,5_9,0.0007835
663,1978,1,5_9,0.00077048
663,1979,1,5_9,0.00075883
663,1980,1,5_9,0.00074762
663,1981,1,5_9,0.00073825
663,1982,1,5_9,0.00072779
663,1983,1,5_9,0.00071857
663,1984,1,5_9,0.00070234
663,1985,1,5_9,0.00068067
663,1986,1,5_9,0.00065061
663,1987,1,5_9,0.00061275
663,1988,1,5_9,0.00057094
663,1989,1,5_9,0.00052926
663,1990,1,5_9,0.00048824
663,1991,1,5_9,0.0004519
663,1992,1,5_9,0.00042731
663,1993,1,5_9,0.00040769
663,1994,1,5_9,0.00039078
663,1995,1,5_9,0.00037683
663,1996,1,5_9,0.00036539
663,1997,1,5_9,0.00035297
663,1998,1,5_9,0.00034122
663,1999,1,5_9,0.00032993
663,2000,1,5_9,0.00031906
663,2001,1,5_9,0.00030856
663,2002,1,5_9,0.00029843
663,2003,1,5_9,0.00028865
663,2004,1,5_9,0.00027922
663,2005,1,5_9,0.00027018
663,2006,1,5_9,0.0002616
663,2007,1,5_9,0.00025485
663,2008,1,5_9,0.00024832
663,2009,1,5_9,0.00024114
663,2010,1,5_9,0.00023353
663,2011,1,5_9,0.00022626
663,2012,1,5_9,0.0002173
663,2013,1,5_9,0.00021158
663,2014,1,5_9,0.00020765
663,2015,1,5_9,0.00020661
663,2016,1,5_9,0.00020669
663,2017,1,5_9,0.00067942
663,2018,1,5_9,0.00020446
663,2019,1,5_9,0.00020265
663,2020,1,5_9,0.00019999
663,2021,1,5_9,0.00019625
663,2022,1,5_9,0.00019413
663,2023,1,5_9,0.00019457
670,1950,1,5_9,0.00249607
670,1951,1,5_9,0.0020624
670,1952,1,5_9,0.00199907
670,1953,1,5_9,0.00200444
670,1954,1,5_9,0.00110699
670,1955,1,5_9,0.0010763
670,1956,1,5_9,0.00062919
670,1957,1,5_9,0.00046162
670,1958,1,5_9,0.00069515
670,1959,1,5_9,0.00069213
670,1960,1,5_9,0.00072022
670,1961,1,5_9,0.00072435
670,1962,1,5_9,0.00074708
670,1963,1,5_9,0.0007873
670,1964,1,5_9,0.00083981
670,1965,1,5_9,0.0007759
670,1966,1,5_9,0.00075524
670,1967,1,5_9,0.00076059
670,1968,1,5_9,0.00071243
670,1969,1,5_9,0.00069038
670,1970,1,5_9,0.00070384
670,1971,1,5_9,0.00069296
670,1972,1,5_9,0.00067589
670,1973,1,5_9,0.00063662
670,1974,1,5_9,0.00058276
670,1975,1,5_9,0.000528
670,1976,1,5_9,0.00049554
670,1977,1,5_9,0.00049803
670,1978,1,5_9,0.00050063
670,1979,1,5_9,0.00054246
670,1980,1,5_9,0.00050615
670,1981,1,5_9,0.00050907
670,1982,1,5_9,0.0005121
670,1983,1,5_9,0.00050198
670,1984,1,5_9,0.0004945
670,1985,1,5_9,0.00046556
670,1986,1,5_9,0.00047911
670,1987,1,5_9,0.00049602
670,1988,1,5_9,0.00049747
670,1989,1,5_9,0.0004899
670,1990,1,5_9,0.00048447
670,1991,1,5_9,0.00047911
670,1992,1,5_9,0.00014326
670,1993,1,5_9,0.0004686
670,1994,1,5_9,0.00046344
670,1995,1,5_9,0.00045835
670,1996,1,5_9,0.00051606
670,1997,1,5_9,0.00058481
670,1998,1,5_9,0.00058311
670,1999,1,5_9,0.00058241
670,2000,1,5_9,0.00055439
670,2001,1,5_9,0.00052792
670,2002,1,5_9,0.0004713
670,2003,1,5_9,0.00047926
670,2004,1,5_9,0.00045691
670,2005,1,5_9,0.00043576
670,2006,1,5_9,0.00044401
670,2007,1,5_9,0.00043788
670,2008,1,5_9,0.00044951
670,2009,1,5_9,0.00046977
670,2010,1,5_9,0.00050035
670,2011,1,5_9,0.00053485
670,2012,1,5_9,0.00057195
670,2013,1,5_9,0.00070265
670,2014,1,5_9,0.00065486
670,2015,1,5_9,0.00057992
670,2016,1,5_9,0.00046247
670,2017,1,5_9,0.00028361
670,2018,1,5_9,0.00023765
670,2019,1,5_9,0.0002641
670,2020,1,5_9,0.00072372
670,2021,1,5_9,0.00023949
670,2022,1,5_9,0.00023559
670,2023,1,5_9,0.00023512
534,1950,1,5_9,0.00175251
534,1951,1,5_9,0.00163368
534,1952,1,5_9,0.00163854
534,1953,1,5_9,0.00153722
534,1954,1,5_9,0.0014656
534,1955,1,5_9,0.00136169
534,1956,1,5_9,0.00129212
534,1957,1,5_9,0.00124155
534,1958,1,5_9,0.00119374
534,1959,1,5_9,0.00115132
534,1960,1,5_9,0.00110444
534,1961,1,5_9,0.00105629
534,1962,1,5_9,0.00100313
534,1963,1,5_9,0.00095664
534,1964,1,5_9,0.00092823
534,1965,1,5_9,0.00091338
534,1966,1,5_9,0.00087501
534,1967,1,5_9,0.00083241
534,1968,1,5_9,0.0007783
534,1969,1,5_9,0.00070107
534,1970,1,5_9,0.00062187
534,1971,1,5_9,0.0005692
534,1972,1,5_9,0.00052771
534,1973,1,5_9,0.00049646
534,1974,1,5_9,0.00048053
534,1975,1,5_9,0.00047767
534,1976,1,5_9,0.00048397
534,1977,1,5_9,0.00050114
534,1978,1,5_9,0.0005241
534,1979,1,5_9,0.00054897
534,1980,1,5_9,0.00056644
534,1981,1,5_9,0.00057029
534,1982,1,5_9,0.000562
534,1983,1,5_9,0.00055101
534,1984,1,5_9,0.00053667
534,1985,1,5_9,0.00052443
534,1986,1,5_9,0.00051802
534,1987,1,5_9,0.00051669
534,1988,1,5_9,0.00051441
534,1989,1,5_9,0.0005177
534,1990,1,5_9,0.00052399
534,1991,1,5_9,0.00053023
534,1992,1,5_9,0.00053167
534,1993,1,5_9,0.00052915
534,1994,1,5_9,0.00051868
534,1995,1,5_9,0.00049701
534,1996,1,5_9,0.00046934
534,1997,1,5_9,0.00044131
534,1998,1,5_9,0.0004155
534,1999,1,5_9,0.00039274
534,2000,1,5_9,0.00037948
534,2001,1,5_9,0.00037392
534,2002,1,5_9,0.00037426
534,2003,1,5_9,0.00037923
534,2004,1,5_9,0.00038338
534,2005,1,5_9,0.00038831
534,2006,1,5_9,0.00038944
534,2007,1,5_9,0.0003936
534,2008,1,5_9,0.00039543
534,2009,1,5_9,0.00040253
534,2010,1,5_9,0.00040189
534,2011,1,5_9,0.00039879
534,2012,1,5_9,0.00038051
534,2013,1,5_9,0.00036258
534,2014,1,5_9,0.00034369
534,2015,1,5_9,0.00033256
534,2016,1,5_9,0.00032725
534,2017,1,5_9,0.00047658
534,2018,1,5_9,0.0003306
534,2019,1,5_9,0.00032979
534,2020,1,5_9,0.00032427
534,2021,1,5_9,0.00031492
534,2022,1,5_9,0.00030836
534,2023,1,5_9,0.00030239
780,1950,1,5_9,0.00129394
780,1951,1,5_9,0.00124868
780,1952,1,5_9,0.00120534
780,1953,1,5_9,0.00112356
780,1954,1,5_9,0.0009807
780,1955,1,5_9,0.00093681
780,1956,1,5_9,0.00089393
780,1957,1,5_9,0.00078187
780,1958,1,5_9,0.00080574
780,1959,1,5_9,0.00079143
780,1960,1,5_9,0.00071261
780,1961,1,5_9,0.00068799
780,1962,1,5_9,0.00072257
780,1963,1,5_9,0.0007146
780,1964,1,5_9,0.00069152
780,1965,1,5_9,0.00075307
780,1966,1,5_9,0.00075419
780,1967,1,5_9,0.00078078
780,1968,1,5_9,0.00081265
780,1969,1,5_9,0.00078135
780,1970,1,5_9,0.00076709
780,1971,1,5_9,0.00073317
780,1972,1,5_9,0.00071788
780,1973,1,5_9,0.00068219
780,1974,1,5_9,0.00072663
780,1975,1,5_9,0.00068066
780,1976,1,5_9,0.00070548
780,1977,1,5_9,0.00065317
780,1978,1,5_9,0.00065042
780,1979,1,5_9,0.00062846
780,1980,1,5_9,0.00061356
780,1981,1,5_9,0.00057435
780,1982,1,5_9,0.00056413
780,1983,1,5_9,0.000493
780,1984,1,5_9,0.00044045
780,1985,1,5_9,0.00046019
780,1986,1,5_9,0.000424
780,1987,1,5_9,0.00041009
780,1988,1,5_9,0.00043552
780,1989,1,5_9,0.00043282
780,1990,1,5_9,0.00042269
780,1991,1,5_9,0.00042773
780,1992,1,5_9,0.00041866
780,1993,1,5_9,0.00040157
780,1994,1,5_9,0.00036677
780,1995,1,5_9,0.00033948
780,1996,1,5_9,0.00036264
780,1997,1,5_9,0.00036583
780,1998,1,5_9,0.00036906
780,1999,1,5_9,0.00042048
780,2000,1,5_9,0.0003797
780,2001,1,5_9,0.00037332
780,2002,1,5_9,0.00038507
780,2003,1,5_9,0.00036169
780,2004,1,5_9,0.00030444
780,2005,1,5_9,0.00033525
780,2006,1,5_9,0.00029138
780,2007,1,5_9,0.00023991
780,2008,1,5_9,0.00023966
780,2009,1,5_9,0.00024916
780,2010,1,5_9,0.00021854
780,2011,1,5_9,0.00021438
780,2012,1,5_9,0.00022011
780,2013,1,5_9,0.00020599
780,2014,1,5_9,0.00019701
780,2015,1,5_9,0.00019664
780,2016,1,5_9,0.00021416
780,2017,1,5_9,0.00023027
780,2018,1,5_9,0.00028736
780,2019,1,5_9,0.0003138
780,2020,1,5_9,0.00029946
780,2021,1,5_9,0.00029816
780,2022,1,5_9,0.00030643
780,2023,1,5_9,0.00030593
796,1950,1,5_9,0.00636252
796,1951,1,5_9,0.00600143
796,1952,1,5_9,0.00566086
796,1953,1,5_9,0.0053365
796,1954,1,5_9,0.00504206
796,1955,1,5_9,0.00475622
796,1956,1,5_9,0.00454078
796,1957,1,5_9,0.00429055
796,1958,1,5_9,0.00404279
796,1959,1,5_9,0.00380704
796,1960,1,5_9,0.00357005
796,1961,1,5_9,0.00334077
796,1962,1,5_9,0.00310803
796,1963,1,5_9,0.00288532
796,1964,1,5_9,0.00266926
796,1965,1,5_9,0.00246922
796,1966,1,5_9,0.00228408
796,1967,1,5_9,0.00211833
796,1968,1,5_9,0.00196948
796,1969,1,5_9,0.00183413
796,1970,1,5_9,0.00170908
796,1971,1,5_9,0.00158019
796,1972,1,5_9,0.0014682
796,1973,1,5_9,0.00137084
796,1974,1,5_9,0.00127361
796,1975,1,5_9,0.00118139
796,1976,1,5_9,0.00110959
796,1977,1,5_9,0.00104057
796,1978,1,5_9,0.0009739
796,1979,1,5_9,0.00091851
796,1980,1,5_9,0.00086934
796,1981,1,5_9,0.00082068
796,1982,1,5_9,0.00077512
796,1983,1,5_9,0.00072901
796,1984,1,5_9,0.00068868
796,1985,1,5_9,0.00065354
796,1986,1,5_9,0.00061684
796,1987,1,5_9,0.00058467
796,1988,1,5_9,0.00055495
796,1989,1,5_9,0.0005264
796,1990,1,5_9,0.00049916
796,1991,1,5_9,0.00047192
796,1992,1,5_9,0.00044471
796,1993,1,5_9,0.00041802
796,1994,1,5_9,0.0003911
796,1995,1,5_9,0.00036644
796,1996,1,5_9,0.00034343
796,1997,1,5_9,0.00032231
796,1998,1,5_9,0.00030324
796,1999,1,5_9,0.00028574
796,2000,1,5_9,0.00027007
796,2001,1,5_9,0.000256
796,2002,1,5_9,0.0002427
796,2003,1,5_9,0.00023099
796,2004,1,5_9,0.00022045
796,2005,1,5_9,0.00021073
796,2006,1,5_9,0.00020242
796,2007,1,5_9,0.00019455
796,2008,1,5_9,0.00040745
796,2009,1,5_9,0.00018356
796,2010,1,5_9,0.00017874
796,2011,1,5_9,0.00017541
796,2012,1,5_9,0.00017187
796,2013,1,5_9,0.00016847
796,2014,1,5_9,0.00016573
796,2015,1,5_9,0.00016319
796,2016,1,5_9,0.00016088
796,2017,1,5_9,0.00015862
796,2018,1,5_9,0.0001562
796,2019,1,5_9,0.00015335
796,2020,1,5_9,0.00015246
796,2021,1,5_9,0.00014953
796,2022,1,5_9,0.00014608
796,2023,1,5_9,0.00014328
850,1950,1,5_9,0.00244767
850,1951,1,5_9,0.00321714
850,1952,1,5_9,0.00330268
850,1953,1,5_9,0.00304293
850,1954,1,5_9,0.00178838
850,1955,1,5_9,0.00244298
850,1956,1,5_9,0.00263365
850,1957,1,5_9,0.00244067
850,1958,1,5_9,0.00203487
850,1959,1,5_9,0.00262353
850,1960,1,5_9,0.00255311
850,1961,1,5_9,0.00237602
850,1962,1,5_9,0.00235725
850,1963,1,5_9,0.00265543
850,1964,1,5_9,0.00205071
850,1965,1,5_9,0.00233039
850,1966,1,5_9,0.00223011
850,1967,1,5_9,0.00210368
850,1968,1,5_9,0.00199403
850,1969,1,5_9,0.00188178
850,1970,1,5_9,0.00177891
850,1971,1,5_9,0.00168401
850,1972,1,5_9,0.00186684
850,1973,1,5_9,0.00180028
850,1974,1,5_9,0.00171677
850,1975,1,5_9,0.00163829
850,1976,1,5_9,0.00158432
850,1977,1,5_9,0.00152624
850,1978,1,5_9,0.00147142
850,1979,1,5_9,0.00141699
850,1980,1,5_9,0.00138877
850,1981,1,5_9,0.00135511
850,1982,1,5_9,0.00131398
850,1983,1,5_9,0.00126349
850,1984,1,5_9,0.00123798
850,1985,1,5_9,0.00120289
850,1986,1,5_9,0.00115921
850,1987,1,5_9,0.00112118
850,1988,1,5_9,0.00109806
850,1989,1,5_9,0.00107475
850,1990,1,5_9,0.00104542
850,1991,1,5_9,0.00102746
850,1992,1,5_9,0.00100349
850,1993,1,5_9,0.00098322
850,1994,1,5_9,0.00095986
850,1995,1,5_9,0.00102566
850,1996,1,5_9,0.00089201
850,1997,1,5_9,0.00111
850,1998,1,5_9,0.00098875
850,1999,1,5_9,0.00110262
850,2000,1,5_9,0.00097458
850,2001,1,5_9,0.00085448
850,2002,1,5_9,0.00090416
850,2003,1,5_9,0.00083994
850,2004,1,5_9,0.0008907
850,2005,1,5_9,0.00082745
850,2006,1,5_9,0.00081495
850,2007,1,5_9,0.0008198
850,2008,1,5_9,0.00083038
850,2009,1,5_9,0.00081431
850,2010,1,5_9,0.00078795
850,2011,1,5_9,0.00077344
850,2012,1,5_9,0.00074641
850,2013,1,5_9,0.00073348
850,2014,1,5_9,0.00071639
850,2015,1,5_9,0.00072034
850,2016,1,5_9,0.00072378
850,2017,1,5_9,0.00080847
850,2018,1,5_9,0.00070567
850,2019,1,5_9,0.00068063
850,2020,1,5_9,0.00067047
850,2021,1,5_9,0.00065121
850,2022,1,5_9,0.00063216
850,2023,1,5_9,0.00061368
84,1950,1,5_9,0.00481689
84,1951,1,5_9,0.00461757
84,1952,1,5_9,0.00442333
84,1953,1,5_9,0.00424033
84,1954,1,5_9,0.00405991
84,1955,1,5_9,0.00413177
84,1956,1,5_9,0.0037039
84,1957,1,5_9,0.00353822
84,1958,1,5_9,0.00337148
84,1959,1,5_9,0.00321024
84,1960,1,5_9,0.00305486
84,1961,1,5_9,0.00652699
84,1962,1,5_9,0.00278263
84,1963,1,5_9,0.00263232
84,1964,1,5_9,0.00249255
84,1965,1,5_9,0.0023716
84,1966,1,5_9,0.00224749
84,1967,1,5_9,0.00214624
84,1968,1,5_9,0.00203417
84,1969,1,5_9,0.00193451
84,1970,1,5_9,0.00183707
84,1971,1,5_9,0.0017384
84,1972,1,5_9,0.00164957
84,1973,1,5_9,0.00157271
84,1974,1,5_9,0.0015008
84,1975,1,5_9,0.00143284
84,1976,1,5_9,0.00136824
84,1977,1,5_9,0.00130816
84,1978,1,5_9,0.00129723
84,1979,1,5_9,0.00120004
84,1980,1,5_9,0.0011493
84,1981,1,5_9,0.00109981
84,1982,1,5_9,0.00105117
84,1983,1,5_9,0.00099871
84,1984,1,5_9,0.00094738
84,1985,1,5_9,0.00090722
84,1986,1,5_9,0.00086745
84,1987,1,5_9,0.00084105
84,1988,1,5_9,0.00082154
84,1989,1,5_9,0.00075786
84,1990,1,5_9,0.00070062
84,1991,1,5_9,0.00065029
84,1992,1,5_9,0.00063011
84,1993,1,5_9,0.00059546
84,1994,1,5_9,0.00056552
84,1995,1,5_9,0.00054433
84,1996,1,5_9,0.00052065
84,1997,1,5_9,0.00050312
84,1998,1,5_9,0.00054202
84,1999,1,5_9,0.00046871
84,2000,1,5_9,0.0005323
84,2001,1,5_9,0.00060503
84,2002,1,5_9,0.00042223
84,2003,1,5_9,0.00040919
84,2004,1,5_9,0.00039702
84,2005,1,5_9,0.00040127
84,2006,1,5_9,0.00037769
84,2007,1,5_9,0.00036876
84,2008,1,5_9,0.00039506
84,2009,1,5_9,0.00034917
84,2010,1,5_9,0.00034265
84,2011,1,5_9,0.0003356
84,2012,1,5_9,0.00032684
84,2013,1,5_9,0.0003198
84,2014,1,5_9,0.00030771
84,2015,1,5_9,0.00029283
84,2016,1,5_9,0.00028136
84,2017,1,5_9,0.00027168
84,2018,1,5_9,0.0002572
84,2019,1,5_9,0.00024577
84,2020,1,5_9,0.00049088
84,2021,1,5_9,0.00046375
84,2022,1,5_9,0.00033577
84,2023,1,5_9,0.00020169
188,1950,1,5_9,0.00309345
188,1951,1,5_9,0.00301563
188,1952,1,5_9,0.00296374
188,1953,1,5_9,0.00276672
188,1954,1,5_9,0.00267213
188,1955,1,5_9,0.00265363
188,1956,1,5_9,0.00232272
188,1957,1,5_9,0.00211571
188,1958,1,5_9,0.00203733
188,1959,1,5_9,0.00193321
188,1960,1,5_9,0.0018344
188,1961,1,5_9,0.00182305
188,1962,1,5_9,0.0017785
188,1963,1,5_9,0.00175707
188,1964,1,5_9,0.00170268
188,1965,1,5_9,0.0015563
188,1966,1,5_9,0.0014125
188,1967,1,5_9,0.00136045
188,1968,1,5_9,0.00137372
188,1969,1,5_9,0.00124343
188,1970,1,5_9,0.00124216
188,1971,1,5_9,0.00114903
188,1972,1,5_9,0.00103836
188,1973,1,5_9,0.00091817
188,1974,1,5_9,0.00083145
188,1975,1,5_9,0.00075257
188,1976,1,5_9,0.00067374
188,1977,1,5_9,0.00064459
188,1978,1,5_9,0.00059735
188,1979,1,5_9,0.00056913
188,1980,1,5_9,0.00050667
188,1981,1,5_9,0.00051347
188,1982,1,5_9,0.00045682
188,1983,1,5_9,0.00043802
188,1984,1,5_9,0.00041597
188,1985,1,5_9,0.00040559
188,1986,1,5_9,0.00038207
188,1987,1,5_9,0.00037854
188,1988,1,5_9,0.00036848
188,1989,1,5_9,0.00031899
188,1990,1,5_9,0.00032406
188,1991,1,5_9,0.00033399
188,1992,1,5_9,0.00031143
188,1993,1,5_9,0.00031714
188,1994,1,5_9,0.00031814
188,1995,1,5_9,0.0002957
188,1996,1,5_9,0.00030965
188,1997,1,5_9,0.00029491
188,1998,1,5_9,0.00028175
188,1999,1,5_9,0.00027237
188,2000,1,5_9,0.00025398
188,2001,1,5_9,0.00027463
188,2002,1,5_9,0.00026007
188,2003,1,5_9,0.00027442
188,2004,1,5_9,0.00028141
188,2005,1,5_9,0.00027544
188,2006,1,5_9,0.00023742
188,2007,1,5_9,0.0002315
188,2008,1,5_9,0.00020833
188,2009,1,5_9,0.0001896
188,2010,1,5_9,0.00018851
188,2011,1,5_9,0.00017994
188,2012,1,5_9,0.00018293
188,2013,1,5_9,0.00017969
188,2014,1,5_9,0.00018375
188,2015,1,5_9,0.00017922
188,2016,1,5_9,0.0001945
188,2017,1,5_9,0.00017848
188,2018,1,5_9,0.00017937
188,2019,1,5_9,0.00017015
188,2020,1,5_9,0.00019426
188,2021,1,5_9,0.00013482
188,2022,1,5_9,0.00011916
188,2023,1,5_9,0.00015219
222,1950,1,5_9,0.00496112
222,1951,1,5_9,0.00522795
222,1952,1,5_9,0.00472545
222,1953,1,5_9,0.00471541
222,1954,1,5_9,0.00457019
222,1955,1,5_9,0.00441877
222,1956,1,5_9,0.00426022
222,1957,1,5_9,0.00409409
222,1958,1,5_9,0.0039221
222,1959,1,5_9,0.00387646
222,1960,1,5_9,0.00382868
222,1961,1,5_9,0.00378096
222,1962,1,5_9,0.00373203
222,1963,1,5_9,0.00368297
222,1964,1,5_9,0.00364274
222,1965,1,5_9,0.00370144
222,1966,1,5_9,0.00362074
222,1967,1,5_9,0.00394459
222,1968,1,5_9,0.00426865
222,1969,1,5_9,0.00414995
222,1970,1,5_9,0.00415446
222,1971,1,5_9,0.00412723
222,1972,1,5_9,0.0035176
222,1973,1,5_9,0.00289213
222,1974,1,5_9,0.00219989
222,1975,1,5_9,0.00207461
222,1976,1,5_9,0.00211851
222,1977,1,5_9,0.00198972
222,1978,1,5_9,0.00156905
222,1979,1,5_9,0.00186418
222,1980,1,5_9,0.00163364
222,1981,1,5_9,0.00205301
222,1982,1,5_9,0.00173665
222,1983,1,5_9,0.00160561
222,1984,1,5_9,0.00146398
222,1985,1,5_9,0.00126578
222,1986,1,5_9,0.00126674
222,1987,1,5_9,0.00117323
222,1988,1,5_9,0.00105694
222,1989,1,5_9,0.00124741
222,1990,1,5_9,0.00082421
222,1991,1,5_9,0.0008712
222,1992,1,5_9,0.00078584
222,1993,1,5_9,0.00072475
222,1994,1,5_9,0.00068273
222,1995,1,5_9,0.00064484
222,1996,1,5_9,0.00063332
222,1997,1,5_9,0.00058508
222,1998,1,5_9,0.00064358
222,1999,1,5_9,0.00051347
222,2000,1,5_9,0.00049365
222,2001,1,5_9,0.00087142
222,2002,1,5_9,0.00045844
222,2003,1,5_9,0.00047447
222,2004,1,5_9,0.00042887
222,2005,1,5_9,0.00042594
222,2006,1,5_9,0.00038219
222,2007,1,5_9,0.00036749
222,2008,1,5_9,0.00035286
222,2009,1,5_9,0.00040074
222,2010,1,5_9,0.00032483
222,2011,1,5_9,0.00033027
222,2012,1,5_9,0.0003084
222,2013,1,5_9,0.00032405
222,2014,1,5_9,0.00031808
222,2015,1,5_9,0.00032393
222,2016,1,5_9,0.0003213
222,2017,1,5_9,0.00033015
222,2018,1,5_9,0.00031212
222,2019,1,5_9,0.00030445
222,2020,1,5_9,0.00031307
222,2021,1,5_9,0.00029831
222,2022,1,5_9,0.00030249
222,2023,1,5_9,0.00029221
320,1950,1,5_9,0.01705534
320,1951,1,5_9,0.01635346
320,1952,1,5_9,0.01535752
320,1953,1,5_9,0.01441335
320,1954,1,5_9,0.01352546
320,1955,1,5_9,0.01268711
320,1956,1,5_9,0.01190252
320,1957,1,5_9,0.01116391
320,1958,1,5_9,0.00966407
320,1959,1,5_9,0.00828452
320,1960,1,5_9,0.00711123
320,1961,1,5_9,0.00704121
320,1962,1,5_9,0.00724925
320,1963,1,5_9,0.00734737
320,1964,1,5_9,0.00777441
320,1965,1,5_9,0.00785011
320,1966,1,5_9,0.00807414
320,1967,1,5_9,0.00801432
320,1968,1,5_9,0.00838371
320,1969,1,5_9,0.0082845
320,1970,1,5_9,0.00781071
320,1971,1,5_9,0.00644313
320,1972,1,5_9,0.00570945
320,1973,1,5_9,0.00486234
320,1974,1,5_9,0.0050113
320,1975,1,5_9,0.0054451
320,1976,1,5_9,0.00812267
320,1977,1,5_9,0.00451351
320,1978,1,5_9,0.00354637
320,1979,1,5_9,0.00318914
320,1980,1,5_9,0.00306272
320,1981,1,5_9,0.00284891
320,1982,1,5_9,0.00446168
320,1983,1,5_9,0.00281098
320,1984,1,5_9,0.00259117
320,1985,1,5_9,0.00234485
320,1986,1,5_9,0.00224397
320,1987,1,5_9,0.00203944
320,1988,1,5_9,0.00183107
320,1989,1,5_9,0.00192865
320,1990,1,5_9,0.00192409
320,1991,1,5_9,0.00176617
320,1992,1,5_9,0.00137923
320,1993,1,5_9,0.00128839
320,1994,1,5_9,0.0012873
320,1995,1,5_9,0.00126868
320,1996,1,5_9,0.00120706
320,1997,1,5_9,0.0010844
320,1998,1,5_9,0.0009893
320,1999,1,5_9,0.00086035
320,2000,1,5_9,0.00078819
320,2001,1,5_9,0.00076162
320,2002,1,5_9,0.00068084
320,2003,1,5_9,0.00065341
320,2004,1,5_9,0.00063298
320,2005,1,5_9,0.00078736
320,2006,1,5_9,0.0005854
320,2007,1,5_9,0.00054651
320,2008,1,5_9,0.00052882
320,2009,1,5_9,0.0005062
320,2010,1,5_9,0.00049045
320,2011,1,5_9,0.00043433
320,2012,1,5_9,0.00040634
320,2013,1,5_9,0.00041706
320,2014,1,5_9,0.00044473
320,2015,1,5_9,0.00046218
320,2016,1,5_9,0.00042283
320,2017,1,5_9,0.00037693
320,2018,1,5_9,0.0004176
320,2019,1,5_9,0.00034274
320,2020,1,5_9,0.00030259
320,2021,1,5_9,0.00037137
320,2022,1,5_9,0.00030428
320,2023,1,5_9,0.00028213
340,1950,1,5_9,0.00823656
340,1951,1,5_9,0.00797233
340,1952,1,5_9,0.00776464
340,1953,1,5_9,0.00753904
340,1954,1,5_9,0.00732351
340,1955,1,5_9,0.00705756
340,1956,1,5_9,0.00682405
340,1957,1,5_9,0.00655394
340,1958,1,5_9,0.00628724
340,1959,1,5_9,0.00602275
340,1960,1,5_9,0.00573403
340,1961,1,5_9,0.00563951
340,1962,1,5_9,0.00521739
340,1963,1,5_9,0.00498451
340,1964,1,5_9,0.00473708
340,1965,1,5_9,0.00455525
340,1966,1,5_9,0.00434456
340,1967,1,5_9,0.00412519
340,1968,1,5_9,0.00392329
340,1969,1,5_9,0.00373073
340,1970,1,5_9,0.00355884
340,1971,1,5_9,0.00338775
340,1972,1,5_9,0.00321993
340,1973,1,5_9,0.00379852
340,1974,1,5_9,0.00613257
340,1975,1,5_9,0.00276836
340,1976,1,5_9,0.00263583
340,1977,1,5_9,0.00249263
340,1978,1,5_9,0.00236855
340,1979,1,5_9,0.00224209
340,1980,1,5_9,0.00212762
340,1981,1,5_9,0.00201622
340,1982,1,5_9,0.00194794
340,1983,1,5_9,0.00181317
340,1984,1,5_9,0.00172079
340,1985,1,5_9,0.00161917
340,1986,1,5_9,0.00153337
340,1987,1,5_9,0.0014552
340,1988,1,5_9,0.00139087
340,1989,1,5_9,0.00132024
340,1990,1,5_9,0.00125413
340,1991,1,5_9,0.00118861
340,1992,1,5_9,0.00114027
340,1993,1,5_9,0.00114779
340,1994,1,5_9,0.00106808
340,1995,1,5_9,0.00100501
340,1996,1,5_9,0.00094968
340,1997,1,5_9,0.00090762
340,1998,1,5_9,0.00398992
340,1999,1,5_9,0.00084262
340,2000,1,5_9,0.00080317
340,2001,1,5_9,0.0007777
340,2002,1,5_9,0.00074443
340,2003,1,5_9,0.00072107
340,2004,1,5_9,0.00069465
340,2005,1,5_9,0.00068036
340,2006,1,5_9,0.00065064
340,2007,1,5_9,0.00062845
340,2008,1,5_9,0.00061531
340,2009,1,5_9,0.00059065
340,2010,1,5_9,0.00059944
340,2011,1,5_9,0.00056011
340,2012,1,5_9,0.00053358
340,2013,1,5_9,0.00051349
340,2014,1,5_9,0.00049353
340,2015,1,5_9,0.00047285
340,2016,1,5_9,0.00045559
340,2017,1,5_9,0.00044257
340,2018,1,5_9,0.00042729
340,2019,1,5_9,0.00042276
340,2020,1,5_9,0.0004203
340,2021,1,5_9,0.00038859
340,2022,1,5_9,0.00037738
340,2023,1,5_9,0.00036542
484,1950,1,5_9,0.00544679
484,1951,1,5_9,0.00512037
484,1952,1,5_9,0.00517712
484,1953,1,5_9,0.00451734
484,1954,1,5_9,0.00425727
484,1955,1,5_9,0.0036572
484,1956,1,5_9,0.00355822
484,1957,1,5_9,0.00331572
484,1958,1,5_9,0.00331665
484,1959,1,5_9,0.00314408
484,1960,1,5_9,0.00295742
484,1961,1,5_9,0.00272648
484,1962,1,5_9,0.00263331
484,1963,1,5_9,0.0025949
484,1964,1,5_9,0.00254607
484,1965,1,5_9,0.00249308
484,1966,1,5_9,0.00237143
484,1967,1,5_9,0.00239634
484,1968,1,5_9,0.00232878
484,1969,1,5_9,0.00236416
484,1970,1,5_9,0.00221311
484,1971,1,5_9,0.00214419
484,1972,1,5_9,0.00191914
484,1973,1,5_9,0.00173843
484,1974,1,5_9,0.00148544
484,1975,1,5_9,0.00139803
484,1976,1,5_9,0.00139393
484,1977,1,5_9,0.00136454
484,1978,1,5_9,0.0012962
484,1979,1,5_9,0.00118433
484,1980,1,5_9,0.00110211
484,1981,1,5_9,0.00099556
484,1982,1,5_9,0.0008909
484,1983,1,5_9,0.00085707
484,1984,1,5_9,0.00084627
484,1985,1,5_9,0.00082902
484,1986,1,5_9,0.00077681
484,1987,1,5_9,0.00074903
484,1988,1,5_9,0.00074575
484,1989,1,5_9,0.00075428
484,1990,1,5_9,0.00069932
484,1991,1,5_9,0.00061394
484,1992,1,5_9,0.00053592
484,1993,1,5_9,0.00048763
484,1994,1,5_9,0.00047051
484,1995,1,5_9,0.00045025
484,1996,1,5_9,0.00043926
484,1997,1,5_9,0.0004263
484,1998,1,5_9,0.00040499
484,1999,1,5_9,0.00038759
484,2000,1,5_9,0.00037048
484,2001,1,5_9,0.00035689
484,2002,1,5_9,0.00034428
484,2003,1,5_9,0.00033173
484,2004,1,5_9,0.00032412
484,2005,1,5_9,0.00032058
484,2006,1,5_9,0.00030997
484,2007,1,5_9,0.00030225
484,2008,1,5_9,0.00029995
484,2009,1,5_9,0.00029776
484,2010,1,5_9,0.00029411
484,2011,1,5_9,0.00028892
484,2012,1,5_9,0.00028597
484,2013,1,5_9,0.00028261
484,2014,1,5_9,0.00027069
484,2015,1,5_9,0.00026595
484,2016,1,5_9,0.00026067
484,2017,1,5_9,0.0002635
484,2018,1,5_9,0.00025416
484,2019,1,5_9,0.00025328
484,2020,1,5_9,0.00029186
484,2021,1,5_9,0.00023936
484,2022,1,5_9,0.0002862
484,2023,1,5_9,0.00023104
558,1950,1,5_9,0.00827975
558,1951,1,5_9,0.0082419
558,1952,1,5_9,0.007713
558,1953,1,5_9,0.00748573
558,1954,1,5_9,0.00725394
558,1955,1,5_9,0.00703146
558,1956,1,5_9,0.00681237
558,1957,1,5_9,0.00659451
558,1958,1,5_9,0.00638951
558,1959,1,5_9,0.00619006
558,1960,1,5_9,0.00610656
558,1961,1,5_9,0.00578823
558,1962,1,5_9,0.00555249
558,1963,1,5_9,0.00528283
558,1964,1,5_9,0.00499795
558,1965,1,5_9,0.00479596
558,1966,1,5_9,0.00465977
558,1967,1,5_9,0.00459967
558,1968,1,5_9,0.00448372
558,1969,1,5_9,0.00438749
558,1970,1,5_9,0.00430027
558,1971,1,5_9,0.0042397
558,1972,1,5_9,0.00726805
558,1973,1,5_9,0.00409077
558,1974,1,5_9,0.00403367
558,1975,1,5_9,0.00398557
558,1976,1,5_9,0.00394895
558,1977,1,5_9,0.00390231
558,1978,1,5_9,0.00423173
558,1979,1,5_9,0.00416395
558,1980,1,5_9,0.00372781
558,1981,1,5_9,0.00365599
558,1982,1,5_9,0.00361153
558,1983,1,5_9,0.00350676
558,1984,1,5_9,0.00341906
558,1985,1,5_9,0.00332274
558,1986,1,5_9,0.00321958
558,1987,1,5_9,0.00311966
558,1988,1,5_9,0.00306236
558,1989,1,5_9,0.00292728
558,1990,1,5_9,0.00283272
558,1991,1,5_9,0.00274166
558,1992,1,5_9,0.00269728
558,1993,1,5_9,0.00262844
558,1994,1,5_9,0.00253972
558,1995,1,5_9,0.00249646
558,1996,1,5_9,0.00243683
558,1997,1,5_9,0.00237298
558,1998,1,5_9,0.0032685
558,1999,1,5_9,0.00231423
558,2000,1,5_9,0.00206463
558,2001,1,5_9,0.00172889
558,2002,1,5_9,0.00130757
558,2003,1,5_9,0.00105153
558,2004,1,5_9,0.00084053
558,2005,1,5_9,0.00062819
558,2006,1,5_9,0.00048221
558,2007,1,5_9,0.0004606
558,2008,1,5_9,0.00042028
558,2009,1,5_9,0.00041441
558,2010,1,5_9,0.00039207
558,2011,1,5_9,0.00036157
558,2012,1,5_9,0.00034115
558,2013,1,5_9,0.00032082
558,2014,1,5_9,0.00033154
558,2015,1,5_9,0.00031009
558,2016,1,5_9,0.00029876
558,2017,1,5_9,0.00024615
558,2018,1,5_9,0.00031664
558,2019,1,5_9,0.00032316
558,2020,1,5_9,0.00022043
558,2021,1,5_9,0.0002601
558,2022,1,5_9,0.00027257
558,2023,1,5_9,0.00019642
591,1950,1,5_9,0.00388788
591,1951,1,5_9,0.00372586
591,1952,1,5_9,0.00357204
591,1953,1,5_9,0.00342654
591,1954,1,5_9,0.00326516
591,1955,1,5_9,0.00322943
591,1956,1,5_9,0.00320883
591,1957,1,5_9,0.00312168
591,1958,1,5_9,0.00293159
591,1959,1,5_9,0.0027327
591,1960,1,5_9,0.00264339
591,1961,1,5_9,0.00253591
591,1962,1,5_9,0.00245378
591,1963,1,5_9,0.0023993
591,1964,1,5_9,0.00237197
591,1965,1,5_9,0.0023565
591,1966,1,5_9,0.00232338
591,1967,1,5_9,0.0022931
591,1968,1,5_9,0.00226243
591,1969,1,5_9,0.00216268
591,1970,1,5_9,0.00210963
591,1971,1,5_9,0.00200244
591,1972,1,5_9,0.0018387
591,1973,1,5_9,0.00167919
591,1974,1,5_9,0.00149201
591,1975,1,5_9,0.00129321
591,1976,1,5_9,0.00122424
591,1977,1,5_9,0.0010906
591,1978,1,5_9,0.00100824
591,1979,1,5_9,0.00095803
591,1980,1,5_9,0.00091593
591,1981,1,5_9,0.00088878
591,1982,1,5_9,0.00089406
591,1983,1,5_9,0.00083186
591,1984,1,5_9,0.0008076
591,1985,1,5_9,0.0007952
591,1986,1,5_9,0.0007732
591,1987,1,5_9,0.00074973
591,1988,1,5_9,0.00076466
591,1989,1,5_9,0.000788
591,1990,1,5_9,0.00067455
591,1991,1,5_9,0.00067517
591,1992,1,5_9,0.00060779
591,1993,1,5_9,0.00055691
591,1994,1,5_9,0.0005661
591,1995,1,5_9,0.0005459
591,1996,1,5_9,0.00056319
591,1997,1,5_9,0.00057127
591,1998,1,5_9,0.00057356
591,1999,1,5_9,0.0005824
591,2000,1,5_9,0.00058224
591,2001,1,5_9,0.00054848
591,2002,1,5_9,0.00051848
591,2003,1,5_9,0.00048777
591,2004,1,5_9,0.00046685
591,2005,1,5_9,0.00044354
591,2006,1,5_9,0.00042674
591,2007,1,5_9,0.00041323
591,2008,1,5_9,0.00040146
591,2009,1,5_9,0.00040455
591,2010,1,5_9,0.00039673
591,2011,1,5_9,0.00038856
591,2012,1,5_9,0.00037801
591,2013,1,5_9,0.00032531
591,2014,1,5_9,0.00038756
591,2015,1,5_9,0.00032032
591,2016,1,5_9,0.00027232
591,2017,1,5_9,0.00029967
591,2018,1,5_9,0.00025963
591,2019,1,5_9,0.00027726
591,2020,1,5_9,0.00030683
591,2021,1,5_9,0.00028177
591,2022,1,5_9,0.00025343
591,2023,1,5_9,0.0002457
32,1950,1,5_9,0.00122746
32,1951,1,5_9,0.00111771
32,1952,1,5_9,0.00107851
32,1953,1,5_9,0.0011379
32,1954,1,5_9,0.00106831
32,1955,1,5_9,0.0010635
32,1956,1,5_9,0.00096572
32,1957,1,5_9,0.00110321
32,1958,1,5_9,0.0010315
32,1959,1,5_9,0.0009662
32,1960,1,5_9,0.000967
32,1961,1,5_9,0.00102649
32,1962,1,5_9,0.00090101
32,1963,1,5_9,0.00084849
32,1964,1,5_9,0.00090179
32,1965,1,5_9,0.00085818
32,1966,1,5_9,0.00080074
32,1967,1,5_9,0.00076778
32,1968,1,5_9,0.00084734
32,1969,1,5_9,0.00083397
32,1970,1,5_9,0.00083
32,1971,1,5_9,0.00077463
32,1972,1,5_9,0.00074161
32,1973,1,5_9,0.00072256
32,1974,1,5_9,0.00070548
32,1975,1,5_9,0.0006604
32,1976,1,5_9,0.0006401
32,1977,1,5_9,0.00062665
32,1978,1,5_9,0.00063319
32,1979,1,5_9,0.00059672
32,1980,1,5_9,0.00057475
32,1981,1,5_9,0.00061865
32,1982,1,5_9,0.00054642
32,1983,1,5_9,0.00052973
32,1984,1,5_9,0.00050477
32,1985,1,5_9,0.00050554
32,1986,1,5_9,0.00047928
32,1987,1,5_9,0.0004536
32,1988,1,5_9,0.00043058
32,1989,1,5_9,0.00040769
32,1990,1,5_9,0.00036663
32,1991,1,5_9,0.00038547
32,1992,1,5_9,0.00037456
32,1993,1,5_9,0.00036112
32,1994,1,5_9,0.00033715
32,1995,1,5_9,0.00029634
32,1996,1,5_9,0.00031402
32,1997,1,5_9,0.00030812
32,1998,1,5_9,0.00033826
32,1999,1,5_9,0.00030384
32,2000,1,5_9,0.00029899
32,2001,1,5_9,0.00029069
32,2002,1,5_9,0.00027542
32,2003,1,5_9,0.00028506
32,2004,1,5_9,0.00026534
32,2005,1,5_9,0.00029719
32,2006,1,5_9,0.00027363
32,2007,1,5_9,0.00025309
32,2008,1,5_9,0.00026698
32,2009,1,5_9,0.00025981
32,2010,1,5_9,0.00023641
32,2011,1,5_9,0.00024204
32,2012,1,5_9,0.00021189
32,2013,1,5_9,0.00023111
32,2014,1,5_9,0.00021619
32,2015,1,5_9,0.00021298
32,2016,1,5_9,0.00022173
32,2017,1,5_9,0.00022164
32,2018,1,5_9,0.0001705
32,2019,1,5_9,0.00017561
32,2020,1,5_9,0.0001415
32,2021,1,5_9,0.00017765
32,2022,1,5_9,0.00020542
32,2023,1,5_9,0.00016047
68,1950,1,5_9,0.00679348
68,1951,1,5_9,0.00672091
68,1952,1,5_9,0.00660615
68,1953,1,5_9,0.00653237
68,1954,1,5_9,0.00645368
68,1955,1,5_9,0.00637352
68,1956,1,5_9,0.00629808
68,1957,1,5_9,0.00624989
68,1958,1,5_9,0.00616903
68,1959,1,5_9,0.00609414
68,1960,1,5_9,0.00601062
68,1961,1,5_9,0.0059332
68,1962,1,5_9,0.00578722
68,1963,1,5_9,0.0057047
68,1964,1,5_9,0.0056222
68,1965,1,5_9,0.00549097
68,1966,1,5_9,0.00540495
68,1967,1,5_9,0.00524575
68,1968,1,5_9,0.00514358
68,1969,1,5_9,0.00501558
68,1970,1,5_9,0.00493535
68,1971,1,5_9,0.00482972
68,1972,1,5_9,0.00470337
68,1973,1,5_9,0.00456462
68,1974,1,5_9,0.00440997
68,1975,1,5_9,0.00423979
68,1976,1,5_9,0.00405424
68,1977,1,5_9,0.00394085
68,1978,1,5_9,0.00380605
68,1979,1,5_9,0.0036935
68,1980,1,5_9,0.00359496
68,1981,1,5_9,0.00350596
68,1982,1,5_9,0.00350078
68,1983,1,5_9,0.0034833
68,1984,1,5_9,0.00341464
68,1985,1,5_9,0.00335034
68,1986,1,5_9,0.00328027
68,1987,1,5_9,0.00316605
68,1988,1,5_9,0.00306141
68,1989,1,5_9,0.00295651
68,1990,1,5_9,0.00284305
68,1991,1,5_9,0.00274464
68,1992,1,5_9,0.00272299
68,1993,1,5_9,0.00259962
68,1994,1,5_9,0.00254172
68,1995,1,5_9,0.00251215
68,1996,1,5_9,0.00246364
68,1997,1,5_9,0.00241943
68,1998,1,5_9,0.00238529
68,1999,1,5_9,0.00235914
68,2000,1,5_9,0.00232837
68,2001,1,5_9,0.00229772
68,2002,1,5_9,0.00225002
68,2003,1,5_9,0.00221158
68,2004,1,5_9,0.00216297
68,2005,1,5_9,0.00212697
68,2006,1,5_9,0.00208159
68,2007,1,5_9,0.00204014
68,2008,1,5_9,0.00198959
68,2009,1,5_9,0.00193869
68,2010,1,5_9,0.00189909
68,2011,1,5_9,0.0018628
68,2012,1,5_9,0.00182249
68,2013,1,5_9,0.0018082
68,2014,1,5_9,0.00178816
68,2015,1,5_9,0.00175653
68,2016,1,5_9,0.0017328
68,2017,1,5_9,0.00172146
68,2018,1,5_9,0.00170456
68,2019,1,5_9,0.00169433
68,2020,1,5_9,0.00169858
68,2021,1,5_9,0.00165778
68,2022,1,5_9,0.00164065
68,2023,1,5_9,0.00161656
76,1950,1,5_9,0.00374211
76,1951,1,5_9,0.00363279
76,1952,1,5_9,0.00352747
76,1953,1,5_9,0.00344988
76,1954,1,5_9,0.00337383
76,1955,1,5_9,0.00329824
76,1956,1,5_9,0.00322539
76,1957,1,5_9,0.00315106
76,1958,1,5_9,0.00308171
76,1959,1,5_9,0.00301254
76,1960,1,5_9,0.0029424
76,1961,1,5_9,0.00287957
76,1962,1,5_9,0.00281998
76,1963,1,5_9,0.00275734
76,1964,1,5_9,0.00270121
76,1965,1,5_9,0.00264473
76,1966,1,5_9,0.00259358
76,1967,1,5_9,0.00253631
76,1968,1,5_9,0.00246494
76,1969,1,5_9,0.00240733
76,1970,1,5_9,0.002345
76,1971,1,5_9,0.00228334
76,1972,1,5_9,0.00221798
76,1973,1,5_9,0.00215578
76,1974,1,5_9,0.00210133
76,1975,1,5_9,0.00202603
76,1976,1,5_9,0.00196148
76,1977,1,5_9,0.00189964
76,1978,1,5_9,0.00184681
76,1979,1,5_9,0.00180506
76,1980,1,5_9,0.00176255
76,1981,1,5_9,0.0017234
76,1982,1,5_9,0.00168719
76,1983,1,5_9,0.00164577
76,1984,1,5_9,0.00159946
76,1985,1,5_9,0.00155055
76,1986,1,5_9,0.00150373
76,1987,1,5_9,0.00145836
76,1988,1,5_9,0.00143038
76,1989,1,5_9,0.0013963
76,1990,1,5_9,0.00136084
76,1991,1,5_9,0.00132659
76,1992,1,5_9,0.00129307
76,1993,1,5_9,0.00124168
76,1994,1,5_9,0.00118998
76,1995,1,5_9,0.00113944
76,1996,1,5_9,0.00109022
76,1997,1,5_9,0.00104278
76,1998,1,5_9,0.00104453
76,1999,1,5_9,0.00097624
76,2000,1,5_9,0.00090492
76,2001,1,5_9,0.00083097
76,2002,1,5_9,0.00075465
76,2003,1,5_9,0.00062872
76,2004,1,5_9,0.00057435
76,2005,1,5_9,0.00052317
76,2006,1,5_9,0.00047574
76,2007,1,5_9,0.00042764
76,2008,1,5_9,0.00038636
76,2009,1,5_9,0.00035084
76,2010,1,5_9,0.00032375
76,2011,1,5_9,0.00030448
76,2012,1,5_9,0.00029062
76,2013,1,5_9,0.00027639
76,2014,1,5_9,0.00026558
76,2015,1,5_9,0.00023829
76,2016,1,5_9,0.0002447
76,2017,1,5_9,0.00025536
76,2018,1,5_9,0.00023641
76,2019,1,5_9,0.00023961
76,2020,1,5_9,0.00018951
76,2021,1,5_9,0.00019269
76,2022,1,5_9,0.00018537
76,2023,1,5_9,0.00016466
152,1950,1,5_9,0.00197994
152,1951,1,5_9,0.00188817
152,1952,1,5_9,0.00179973
152,1953,1,5_9,0.00171734
152,1954,1,5_9,0.00163625
152,1955,1,5_9,0.0015351
152,1956,1,5_9,0.00148928
152,1957,1,5_9,0.0014761
152,1958,1,5_9,0.00149318
152,1959,1,5_9,0.00150204
152,1960,1,5_9,0.00148571
152,1961,1,5_9,0.0014459
152,1962,1,5_9,0.00138427
152,1963,1,5_9,0.00128548
152,1964,1,5_9,0.00123536
152,1965,1,5_9,0.00117895
152,1966,1,5_9,0.00112091
152,1967,1,5_9,0.0010586
152,1968,1,5_9,0.00104215
152,1969,1,5_9,0.00100039
152,1970,1,5_9,0.00099812
152,1971,1,5_9,0.00098795
152,1972,1,5_9,0.00096321
152,1973,1,5_9,0.00090712
152,1974,1,5_9,0.00086058
152,1975,1,5_9,0.00080107
152,1976,1,5_9,0.00075382
152,1977,1,5_9,0.00072165
152,1978,1,5_9,0.00068577
152,1979,1,5_9,0.00063176
152,1980,1,5_9,0.00058764
152,1981,1,5_9,0.0005523
152,1982,1,5_9,0.00050964
152,1983,1,5_9,0.00046506
152,1984,1,5_9,0.00045232
152,1985,1,5_9,0.00043617
152,1986,1,5_9,0.00041224
152,1987,1,5_9,0.00039901
152,1988,1,5_9,0.00039572
152,1989,1,5_9,0.00038064
152,1990,1,5_9,0.0003588
152,1991,1,5_9,0.00034881
152,1992,1,5_9,0.00033941
152,1993,1,5_9,0.00032893
152,1994,1,5_9,0.00031978
152,1995,1,5_9,0.00031038
152,1996,1,5_9,0.00029652
152,1997,1,5_9,0.00028707
152,1998,1,5_9,0.00027869
152,1999,1,5_9,0.00026848
152,2000,1,5_9,0.00024243
152,2001,1,5_9,0.00022633
152,2002,1,5_9,0.00022327
152,2003,1,5_9,0.00021483
152,2004,1,5_9,0.00020865
152,2005,1,5_9,0.00019827
152,2006,1,5_9,0.00019232
152,2007,1,5_9,0.00018672
152,2008,1,5_9,0.00018175
152,2009,1,5_9,0.00017988
152,2010,1,5_9,0.00017669
152,2011,1,5_9,0.00016432
152,2012,1,5_9,0.00016492
152,2013,1,5_9,0.000158
152,2014,1,5_9,0.00015846
152,2015,1,5_9,0.0001478
152,2016,1,5_9,0.0001354
152,2017,1,5_9,0.0001341
152,2018,1,5_9,0.00012887
152,2019,1,5_9,0.00012484
152,2020,1,5_9,0.00012371
152,2021,1,5_9,0.00012162
152,2022,1,5_9,0.00014111
152,2023,1,5_9,0.00014547
170,1950,1,5_9,0.005205
170,1951,1,5_9,0.00495773
170,1952,1,5_9,0.00472134
170,1953,1,5_9,0.00450532
170,1954,1,5_9,0.00431467
170,1955,1,5_9,0.00412172
170,1956,1,5_9,0.0039538
170,1957,1,5_9,0.00356324
170,1958,1,5_9,0.00341125
170,1959,1,5_9,0.00314148
170,1960,1,5_9,0.00296746
170,1961,1,5_9,0.00282985
170,1962,1,5_9,0.00270639
170,1963,1,5_9,0.00257767
170,1964,1,5_9,0.00246625
170,1965,1,5_9,0.00236496
170,1966,1,5_9,0.00227097
170,1967,1,5_9,0.00218917
170,1968,1,5_9,0.00210936
170,1969,1,5_9,0.00200961
170,1970,1,5_9,0.0019233
170,1971,1,5_9,0.00182111
170,1972,1,5_9,0.0017413
170,1973,1,5_9,0.00167622
170,1974,1,5_9,0.00156894
170,1975,1,5_9,0.00146548
170,1976,1,5_9,0.0013397
170,1977,1,5_9,0.00121729
170,1978,1,5_9,0.0010745
170,1979,1,5_9,0.00099821
170,1980,1,5_9,0.00092132
170,1981,1,5_9,0.00088063
170,1982,1,5_9,0.00084022
170,1983,1,5_9,0.00080726
170,1984,1,5_9,0.00075757
170,1985,1,5_9,0.00141098
170,1986,1,5_9,0.00075295
170,1987,1,5_9,0.00077053
170,1988,1,5_9,0.00070135
170,1989,1,5_9,0.00062268
170,1990,1,5_9,0.00059609
170,1991,1,5_9,0.00057426
170,1992,1,5_9,0.00055548
170,1993,1,5_9,0.0005295
170,1994,1,5_9,0.00051034
170,1995,1,5_9,0.00047208
170,1996,1,5_9,0.00045932
170,1997,1,5_9,0.00045847
170,1998,1,5_9,0.00047459
170,1999,1,5_9,0.00050086
170,2000,1,5_9,0.00048356
170,2001,1,5_9,0.00048065
170,2002,1,5_9,0.00047482
170,2003,1,5_9,0.00042596
170,2004,1,5_9,0.00041437
170,2005,1,5_9,0.00041266
170,2006,1,5_9,0.00039843
170,2007,1,5_9,0.00038046
170,2008,1,5_9,0.00035419
170,2009,1,5_9,0.00034761
170,2010,1,5_9,0.00034679
170,2011,1,5_9,0.00033085
170,2012,1,5_9,0.00031936
170,2013,1,5_9,0.00030871
170,2014,1,5_9,0.00032168
170,2015,1,5_9,0.00031117
170,2016,1,5_9,0.00031712
170,2017,1,5_9,0.00030378
170,2018,1,5_9,0.00030035
170,2019,1,5_9,0.000299
170,2020,1,5_9,0.0002743
170,2021,1,5_9,0.0003104
170,2022,1,5_9,0.00029049
170,2023,1,5_9,0.00028
218,1950,1,5_9,0.00328853
218,1951,1,5_9,0.00323904
218,1952,1,5_9,0.00318467
218,1953,1,5_9,0.00313683
218,1954,1,5_9,0.00306723
218,1955,1,5_9,0.00299753
218,1956,1,5_9,0.002925
218,1957,1,5_9,0.00283721
218,1958,1,5_9,0.00274369
218,1959,1,5_9,0.00264278
218,1960,1,5_9,0.00254416
218,1961,1,5_9,0.0024467
218,1962,1,5_9,0.00235133
218,1963,1,5_9,0.00225621
218,1964,1,5_9,0.00216738
218,1965,1,5_9,0.00208471
218,1966,1,5_9,0.00200973
218,1967,1,5_9,0.00193919
218,1968,1,5_9,0.00186904
218,1969,1,5_9,0.00185636
218,1970,1,5_9,0.00176969
218,1971,1,5_9,0.00171572
218,1972,1,5_9,0.00166491
218,1973,1,5_9,0.00162011
218,1974,1,5_9,0.00157163
218,1975,1,5_9,0.00153266
218,1976,1,5_9,0.0015077
218,1977,1,5_9,0.00146802
218,1978,1,5_9,0.00143681
218,1979,1,5_9,0.00140243
218,1980,1,5_9,0.00136458
218,1981,1,5_9,0.00132242
218,1982,1,5_9,0.00128516
218,1983,1,5_9,0.00126628
218,1984,1,5_9,0.00120065
218,1985,1,5_9,0.00116601
218,1986,1,5_9,0.00113668
218,1987,1,5_9,0.00111316
218,1988,1,5_9,0.00109411
218,1989,1,5_9,0.00103282
218,1990,1,5_9,0.00098719
218,1991,1,5_9,0.00097162
218,1992,1,5_9,0.00090508
218,1993,1,5_9,0.00085426
218,1994,1,5_9,0.00077683
218,1995,1,5_9,0.00073977
218,1996,1,5_9,0.00070624
218,1997,1,5_9,0.00068191
218,1998,1,5_9,0.00068952
218,1999,1,5_9,0.00068416
218,2000,1,5_9,0.00068734
218,2001,1,5_9,0.00066257
218,2002,1,5_9,0.00064232
218,2003,1,5_9,0.00062165
218,2004,1,5_9,0.00059964
218,2005,1,5_9,0.00059616
218,2006,1,5_9,0.00057016
218,2007,1,5_9,0.00055913
218,2008,1,5_9,0.000541
218,2009,1,5_9,0.00051046
218,2010,1,5_9,0.00049186
218,2011,1,5_9,0.00046741
218,2012,1,5_9,0.00044953
218,2013,1,5_9,0.00041898
218,2014,1,5_9,0.0003965
218,2015,1,5_9,0.00041053
218,2016,1,5_9,0.0004264
218,2017,1,5_9,0.0003617
218,2018,1,5_9,0.00036542
218,2019,1,5_9,0.00033815
218,2020,1,5_9,0.0003362
218,2021,1,5_9,0.00037925
218,2022,1,5_9,0.00032225
218,2023,1,5_9,0.00030429
238,1950,1,5_9,0.00404117
238,1951,1,5_9,0.00398551
238,1952,1,5_9,0.00393175
238,1953,1,5_9,0.00383689
238,1954,1,5_9,0.00372984
238,1955,1,5_9,0.00363976
238,1956,1,5_9,0.00354926
238,1957,1,5_9,0.00345509
238,1958,1,5_9,0.00336123
238,1959,1,5_9,0.00328569
238,1960,1,5_9,0.00322317
238,1961,1,5_9,0.00317863
238,1962,1,5_9,0.00314028
238,1963,1,5_9,0.00311558
238,1964,1,5_9,0.00309065
238,1965,1,5_9,0.00305644
238,1966,1,5_9,0.00302397
238,1967,1,5_9,0.00300095
238,1968,1,5_9,0.00297107
238,1969,1,5_9,0.00293321
238,1970,1,5_9,0.00290618
238,1971,1,5_9,0.00287087
238,1972,1,5_9,0.00283347
238,1973,1,5_9,0.00280182
238,1974,1,5_9,0.00278371
238,1975,1,5_9,0.00276865
238,1976,1,5_9,0.00278104
238,1977,1,5_9,0.00282744
238,1978,1,5_9,0.00291124
238,1979,1,5_9,0.00302961
238,1980,1,5_9,0.00317704
238,1981,1,5_9,0.00333019
238,1982,1,5_9,0.00347533
238,1983,1,5_9,0.0035952
238,1984,1,5_9,0.00368019
238,1985,1,5_9,0.00372848
238,1986,1,5_9,0.00373708
238,1987,1,5_9,0.00370313
238,1988,1,5_9,0.00362282
238,1989,1,5_9,0.0034895
238,1990,1,5_9,0.00329549
238,1991,1,5_9,0.00305158
238,1992,1,5_9,0.00275363
238,1993,1,5_9,0.00242319
238,1994,1,5_9,0.00208243
238,1995,1,5_9,0.00175275
238,1996,1,5_9,0.00144958
238,1997,1,5_9,0.0011699
238,1998,1,5_9,0.00094029
238,1999,1,5_9,0.00075838
238,2000,1,5_9,0.00061799
238,2001,1,5_9,0.00051552
238,2002,1,5_9,0.00043671
238,2003,1,5_9,0.00038033
238,2004,1,5_9,0.0003416
238,2005,1,5_9,0.00030986
238,2006,1,5_9,0.0002828
238,2007,1,5_9,0.00025974
238,2008,1,5_9,0.00024167
238,2009,1,5_9,0.00022807
238,2010,1,5_9,0.00021743
238,2011,1,5_9,0.00020955
238,2012,1,5_9,0.00020314
238,2013,1,5_9,0.00019978
238,2014,1,5_9,0.00019766
238,2015,1,5_9,0.00019582
238,2016,1,5_9,0.00019444
238,2017,1,5_9,0.0001948
238,2018,1,5_9,0.00019645
238,2019,1,5_9,0.0001979
238,2020,1,5_9,0.0001951
238,2021,1,5_9,0.00019113
238,2022,1,5_9,0.00019019
238,2023,1,5_9,0.00018469
254,1950,1,5_9,0.00561528
254,1951,1,5_9,0.00529667
254,1952,1,5_9,0.00510927
254,1953,1,5_9,0.00493707
254,1954,1,5_9,0.00475948
254,1955,1,5_9,0.00456457
254,1956,1,5_9,0.00433717
254,1957,1,5_9,0.00407653
254,1958,1,5_9,0.00382161
254,1959,1,5_9,0.00357048
254,1960,1,5_9,0.00333098
254,1961,1,5_9,0.00309071
254,1962,1,5_9,0.00287009
254,1963,1,5_9,0.00266738
254,1964,1,5_9,0.00247471
254,1965,1,5_9,0.00229458
254,1966,1,5_9,0.00212977
254,1967,1,5_9,0.00198757
254,1968,1,5_9,0.00186805
254,1969,1,5_9,0.00177216
254,1970,1,5_9,0.00169664
254,1971,1,5_9,0.00163588
254,1972,1,5_9,0.00158006
254,1973,1,5_9,0.00153176
254,1974,1,5_9,0.00149055
254,1975,1,5_9,0.00146167
254,1976,1,5_9,0.00143193
254,1977,1,5_9,0.00139511
254,1978,1,5_9,0.00133686
254,1979,1,5_9,0.00126694
254,1980,1,5_9,0.00119052
254,1981,1,5_9,0.00111798
254,1982,1,5_9,0.00104813
254,1983,1,5_9,0.0009806
254,1984,1,5_9,0.00091882
254,1985,1,5_9,0.00086385
254,1986,1,5_9,0.00081523
254,1987,1,5_9,0.00076998
254,1988,1,5_9,0.00072875
254,1989,1,5_9,0.00069249
254,1990,1,5_9,0.00062988
254,1991,1,5_9,0.0005712
254,1992,1,5_9,0.00051412
254,1993,1,5_9,0.00049004
254,1994,1,5_9,0.00046644
254,1995,1,5_9,0.00044389
254,1996,1,5_9,0.00042303
254,1997,1,5_9,0.00036217
254,1998,1,5_9,0.00032469
254,1999,1,5_9,0.00028598
254,2000,1,5_9,0.0003167
254,2001,1,5_9,0.00023795
254,2002,1,5_9,0.00021305
254,2003,1,5_9,0.00024342
254,2004,1,5_9,0.00027232
254,2005,1,5_9,0.00031707
254,2006,1,5_9,0.00032961
254,2007,1,5_9,0.00033681
254,2008,1,5_9,0.00031185
254,2009,1,5_9,0.0002838
254,2010,1,5_9,0.00025734
254,2011,1,5_9,0.00024233
254,2012,1,5_9,0.00024843
254,2013,1,5_9,0.00017593
254,2014,1,5_9,0.00020824
254,2015,1,5_9,0.00015906
254,2016,1,5_9,0.0001418
254,2017,1,5_9,5.1e-07
254,2018,1,5_9,0.00018639
254,2019,1,5_9,0.00032868
254,2020,1,5_9,0.00019733
254,2021,1,5_9,0.00032764
254,2022,1,5_9,2.77e-06
254,2023,1,5_9,3.7e-07
328,1950,1,5_9,0.00177083
328,1951,1,5_9,0.00161089
328,1952,1,5_9,0.0014618
328,1953,1,5_9,0.00134249
328,1954,1,5_9,0.00138877
328,1955,1,5_9,0.00129824
328,1956,1,5_9,0.001226
328,1957,1,5_9,0.00117432
328,1958,1,5_9,0.00115185
328,1959,1,5_9,0.00110948
328,1960,1,5_9,0.00105034
328,1961,1,5_9,0.00104429
328,1962,1,5_9,0.00098407
328,1963,1,5_9,0.00094624
328,1964,1,5_9,0.0009182
328,1965,1,5_9,0.00089494
328,1966,1,5_9,0.0008774
328,1967,1,5_9,0.00084918
328,1968,1,5_9,0.00083699
328,1969,1,5_9,0.00082531
328,1970,1,5_9,0.00080991
328,1971,1,5_9,0.0008038
328,1972,1,5_9,0.00079976
328,1973,1,5_9,0.00079996
328,1974,1,5_9,0.00079931
328,1975,1,5_9,0.00080382
328,1976,1,5_9,0.00080722
328,1977,1,5_9,0.00080611
328,1978,1,5_9,0.00080806
328,1979,1,5_9,0.00080629
328,1980,1,5_9,0.00080281
328,1981,1,5_9,0.00079693
328,1982,1,5_9,0.00079132
328,1983,1,5_9,0.00078386
328,1984,1,5_9,0.00077603
328,1985,1,5_9,0.00076704
328,1986,1,5_9,0.00074948
328,1987,1,5_9,0.00073798
328,1988,1,5_9,0.00072135
328,1989,1,5_9,0.00070122
328,1990,1,5_9,0.00068515
328,1991,1,5_9,0.00067219
328,1992,1,5_9,0.00066257
328,1993,1,5_9,0.000644
328,1994,1,5_9,0.00063493
328,1995,1,5_9,0.00064255
328,1996,1,5_9,0.00063622
328,1997,1,5_9,0.0006348
328,1998,1,5_9,0.00062435
328,1999,1,5_9,0.00057951
328,2000,1,5_9,0.00055473
328,2001,1,5_9,0.00051884
328,2002,1,5_9,0.00051666
328,2003,1,5_9,0.00050696
328,2004,1,5_9,0.00049201
328,2005,1,5_9,0.00052485
328,2006,1,5_9,0.0004706
328,2007,1,5_9,0.00045678
328,2008,1,5_9,0.00043875
328,2009,1,5_9,0.00041758
328,2010,1,5_9,0.00040112
328,2011,1,5_9,0.00038902
328,2012,1,5_9,0.00038692
328,2013,1,5_9,0.00037939
328,2014,1,5_9,0.00036171
328,2015,1,5_9,0.00035241
328,2016,1,5_9,0.00034082
328,2017,1,5_9,0.00031334
328,2018,1,5_9,0.00030637
328,2019,1,5_9,0.0002963
328,2020,1,5_9,0.00028519
328,2021,1,5_9,0.00027772
328,2022,1,5_9,0.00026742
328,2023,1,5_9,0.00026612
600,1950,1,5_9,0.00264833
600,1951,1,5_9,0.00259049
600,1952,1,5_9,0.00257041
600,1953,1,5_9,0.00254446
600,1954,1,5_9,0.00251282
600,1955,1,5_9,0.00247236
600,1956,1,5_9,0.00242336
600,1957,1,5_9,0.00236703
600,1958,1,5_9,0.00230562
600,1959,1,5_9,0.00224181
600,1960,1,5_9,0.00217757
600,1961,1,5_9,0.00211335
600,1962,1,5_9,0.00205293
600,1963,1,5_9,0.00199537
600,1964,1,5_9,0.00194155
600,1965,1,5_9,0.00189215
600,1966,1,5_9,0.00184294
600,1967,1,5_9,0.00179849
600,1968,1,5_9,0.00175645
600,1969,1,5_9,0.00171605
600,1970,1,5_9,0.00167721
600,1971,1,5_9,0.00163823
600,1972,1,5_9,0.00160067
600,1973,1,5_9,0.00156411
600,1974,1,5_9,0.00152973
600,1975,1,5_9,0.00149368
600,1976,1,5_9,0.00145597
600,1977,1,5_9,0.00142024
600,1978,1,5_9,0.00138323
600,1979,1,5_9,0.00134604
600,1980,1,5_9,0.00130436
600,1981,1,5_9,0.00126141
600,1982,1,5_9,0.00121923
600,1983,1,5_9,0.00119154
600,1984,1,5_9,0.00113812
600,1985,1,5_9,0.00109735
600,1986,1,5_9,0.00105804
600,1987,1,5_9,0.00101922
600,1988,1,5_9,0.00098423
600,1989,1,5_9,0.00091954
600,1990,1,5_9,0.00084537
600,1991,1,5_9,0.00077656
600,1992,1,5_9,0.00074537
600,1993,1,5_9,0.00071553
600,1994,1,5_9,0.00068653
600,1995,1,5_9,0.00065839
600,1996,1,5_9,0.00063112
600,1997,1,5_9,0.00061386
600,1998,1,5_9,0.00058632
600,1999,1,5_9,0.00055423
600,2000,1,5_9,0.00053002
600,2001,1,5_9,0.0005065
600,2002,1,5_9,0.00048394
600,2003,1,5_9,0.00046191
600,2004,1,5_9,0.00044091
600,2005,1,5_9,0.00042053
600,2006,1,5_9,0.00040177
600,2007,1,5_9,0.00038384
600,2008,1,5_9,0.00036716
600,2009,1,5_9,0.00035028
600,2010,1,5_9,0.00033287
600,2011,1,5_9,0.00032199
600,2012,1,5_9,0.00029009
600,2013,1,5_9,0.00026885
600,2014,1,5_9,0.00025694
600,2015,1,5_9,0.00026305
600,2016,1,5_9,0.0002649
600,2017,1,5_9,0.00026519
600,2018,1,5_9,0.00026278
600,2019,1,5_9,0.00026791
600,2020,1,5_9,0.00024101
600,2021,1,5_9,0.00022337
600,2022,1,5_9,0.000269
600,2023,1,5_9,0.00026849
604,1950,1,5_9,0.00551101
604,1951,1,5_9,0.0054127
604,1952,1,5_9,0.00532966
604,1953,1,5_9,0.0052303
604,1954,1,5_9,0.00512955
604,1955,1,5_9,0.00501043
604,1956,1,5_9,0.00488674
604,1957,1,5_9,0.00474249
604,1958,1,5_9,0.0045917
604,1959,1,5_9,0.00443466
604,1960,1,5_9,0.0042791
604,1961,1,5_9,0.00411266
604,1962,1,5_9,0.00409872
604,1963,1,5_9,0.00377633
604,1964,1,5_9,0.00362404
604,1965,1,5_9,0.00349526
604,1966,1,5_9,0.00339683
604,1967,1,5_9,0.00329536
604,1968,1,5_9,0.00320494
604,1969,1,5_9,0.00312163
604,1970,1,5_9,0.00689739
604,1971,1,5_9,0.00298197
604,1972,1,5_9,0.00284588
604,1973,1,5_9,0.0027677
604,1974,1,5_9,0.00266337
604,1975,1,5_9,0.00254885
604,1976,1,5_9,0.00246738
604,1977,1,5_9,0.00240609
604,1978,1,5_9,0.00234911
604,1979,1,5_9,0.0023032
604,1980,1,5_9,0.00224735
604,1981,1,5_9,0.00219044
604,1982,1,5_9,0.00214136
604,1983,1,5_9,0.0020853
604,1984,1,5_9,0.00199795
604,1985,1,5_9,0.00193877
604,1986,1,5_9,0.00186315
604,1987,1,5_9,0.00178061
604,1988,1,5_9,0.00169168
604,1989,1,5_9,0.00159706
604,1990,1,5_9,0.00150892
604,1991,1,5_9,0.00149436
604,1992,1,5_9,0.00132458
604,1993,1,5_9,0.0012176
604,1994,1,5_9,0.00109894
604,1995,1,5_9,0.00099329
604,1996,1,5_9,0.00090618
604,1997,1,5_9,0.00085568
604,1998,1,5_9,0.00081983
604,1999,1,5_9,0.00073069
604,2000,1,5_9,0.00071451
604,2001,1,5_9,0.00071922
604,2002,1,5_9,0.00073077
604,2003,1,5_9,0.00071163
604,2004,1,5_9,0.00072907
604,2005,1,5_9,0.00068978
604,2006,1,5_9,0.00065058
604,2007,1,5_9,0.00061569
604,2008,1,5_9,0.00062032
604,2009,1,5_9,0.00066011
604,2010,1,5_9,0.00068206
604,2011,1,5_9,0.00067823
604,2012,1,5_9,0.00064061
604,2013,1,5_9,0.00060864
604,2014,1,5_9,0.00059435
604,2015,1,5_9,0.00055961
604,2016,1,5_9,0.00051906
604,2017,1,5_9,0.00047906
604,2018,1,5_9,0.00041879
604,2019,1,5_9,0.00036332
604,2020,1,5_9,0.00030268
604,2021,1,5_9,0.0003191
604,2022,1,5_9,0.0003591
604,2023,1,5_9,0.00031698
740,1950,1,5_9,0.00198848
740,1951,1,5_9,0.00194351
740,1952,1,5_9,0.0018996
740,1953,1,5_9,0.00184293
740,1954,1,5_9,0.00175571
740,1955,1,5_9,0.0016736
740,1956,1,5_9,0.00159556
740,1957,1,5_9,0.00152163
740,1958,1,5_9,0.00145132
740,1959,1,5_9,0.00139741
740,1960,1,5_9,0.00136018
740,1961,1,5_9,0.00132036
740,1962,1,5_9,0.00127274
740,1963,1,5_9,0.00116422
740,1964,1,5_9,0.00108179
740,1965,1,5_9,0.00098765
740,1966,1,5_9,0.00090261
740,1967,1,5_9,0.00083202
740,1968,1,5_9,0.00082863
740,1969,1,5_9,0.00082505
740,1970,1,5_9,0.00082131
740,1971,1,5_9,0.00081747
740,1972,1,5_9,0.00081355
740,1973,1,5_9,0.00080959
740,1974,1,5_9,0.00080559
740,1975,1,5_9,0.00080165
740,1976,1,5_9,0.00079782
740,1977,1,5_9,0.00079394
740,1978,1,5_9,0.00079006
740,1979,1,5_9,0.00078579
740,1980,1,5_9,0.00078166
740,1981,1,5_9,0.00077746
740,1982,1,5_9,0.00077386
740,1983,1,5_9,0.00077034
740,1984,1,5_9,0.00076657
740,1985,1,5_9,0.00076229
740,1986,1,5_9,0.00075819
740,1987,1,5_9,0.00075346
740,1988,1,5_9,0.00074854
740,1989,1,5_9,0.00074497
740,1990,1,5_9,0.00071231
740,1991,1,5_9,0.00068208
740,1992,1,5_9,0.00065546
740,1993,1,5_9,0.000639
740,1994,1,5_9,0.00063402
740,1995,1,5_9,0.00066647
740,1996,1,5_9,0.00070183
740,1997,1,5_9,0.00073658
740,1998,1,5_9,0.00075047
740,1999,1,5_9,0.00074765
740,2000,1,5_9,0.0007205
740,2001,1,5_9,0.0006763
740,2002,1,5_9,0.00062269
740,2003,1,5_9,0.0005715
740,2004,1,5_9,0.00052255
740,2005,1,5_9,0.00048917
740,2006,1,5_9,0.00047147
740,2007,1,5_9,0.00045289
740,2008,1,5_9,0.00044758
740,2009,1,5_9,0.00043894
740,2010,1,5_9,0.00043058
740,2011,1,5_9,0.00041996
740,2012,1,5_9,0.00041072
740,2013,1,5_9,0.00039764
740,2014,1,5_9,0.00039021
740,2015,1,5_9,0.00037478
740,2016,1,5_9,0.00038495
740,2017,1,5_9,0.00040197
740,2018,1,5_9,0.00039387
740,2019,1,5_9,0.00039473
740,2020,1,5_9,0.00028381
740,2021,1,5_9,0.00057066
740,2022,1,5_9,0.00034529
740,2023,1,5_9,0.00033434
858,1950,1,5_9,0.00063678
858,1951,1,5_9,0.00062355
858,1952,1,5_9,0.00061297
858,1953,1,5_9,0.00060423
858,1954,1,5_9,0.00059546
858,1955,1,5_9,0.00058675
858,1956,1,5_9,0.00057798
858,1957,1,5_9,0.00056936
858,1958,1,5_9,0.00056082
858,1959,1,5_9,0.00055326
858,1960,1,5_9,0.00055023
858,1961,1,5_9,0.00054744
858,1962,1,5_9,0.00054477
858,1963,1,5_9,0.00053876
858,1964,1,5_9,0.00053414
858,1965,1,5_9,0.00052954
858,1966,1,5_9,0.00052401
858,1967,1,5_9,0.00051981
858,1968,1,5_9,0.00051281
858,1969,1,5_9,0.00051015
858,1970,1,5_9,0.00050736
858,1971,1,5_9,0.00050264
858,1972,1,5_9,0.00049566
858,1973,1,5_9,0.00048808
858,1974,1,5_9,0.00048044
858,1975,1,5_9,0.00047252
858,1976,1,5_9,0.00046463
858,1977,1,5_9,0.00045733
858,1978,1,5_9,0.0004452
858,1979,1,5_9,0.00043529
858,1980,1,5_9,0.00044855
858,1981,1,5_9,0.00042037
858,1982,1,5_9,0.0004168
858,1983,1,5_9,0.00037455
858,1984,1,5_9,0.00038745
858,1985,1,5_9,0.00037451
858,1986,1,5_9,0.00042049
858,1987,1,5_9,0.00042588
858,1988,1,5_9,0.00045123
858,1989,1,5_9,0.00038049
858,1990,1,5_9,0.00034944
858,1991,1,5_9,0.00032158
858,1992,1,5_9,0.00033831
858,1993,1,5_9,0.00035434
858,1994,1,5_9,0.00034339
858,1995,1,5_9,0.000318
858,1996,1,5_9,0.00032503
858,1997,1,5_9,0.00031441
858,1998,1,5_9,0.00032802
858,1999,1,5_9,0.00029293
858,2000,1,5_9,0.00028623
858,2001,1,5_9,0.00025898
858,2002,1,5_9,0.00024725
858,2003,1,5_9,0.00026518
858,2004,1,5_9,0.00025053
858,2005,1,5_9,0.00024939
858,2006,1,5_9,0.00020291
858,2007,1,5_9,0.00022175
858,2008,1,5_9,0.00021935
858,2009,1,5_9,0.00022368
858,2010,1,5_9,0.0002121
858,2011,1,5_9,0.00020468
858,2012,1,5_9,0.00017403
858,2013,1,5_9,0.00016737
858,2014,1,5_9,0.00016696
858,2015,1,5_9,0.00017348
858,2016,1,5_9,0.00017236
858,2017,1,5_9,0.00017392
858,2018,1,5_9,0.00014094
858,2019,1,5_9,0.00010794
858,2020,1,5_9,8.215e-05
858,2021,1,5_9,6.625e-05
858,2022,1,5_9,9.769e-05
858,2023,1,5_9,9.439e-05
862,1950,1,5_9,0.00247768
862,1951,1,5_9,0.00255624
862,1952,1,5_9,0.00247006
862,1953,1,5_9,0.00238109
862,1954,1,5_9,0.00230045
862,1955,1,5_9,0.00222735
862,1956,1,5_9,0.00214398
862,1957,1,5_9,0.00206576
862,1958,1,5_9,0.00198537
862,1959,1,5_9,0.00190667
862,1960,1,5_9,0.00183453
862,1961,1,5_9,0.00175359
862,1962,1,5_9,0.00168829
862,1963,1,5_9,0.00161231
862,1964,1,5_9,0.00154751
862,1965,1,5_9,0.00146873
862,1966,1,5_9,0.00126374
862,1967,1,5_9,0.0014652
862,1968,1,5_9,0.00126847
862,1969,1,5_9,0.00151392
862,1970,1,5_9,0.00116461
862,1971,1,5_9,0.00112557
862,1972,1,5_9,0.00116788
862,1973,1,5_9,0.00110321
862,1974,1,5_9,0.0009233
862,1975,1,5_9,0.00095688
862,1976,1,5_9,0.00086641
862,1977,1,5_9,0.00077702
862,1978,1,5_9,0.0007684
862,1979,1,5_9,0.00071396
862,1980,1,5_9,0.00067222
862,1981,1,5_9,0.00070957
862,1982,1,5_9,0.00066731
862,1983,1,5_9,0.00059849
862,1984,1,5_9,0.00057465
862,1985,1,5_9,0.0005652
862,1986,1,5_9,0.00056741
862,1987,1,5_9,0.00054561
862,1988,1,5_9,0.00053735
862,1989,1,5_9,0.00058371
862,1990,1,5_9,0.00056948
862,1991,1,5_9,0.00054165
862,1992,1,5_9,0.0005029
862,1993,1,5_9,0.00049631
862,1994,1,5_9,0.00049912
862,1995,1,5_9,0.00047544
862,1996,1,5_9,0.00051802
862,1997,1,5_9,0.00048878
862,1998,1,5_9,0.00048067
862,1999,1,5_9,0.00053031
862,2000,1,5_9,0.00048238
862,2001,1,5_9,0.00045483
862,2002,1,5_9,0.00039668
862,2003,1,5_9,0.00043218
862,2004,1,5_9,0.0004568
862,2005,1,5_9,0.00039494
862,2006,1,5_9,0.00038623
862,2007,1,5_9,0.00035996
862,2008,1,5_9,0.00036404
862,2009,1,5_9,0.00036954
862,2010,1,5_9,0.00034564
862,2011,1,5_9,0.00030332
862,2012,1,5_9,0.00030453
862,2013,1,5_9,0.00030602
862,2014,1,5_9,0.00031548
862,2015,1,5_9,0.00032858
862,2016,1,5_9,0.00034533
862,2017,1,5_9,0.000431
862,2018,1,5_9,0.00043304
862,2019,1,5_9,0.00038066
862,2020,1,5_9,0.00038212
862,2021,1,5_9,0.00038402
862,2022,1,5_9,0.00038684
862,2023,1,5_9,0.00038397
60,1950,1,5_9,0.00247945
60,1951,1,5_9,0.00236848
60,1952,1,5_9,0.00221849
60,1953,1,5_9,0.00203881
60,1954,1,5_9,0.00191554
60,1955,1,5_9,0.00178267
60,1956,1,5_9,0.0015758
60,1957,1,5_9,0.00147231
60,1958,1,5_9,0.00139453
60,1959,1,5_9,0.00132022
60,1960,1,5_9,0.00121654
60,1961,1,5_9,0.0011116
60,1962,1,5_9,0.00105707
60,1963,1,5_9,0.00105013
60,1964,1,5_9,0.00104297
60,1965,1,5_9,0.00101856
60,1966,1,5_9,0.00098945
60,1967,1,5_9,0.00096473
60,1968,1,5_9,0.00094362
60,1969,1,5_9,0.0009114
60,1970,1,5_9,0.00087051
60,1971,1,5_9,0.00080801
60,1972,1,5_9,0.00074313
60,1973,1,5_9,0.00067592
60,1974,1,5_9,0.00062703
60,1975,1,5_9,0.00059531
60,1976,1,5_9,0.00057426
60,1977,1,5_9,0.00054796
60,1978,1,5_9,0.00051682
60,1979,1,5_9,0.00048367
60,1980,1,5_9,0.00045978
60,1981,1,5_9,0.00044088
60,1982,1,5_9,0.00042776
60,1983,1,5_9,0.00041466
60,1984,1,5_9,0.00040369
60,1985,1,5_9,0.00039868
60,1986,1,5_9,0.00039014
60,1987,1,5_9,0.00037483
60,1988,1,5_9,0.00035732
60,1989,1,5_9,0.00033817
60,1990,1,5_9,0.00031867
60,1991,1,5_9,0.00030187
60,1992,1,5_9,0.00028948
60,1993,1,5_9,0.00027672
60,1994,1,5_9,0.00026205
60,1995,1,5_9,0.00024368
60,1996,1,5_9,0.00022344
60,1997,1,5_9,0.00020592
60,1998,1,5_9,0.00019117
60,1999,1,5_9,0.00017871
60,2000,1,5_9,0.00016853
60,2001,1,5_9,0.00015958
60,2002,1,5_9,0.00015591
60,2003,1,5_9,0.00024422
60,2004,1,5_9,0.0001607
60,2005,1,5_9,0.00016445
60,2006,1,5_9,0.00016661
60,2007,1,5_9,0.00016393
60,2008,1,5_9,0.00016021
60,2009,1,5_9,0.00015547
60,2010,1,5_9,0.00015051
60,2011,1,5_9,0.00014628
60,2012,1,5_9,0.00014218
60,2013,1,5_9,0.00013742
60,2014,1,5_9,0.00013172
60,2015,1,5_9,0.0001261
60,2016,1,5_9,0.00012061
60,2017,1,5_9,0.00011502
60,2018,1,5_9,0.00010874
60,2019,1,5_9,0.00010337
60,2020,1,5_9,9.919e-05
60,2021,1,5_9,9.391e-05
60,2022,1,5_9,8.846e-05
60,2023,1,5_9,8.424e-05
124,1950,1,5_9,0.00100814
124,1951,1,5_9,0.00098813
124,1952,1,5_9,0.00096211
124,1953,1,5_9,0.00099014
124,1954,1,5_9,0.00082411
124,1955,1,5_9,0.00075602
124,1956,1,5_9,0.00075399
124,1957,1,5_9,0.00072813
124,1958,1,5_9,0.0006881
124,1959,1,5_9,0.00074211
124,1960,1,5_9,0.0006661
124,1961,1,5_9,0.0006301
124,1962,1,5_9,0.00062804
124,1963,1,5_9,0.00065207
124,1964,1,5_9,0.00063205
124,1965,1,5_9,0.00064807
124,1966,1,5_9,0.00056806
124,1967,1,5_9,0.0006121
124,1968,1,5_9,0.00057807
124,1969,1,5_9,0.00060208
124,1970,1,5_9,0.00058009
124,1971,1,5_9,0.00055804
124,1972,1,5_9,0.00054208
124,1973,1,5_9,0.00054809
124,1974,1,5_9,0.00049804
124,1975,1,5_9,0.00050407
124,1976,1,5_9,0.00045604
124,1977,1,5_9,0.00046005
124,1978,1,5_9,0.00044403
124,1979,1,5_9,0.00042205
124,1980,1,5_9,0.00039804
124,1981,1,5_9,0.00032802
124,1982,1,5_9,0.00029201
124,1983,1,5_9,0.00031601
124,1984,1,5_9,0.00029199
124,1985,1,5_9,0.00025801
124,1986,1,5_9,0.00026603
124,1987,1,5_9,0.00022201
124,1988,1,5_9,0.000262
124,1989,1,5_9,0.00021601
124,1990,1,5_9,0.000222
124,1991,1,5_9,0.00019801
124,1992,1,5_9,0.00021801
124,1993,1,5_9,0.00017
124,1994,1,5_9,0.000184
124,1995,1,5_9,0.000176
124,1996,1,5_9,0.000152
124,1997,1,5_9,0.000168
124,1998,1,5_9,0.000146
124,1999,1,5_9,0.000162
124,2000,1,5_9,0.000144
124,2001,1,5_9,0.000128
124,2002,1,5_9,0.000136
124,2003,1,5_9,0.000128
124,2004,1,5_9,0.00013
124,2005,1,5_9,0.000128
124,2006,1,5_9,0.000118
124,2007,1,5_9,0.00011
124,2008,1,5_9,0.000128
124,2009,1,5_9,0.000122
124,2010,1,5_9,8.2e-05
124,2011,1,5_9,9.8e-05
124,2012,1,5_9,8.6e-05
124,2013,1,5_9,9.4e-05
124,2014,1,5_9,7.2e-05
124,2015,1,5_9,8.8e-05
124,2016,1,5_9,7.8e-05
124,2017,1,5_9,8.2e-05
124,2018,1,5_9,9.2e-05
124,2019,1,5_9,8e-05
124,2020,1,5_9,8.4e-05
124,2021,1,5_9,8.573e-05
124,2022,1,5_9,7.405e-05
124,2023,1,5_9,7.405e-05
304,1950,1,5_9,0.0136276
304,1951,1,5_9,0.01312081
304,1952,1,5_9,0.01262883
304,1953,1,5_9,0.01200496
304,1954,1,5_9,0.0111736
304,1955,1,5_9,0.01013576
304,1956,1,5_9,0.00881024
304,1957,1,5_9,0.00732327
304,1958,1,5_9,0.00611491
304,1959,1,5_9,0.00534379
304,1960,1,5_9,0.0049447
304,1961,1,5_9,0.00490897
304,1962,1,5_9,0.00505924
304,1963,1,5_9,0.00516269
304,1964,1,5_9,0.00511287
304,1965,1,5_9,0.00482284
304,1966,1,5_9,0.00449254
304,1967,1,5_9,0.00411156
304,1968,1,5_9,0.00385171
304,1969,1,5_9,0.0036536
304,1970,1,5_9,0.00364003
304,1971,1,5_9,0.00363888
304,1972,1,5_9,0.00369438
304,1973,1,5_9,0.00382682
304,1974,1,5_9,0.00405978
304,1975,1,5_9,0.00427747
304,1976,1,5_9,0.00451405
304,1977,1,5_9,0.00472009
304,1978,1,5_9,0.00480345
304,1979,1,5_9,0.00477043
304,1980,1,5_9,0.00469331
304,1981,1,5_9,0.00458572
304,1982,1,5_9,0.00448166
304,1983,1,5_9,0.00442082
304,1984,1,5_9,0.00440252
304,1985,1,5_9,0.00441165
304,1986,1,5_9,0.00444601
304,1987,1,5_9,0.00447939
304,1988,1,5_9,0.00448005
304,1989,1,5_9,0.00442801
304,1990,1,5_9,0.0043304
304,1991,1,5_9,0.00415137
304,1992,1,5_9,0.0039572
304,1993,1,5_9,0.00375383
304,1994,1,5_9,0.00390135
304,1995,1,5_9,0.00378156
304,1996,1,5_9,0.00372633
304,1997,1,5_9,0.00373301
304,1998,1,5_9,0.0036722
304,1999,1,5_9,0.00356704
304,2000,1,5_9,0.0033708
304,2001,1,5_9,0.00312157
304,2002,1,5_9,0.00282725
304,2003,1,5_9,0.00263134
304,2004,1,5_9,0.00271838
304,2005,1,5_9,0.00262258
304,2006,1,5_9,0.00248699
304,2007,1,5_9,0.00238461
304,2008,1,5_9,0.00236267
304,2009,1,5_9,0.00241887
304,2010,1,5_9,0.00242437
304,2011,1,5_9,0.00230541
304,2012,1,5_9,0.00206072
304,2013,1,5_9,0.00188198
304,2014,1,5_9,0.00177842
304,2015,1,5_9,0.00174059
304,2016,1,5_9,0.00170406
304,2017,1,5_9,0.00171341
304,2018,1,5_9,0.00173304
304,2019,1,5_9,0.00177816
304,2020,1,5_9,0.00181012
304,2021,1,5_9,0.00182609
304,2022,1,5_9,0.00183146
304,2023,1,5_9,0.00183689
666,1950,1,5_9,0.00171248
666,1951,1,5_9,0.00162083
666,1952,1,5_9,0.00153409
666,1953,1,5_9,0.00145195
666,1954,1,5_9,0.00136819
666,1955,1,5_9,0.00129637
666,1956,1,5_9,0.00123138
666,1957,1,5_9,0.00117802
666,1958,1,5_9,0.00112475
666,1959,1,5_9,0.00107798
666,1960,1,5_9,0.00103423
666,1961,1,5_9,0.00100671
666,1962,1,5_9,0.0009785
666,1963,1,5_9,0.00096393
666,1964,1,5_9,0.00095704
666,1965,1,5_9,0.00095704
666,1966,1,5_9,0.00095808
666,1967,1,5_9,0.00095799
666,1968,1,5_9,0.00095018
666,1969,1,5_9,0.00092951
666,1970,1,5_9,0.00089617
666,1971,1,5_9,0.00085661
666,1972,1,5_9,0.00080999
666,1973,1,5_9,0.00076408
666,1974,1,5_9,0.00073444
666,1975,1,5_9,0.00072111
666,1976,1,5_9,0.00071978
666,1977,1,5_9,0.00072718
666,1978,1,5_9,0.00073616
666,1979,1,5_9,0.00073258
666,1980,1,5_9,0.00071754
666,1981,1,5_9,0.00069345
666,1982,1,5_9,0.00066188
666,1983,1,5_9,0.00062233
666,1984,1,5_9,0.00058812
666,1985,1,5_9,0.00055656
666,1986,1,5_9,0.00052668
666,1987,1,5_9,0.00050251
666,1988,1,5_9,0.00047924
666,1989,1,5_9,0.00046214
666,1990,1,5_9,0.00044848
666,1991,1,5_9,0.00043645
666,1992,1,5_9,0.00042842
666,1993,1,5_9,0.00041956
666,1994,1,5_9,0.00040965
666,1995,1,5_9,0.00039892
666,1996,1,5_9,0.00038685
666,1997,1,5_9,0.00037448
666,1998,1,5_9,0.0003622
666,1999,1,5_9,0.00035007
666,2000,1,5_9,0.00033918
666,2001,1,5_9,0.00032866
666,2002,1,5_9,0.00031862
666,2003,1,5_9,0.00031095
666,2004,1,5_9,0.00030293
666,2005,1,5_9,0.00029681
666,2006,1,5_9,0.00029114
666,2007,1,5_9,0.00028622
666,2008,1,5_9,0.00028145
666,2009,1,5_9,0.00027784
666,2010,1,5_9,0.00027491
666,2011,1,5_9,0.00027263
666,2012,1,5_9,0.00027033
666,2013,1,5_9,0.00026846
666,2014,1,5_9,0.00026687
666,2015,1,5_9,0.00026553
666,2016,1,5_9,0.00026442
666,2017,1,5_9,0.00026311
666,2018,1,5_9,0.00026118
666,2019,1,5_9,0.0002594
666,2020,1,5_9,0.00025742
666,2021,1,5_9,0.00025552
666,2022,1,5_9,0.00025414
666,2023,1,5_9,0.00025185
840,1950,1,5_9,0.00070603
840,1951,1,5_9,0.00070617
840,1952,1,5_9,0.00070209
840,1953,1,5_9,0.00065004
840,1954,1,5_9,0.00060403
840,1955,1,5_9,0.00059203
840,1956,1,5_9,0.00056206
840,1957,1,5_9,0.00058005
840,1958,1,5_9,0.00055404
840,1959,1,5_9,0.00057205
840,1960,1,5_9,0.00055805
840,1961,1,5_9,0.00052605
840,1962,1,5_9,0.00051604
840,1963,1,5_9,0.00051604
840,1964,1,5_9,0.00051404
840,1965,1,5_9,0.00050804
840,1966,1,5_9,0.00051205
840,1967,1,5_9,0.00049804
840,1968,1,5_9,0.00052205
840,1969,1,5_9,0.00051803
840,1970,1,5_9,0.00050204
840,1971,1,5_9,0.00049404
840,1972,1,5_9,0.00047003
840,1973,1,5_9,0.00048203
840,1974,1,5_9,0.00044202
840,1975,1,5_9,0.00041603
840,1976,1,5_9,0.00040003
840,1977,1,5_9,0.00040003
840,1978,1,5_9,0.00038202
840,1979,1,5_9,0.00037002
840,1980,1,5_9,0.00035601
840,1981,1,5_9,0.00034201
840,1982,1,5_9,0.00033001
840,1983,1,5_9,0.00030601
840,1984,1,5_9,0.00029601
840,1985,1,5_9,0.00028601
840,1986,1,5_9,0.00027601
840,1987,1,5_9,0.00029601
840,1988,1,5_9,0.00028401
840,1989,1,5_9,0.000274
840,1990,1,5_9,0.00025601
840,1991,1,5_9,0.00024601
840,1992,1,5_9,0.000236
840,1993,1,5_9,0.00023001
840,1994,1,5_9,0.00022401
840,1995,1,5_9,0.000222
840,1996,1,5_9,0.00021801
840,1997,1,5_9,0.0002
840,1998,1,5_9,0.00019601
840,1999,1,5_9,0.000186
840,2000,1,5_9,0.000178
840,2001,1,5_9,0.000166
840,2002,1,5_9,0.000168
840,2003,1,5_9,0.000162
840,2004,1,5_9,0.000166
840,2005,1,5_9,0.000158
840,2006,1,5_9,0.000154
840,2007,1,5_9,0.00015
840,2008,1,5_9,0.000136
840,2009,1,5_9,0.000136
840,2010,1,5_9,0.000126
840,2011,1,5_9,0.000134
840,2012,1,5_9,0.000126
840,2013,1,5_9,0.00013
840,2014,1,5_9,0.00013
840,2015,1,5_9,0.000132
840,2016,1,5_9,0.000132
840,2017,1,5_9,0.000126
840,2018,1,5_9,0.000124
840,2019,1,5_9,0.000126
840,2020,1,5_9,0.00012
840,2021,1,5_9,0.000132
840,2022,1,5_9,0.00011969
840,2023,1,5_9,0.00011672
36,1950,1,5_9,0.00089011
36,1951,1,5_9,0.00081405
36,1952,1,5_9,0.00069209
36,1953,1,5_9,0.00076207
36,1954,1,5_9,0.00064209
36,1955,1,5_9,0.00058606
36,1956,1,5_9,0.00056003
36,1957,1,5_9,0.00058205
36,1958,1,5_9,0.00057398
36,1959,1,5_9,0.00058008
36,1960,1,5_9,0.00055206
36,1961,1,5_9,0.00048599
36,1962,1,5_9,0.00053402
36,1963,1,5_9,0.00049806
36,1964,1,5_9,0.00052006
36,1965,1,5_9,0.00042403
36,1966,1,5_9,0.00045402
36,1967,1,5_9,0.000468
36,1968,1,5_9,0.00047005
36,1969,1,5_9,0.00045804
36,1970,1,5_9,0.00049002
36,1971,1,5_9,0.00045005
36,1972,1,5_9,0.00044606
36,1973,1,5_9,0.00043604
36,1974,1,5_9,0.00039602
36,1975,1,5_9,0.00037402
36,1976,1,5_9,0.00037205
36,1977,1,5_9,0.00037002
36,1978,1,5_9,0.00029401
36,1979,1,5_9,0.00030001
36,1980,1,5_9,0.00031001
36,1981,1,5_9,0.00034803
36,1982,1,5_9,0.00034602
36,1983,1,5_9,0.00029801
36,1984,1,5_9,0.00024201
36,1985,1,5_9,0.00028402
36,1986,1,5_9,0.000234
36,1987,1,5_9,0.00022
36,1988,1,5_9,0.00022601
36,1989,1,5_9,0.00021201
36,1990,1,5_9,0.000228
36,1991,1,5_9,0.00020799
36,1992,1,5_9,0.00017999
36,1993,1,5_9,0.00017201
36,1994,1,5_9,0.00017601
36,1995,1,5_9,0.000178
36,1996,1,5_9,0.00016601
36,1997,1,5_9,0.00014601
36,1998,1,5_9,0.00015
36,1999,1,5_9,0.000146
36,2000,1,5_9,0.00015
36,2001,1,5_9,0.000146
36,2002,1,5_9,0.000138
36,2003,1,5_9,0.000132
36,2004,1,5_9,0.00013201
36,2005,1,5_9,0.00013
36,2006,1,5_9,0.00011
36,2007,1,5_9,9.6e-05
36,2008,1,5_9,0.000106
36,2009,1,5_9,0.000112
36,2010,1,5_9,0.000124
36,2011,1,5_9,0.000104
36,2012,1,5_9,9.2e-05
36,2013,1,5_9,0.000104
36,2014,1,5_9,9.4e-05
36,2015,1,5_9,8.6e-05
36,2016,1,5_9,8.2e-05
36,2017,1,5_9,7.8e-05
36,2018,1,5_9,6.2e-05
36,2019,1,5_9,9e-05
36,2020,1,5_9,5.4e-05
36,2021,1,5_9,7.893e-05
36,2022,1,5_9,6.911e-05
36,2023,1,5_9,7.585e-05
554,1950,1,5_9,0.00083997
554,1951,1,5_9,0.00082418
554,1952,1,5_9,0.000778
554,1953,1,5_9,0.00060593
554,1954,1,5_9,0.00060022
554,1955,1,5_9,0.00069809
554,1956,1,5_9,0.00061026
554,1957,1,5_9,0.0007141
554,1958,1,5_9,0.00069606
554,1959,1,5_9,0.00053398
554,1960,1,5_9,0.00060796
554,1961,1,5_9,0.00044607
554,1962,1,5_9,0.00054205
554,1963,1,5_9,0.00048603
554,1964,1,5_9,0.00044011
554,1965,1,5_9,0.00047202
554,1966,1,5_9,0.00051402
554,1967,1,5_9,0.00049204
554,1968,1,5_9,0.00057007
554,1969,1,5_9,0.0005821
554,1970,1,5_9,0.00056807
554,1971,1,5_9,0.00050806
554,1972,1,5_9,0.000362
554,1973,1,5_9,0.00051201
554,1974,1,5_9,0.00043399
554,1975,1,5_9,0.00059611
554,1976,1,5_9,0.00039206
554,1977,1,5_9,0.00040802
554,1978,1,5_9,0.00035399
554,1979,1,5_9,0.00034604
554,1980,1,5_9,0.00038801
554,1981,1,5_9,0.00035603
554,1982,1,5_9,0.00032604
554,1983,1,5_9,0.00033998
554,1984,1,5_9,0.00035003
554,1985,1,5_9,0.00035201
554,1986,1,5_9,0.00021603
554,1987,1,5_9,0.000354
554,1988,1,5_9,0.00030004
554,1989,1,5_9,0.00032199
554,1990,1,5_9,0.00027802
554,1991,1,5_9,0.000254
554,1992,1,5_9,0.00026202
554,1993,1,5_9,0.00015
554,1994,1,5_9,0.00021802
554,1995,1,5_9,0.00021801
554,1996,1,5_9,0.000194
554,1997,1,5_9,0.000212
554,1998,1,5_9,0.00021201
554,1999,1,5_9,0.000162
554,2000,1,5_9,0.000144
554,2001,1,5_9,0.00014601
554,2002,1,5_9,0.00017801
554,2003,1,5_9,0.000146
554,2004,1,5_9,0.000116
554,2005,1,5_9,0.000134
554,2006,1,5_9,0.00016
554,2007,1,5_9,0.000162
554,2008,1,5_9,0.00012601
554,2009,1,5_9,9.4e-05
554,2010,1,5_9,8.301e-05
554,2011,1,5_9,4.6e-05
554,2012,1,5_9,0.000112
554,2013,1,5_9,8.6e-05
554,2014,1,5_9,0.00015
554,2015,1,5_9,0.000116
554,2016,1,5_9,0.00014401
554,2017,1,5_9,0.000111
554,2018,1,5_9,0.000108
554,2019,1,5_9,0.000108
554,2020,1,5_9,0.00012399
554,2021,1,5_9,7.9e-05
554,2022,1,5_9,0.00019229
554,2023,1,5_9,0.00012778
242,1950,1,5_9,0.00286466
242,1951,1,5_9,0.00270903
242,1952,1,5_9,0.00265737
242,1953,1,5_9,0.00245401
242,1954,1,5_9,0.00240303
242,1955,1,5_9,0.00224759
242,1956,1,5_9,0.00212853
242,1957,1,5_9,0.00199393
242,1958,1,5_9,0.00189622
242,1959,1,5_9,0.00184181
242,1960,1,5_9,0.00175371
242,1961,1,5_9,0.00167767
242,1962,1,5_9,0.00160282
242,1963,1,5_9,0.00152412
242,1964,1,5_9,0.00145715
242,1965,1,5_9,0.00136266
242,1966,1,5_9,0.00136027
242,1967,1,5_9,0.00134524
242,1968,1,5_9,0.00129428
242,1969,1,5_9,0.00134148
242,1970,1,5_9,0.00131634
242,1971,1,5_9,0.00130043
242,1972,1,5_9,0.00130291
242,1973,1,5_9,0.00144854
242,1974,1,5_9,0.0012846
242,1975,1,5_9,0.00123018
242,1976,1,5_9,0.00117927
242,1977,1,5_9,0.0010984
242,1978,1,5_9,0.00104832
242,1979,1,5_9,0.00114355
242,1980,1,5_9,0.00105821
242,1981,1,5_9,0.00099634
242,1982,1,5_9,0.00098967
242,1983,1,5_9,0.00095808
242,1984,1,5_9,0.00088972
242,1985,1,5_9,0.00089
242,1986,1,5_9,0.00081516
242,1987,1,5_9,0.00077926
242,1988,1,5_9,0.00068241
242,1989,1,5_9,0.00068609
242,1990,1,5_9,0.00065386
242,1991,1,5_9,0.00061103
242,1992,1,5_9,0.00061124
242,1993,1,5_9,0.00065909
242,1994,1,5_9,0.00059306
242,1995,1,5_9,0.00057566
242,1996,1,5_9,0.00055381
242,1997,1,5_9,0.0005908
242,1998,1,5_9,0.00053487
242,1999,1,5_9,0.00052834
242,2000,1,5_9,0.0005255
242,2001,1,5_9,0.00050934
242,2002,1,5_9,0.00051609
242,2003,1,5_9,0.00055079
242,2004,1,5_9,0.00051849
242,2005,1,5_9,0.00050077
242,2006,1,5_9,0.00046593
242,2007,1,5_9,0.00046198
242,2008,1,5_9,0.00046356
242,2009,1,5_9,0.00044493
242,2010,1,5_9,0.00042906
242,2011,1,5_9,0.00040612
242,2012,1,5_9,0.00046329
242,2013,1,5_9,0.00042323
242,2014,1,5_9,0.00042396
242,2015,1,5_9,0.0004869
242,2016,1,5_9,0.0004683
242,2017,1,5_9,0.00043383
242,2018,1,5_9,0.00044009
242,2019,1,5_9,0.00040238
242,2020,1,5_9,0.00043991
242,2021,1,5_9,0.00041434
242,2022,1,5_9,0.00043924
242,2023,1,5_9,0.00043878
540,1950,1,5_9,0.00829191
540,1951,1,5_9,0.008161
540,1952,1,5_9,0.0078609
540,1953,1,5_9,0.00755911
540,1954,1,5_9,0.0072486
540,1955,1,5_9,0.00697918
540,1956,1,5_9,0.00669987
540,1957,1,5_9,0.00645588
540,1958,1,5_9,0.00621463
540,1959,1,5_9,0.00598278
540,1960,1,5_9,0.00569895
540,1961,1,5_9,0.00541077
540,1962,1,5_9,0.00510407
540,1963,1,5_9,0.00478357
540,1964,1,5_9,0.00445388
540,1965,1,5_9,0.00411953
540,1966,1,5_9,0.0037848
540,1967,1,5_9,0.00345296
540,1968,1,5_9,0.00312676
540,1969,1,5_9,0.00280875
540,1970,1,5_9,0.00250124
540,1971,1,5_9,0.00220653
540,1972,1,5_9,0.00196625
540,1973,1,5_9,0.00168934
540,1974,1,5_9,0.00148302
540,1975,1,5_9,0.00131568
540,1976,1,5_9,0.00118761
540,1977,1,5_9,0.00109491
540,1978,1,5_9,0.00102564
540,1979,1,5_9,0.00096927
540,1980,1,5_9,0.00091713
540,1981,1,5_9,0.00089942
540,1982,1,5_9,0.00079916
540,1983,1,5_9,0.0007342
540,1984,1,5_9,0.00067472
540,1985,1,5_9,0.00062637
540,1986,1,5_9,0.00059327
540,1987,1,5_9,0.00057858
540,1988,1,5_9,0.00058073
540,1989,1,5_9,0.00059415
540,1990,1,5_9,0.00061369
540,1991,1,5_9,0.00063431
540,1992,1,5_9,0.00065089
540,1993,1,5_9,0.00065932
540,1994,1,5_9,0.00065788
540,1995,1,5_9,0.00064509
540,1996,1,5_9,0.00061969
540,1997,1,5_9,0.00058111
540,1998,1,5_9,0.00053098
540,1999,1,5_9,0.00047698
540,2000,1,5_9,0.00042675
540,2001,1,5_9,0.00038518
540,2002,1,5_9,0.00035515
540,2003,1,5_9,0.00035074
540,2004,1,5_9,0.00033354
540,2005,1,5_9,0.00033758
540,2006,1,5_9,0.00034809
540,2007,1,5_9,0.00036291
540,2008,1,5_9,0.00037978
540,2009,1,5_9,0.00039581
540,2010,1,5_9,0.00040712
540,2011,1,5_9,0.00040967
540,2012,1,5_9,0.00039986
540,2013,1,5_9,0.00037524
540,2014,1,5_9,0.0003355
540,2015,1,5_9,0.00028348
540,2016,1,5_9,0.00022364
540,2017,1,5_9,0.00016188
540,2018,1,5_9,0.00010523
540,2019,1,5_9,6.033e-05
540,2020,1,5_9,0.00026848
540,2021,1,5_9,4.31e-05
540,2022,1,5_9,9.994e-05
540,2023,1,5_9,9.548e-05
598,1950,1,5_9,0.00905063
598,1951,1,5_9,0.0120345
598,1952,1,5_9,0.00837877
598,1953,1,5_9,0.00805638
598,1954,1,5_9,0.00774632
598,1955,1,5_9,0.00743483
598,1956,1,5_9,0.0071621
598,1957,1,5_9,0.00687251
598,1958,1,5_9,0.00658236
598,1959,1,5_9,0.00635243
598,1960,1,5_9,0.00607899
598,1961,1,5_9,0.00583611
598,1962,1,5_9,0.00575926
598,1963,1,5_9,0.00537932
598,1964,1,5_9,0.00516304
598,1965,1,5_9,0.00495032
598,1966,1,5_9,0.00474168
598,1967,1,5_9,0.00453372
598,1968,1,5_9,0.00433756
598,1969,1,5_9,0.00414468
598,1970,1,5_9,0.00396593
598,1971,1,5_9,0.00386223
598,1972,1,5_9,0.00365966
598,1973,1,5_9,0.00349536
598,1974,1,5_9,0.00334112
598,1975,1,5_9,0.00320641
598,1976,1,5_9,0.00307257
598,1977,1,5_9,0.00295467
598,1978,1,5_9,0.00284735
598,1979,1,5_9,0.00274915
598,1980,1,5_9,0.00265351
598,1981,1,5_9,0.00257398
598,1982,1,5_9,0.00250365
598,1983,1,5_9,0.00245502
598,1984,1,5_9,0.00238511
598,1985,1,5_9,0.00233376
598,1986,1,5_9,0.00228295
598,1987,1,5_9,0.0022366
598,1988,1,5_9,0.0022078
598,1989,1,5_9,0.00214379
598,1990,1,5_9,0.00209546
598,1991,1,5_9,0.00209347
598,1992,1,5_9,0.00199985
598,1993,1,5_9,0.00196827
598,1994,1,5_9,0.00190934
598,1995,1,5_9,0.00186767
598,1996,1,5_9,0.00183579
598,1997,1,5_9,0.00180578
598,1998,1,5_9,0.00219476
598,1999,1,5_9,0.00173466
598,2000,1,5_9,0.00170466
598,2001,1,5_9,0.00168975
598,2002,1,5_9,0.00168582
598,2003,1,5_9,0.00164463
598,2004,1,5_9,0.00162128
598,2005,1,5_9,0.00159503
598,2006,1,5_9,0.00156537
598,2007,1,5_9,0.00155506
598,2008,1,5_9,0.00148516
598,2009,1,5_9,0.0014528
598,2010,1,5_9,0.0014182
598,2011,1,5_9,0.0013758
598,2012,1,5_9,0.00135195
598,2013,1,5_9,0.00131282
598,2014,1,5_9,0.00127937
598,2015,1,5_9,0.00124741
598,2016,1,5_9,0.00121157
598,2017,1,5_9,0.00117727
598,2018,1,5_9,0.00115519
598,2019,1,5_9,0.00111191
598,2020,1,5_9,0.00107955
598,2021,1,5_9,0.00104324
598,2022,1,5_9,0.00100556
598,2023,1,5_9,0.00097515
90,1950,1,5_9,0.0067599
90,1951,1,5_9,0.00662262
90,1952,1,5_9,0.00644604
90,1953,1,5_9,0.00633709
90,1954,1,5_9,0.00619954
90,1955,1,5_9,0.00604735
90,1956,1,5_9,0.00809481
90,1957,1,5_9,0.005741
90,1958,1,5_9,0.00558448
90,1959,1,5_9,0.005399
90,1960,1,5_9,0.00525227
90,1961,1,5_9,0.00506819
90,1962,1,5_9,0.00490923
90,1963,1,5_9,0.00471489
90,1964,1,5_9,0.00453236
90,1965,1,5_9,0.0043252
90,1966,1,5_9,0.00411759
90,1967,1,5_9,0.00395912
90,1968,1,5_9,0.00363353
90,1969,1,5_9,0.00340765
90,1970,1,5_9,0.0031859
90,1971,1,5_9,0.00298502
90,1972,1,5_9,0.00279765
90,1973,1,5_9,0.00262436
90,1974,1,5_9,0.00246356
90,1975,1,5_9,0.00325315
90,1976,1,5_9,0.00219029
90,1977,1,5_9,0.00219898
90,1978,1,5_9,0.00196396
90,1979,1,5_9,0.0018851
90,1980,1,5_9,0.00179821
90,1981,1,5_9,0.00173666
90,1982,1,5_9,0.00168287
90,1983,1,5_9,0.00164064
90,1984,1,5_9,0.00160435
90,1985,1,5_9,0.00157835
90,1986,1,5_9,0.00201365
90,1987,1,5_9,0.00152774
90,1988,1,5_9,0.00150573
90,1989,1,5_9,0.00147983
90,1990,1,5_9,0.00145985
90,1991,1,5_9,0.00144148
90,1992,1,5_9,0.00143364
90,1993,1,5_9,0.00144266
90,1994,1,5_9,0.00143047
90,1995,1,5_9,0.00143775
90,1996,1,5_9,0.00145131
90,1997,1,5_9,0.00146443
90,1998,1,5_9,0.0014384
90,1999,1,5_9,0.00141531
90,2000,1,5_9,0.00138887
90,2001,1,5_9,0.00136389
90,2002,1,5_9,0.00133608
90,2003,1,5_9,0.00130494
90,2004,1,5_9,0.00126579
90,2005,1,5_9,0.00122809
90,2006,1,5_9,0.00118628
90,2007,1,5_9,0.0012625
90,2008,1,5_9,0.00110567
90,2009,1,5_9,0.0011002
90,2010,1,5_9,0.001037
90,2011,1,5_9,0.00100462
90,2012,1,5_9,0.0009743
90,2013,1,5_9,0.0009746
90,2014,1,5_9,0.00098043
90,2015,1,5_9,0.00091103
90,2016,1,5_9,0.00086451
90,2017,1,5_9,0.00083813
90,2018,1,5_9,0.00081351
90,2019,1,5_9,0.00078586
90,2020,1,5_9,0.00087317
90,2021,1,5_9,0.00075921
90,2022,1,5_9,0.00074465
90,2023,1,5_9,0.00073392
548,1950,1,5_9,0.00628729
548,1951,1,5_9,0.00854288
548,1952,1,5_9,0.005764
548,1953,1,5_9,0.00557026
548,1954,1,5_9,0.00533284
548,1955,1,5_9,0.00512898
548,1956,1,5_9,0.0049439
548,1957,1,5_9,0.00476797
548,1958,1,5_9,0.00459586
548,1959,1,5_9,0.00443081
548,1960,1,5_9,0.00426309
548,1961,1,5_9,0.00410183
548,1962,1,5_9,0.00394585
548,1963,1,5_9,0.00379192
548,1964,1,5_9,0.00367968
548,1965,1,5_9,0.00352918
548,1966,1,5_9,0.00337973
548,1967,1,5_9,0.00322902
548,1968,1,5_9,0.00308402
548,1969,1,5_9,0.00293883
548,1970,1,5_9,0.00280173
548,1971,1,5_9,0.00266579
548,1972,1,5_9,0.0025955
548,1973,1,5_9,0.00241699
548,1974,1,5_9,0.00229456
548,1975,1,5_9,0.00218118
548,1976,1,5_9,0.00207625
548,1977,1,5_9,0.0019697
548,1978,1,5_9,0.00186381
548,1979,1,5_9,0.00172349
548,1980,1,5_9,0.00161598
548,1981,1,5_9,0.00151011
548,1982,1,5_9,0.00141403
548,1983,1,5_9,0.00132987
548,1984,1,5_9,0.00125856
548,1985,1,5_9,0.00127048
548,1986,1,5_9,0.00110698
548,1987,1,5_9,0.00148569
548,1988,1,5_9,0.00097834
548,1989,1,5_9,0.00097094
548,1990,1,5_9,0.00087019
548,1991,1,5_9,0.00082584
548,1992,1,5_9,0.00080708
548,1993,1,5_9,0.00078983
548,1994,1,5_9,0.00073609
548,1995,1,5_9,0.00071714
548,1996,1,5_9,0.00070329
548,1997,1,5_9,0.00068365
548,1998,1,5_9,0.00067169
548,1999,1,5_9,0.00093715
548,2000,1,5_9,0.00064642
548,2001,1,5_9,0.00064657
548,2002,1,5_9,0.00062415
548,2003,1,5_9,0.00061409
548,2004,1,5_9,0.00061804
548,2005,1,5_9,0.00059444
548,2006,1,5_9,0.00059488
548,2007,1,5_9,0.00059348
548,2008,1,5_9,0.00058197
548,2009,1,5_9,0.00056992
548,2010,1,5_9,0.0005565
548,2011,1,5_9,0.00054157
548,2012,1,5_9,0.00052777
548,2013,1,5_9,0.00051655
548,2014,1,5_9,0.00056319
548,2015,1,5_9,0.00054718
548,2016,1,5_9,0.00048145
548,2017,1,5_9,0.00047155
548,2018,1,5_9,0.00046391
548,2019,1,5_9,0.00045448
548,2020,1,5_9,0.00045778
548,2021,1,5_9,0.00043331
548,2022,1,5_9,0.00042363
548,2023,1,5_9,0.00041213
316,1950,1,5_9,0.00131608
316,1951,1,5_9,0.001272
316,1952,1,5_9,0.00124156
316,1953,1,5_9,0.00121314
316,1954,1,5_9,0.001184
316,1955,1,5_9,0.00115649
316,1956,1,5_9,0.00112953
316,1957,1,5_9,0.00109812
316,1958,1,5_9,0.00107188
316,1959,1,5_9,0.00104392
316,1960,1,5_9,0.00102203
316,1961,1,5_9,0.00099617
316,1962,1,5_9,0.00109566
316,1963,1,5_9,0.00094999
316,1964,1,5_9,0.00095815
316,1965,1,5_9,0.00097508
316,1966,1,5_9,0.00097956
316,1967,1,5_9,0.00093903
316,1968,1,5_9,0.00087085
316,1969,1,5_9,0.00077891
316,1970,1,5_9,0.0006698
316,1971,1,5_9,0.00057454
316,1972,1,5_9,0.00058696
316,1973,1,5_9,0.00062508
316,1974,1,5_9,0.00066237
316,1975,1,5_9,0.00062732
316,1976,1,5_9,0.00072501
316,1977,1,5_9,0.00056015
316,1978,1,5_9,0.00052767
316,1979,1,5_9,0.00049679
316,1980,1,5_9,0.00046714
316,1981,1,5_9,0.00044014
316,1982,1,5_9,0.00041426
316,1983,1,5_9,0.00039066
316,1984,1,5_9,0.0003671
316,1985,1,5_9,0.00038881
316,1986,1,5_9,0.00038181
316,1987,1,5_9,0.00038761
316,1988,1,5_9,0.0003616
316,1989,1,5_9,0.00038975
316,1990,1,5_9,0.00039319
316,1991,1,5_9,0.00039697
316,1992,1,5_9,0.00039911
316,1993,1,5_9,0.00040623
316,1994,1,5_9,0.00042449
316,1995,1,5_9,0.00045377
316,1996,1,5_9,0.00047259
316,1997,1,5_9,0.00046645
316,1998,1,5_9,0.00042931
316,1999,1,5_9,0.00038651
316,2000,1,5_9,0.00035162
316,2001,1,5_9,0.00031254
316,2002,1,5_9,0.00028319
316,2003,1,5_9,0.00023292
316,2004,1,5_9,0.00021069
316,2005,1,5_9,0.0001574
316,2006,1,5_9,0.00012712
316,2007,1,5_9,0.00011238
316,2008,1,5_9,0.00010951
316,2009,1,5_9,0.00011134
316,2010,1,5_9,0.00011513
316,2011,1,5_9,0.00011987
316,2012,1,5_9,0.00012239
316,2013,1,5_9,0.0001291
316,2014,1,5_9,0.00013689
316,2015,1,5_9,0.00015628
316,2016,1,5_9,0.00016474
316,2017,1,5_9,0.00016587
316,2018,1,5_9,0.00015016
316,2019,1,5_9,0.00013589
316,2020,1,5_9,0.00012331
316,2021,1,5_9,0.00010921
316,2022,1,5_9,9.897e-05
316,2023,1,5_9,0.00010417
296,1950,1,5_9,0.00477732
296,1951,1,5_9,0.00476009
296,1952,1,5_9,0.00474296
296,1953,1,5_9,0.00472276
296,1954,1,5_9,0.00469726
296,1955,1,5_9,0.00466399
296,1956,1,5_9,0.00461605
296,1957,1,5_9,0.00455475
296,1958,1,5_9,0.00448021
296,1959,1,5_9,0.00439231
296,1960,1,5_9,0.00429208
296,1961,1,5_9,0.00418074
296,1962,1,5_9,0.00405928
296,1963,1,5_9,0.00392231
296,1964,1,5_9,0.00378324
296,1965,1,5_9,0.00364556
296,1966,1,5_9,0.00350916
296,1967,1,5_9,0.00337014
296,1968,1,5_9,0.00324194
296,1969,1,5_9,0.00312615
296,1970,1,5_9,0.00301986
296,1971,1,5_9,0.00292391
296,1972,1,5_9,0.00290837
296,1973,1,5_9,0.00277905
296,1974,1,5_9,0.00272804
296,1975,1,5_9,0.0026882
296,1976,1,5_9,0.00265658
296,1977,1,5_9,0.00285741
296,1978,1,5_9,0.00259501
296,1979,1,5_9,0.00256386
296,1980,1,5_9,0.00253004
296,1981,1,5_9,0.00249234
296,1982,1,5_9,0.00245014
296,1983,1,5_9,0.00240334
296,1984,1,5_9,0.00235198
296,1985,1,5_9,0.00229604
296,1986,1,5_9,0.00223591
296,1987,1,5_9,0.00216122
296,1988,1,5_9,0.00208353
296,1989,1,5_9,0.00200625
296,1990,1,5_9,0.00193181
296,1991,1,5_9,0.00186225
296,1992,1,5_9,0.0017918
296,1993,1,5_9,0.00172326
296,1994,1,5_9,0.00166298
296,1995,1,5_9,0.0016098
296,1996,1,5_9,0.00156228
296,1997,1,5_9,0.00151923
296,1998,1,5_9,0.00147976
296,1999,1,5_9,0.00143922
296,2000,1,5_9,0.00139778
296,2001,1,5_9,0.00136173
296,2002,1,5_9,0.00133148
296,2003,1,5_9,0.00130711
296,2004,1,5_9,0.00128805
296,2005,1,5_9,0.00127314
296,2006,1,5_9,0.00126099
296,2007,1,5_9,0.00125042
296,2008,1,5_9,0.00124078
296,2009,1,5_9,0.00123211
296,2010,1,5_9,0.00122513
296,2011,1,5_9,0.00122081
296,2012,1,5_9,0.00121991
296,2013,1,5_9,0.00122258
296,2014,1,5_9,0.00122837
296,2015,1,5_9,0.00123575
296,2016,1,5_9,0.00124245
296,2017,1,5_9,0.00124608
296,2018,1,5_9,0.00124472
296,2019,1,5_9,0.00123709
296,2020,1,5_9,0.00122257
296,2021,1,5_9,0.00120171
296,2022,1,5_9,0.00118062
296,2023,1,5_9,0.00116097
584,1950,1,5_9,0.00403661
584,1951,1,5_9,0.00401841
584,1952,1,5_9,0.00399986
584,1953,1,5_9,0.00397774
584,1954,1,5_9,0.00394889
584,1955,1,5_9,0.00391308
584,1956,1,5_9,0.00385979
584,1957,1,5_9,0.00378898
584,1958,1,5_9,0.00370848
584,1959,1,5_9,0.00360356
584,1960,1,5_9,0.00348726
584,1961,1,5_9,0.00339512
584,1962,1,5_9,0.0032577
584,1963,1,5_9,0.00311233
584,1964,1,5_9,0.0029712
584,1965,1,5_9,0.00283107
584,1966,1,5_9,0.00270295
584,1967,1,5_9,0.00258368
584,1968,1,5_9,0.00247058
584,1969,1,5_9,0.00237264
584,1970,1,5_9,0.00228218
584,1971,1,5_9,0.00220392
584,1972,1,5_9,0.00213424
584,1973,1,5_9,0.0020762
584,1974,1,5_9,0.00202733
584,1975,1,5_9,0.00198555
584,1976,1,5_9,0.00194963
584,1977,1,5_9,0.00191518
584,1978,1,5_9,0.0018853
584,1979,1,5_9,0.00185362
584,1980,1,5_9,0.00182295
584,1981,1,5_9,0.00179028
584,1982,1,5_9,0.00175487
584,1983,1,5_9,0.00171659
584,1984,1,5_9,0.00167496
584,1985,1,5_9,0.00163478
584,1986,1,5_9,0.00159583
584,1987,1,5_9,0.00155614
584,1988,1,5_9,0.00152137
584,1989,1,5_9,0.00148747
584,1990,1,5_9,0.00144439
584,1991,1,5_9,0.00140546
584,1992,1,5_9,0.00136417
584,1993,1,5_9,0.00132346
584,1994,1,5_9,0.00128495
584,1995,1,5_9,0.00125743
584,1996,1,5_9,0.00123309
584,1997,1,5_9,0.00121392
584,1998,1,5_9,0.00120311
584,1999,1,5_9,0.00119256
584,2000,1,5_9,0.00125827
584,2001,1,5_9,0.0011708
584,2002,1,5_9,0.00115854
584,2003,1,5_9,0.00114366
584,2004,1,5_9,0.0011292
584,2005,1,5_9,0.00111528
584,2006,1,5_9,0.00109703
584,2007,1,5_9,0.00108299
584,2008,1,5_9,0.00107451
584,2009,1,5_9,0.00106008
584,2010,1,5_9,0.00104548
584,2011,1,5_9,0.0010277
584,2012,1,5_9,0.00101021
584,2013,1,5_9,0.00098704
584,2014,1,5_9,0.00096542
584,2015,1,5_9,0.00094373
584,2016,1,5_9,0.00092041
584,2017,1,5_9,0.00089585
584,2018,1,5_9,0.00087136
584,2019,1,5_9,0.00084934
584,2020,1,5_9,0.00082438
584,2021,1,5_9,0.00079947
584,2022,1,5_9,0.00077213
584,2023,1,5_9,0.00074855
583,1950,1,5_9,0.00557072
583,1951,1,5_9,0.00536337
583,1952,1,5_9,0.00517133
583,1953,1,5_9,0.00498162
583,1954,1,5_9,0.00478012
583,1955,1,5_9,0.00459098
583,1956,1,5_9,0.00440112
583,1957,1,5_9,0.00421076
583,1958,1,5_9,0.00401804
583,1959,1,5_9,0.00382997
583,1960,1,5_9,0.00364982
583,1961,1,5_9,0.00350258
583,1962,1,5_9,0.00332173
583,1963,1,5_9,0.00315243
583,1964,1,5_9,0.00303074
583,1965,1,5_9,0.00288657
583,1966,1,5_9,0.00274724
583,1967,1,5_9,0.0026199
583,1968,1,5_9,0.00249826
583,1969,1,5_9,0.00238833
583,1970,1,5_9,0.00228459
583,1971,1,5_9,0.00219186
583,1972,1,5_9,0.0021044
583,1973,1,5_9,0.00202814
583,1974,1,5_9,0.00195538
583,1975,1,5_9,0.00189313
583,1976,1,5_9,0.00183755
583,1977,1,5_9,0.00178737
583,1978,1,5_9,0.00174572
583,1979,1,5_9,0.00170861
583,1980,1,5_9,0.00167853
583,1981,1,5_9,0.00165229
583,1982,1,5_9,0.00162825
583,1983,1,5_9,0.00160444
583,1984,1,5_9,0.001578
583,1985,1,5_9,0.00154933
583,1986,1,5_9,0.00151722
583,1987,1,5_9,0.00154697
583,1988,1,5_9,0.00144126
583,1989,1,5_9,0.00140714
583,1990,1,5_9,0.00138014
583,1991,1,5_9,0.0013492
583,1992,1,5_9,0.0013202
583,1993,1,5_9,0.00129225
583,1994,1,5_9,0.00127032
583,1995,1,5_9,0.00124452
583,1996,1,5_9,0.0012165
583,1997,1,5_9,0.00119007
583,1998,1,5_9,0.00116353
583,1999,1,5_9,0.00113878
583,2000,1,5_9,0.00123606
583,2001,1,5_9,0.00109632
583,2002,1,5_9,0.00166408
583,2003,1,5_9,0.00106583
583,2004,1,5_9,0.00107054
583,2005,1,5_9,0.00105318
583,2006,1,5_9,0.00105346
583,2007,1,5_9,0.00104923
583,2008,1,5_9,0.00104176
583,2009,1,5_9,0.00103219
583,2010,1,5_9,0.00101931
583,2011,1,5_9,0.00100287
583,2012,1,5_9,0.00098032
583,2013,1,5_9,0.00095949
583,2014,1,5_9,0.00093687
583,2015,1,5_9,0.00098036
583,2016,1,5_9,0.00089115
583,2017,1,5_9,0.00086842
583,2018,1,5_9,0.00084941
583,2019,1,5_9,0.00082714
583,2020,1,5_9,0.00080622
583,2021,1,5_9,0.00078287
583,2022,1,5_9,0.00076342
583,2023,1,5_9,0.00074421
520,1950,1,5_9,0.00257994
520,1951,1,5_9,0.00252677
520,1952,1,5_9,0.00247425
520,1953,1,5_9,0.00242349
520,1954,1,5_9,0.00237621
520,1955,1,5_9,0.00232747
520,1956,1,5_9,0.00228591
520,1957,1,5_9,0.00224697
520,1958,1,5_9,0.00221136
520,1959,1,5_9,0.00217622
520,1960,1,5_9,0.00214914
520,1961,1,5_9,0.00212011
520,1962,1,5_9,0.00209826
520,1963,1,5_9,0.00207434
520,1964,1,5_9,0.0020551
520,1965,1,5_9,0.00203803
520,1966,1,5_9,0.00202146
520,1967,1,5_9,0.00200905
520,1968,1,5_9,0.00199937
520,1969,1,5_9,0.00199009
520,1970,1,5_9,0.00198301
520,1971,1,5_9,0.00197955
520,1972,1,5_9,0.00197654
520,1973,1,5_9,0.00197486
520,1974,1,5_9,0.00197441
520,1975,1,5_9,0.00197617
520,1976,1,5_9,0.00197848
520,1977,1,5_9,0.00198501
520,1978,1,5_9,0.00198841
520,1979,1,5_9,0.00199857
520,1980,1,5_9,0.00200517
520,1981,1,5_9,0.00201622
520,1982,1,5_9,0.00202247
520,1983,1,5_9,0.00203046
520,1984,1,5_9,0.00203283
520,1985,1,5_9,0.00202949
520,1986,1,5_9,0.00201826
520,1987,1,5_9,0.0020038
520,1988,1,5_9,0.00197803
520,1989,1,5_9,0.00194166
520,1990,1,5_9,0.00189713
520,1991,1,5_9,0.00184221
520,1992,1,5_9,0.00178426
520,1993,1,5_9,0.0017228
520,1994,1,5_9,0.00166623
520,1995,1,5_9,0.0016148
520,1996,1,5_9,0.00157242
520,1997,1,5_9,0.00154077
520,1998,1,5_9,0.00151428
520,1999,1,5_9,0.00149349
520,2000,1,5_9,0.00147172
520,2001,1,5_9,0.00145047
520,2002,1,5_9,0.00142978
520,2003,1,5_9,0.00141483
520,2004,1,5_9,0.00140102
520,2005,1,5_9,0.0013896
520,2006,1,5_9,0.00138049
520,2007,1,5_9,0.00137084
520,2008,1,5_9,0.00135074
520,2009,1,5_9,0.00133298
520,2010,1,5_9,0.00131056
520,2011,1,5_9,0.00128689
520,2012,1,5_9,0.0012587
520,2013,1,5_9,0.00123089
520,2014,1,5_9,0.00120235
520,2015,1,5_9,0.00117982
520,2016,1,5_9,0.00115017
520,2017,1,5_9,0.00111879
520,2018,1,5_9,0.00108493
520,2019,1,5_9,0.00104959
520,2020,1,5_9,0.00101467
520,2021,1,5_9,0.00097561
520,2022,1,5_9,0.00094246
520,2023,1,5_9,0.00091016
580,1950,1,5_9,0.00207641
580,1951,1,5_9,0.00200602
580,1952,1,5_9,0.00193653
580,1953,1,5_9,0.00187032
580,1954,1,5_9,0.00180361
580,1955,1,5_9,0.00173986
580,1956,1,5_9,0.00168277
580,1957,1,5_9,0.00162013
580,1958,1,5_9,0.00155748
580,1959,1,5_9,0.0014959
580,1960,1,5_9,0.00142935
580,1961,1,5_9,0.00137069
580,1962,1,5_9,0.00131398
580,1963,1,5_9,0.001259
580,1964,1,5_9,0.00121024
580,1965,1,5_9,0.00115858
580,1966,1,5_9,0.0011072
580,1967,1,5_9,0.0010578
580,1968,1,5_9,0.00100901
580,1969,1,5_9,0.0009579
580,1970,1,5_9,0.0009115
580,1971,1,5_9,0.00086628
580,1972,1,5_9,0.00082376
580,1973,1,5_9,0.00077484
580,1974,1,5_9,0.00072986
580,1975,1,5_9,0.00068909
580,1976,1,5_9,0.00064766
580,1977,1,5_9,0.00061287
580,1978,1,5_9,0.00058243
580,1979,1,5_9,0.00055425
580,1980,1,5_9,0.00052681
580,1981,1,5_9,0.00049875
580,1982,1,5_9,0.00046826
580,1983,1,5_9,0.00043881
580,1984,1,5_9,0.00041093
580,1985,1,5_9,0.00038652
580,1986,1,5_9,0.00036664
580,1987,1,5_9,0.00035115
580,1988,1,5_9,0.00033866
580,1989,1,5_9,0.00032928
580,1990,1,5_9,0.00032073
580,1991,1,5_9,0.00031231
580,1992,1,5_9,0.0003035
580,1993,1,5_9,0.00029656
580,1994,1,5_9,0.00029128
580,1995,1,5_9,0.00028644
580,1996,1,5_9,0.000279
580,1997,1,5_9,0.00026725
580,1998,1,5_9,0.00024995
580,1999,1,5_9,0.00022787
580,2000,1,5_9,0.0002052
580,2001,1,5_9,0.00018557
580,2002,1,5_9,0.00017192
580,2003,1,5_9,0.00016055
580,2004,1,5_9,0.00021672
580,2005,1,5_9,0.00014936
580,2006,1,5_9,0.00014506
580,2007,1,5_9,0.00014367
580,2008,1,5_9,0.00014389
580,2009,1,5_9,0.0001458
580,2010,1,5_9,0.00014877
580,2011,1,5_9,0.00015267
580,2012,1,5_9,0.0001569
580,2013,1,5_9,0.00016092
580,2014,1,5_9,0.00016389
580,2015,1,5_9,0.0001649
580,2016,1,5_9,0.0001641
580,2017,1,5_9,0.00016158
580,2018,1,5_9,0.00021366
580,2019,1,5_9,0.00015042
580,2020,1,5_9,0.00014354
580,2021,1,5_9,0.00013651
580,2022,1,5_9,0.00013124
580,2023,1,5_9,0.0001247
585,1950,1,5_9,0.0040219
585,1951,1,5_9,0.00396705
585,1952,1,5_9,0.00390603
585,1953,1,5_9,0.00384316
585,1954,1,5_9,0.00378114
585,1955,1,5_9,0.00372097
585,1956,1,5_9,0.00365567
585,1957,1,5_9,0.00358983
585,1958,1,5_9,0.00352385
585,1959,1,5_9,0.00345335
585,1960,1,5_9,0.00337786
585,1961,1,5_9,0.00331098
585,1962,1,5_9,0.00323958
585,1963,1,5_9,0.00317568
585,1964,1,5_9,0.00310653
585,1965,1,5_9,0.00307127
585,1966,1,5_9,0.00299516
585,1967,1,5_9,0.00290476
585,1968,1,5_9,0.00280825
585,1969,1,5_9,0.00270133
585,1970,1,5_9,0.00258235
585,1971,1,5_9,0.00246174
585,1972,1,5_9,0.00233946
585,1973,1,5_9,0.00221505
585,1974,1,5_9,0.0020964
585,1975,1,5_9,0.00198139
585,1976,1,5_9,0.00187533
585,1977,1,5_9,0.00177959
585,1978,1,5_9,0.00169442
585,1979,1,5_9,0.00162143
585,1980,1,5_9,0.00155839
585,1981,1,5_9,0.00150271
585,1982,1,5_9,0.00145682
585,1983,1,5_9,0.0014211
585,1984,1,5_9,0.00138066
585,1985,1,5_9,0.00135213
585,1986,1,5_9,0.00132897
585,1987,1,5_9,0.00130773
585,1988,1,5_9,0.0012857
585,1989,1,5_9,0.00126422
585,1990,1,5_9,0.00124022
585,1991,1,5_9,0.00122091
585,1992,1,5_9,0.00119238
585,1993,1,5_9,0.00116621
585,1994,1,5_9,0.00113191
585,1995,1,5_9,0.00109596
585,1996,1,5_9,0.00105796
585,1997,1,5_9,0.00101495
585,1998,1,5_9,0.00097539
585,1999,1,5_9,0.00093777
585,2000,1,5_9,0.00090177
585,2001,1,5_9,0.00086745
585,2002,1,5_9,0.00083677
585,2003,1,5_9,0.00080017
585,2004,1,5_9,0.00076539
585,2005,1,5_9,0.00073152
585,2006,1,5_9,0.00070024
585,2007,1,5_9,0.00066687
585,2008,1,5_9,0.0006398
585,2009,1,5_9,0.00061743
585,2010,1,5_9,0.00060027
585,2011,1,5_9,0.00058892
585,2012,1,5_9,0.00058269
585,2013,1,5_9,0.00058187
585,2014,1,5_9,0.00058514
585,2015,1,5_9,0.00059071
585,2016,1,5_9,0.00059665
585,2017,1,5_9,0.00060111
585,2018,1,5_9,0.00060212
585,2019,1,5_9,0.0005994
585,2020,1,5_9,0.00059247
585,2021,1,5_9,0.0005829
585,2022,1,5_9,0.0005716
585,2023,1,5_9,0.00056052
16,1950,1,5_9,0.00078372
16,1951,1,5_9,0.00075647
16,1952,1,5_9,0.00077129
16,1953,1,5_9,0.00078596
16,1954,1,5_9,0.00080168
16,1955,1,5_9,0.00081386
16,1956,1,5_9,0.00082407
16,1957,1,5_9,0.00083612
16,1958,1,5_9,0.00085047
16,1959,1,5_9,0.0008735
16,1960,1,5_9,0.0009042
16,1961,1,5_9,0.00094123
16,1962,1,5_9,0.00097735
16,1963,1,5_9,0.00100318
16,1964,1,5_9,0.00101833
16,1965,1,5_9,0.0010222
16,1966,1,5_9,0.0058185
16,1967,1,5_9,0.00100293
16,1968,1,5_9,0.00099464
16,1969,1,5_9,0.00098074
16,1970,1,5_9,0.00091677
16,1971,1,5_9,0.00084057
16,1972,1,5_9,0.00076638
16,1973,1,5_9,0.00073006
16,1974,1,5_9,0.00069822
16,1975,1,5_9,0.00066761
16,1976,1,5_9,0.00064142
16,1977,1,5_9,0.0006136
16,1978,1,5_9,0.00058912
16,1979,1,5_9,0.00056177
16,1980,1,5_9,0.0005342
16,1981,1,5_9,0.00050695
16,1982,1,5_9,0.00048042
16,1983,1,5_9,0.00045511
16,1984,1,5_9,0.00043081
16,1985,1,5_9,0.00040774
16,1986,1,5_9,0.0003592
16,1987,1,5_9,0.00032086
16,1988,1,5_9,0.00029992
16,1989,1,5_9,0.0003177
16,1990,1,5_9,0.00031792
16,1991,1,5_9,0.00031041
16,1992,1,5_9,0.00030016
16,1993,1,5_9,0.00030785
16,1994,1,5_9,0.00031614
16,1995,1,5_9,0.00032476
16,1996,1,5_9,0.0003335
16,1997,1,5_9,0.00034083
16,1998,1,5_9,0.00034677
16,1999,1,5_9,0.00036157
16,2000,1,5_9,0.00038287
16,2001,1,5_9,0.00040849
16,2002,1,5_9,0.00042414
16,2003,1,5_9,0.00050414
16,2004,1,5_9,0.00042809
16,2005,1,5_9,0.00041004
16,2006,1,5_9,0.00039188
16,2007,1,5_9,0.00037851
16,2008,1,5_9,0.00037927
16,2009,1,5_9,0.00096401
16,2010,1,5_9,0.00037936
16,2011,1,5_9,0.00037933
16,2012,1,5_9,0.00038054
16,2013,1,5_9,0.00038029
16,2014,1,5_9,0.00036463
16,2015,1,5_9,0.00034497
16,2016,1,5_9,0.00032264
16,2017,1,5_9,0.00031167
16,2018,1,5_9,0.00028384
16,2019,1,5_9,0.00025922
16,2020,1,5_9,0.00023748
16,2021,1,5_9,0.0002358
16,2022,1,5_9,0.00023405
16,2023,1,5_9,0.00023115
184,1950,1,5_9,0.0077686
184,1951,1,5_9,0.00715921
184,1952,1,5_9,0.00657249
184,1953,1,5_9,0.00603456
184,1954,1,5_9,0.00553055
184,1955,1,5_9,0.00503759
184,1956,1,5_9,0.00456471
184,1957,1,5_9,0.00414748
184,1958,1,5_9,0.003739
184,1959,1,5_9,0.00340592
184,1960,1,5_9,0.00306731
184,1961,1,5_9,0.00275344
184,1962,1,5_9,0.00245693
184,1963,1,5_9,0.00220418
184,1964,1,5_9,0.00198051
184,1965,1,5_9,0.00178677
184,1966,1,5_9,0.00163054
184,1967,1,5_9,0.00149332
184,1968,1,5_9,0.00137819
184,1969,1,5_9,0.00127469
184,1970,1,5_9,0.00117247
184,1971,1,5_9,0.0010791
184,1972,1,5_9,0.00100164
184,1973,1,5_9,0.00095623
184,1974,1,5_9,0.00093048
184,1975,1,5_9,0.00091562
184,1976,1,5_9,0.00090581
184,1977,1,5_9,0.00089113
184,1978,1,5_9,0.0008673
184,1979,1,5_9,0.00083806
184,1980,1,5_9,0.00081237
184,1981,1,5_9,0.00078843
184,1982,1,5_9,0.00076864
184,1983,1,5_9,0.00075058
184,1984,1,5_9,0.00073231
184,1985,1,5_9,0.00071463
184,1986,1,5_9,0.00069666
184,1987,1,5_9,0.00111238
184,1988,1,5_9,0.00067439
184,1989,1,5_9,0.00066466
184,1990,1,5_9,0.00100198
184,1991,1,5_9,0.00064981
184,1992,1,5_9,0.00064055
184,1993,1,5_9,0.00062882
184,1994,1,5_9,0.00061328
184,1995,1,5_9,0.00059419
184,1996,1,5_9,0.00057343
184,1997,1,5_9,0.00202708
184,1998,1,5_9,0.00053055
184,1999,1,5_9,0.00051087
184,2000,1,5_9,0.00049294
184,2001,1,5_9,0.00047612
184,2002,1,5_9,0.00045865
184,2003,1,5_9,0.00044335
184,2004,1,5_9,0.00042544
184,2005,1,5_9,0.00040784
184,2006,1,5_9,0.00038954
184,2007,1,5_9,0.00037118
184,2008,1,5_9,0.00035286
184,2009,1,5_9,0.00033598
184,2010,1,5_9,0.00032041
184,2011,1,5_9,0.00030612
184,2012,1,5_9,0.00029328
184,2013,1,5_9,0.00028063
184,2014,1,5_9,0.00027007
184,2015,1,5_9,0.00026132
184,2016,1,5_9,0.000254
184,2017,1,5_9,0.00024714
184,2018,1,5_9,0.00024055
184,2019,1,5_9,0.00023443
184,2020,1,5_9,0.00022837
184,2021,1,5_9,0.0002224
184,2022,1,5_9,0.00021444
184,2023,1,5_9,0.00020782
258,1950,1,5_9,0.00341424
258,1951,1,5_9,0.00322596
258,1952,1,5_9,0.00305424
258,1953,1,5_9,0.00288749
258,1954,1,5_9,0.00273987
258,1955,1,5_9,0.00260187
258,1956,1,5_9,0.00246732
258,1957,1,5_9,0.00235452
258,1958,1,5_9,0.00226106
258,1959,1,5_9,0.00217486
258,1960,1,5_9,0.00209898
258,1961,1,5_9,0.00203618
258,1962,1,5_9,0.00198329
258,1963,1,5_9,0.00193743
258,1964,1,5_9,0.00189624
258,1965,1,5_9,0.00185792
258,1966,1,5_9,0.00181881
258,1967,1,5_9,0.00177452
258,1968,1,5_9,0.00173036
258,1969,1,5_9,0.00168612
258,1970,1,5_9,0.00164151
258,1971,1,5_9,0.00159617
258,1972,1,5_9,0.0015496
258,1973,1,5_9,0.00150095
258,1974,1,5_9,0.00144664
258,1975,1,5_9,0.00137701
258,1976,1,5_9,0.00130358
258,1977,1,5_9,0.00122713
258,1978,1,5_9,0.00114928
258,1979,1,5_9,0.00106005
258,1980,1,5_9,0.00096259
258,1981,1,5_9,0.00087378
258,1982,1,5_9,0.0007915
258,1983,1,5_9,0.00075687
258,1984,1,5_9,0.00062632
258,1985,1,5_9,0.00056814
258,1986,1,5_9,0.00050884
258,1987,1,5_9,0.00050304
258,1988,1,5_9,0.00042513
258,1989,1,5_9,0.00039822
258,1990,1,5_9,0.00037691
258,1991,1,5_9,0.00035728
258,1992,1,5_9,0.00033436
258,1993,1,5_9,0.00031286
258,1994,1,5_9,0.00029236
258,1995,1,5_9,0.00027319
258,1996,1,5_9,0.00025586
258,1997,1,5_9,0.00023934
258,1998,1,5_9,0.0002662
258,1999,1,5_9,0.00020885
258,2000,1,5_9,0.00019878
258,2001,1,5_9,0.00019143
258,2002,1,5_9,0.0001862
258,2003,1,5_9,0.00018241
258,2004,1,5_9,0.00017941
258,2005,1,5_9,0.00017666
258,2006,1,5_9,0.0001737
258,2007,1,5_9,0.00016959
258,2008,1,5_9,0.00016501
258,2009,1,5_9,0.00016011
258,2010,1,5_9,0.00016042
258,2011,1,5_9,0.0001504
258,2012,1,5_9,0.00014604
258,2013,1,5_9,0.00014217
258,2014,1,5_9,0.0001388
258,2015,1,5_9,0.00013586
258,2016,1,5_9,0.00013252
258,2017,1,5_9,0.00012908
258,2018,1,5_9,0.00012581
258,2019,1,5_9,0.00012261
258,2020,1,5_9,0.00012025
258,2021,1,5_9,0.00011638
258,2022,1,5_9,0.0001134
258,2023,1,5_9,0.00011056
570,1950,1,5_9,0.00326631
570,1951,1,5_9,0.00317921
570,1952,1,5_9,0.0030896
570,1953,1,5_9,0.00300115
570,1954,1,5_9,0.00290775
570,1955,1,5_9,0.00280336
570,1956,1,5_9,0.00269394
570,1957,1,5_9,0.00257986
570,1958,1,5_9,0.00246861
570,1959,1,5_9,0.00236712
570,1960,1,5_9,0.00226882
570,1961,1,5_9,0.00217178
570,1962,1,5_9,0.0020865
570,1963,1,5_9,0.00200604
570,1964,1,5_9,0.00192642
570,1965,1,5_9,0.00184702
570,1966,1,5_9,0.00177049
570,1967,1,5_9,0.00168754
570,1968,1,5_9,0.00160661
570,1969,1,5_9,0.00151214
570,1970,1,5_9,0.00143004
570,1971,1,5_9,0.0013471
570,1972,1,5_9,0.00127081
570,1973,1,5_9,0.00119277
570,1974,1,5_9,0.001115
570,1975,1,5_9,0.00104878
570,1976,1,5_9,0.00098087
570,1977,1,5_9,0.00092459
570,1978,1,5_9,0.00087313
570,1979,1,5_9,0.00083134
570,1980,1,5_9,0.00079265
570,1981,1,5_9,0.00075803
570,1982,1,5_9,0.00073397
570,1983,1,5_9,0.00071675
570,1984,1,5_9,0.00070888
570,1985,1,5_9,0.00070704
570,1986,1,5_9,0.0007112
570,1987,1,5_9,0.00072124
570,1988,1,5_9,0.00073433
570,1989,1,5_9,0.00075006
570,1990,1,5_9,0.00076537
570,1991,1,5_9,0.00078173
570,1992,1,5_9,0.00080117
570,1993,1,5_9,0.00081665
570,1994,1,5_9,0.0008322
570,1995,1,5_9,0.00084553
570,1996,1,5_9,0.00085894
570,1997,1,5_9,0.0008682
570,1998,1,5_9,0.00087955
570,1999,1,5_9,0.00115706
570,2000,1,5_9,0.00089902
570,2001,1,5_9,0.00090896
570,2002,1,5_9,0.00091762
570,2003,1,5_9,0.00092378
570,2004,1,5_9,0.00162392
570,2005,1,5_9,0.00092789
570,2006,1,5_9,0.00092459
570,2007,1,5_9,0.00091296
570,2008,1,5_9,0.00089782
570,2009,1,5_9,0.00087728
570,2010,1,5_9,0.00085559
570,2011,1,5_9,0.00083292
570,2012,1,5_9,0.00081177
570,2013,1,5_9,0.00078928
570,2014,1,5_9,0.00076437
570,2015,1,5_9,0.00074245
570,2016,1,5_9,0.00072073
570,2017,1,5_9,0.00069862
570,2018,1,5_9,0.00067831
570,2019,1,5_9,0.00065723
570,2020,1,5_9,0.00063579
570,2021,1,5_9,0.00061757
570,2022,1,5_9,0.00059757
570,2023,1,5_9,0.00057676
882,1950,1,5_9,0.00476569
882,1951,1,5_9,0.00456671
882,1952,1,5_9,0.00438202
882,1953,1,5_9,0.00420053
882,1954,1,5_9,0.00402105
882,1955,1,5_9,0.00384225
882,1956,1,5_9,0.00366365
882,1957,1,5_9,0.00352863
882,1958,1,5_9,0.00335744
882,1959,1,5_9,0.00319674
882,1960,1,5_9,0.00304612
882,1961,1,5_9,0.00289997
882,1962,1,5_9,0.00276699
882,1963,1,5_9,0.00263983
882,1964,1,5_9,0.00494663
882,1965,1,5_9,0.00240988
882,1966,1,5_9,0.00239605
882,1967,1,5_9,0.00219936
882,1968,1,5_9,0.00209508
882,1969,1,5_9,0.00199343
882,1970,1,5_9,0.00189402
882,1971,1,5_9,0.00180059
882,1972,1,5_9,0.00170738
882,1973,1,5_9,0.00162039
882,1974,1,5_9,0.00153748
882,1975,1,5_9,0.00145216
882,1976,1,5_9,0.00137675
882,1977,1,5_9,0.0013067
882,1978,1,5_9,0.00124694
882,1979,1,5_9,0.00118514
882,1980,1,5_9,0.00112452
882,1981,1,5_9,0.00107778
882,1982,1,5_9,0.00103121
882,1983,1,5_9,0.00098364
882,1984,1,5_9,0.00094404
882,1985,1,5_9,0.00090775
882,1986,1,5_9,0.00087367
882,1987,1,5_9,0.00084483
882,1988,1,5_9,0.00081464
882,1989,1,5_9,0.00078616
882,1990,1,5_9,0.00082074
882,1991,1,5_9,0.00083406
882,1992,1,5_9,0.00070094
882,1993,1,5_9,0.00067662
882,1994,1,5_9,0.00064871
882,1995,1,5_9,0.00062359
882,1996,1,5_9,0.00059925
882,1997,1,5_9,0.00057629
882,1998,1,5_9,0.00055446
882,1999,1,5_9,0.00053425
882,2000,1,5_9,0.00051556
882,2001,1,5_9,0.00049803
882,2002,1,5_9,0.00048321
882,2003,1,5_9,0.00047036
882,2004,1,5_9,0.0004699
882,2005,1,5_9,0.00052186
882,2006,1,5_9,0.00045496
882,2007,1,5_9,0.00045402
882,2008,1,5_9,0.00045394
882,2009,1,5_9,0.00117604
882,2010,1,5_9,0.00045307
882,2011,1,5_9,0.00045163
882,2012,1,5_9,0.00053134
882,2013,1,5_9,0.00044812
882,2014,1,5_9,0.00044577
882,2015,1,5_9,0.00044323
882,2016,1,5_9,0.00043982
882,2017,1,5_9,0.00043487
882,2018,1,5_9,0.00042744
882,2019,1,5_9,0.0006267
882,2020,1,5_9,0.00045198
882,2021,1,5_9,0.00040105
882,2022,1,5_9,0.00038978
882,2023,1,5_9,0.00038072
772,1950,1,5_9,0.00273434
772,1951,1,5_9,0.0026388
772,1952,1,5_9,0.00254623
772,1953,1,5_9,0.00245252
772,1954,1,5_9,0.00236228
772,1955,1,5_9,0.00227
772,1956,1,5_9,0.00218294
772,1957,1,5_9,0.00209775
772,1958,1,5_9,0.00200996
772,1959,1,5_9,0.00192992
772,1960,1,5_9,0.00185206
772,1961,1,5_9,0.00177268
772,1962,1,5_9,0.00169949
772,1963,1,5_9,0.00162389
772,1964,1,5_9,0.00155267
772,1965,1,5_9,0.00148298
772,1966,1,5_9,0.00140312
772,1967,1,5_9,0.00133305
772,1968,1,5_9,0.00126866
772,1969,1,5_9,0.00120261
772,1970,1,5_9,0.0011426
772,1971,1,5_9,0.00108605
772,1972,1,5_9,0.00104822
772,1973,1,5_9,0.0010165
772,1974,1,5_9,0.0009886
772,1975,1,5_9,0.00096784
772,1976,1,5_9,0.00094591
772,1977,1,5_9,0.00091894
772,1978,1,5_9,0.00088514
772,1979,1,5_9,0.00084946
772,1980,1,5_9,0.00080752
772,1981,1,5_9,0.00076378
772,1982,1,5_9,0.00072548
772,1983,1,5_9,0.00069
772,1984,1,5_9,0.00066092
772,1985,1,5_9,0.00063187
772,1986,1,5_9,0.00060886
772,1987,1,5_9,0.00058815
772,1988,1,5_9,0.00056885
772,1989,1,5_9,0.0005492
772,1990,1,5_9,0.00052899
772,1991,1,5_9,0.00050754
772,1992,1,5_9,0.00048527
772,1993,1,5_9,0.00046303
772,1994,1,5_9,0.00044205
772,1995,1,5_9,0.000423
772,1996,1,5_9,0.00040519
772,1997,1,5_9,0.00039138
772,1998,1,5_9,0.00037791
772,1999,1,5_9,0.00036662
772,2000,1,5_9,0.00035651
772,2001,1,5_9,0.00034507
772,2002,1,5_9,0.00033465
772,2003,1,5_9,0.00032395
772,2004,1,5_9,0.00031346
772,2005,1,5_9,0.00030299
772,2006,1,5_9,0.00029264
772,2007,1,5_9,0.00028234
772,2008,1,5_9,0.00027193
772,2009,1,5_9,0.00026091
772,2010,1,5_9,0.00025037
772,2011,1,5_9,0.00023997
772,2012,1,5_9,0.00022995
772,2013,1,5_9,0.00022012
772,2014,1,5_9,0.00021138
772,2015,1,5_9,0.00020255
772,2016,1,5_9,0.00019446
772,2017,1,5_9,0.00018833
772,2018,1,5_9,0.00018209
772,2019,1,5_9,0.00017593
772,2020,1,5_9,0.00017028
772,2021,1,5_9,0.00016643
772,2022,1,5_9,0.00016123
772,2023,1,5_9,0.0001561
776,1950,1,5_9,0.00568686
776,1951,1,5_9,0.00515417
776,1952,1,5_9,0.00465848
776,1953,1,5_9,0.0042105
776,1954,1,5_9,0.00385617
776,1955,1,5_9,0.00351045
776,1956,1,5_9,0.00321162
776,1957,1,5_9,0.00296507
776,1958,1,5_9,0.00276834
776,1959,1,5_9,0.00259963
776,1960,1,5_9,0.00245825
776,1961,1,5_9,0.00236578
776,1962,1,5_9,0.00220673
776,1963,1,5_9,0.00208954
776,1964,1,5_9,0.00197239
776,1965,1,5_9,0.00185513
776,1966,1,5_9,0.00174393
776,1967,1,5_9,0.00163387
776,1968,1,5_9,0.00153258
776,1969,1,5_9,0.00142767
776,1970,1,5_9,0.00133911
776,1971,1,5_9,0.00126601
776,1972,1,5_9,0.00119407
776,1973,1,5_9,0.00117352
776,1974,1,5_9,0.0010714
776,1975,1,5_9,0.00102703
776,1976,1,5_9,0.00098149
776,1977,1,5_9,0.00095412
776,1978,1,5_9,0.00091351
776,1979,1,5_9,0.00088534
776,1980,1,5_9,0.00086278
776,1981,1,5_9,0.00084004
776,1982,1,5_9,0.00091694
776,1983,1,5_9,0.00080038
776,1984,1,5_9,0.00078096
776,1985,1,5_9,0.00076441
776,1986,1,5_9,0.000749
776,1987,1,5_9,0.0007328
776,1988,1,5_9,0.00071651
776,1989,1,5_9,0.00069961
776,1990,1,5_9,0.00069822
776,1991,1,5_9,0.00066461
776,1992,1,5_9,0.00064653
776,1993,1,5_9,0.00062798
776,1994,1,5_9,0.00061018
776,1995,1,5_9,0.00059319
776,1996,1,5_9,0.00057721
776,1997,1,5_9,0.00056175
776,1998,1,5_9,0.00054712
776,1999,1,5_9,0.00053287
776,2000,1,5_9,0.00051905
776,2001,1,5_9,0.00051644
776,2002,1,5_9,0.00049154
776,2003,1,5_9,0.00047821
776,2004,1,5_9,0.00046433
776,2005,1,5_9,0.00045273
776,2006,1,5_9,0.00044215
776,2007,1,5_9,0.00043084
776,2008,1,5_9,0.00042151
776,2009,1,5_9,0.00049246
776,2010,1,5_9,0.00040547
776,2011,1,5_9,0.00039866
776,2012,1,5_9,0.0003925
776,2013,1,5_9,0.00038683
776,2014,1,5_9,0.0003942
776,2015,1,5_9,0.00037625
776,2016,1,5_9,0.00037077
776,2017,1,5_9,0.00036447
776,2018,1,5_9,0.00035917
776,2019,1,5_9,0.00035278
776,2020,1,5_9,0.00034547
776,2021,1,5_9,0.00033919
776,2022,1,5_9,0.00036016
776,2023,1,5_9,0.00032481
798,1950,1,5_9,0.00903041
798,1951,1,5_9,0.00857633
798,1952,1,5_9,0.00815171
798,1953,1,5_9,0.00776518
798,1954,1,5_9,0.00737645
798,1955,1,5_9,0.00703091
798,1956,1,5_9,0.00668976
798,1957,1,5_9,0.00636339
798,1958,1,5_9,0.00601745
798,1959,1,5_9,0.0057027
798,1960,1,5_9,0.00542235
798,1961,1,5_9,0.00515554
798,1962,1,5_9,0.00489661
798,1963,1,5_9,0.00464319
798,1964,1,5_9,0.0044025
798,1965,1,5_9,0.00417447
798,1966,1,5_9,0.0039601
798,1967,1,5_9,0.0037615
798,1968,1,5_9,0.00361303
798,1969,1,5_9,0.00343972
798,1970,1,5_9,0.00326787
798,1971,1,5_9,0.0031012
798,1972,1,5_9,0.00425322
798,1973,1,5_9,0.00276582
798,1974,1,5_9,0.00260587
798,1975,1,5_9,0.00245376
798,1976,1,5_9,0.00231638
798,1977,1,5_9,0.00219829
798,1978,1,5_9,0.00209526
798,1979,1,5_9,0.00200313
798,1980,1,5_9,0.00192298
798,1981,1,5_9,0.00185272
798,1982,1,5_9,0.00179509
798,1983,1,5_9,0.00175
798,1984,1,5_9,0.00171331
798,1985,1,5_9,0.00168791
798,1986,1,5_9,0.0016675
798,1987,1,5_9,0.00164783
798,1988,1,5_9,0.00162659
798,1989,1,5_9,0.00160354
798,1990,1,5_9,0.00157822
798,1991,1,5_9,0.00155075
798,1992,1,5_9,0.00203623
798,1993,1,5_9,0.00149228
798,1994,1,5_9,0.00145131
798,1995,1,5_9,0.00141358
798,1996,1,5_9,0.0013749
798,1997,1,5_9,0.00133421
798,1998,1,5_9,0.00129084
798,1999,1,5_9,0.00125771
798,2000,1,5_9,0.00122266
798,2001,1,5_9,0.00119266
798,2002,1,5_9,0.00116948
798,2003,1,5_9,0.00114918
798,2004,1,5_9,0.00112799
798,2005,1,5_9,0.00110527
798,2006,1,5_9,0.00107534
798,2007,1,5_9,0.00104543
798,2008,1,5_9,0.00101979
798,2009,1,5_9,0.0009866
798,2010,1,5_9,0.00095903
798,2011,1,5_9,0.00093248
798,2012,1,5_9,0.00090834
798,2013,1,5_9,0.00088567
798,2014,1,5_9,0.0008631
798,2015,1,5_9,0.00084474
798,2016,1,5_9,0.00082036
798,2017,1,5_9,0.00079386
798,2018,1,5_9,0.00076903
798,2019,1,5_9,0.00074432
798,2020,1,5_9,0.00071984
798,2021,1,5_9,0.000699
798,2022,1,5_9,0.0006743
798,2023,1,5_9,0.00065313
876,1950,1,5_9,0.00466714
876,1951,1,5_9,0.00463187
876,1952,1,5_9,0.00458998
876,1953,1,5_9,0.00451125
876,1954,1,5_9,0.00442154
876,1955,1,5_9,0.00432142
876,1956,1,5_9,0.00421531
876,1957,1,5_9,0.00410792
876,1958,1,5_9,0.00400067
876,1959,1,5_9,0.00389359
876,1960,1,5_9,0.00378668
876,1961,1,5_9,0.00367995
876,1962,1,5_9,0.00357095
876,1963,1,5_9,0.00345852
876,1964,1,5_9,0.0033465
876,1965,1,5_9,0.00323488
876,1966,1,5_9,0.00312382
876,1967,1,5_9,0.00301337
876,1968,1,5_9,0.00289696
876,1969,1,5_9,0.0027809
876,1970,1,5_9,0.00266603
876,1971,1,5_9,0.00255232
876,1972,1,5_9,0.00243791
876,1973,1,5_9,0.00231896
876,1974,1,5_9,0.00220186
876,1975,1,5_9,0.00208679
876,1976,1,5_9,0.00197236
876,1977,1,5_9,0.00185134
876,1978,1,5_9,0.00173365
876,1979,1,5_9,0.00161931
876,1980,1,5_9,0.00150135
876,1981,1,5_9,0.00138466
876,1982,1,5_9,0.00127341
876,1983,1,5_9,0.00115985
876,1984,1,5_9,0.00104109
876,1985,1,5_9,0.00091689
876,1986,1,5_9,0.0008853
876,1987,1,5_9,0.00065168
876,1988,1,5_9,0.00052708
876,1989,1,5_9,0.00042838
876,1990,1,5_9,0.00035679
876,1991,1,5_9,0.00031137
876,1992,1,5_9,0.00028268
876,1993,1,5_9,0.00054926
876,1994,1,5_9,0.00024831
876,1995,1,5_9,0.0002314
876,1996,1,5_9,0.00021183
876,1997,1,5_9,0.00019146
876,1998,1,5_9,0.00017125
876,1999,1,5_9,0.00016381
876,2000,1,5_9,0.00015807
876,2001,1,5_9,0.00015453
876,2002,1,5_9,0.00015603
876,2003,1,5_9,0.00015877
876,2004,1,5_9,0.00015421
876,2005,1,5_9,0.00014812
876,2006,1,5_9,0.00014443
876,2007,1,5_9,0.00014014
876,2008,1,5_9,0.00013697
876,2009,1,5_9,0.0001365
876,2010,1,5_9,0.00013731
876,2011,1,5_9,0.00013381
876,2012,1,5_9,0.00012987
876,2013,1,5_9,0.00012578
876,2014,1,5_9,0.00012147
876,2015,1,5_9,0.00011665
876,2016,1,5_9,0.00011441
876,2017,1,5_9,0.00011263
876,2018,1,5_9,0.00011028
876,2019,1,5_9,0.00010681
876,2020,1,5_9,0.00010434
876,2021,1,5_9,0.00010154
876,2022,1,5_9,9.971e-05
876,2023,1,5_9,9.837e-05
108,2024,1,5_9,0.00354082
108,2025,1,5_9,0.00348892
108,2026,1,5_9,0.00343371
108,2027,1,5_9,0.00338213
108,2028,1,5_9,0.00332914
108,2029,1,5_9,0.00327833
108,2030,1,5_9,0.00322706
108,2031,1,5_9,0.00317798
108,2032,1,5_9,0.00313019
108,2033,1,5_9,0.00308028
108,2034,1,5_9,0.00303632
108,2035,1,5_9,0.00299042
108,2036,1,5_9,0.00294404
108,2037,1,5_9,0.00289872
108,2038,1,5_9,0.0028557
108,2039,1,5_9,0.00280946
108,2040,1,5_9,0.00276846
108,2041,1,5_9,0.00272734
108,2042,1,5_9,0.002683
108,2043,1,5_9,0.00264069
108,2044,1,5_9,0.00260317
108,2045,1,5_9,0.00256805
108,2046,1,5_9,0.00253094
108,2047,1,5_9,0.00249139
108,2048,1,5_9,0.00245799
108,2049,1,5_9,0.00242219
108,2050,1,5_9,0.00238351
108,2051,1,5_9,0.00234679
108,2052,1,5_9,0.00231308
108,2053,1,5_9,0.00228018
108,2054,1,5_9,0.00224151
108,2055,1,5_9,0.00220864
108,2056,1,5_9,0.00217532
108,2057,1,5_9,0.00213768
108,2058,1,5_9,0.00210826
108,2059,1,5_9,0.00207787
108,2060,1,5_9,0.00204603
108,2061,1,5_9,0.00201014
108,2062,1,5_9,0.00198093
108,2063,1,5_9,0.0019516
108,2064,1,5_9,0.00192173
108,2065,1,5_9,0.00189281
108,2066,1,5_9,0.00186088
108,2067,1,5_9,0.00182885
108,2068,1,5_9,0.00180208
108,2069,1,5_9,0.00177389
108,2070,1,5_9,0.00174419
108,2071,1,5_9,0.00171193
108,2072,1,5_9,0.00168194
108,2073,1,5_9,0.00165059
108,2074,1,5_9,0.00162267
108,2075,1,5_9,0.00159568
108,2076,1,5_9,0.00156934
108,2077,1,5_9,0.00154079
108,2078,1,5_9,0.00151711
108,2079,1,5_9,0.00148899
108,2080,1,5_9,0.00146017
108,2081,1,5_9,0.00143228
108,2082,1,5_9,0.00140595
108,2083,1,5_9,0.00137593
108,2084,1,5_9,0.00134737
108,2085,1,5_9,0.0013174
108,2086,1,5_9,0.00129043
108,2087,1,5_9,0.00126367
108,2088,1,5_9,0.00123744
108,2089,1,5_9,0.00121277
108,2090,1,5_9,0.00118719
108,2091,1,5_9,0.00116272
108,2092,1,5_9,0.00113888
108,2093,1,5_9,0.00111803
108,2094,1,5_9,0.00109779
108,2095,1,5_9,0.00107906
108,2096,1,5_9,0.0010617
108,2097,1,5_9,0.00104251
108,2098,1,5_9,0.00102283
108,2099,1,5_9,0.00100416
108,2100,1,5_9,0.00098681
174,2024,1,5_9,0.0009545
174,2025,1,5_9,0.00092923
174,2026,1,5_9,0.000904
174,2027,1,5_9,0.00087818
174,2028,1,5_9,0.00085606
174,2029,1,5_9,0.00083505
174,2030,1,5_9,0.00081303
174,2031,1,5_9,0.00079192
174,2032,1,5_9,0.00077206
174,2033,1,5_9,0.00075092
174,2034,1,5_9,0.00073137
174,2035,1,5_9,0.00071338
174,2036,1,5_9,0.00069448
174,2037,1,5_9,0.00067566
174,2038,1,5_9,0.00065774
174,2039,1,5_9,0.00064109
174,2040,1,5_9,0.0006245
174,2041,1,5_9,0.00061032
174,2042,1,5_9,0.00059528
174,2043,1,5_9,0.00058066
174,2044,1,5_9,0.00056521
174,2045,1,5_9,0.00055109
174,2046,1,5_9,0.00053752
174,2047,1,5_9,0.00052285
174,2048,1,5_9,0.00050818
174,2049,1,5_9,0.00049523
174,2050,1,5_9,0.00048145
174,2051,1,5_9,0.0004681
174,2052,1,5_9,0.00045701
174,2053,1,5_9,0.00044799
174,2054,1,5_9,0.00043935
174,2055,1,5_9,0.00043061
174,2056,1,5_9,0.00042244
174,2057,1,5_9,0.00041439
174,2058,1,5_9,0.00040593
174,2059,1,5_9,0.00039674
174,2060,1,5_9,0.00038743
174,2061,1,5_9,0.00037903
174,2062,1,5_9,0.00037007
174,2063,1,5_9,0.00036176
174,2064,1,5_9,0.00035347
174,2065,1,5_9,0.00034538
174,2066,1,5_9,0.0003368
174,2067,1,5_9,0.00032773
174,2068,1,5_9,0.0003207
174,2069,1,5_9,0.00031343
174,2070,1,5_9,0.00030678
174,2071,1,5_9,0.00030025
174,2072,1,5_9,0.00029377
174,2073,1,5_9,0.00028707
174,2074,1,5_9,0.00028036
174,2075,1,5_9,0.00027335
174,2076,1,5_9,0.00026678
174,2077,1,5_9,0.00026024
174,2078,1,5_9,0.00025407
174,2079,1,5_9,0.00024743
174,2080,1,5_9,0.00024129
174,2081,1,5_9,0.00023508
174,2082,1,5_9,0.0002289
174,2083,1,5_9,0.00022322
174,2084,1,5_9,0.00021841
174,2085,1,5_9,0.00021366
174,2086,1,5_9,0.00020902
174,2087,1,5_9,0.00020457
174,2088,1,5_9,0.00020014
174,2089,1,5_9,0.0001961
174,2090,1,5_9,0.00019182
174,2091,1,5_9,0.00018755
174,2092,1,5_9,0.00018363
174,2093,1,5_9,0.00017977
174,2094,1,5_9,0.00017572
174,2095,1,5_9,0.00017141
174,2096,1,5_9,0.00016768
174,2097,1,5_9,0.00016417
174,2098,1,5_9,0.00016041
174,2099,1,5_9,0.00015742
174,2100,1,5_9,0.00015445
262,2024,1,5_9,0.00269106
262,2025,1,5_9,0.00263505
262,2026,1,5_9,0.0025808
262,2027,1,5_9,0.00252774
262,2028,1,5_9,0.00247308
262,2029,1,5_9,0.00242181
262,2030,1,5_9,0.00237644
262,2031,1,5_9,0.00233101
262,2032,1,5_9,0.00228326
262,2033,1,5_9,0.00223669
262,2034,1,5_9,0.00218922
262,2035,1,5_9,0.0021472
262,2036,1,5_9,0.00210321
262,2037,1,5_9,0.00206257
262,2038,1,5_9,0.00202316
262,2039,1,5_9,0.00198136
262,2040,1,5_9,0.00194092
262,2041,1,5_9,0.0019033
262,2042,1,5_9,0.00186694
262,2043,1,5_9,0.00182889
262,2044,1,5_9,0.00179303
262,2045,1,5_9,0.00175749
262,2046,1,5_9,0.00172046
262,2047,1,5_9,0.00168397
262,2048,1,5_9,0.00164841
262,2049,1,5_9,0.00161452
262,2050,1,5_9,0.00158335
262,2051,1,5_9,0.00155012
262,2052,1,5_9,0.00151502
262,2053,1,5_9,0.00148264
262,2054,1,5_9,0.00145011
262,2055,1,5_9,0.00141612
262,2056,1,5_9,0.00138385
262,2057,1,5_9,0.00135358
262,2058,1,5_9,0.00132276
262,2059,1,5_9,0.0012939
262,2060,1,5_9,0.00126436
262,2061,1,5_9,0.00123536
262,2062,1,5_9,0.00120694
262,2063,1,5_9,0.00118006
262,2064,1,5_9,0.00115606
262,2065,1,5_9,0.0011325
262,2066,1,5_9,0.00111013
262,2067,1,5_9,0.00108876
262,2068,1,5_9,0.00106788
262,2069,1,5_9,0.00104506
262,2070,1,5_9,0.00102313
262,2071,1,5_9,0.00100222
262,2072,1,5_9,0.00098203
262,2073,1,5_9,0.00095985
262,2074,1,5_9,0.00093904
262,2075,1,5_9,0.00091798
262,2076,1,5_9,0.00089842
262,2077,1,5_9,0.00087827
262,2078,1,5_9,0.00085956
262,2079,1,5_9,0.00083702
262,2080,1,5_9,0.00081649
262,2081,1,5_9,0.00080006
262,2082,1,5_9,0.00078358
262,2083,1,5_9,0.00076725
262,2084,1,5_9,0.00075097
262,2085,1,5_9,0.00073426
262,2086,1,5_9,0.0007185
262,2087,1,5_9,0.00070395
262,2088,1,5_9,0.00068775
262,2089,1,5_9,0.00067129
262,2090,1,5_9,0.00065549
262,2091,1,5_9,0.00064006
262,2092,1,5_9,0.00062566
262,2093,1,5_9,0.00061069
262,2094,1,5_9,0.00059604
262,2095,1,5_9,0.00058241
262,2096,1,5_9,0.0005705
262,2097,1,5_9,0.00055977
262,2098,1,5_9,0.00054985
262,2099,1,5_9,0.00053982
262,2100,1,5_9,0.00052975
232,2024,1,5_9,0.0019037
232,2025,1,5_9,0.0018481
232,2026,1,5_9,0.00179644
232,2027,1,5_9,0.00174543
232,2028,1,5_9,0.00169449
232,2029,1,5_9,0.00164589
232,2030,1,5_9,0.0016019
232,2031,1,5_9,0.00155784
232,2032,1,5_9,0.0015106
232,2033,1,5_9,0.00146929
232,2034,1,5_9,0.00142878
232,2035,1,5_9,0.00138781
232,2036,1,5_9,0.00134676
232,2037,1,5_9,0.00130754
232,2038,1,5_9,0.00127192
232,2039,1,5_9,0.00123257
232,2040,1,5_9,0.00120262
232,2041,1,5_9,0.00117487
232,2042,1,5_9,0.00114915
232,2043,1,5_9,0.00112477
232,2044,1,5_9,0.00110102
232,2045,1,5_9,0.00107883
232,2046,1,5_9,0.00105485
232,2047,1,5_9,0.00103054
232,2048,1,5_9,0.00100693
232,2049,1,5_9,0.00098377
232,2050,1,5_9,0.00096101
232,2051,1,5_9,0.00094014
232,2052,1,5_9,0.00091865
232,2053,1,5_9,0.00089713
232,2054,1,5_9,0.00087492
232,2055,1,5_9,0.00085491
232,2056,1,5_9,0.00083572
232,2057,1,5_9,0.00081648
232,2058,1,5_9,0.0007973
232,2059,1,5_9,0.00077985
232,2060,1,5_9,0.00076196
232,2061,1,5_9,0.00074396
232,2062,1,5_9,0.00072641
232,2063,1,5_9,0.00070887
232,2064,1,5_9,0.00069262
232,2065,1,5_9,0.00067369
232,2066,1,5_9,0.00065797
232,2067,1,5_9,0.00064157
232,2068,1,5_9,0.00062446
232,2069,1,5_9,0.00061133
232,2070,1,5_9,0.00059745
232,2071,1,5_9,0.00058418
232,2072,1,5_9,0.00057093
232,2073,1,5_9,0.00055824
232,2074,1,5_9,0.00054574
232,2075,1,5_9,0.00053462
232,2076,1,5_9,0.0005231
232,2077,1,5_9,0.00051147
232,2078,1,5_9,0.00050052
232,2079,1,5_9,0.00048924
232,2080,1,5_9,0.00047822
232,2081,1,5_9,0.0004677
232,2082,1,5_9,0.00045681
232,2083,1,5_9,0.00044589
232,2084,1,5_9,0.0004359
232,2085,1,5_9,0.00042635
232,2086,1,5_9,0.00041703
232,2087,1,5_9,0.00040737
232,2088,1,5_9,0.00039833
232,2089,1,5_9,0.0003895
232,2090,1,5_9,0.00038121
232,2091,1,5_9,0.00037285
232,2092,1,5_9,0.0003645
232,2093,1,5_9,0.0003569
232,2094,1,5_9,0.00034927
232,2095,1,5_9,0.00034161
232,2096,1,5_9,0.00033421
232,2097,1,5_9,0.00032698
232,2098,1,5_9,0.00032023
232,2099,1,5_9,0.00031371
232,2100,1,5_9,0.00030732
231,2024,1,5_9,0.00253417
231,2025,1,5_9,0.00246538
231,2026,1,5_9,0.00239549
231,2027,1,5_9,0.00232552
231,2028,1,5_9,0.00226188
231,2029,1,5_9,0.00220009
231,2030,1,5_9,0.00214063
231,2031,1,5_9,0.00208328
231,2032,1,5_9,0.00202806
231,2033,1,5_9,0.00196874
231,2034,1,5_9,0.00191561
231,2035,1,5_9,0.0018634
231,2036,1,5_9,0.00181297
231,2037,1,5_9,0.00176175
231,2038,1,5_9,0.00171365
231,2039,1,5_9,0.00166666
231,2040,1,5_9,0.00161621
231,2041,1,5_9,0.00157691
231,2042,1,5_9,0.0015351
231,2043,1,5_9,0.0014962
231,2044,1,5_9,0.00145987
231,2045,1,5_9,0.00142147
231,2046,1,5_9,0.00138312
231,2047,1,5_9,0.00134502
231,2048,1,5_9,0.00130752
231,2049,1,5_9,0.0012712
231,2050,1,5_9,0.00124301
231,2051,1,5_9,0.0012144
231,2052,1,5_9,0.00118498
231,2053,1,5_9,0.00115657
231,2054,1,5_9,0.0011299
231,2055,1,5_9,0.0011036
231,2056,1,5_9,0.00107753
231,2057,1,5_9,0.00105166
231,2058,1,5_9,0.0010242
231,2059,1,5_9,0.00099814
231,2060,1,5_9,0.00097087
231,2061,1,5_9,0.00094624
231,2062,1,5_9,0.00092211
231,2063,1,5_9,0.00089879
231,2064,1,5_9,0.00087508
231,2065,1,5_9,0.00085212
231,2066,1,5_9,0.00082905
231,2067,1,5_9,0.00080755
231,2068,1,5_9,0.0007862
231,2069,1,5_9,0.00076429
231,2070,1,5_9,0.00074383
231,2071,1,5_9,0.00072336
231,2072,1,5_9,0.00070483
231,2073,1,5_9,0.00068601
231,2074,1,5_9,0.00066857
231,2075,1,5_9,0.00065017
231,2076,1,5_9,0.0006352
231,2077,1,5_9,0.0006209
231,2078,1,5_9,0.00060633
231,2079,1,5_9,0.00059169
231,2080,1,5_9,0.00057807
231,2081,1,5_9,0.0005646
231,2082,1,5_9,0.0005517
231,2083,1,5_9,0.00053855
231,2084,1,5_9,0.00052625
231,2085,1,5_9,0.00051452
231,2086,1,5_9,0.00050313
231,2087,1,5_9,0.00049082
231,2088,1,5_9,0.00047984
231,2089,1,5_9,0.00046845
231,2090,1,5_9,0.00045756
231,2091,1,5_9,0.00044659
231,2092,1,5_9,0.00043678
231,2093,1,5_9,0.00042729
231,2094,1,5_9,0.00041798
231,2095,1,5_9,0.00040839
231,2096,1,5_9,0.00039937
231,2097,1,5_9,0.00039097
231,2098,1,5_9,0.00038268
231,2099,1,5_9,0.00037392
231,2100,1,5_9,0.00036584
404,2024,1,5_9,0.0009428
404,2025,1,5_9,0.00093691
404,2026,1,5_9,0.0009322
404,2027,1,5_9,0.00092749
404,2028,1,5_9,0.0009215
404,2029,1,5_9,0.00091601
404,2030,1,5_9,0.00091114
404,2031,1,5_9,0.00090517
404,2032,1,5_9,0.00090046
404,2033,1,5_9,0.0008965
404,2034,1,5_9,0.00089085
404,2035,1,5_9,0.00088711
404,2036,1,5_9,0.00088358
404,2037,1,5_9,0.0008795
404,2038,1,5_9,0.00087334
404,2039,1,5_9,0.00086921
404,2040,1,5_9,0.00086357
404,2041,1,5_9,0.00085909
404,2042,1,5_9,0.00085643
404,2043,1,5_9,0.00085111
404,2044,1,5_9,0.00084711
404,2045,1,5_9,0.00084269
404,2046,1,5_9,0.00083968
404,2047,1,5_9,0.00083559
404,2048,1,5_9,0.00082967
404,2049,1,5_9,0.00082647
404,2050,1,5_9,0.00082099
404,2051,1,5_9,0.00081789
404,2052,1,5_9,0.00081406
404,2053,1,5_9,0.00081073
404,2054,1,5_9,0.00080547
404,2055,1,5_9,0.00080113
404,2056,1,5_9,0.00079443
404,2057,1,5_9,0.00079014
404,2058,1,5_9,0.00078534
404,2059,1,5_9,0.00077864
404,2060,1,5_9,0.00077454
404,2061,1,5_9,0.00077009
404,2062,1,5_9,0.00076499
404,2063,1,5_9,0.00075718
404,2064,1,5_9,0.00075184
404,2065,1,5_9,0.00074634
404,2066,1,5_9,0.00073754
404,2067,1,5_9,0.0007319
404,2068,1,5_9,0.00072583
404,2069,1,5_9,0.00071664
404,2070,1,5_9,0.00071117
404,2071,1,5_9,0.00070602
404,2072,1,5_9,0.00069857
404,2073,1,5_9,0.000693
404,2074,1,5_9,0.00068774
404,2075,1,5_9,0.00067928
404,2076,1,5_9,0.00067385
404,2077,1,5_9,0.00066729
404,2078,1,5_9,0.00065862
404,2079,1,5_9,0.00065232
404,2080,1,5_9,0.0006427
404,2081,1,5_9,0.00063585
404,2082,1,5_9,0.00062568
404,2083,1,5_9,0.00061869
404,2084,1,5_9,0.00060944
404,2085,1,5_9,0.00060235
404,2086,1,5_9,0.00059247
404,2087,1,5_9,0.00058239
404,2088,1,5_9,0.00057477
404,2089,1,5_9,0.00056467
404,2090,1,5_9,0.00055866
404,2091,1,5_9,0.00055269
404,2092,1,5_9,0.00054797
404,2093,1,5_9,0.00054175
404,2094,1,5_9,0.00053499
404,2095,1,5_9,0.00053045
404,2096,1,5_9,0.00052359
404,2097,1,5_9,0.00051647
404,2098,1,5_9,0.00050943
404,2099,1,5_9,0.00050172
404,2100,1,5_9,0.00049628
450,2024,1,5_9,0.00297361
450,2025,1,5_9,0.00291241
450,2026,1,5_9,0.00284971
450,2027,1,5_9,0.00279186
450,2028,1,5_9,0.00273832
450,2029,1,5_9,0.00268556
450,2030,1,5_9,0.00262866
450,2031,1,5_9,0.00257598
450,2032,1,5_9,0.00252167
450,2033,1,5_9,0.00247387
450,2034,1,5_9,0.00242371
450,2035,1,5_9,0.00237257
450,2036,1,5_9,0.00232803
450,2037,1,5_9,0.00228397
450,2038,1,5_9,0.0022414
450,2039,1,5_9,0.00219763
450,2040,1,5_9,0.00215574
450,2041,1,5_9,0.00211655
450,2042,1,5_9,0.00207459
450,2043,1,5_9,0.0020349
450,2044,1,5_9,0.00199702
450,2045,1,5_9,0.00195485
450,2046,1,5_9,0.00191653
450,2047,1,5_9,0.00188277
450,2048,1,5_9,0.00185076
450,2049,1,5_9,0.00181885
450,2050,1,5_9,0.0017854
450,2051,1,5_9,0.00175452
450,2052,1,5_9,0.00172056
450,2053,1,5_9,0.00168838
450,2054,1,5_9,0.00165883
450,2055,1,5_9,0.0016279
450,2056,1,5_9,0.00159945
450,2057,1,5_9,0.00156901
450,2058,1,5_9,0.00153857
450,2059,1,5_9,0.00150916
450,2060,1,5_9,0.00147928
450,2061,1,5_9,0.00145073
450,2062,1,5_9,0.00142432
450,2063,1,5_9,0.00139536
450,2064,1,5_9,0.00136787
450,2065,1,5_9,0.00134162
450,2066,1,5_9,0.00131598
450,2067,1,5_9,0.00128998
450,2068,1,5_9,0.00126447
450,2069,1,5_9,0.00124023
450,2070,1,5_9,0.00121424
450,2071,1,5_9,0.00118727
450,2072,1,5_9,0.00116169
450,2073,1,5_9,0.00113701
450,2074,1,5_9,0.00111243
450,2075,1,5_9,0.00109028
450,2076,1,5_9,0.00106652
450,2077,1,5_9,0.00104341
450,2078,1,5_9,0.00102179
450,2079,1,5_9,0.00099968
450,2080,1,5_9,0.0009752
450,2081,1,5_9,0.00095301
450,2082,1,5_9,0.00093301
450,2083,1,5_9,0.00091426
450,2084,1,5_9,0.00089622
450,2085,1,5_9,0.00087829
450,2086,1,5_9,0.00085993
450,2087,1,5_9,0.00084308
450,2088,1,5_9,0.00082606
450,2089,1,5_9,0.00080858
450,2090,1,5_9,0.00079041
450,2091,1,5_9,0.00077166
450,2092,1,5_9,0.00075562
450,2093,1,5_9,0.0007394
450,2094,1,5_9,0.00072191
450,2095,1,5_9,0.00070472
450,2096,1,5_9,0.00068778
450,2097,1,5_9,0.0006719
450,2098,1,5_9,0.00065697
450,2099,1,5_9,0.00064167
450,2100,1,5_9,0.00062674
454,2024,1,5_9,0.00094144
454,2025,1,5_9,0.00093068
454,2026,1,5_9,0.0009195
454,2027,1,5_9,0.00090789
454,2028,1,5_9,0.00089521
454,2029,1,5_9,0.00088324
454,2030,1,5_9,0.00087029
454,2031,1,5_9,0.00085972
454,2032,1,5_9,0.00084802
454,2033,1,5_9,0.00083629
454,2034,1,5_9,0.000826
454,2035,1,5_9,0.0008153
454,2036,1,5_9,0.00080449
454,2037,1,5_9,0.00079315
454,2038,1,5_9,0.00078219
454,2039,1,5_9,0.00077069
454,2040,1,5_9,0.00075874
454,2041,1,5_9,0.00074802
454,2042,1,5_9,0.00073724
454,2043,1,5_9,0.00072634
454,2044,1,5_9,0.00071556
454,2045,1,5_9,0.00070584
454,2046,1,5_9,0.00069562
454,2047,1,5_9,0.00068496
454,2048,1,5_9,0.00067373
454,2049,1,5_9,0.00066364
454,2050,1,5_9,0.00065257
454,2051,1,5_9,0.00064529
454,2052,1,5_9,0.0006362
454,2053,1,5_9,0.00062659
454,2054,1,5_9,0.00061679
454,2055,1,5_9,0.00060698
454,2056,1,5_9,0.00059766
454,2057,1,5_9,0.00058683
454,2058,1,5_9,0.00057859
454,2059,1,5_9,0.00056812
454,2060,1,5_9,0.00055721
454,2061,1,5_9,0.00054432
454,2062,1,5_9,0.00053637
454,2063,1,5_9,0.00052905
454,2064,1,5_9,0.00052202
454,2065,1,5_9,0.00051508
454,2066,1,5_9,0.00050844
454,2067,1,5_9,0.00050055
454,2068,1,5_9,0.00049344
454,2069,1,5_9,0.00048647
454,2070,1,5_9,0.00047901
454,2071,1,5_9,0.00047164
454,2072,1,5_9,0.00046372
454,2073,1,5_9,0.0004562
454,2074,1,5_9,0.00044821
454,2075,1,5_9,0.00043987
454,2076,1,5_9,0.00043187
454,2077,1,5_9,0.00042385
454,2078,1,5_9,0.0004165
454,2079,1,5_9,0.00041055
454,2080,1,5_9,0.00040486
454,2081,1,5_9,0.00039931
454,2082,1,5_9,0.00039382
454,2083,1,5_9,0.0003884
454,2084,1,5_9,0.00038215
454,2085,1,5_9,0.00037687
454,2086,1,5_9,0.00037136
454,2087,1,5_9,0.00036581
454,2088,1,5_9,0.00035955
454,2089,1,5_9,0.00035386
454,2090,1,5_9,0.00034841
454,2091,1,5_9,0.00034344
454,2092,1,5_9,0.00033828
454,2093,1,5_9,0.0003328
454,2094,1,5_9,0.00032906
454,2095,1,5_9,0.0003258
454,2096,1,5_9,0.00032249
454,2097,1,5_9,0.0003194
454,2098,1,5_9,0.00031646
454,2099,1,5_9,0.00031323
454,2100,1,5_9,0.0003103
480,2024,1,5_9,0.00019335
480,2025,1,5_9,0.00019036
480,2026,1,5_9,0.00018721
480,2027,1,5_9,0.00018413
480,2028,1,5_9,0.00018088
480,2029,1,5_9,0.00017783
480,2030,1,5_9,0.00017492
480,2031,1,5_9,0.00017164
480,2032,1,5_9,0.00016865
480,2033,1,5_9,0.0001655
480,2034,1,5_9,0.00016228
480,2035,1,5_9,0.00015883
480,2036,1,5_9,0.00015556
480,2037,1,5_9,0.00015229
480,2038,1,5_9,0.00014922
480,2039,1,5_9,0.00014585
480,2040,1,5_9,0.00014291
480,2041,1,5_9,0.00014046
480,2042,1,5_9,0.00013788
480,2043,1,5_9,0.00013506
480,2044,1,5_9,0.00013253
480,2045,1,5_9,0.00012988
480,2046,1,5_9,0.00012739
480,2047,1,5_9,0.00012477
480,2048,1,5_9,0.00012223
480,2049,1,5_9,0.00011957
480,2050,1,5_9,0.00011692
480,2051,1,5_9,0.0001144
480,2052,1,5_9,0.00011178
480,2053,1,5_9,0.00010941
480,2054,1,5_9,0.0001072
480,2055,1,5_9,0.00010513
480,2056,1,5_9,0.00010318
480,2057,1,5_9,0.00010123
480,2058,1,5_9,9.936e-05
480,2059,1,5_9,9.759e-05
480,2060,1,5_9,9.575e-05
480,2061,1,5_9,9.398e-05
480,2062,1,5_9,9.231e-05
480,2063,1,5_9,9.052e-05
480,2064,1,5_9,8.876e-05
480,2065,1,5_9,8.712e-05
480,2066,1,5_9,8.549e-05
480,2067,1,5_9,8.404e-05
480,2068,1,5_9,8.258e-05
480,2069,1,5_9,8.121e-05
480,2070,1,5_9,7.975e-05
480,2071,1,5_9,7.84e-05
480,2072,1,5_9,7.709e-05
480,2073,1,5_9,7.581e-05
480,2074,1,5_9,7.464e-05
480,2075,1,5_9,7.338e-05
480,2076,1,5_9,7.218e-05
480,2077,1,5_9,7.112e-05
480,2078,1,5_9,7.003e-05
480,2079,1,5_9,6.884e-05
480,2080,1,5_9,6.778e-05
480,2081,1,5_9,6.683e-05
480,2082,1,5_9,6.59e-05
480,2083,1,5_9,6.492e-05
480,2084,1,5_9,6.393e-05
480,2085,1,5_9,6.302e-05
480,2086,1,5_9,6.207e-05
480,2087,1,5_9,6.117e-05
480,2088,1,5_9,6.031e-05
480,2089,1,5_9,5.945e-05
480,2090,1,5_9,5.855e-05
480,2091,1,5_9,5.779e-05
480,2092,1,5_9,5.701e-05
480,2093,1,5_9,5.621e-05
480,2094,1,5_9,5.539e-05
480,2095,1,5_9,5.453e-05
480,2096,1,5_9,5.381e-05
480,2097,1,5_9,5.303e-05
480,2098,1,5_9,5.243e-05
480,2099,1,5_9,5.169e-05
480,2100,1,5_9,5.103e-05
175,2024,1,5_9,0.00021761
175,2025,1,5_9,0.00021172
175,2026,1,5_9,0.00020601
175,2027,1,5_9,0.00020025
175,2028,1,5_9,0.00019487
175,2029,1,5_9,0.00018979
175,2030,1,5_9,0.0001848
175,2031,1,5_9,0.00017995
175,2032,1,5_9,0.0001753
175,2033,1,5_9,0.00017074
175,2034,1,5_9,0.00016625
175,2035,1,5_9,0.0001622
175,2036,1,5_9,0.00015803
175,2037,1,5_9,0.00015368
175,2038,1,5_9,0.00014947
175,2039,1,5_9,0.00014529
175,2040,1,5_9,0.00014121
175,2041,1,5_9,0.00013751
175,2042,1,5_9,0.00013376
175,2043,1,5_9,0.00013005
175,2044,1,5_9,0.00012649
175,2045,1,5_9,0.00012298
175,2046,1,5_9,0.00011961
175,2047,1,5_9,0.0001164
175,2048,1,5_9,0.00011305
175,2049,1,5_9,0.00010993
175,2050,1,5_9,0.00010673
175,2051,1,5_9,0.00010386
175,2052,1,5_9,0.0001008
175,2053,1,5_9,9.797e-05
175,2054,1,5_9,9.514e-05
175,2055,1,5_9,9.271e-05
175,2056,1,5_9,9.035e-05
175,2057,1,5_9,8.79e-05
175,2058,1,5_9,8.557e-05
175,2059,1,5_9,8.345e-05
175,2060,1,5_9,8.133e-05
175,2061,1,5_9,7.934e-05
175,2062,1,5_9,7.739e-05
175,2063,1,5_9,7.546e-05
175,2064,1,5_9,7.363e-05
175,2065,1,5_9,7.19e-05
175,2066,1,5_9,7.013e-05
175,2067,1,5_9,6.843e-05
175,2068,1,5_9,6.675e-05
175,2069,1,5_9,6.513e-05
175,2070,1,5_9,6.362e-05
175,2071,1,5_9,6.209e-05
175,2072,1,5_9,6.07e-05
175,2073,1,5_9,5.939e-05
175,2074,1,5_9,5.813e-05
175,2075,1,5_9,5.696e-05
175,2076,1,5_9,5.566e-05
175,2077,1,5_9,5.451e-05
175,2078,1,5_9,5.337e-05
175,2079,1,5_9,5.228e-05
175,2080,1,5_9,5.119e-05
175,2081,1,5_9,5.019e-05
175,2082,1,5_9,4.933e-05
175,2083,1,5_9,4.837e-05
175,2084,1,5_9,4.738e-05
175,2085,1,5_9,4.653e-05
175,2086,1,5_9,4.566e-05
175,2087,1,5_9,4.486e-05
175,2088,1,5_9,4.41e-05
175,2089,1,5_9,4.337e-05
175,2090,1,5_9,4.262e-05
175,2091,1,5_9,4.197e-05
175,2092,1,5_9,4.127e-05
175,2093,1,5_9,4.057e-05
175,2094,1,5_9,3.994e-05
175,2095,1,5_9,3.929e-05
175,2096,1,5_9,3.873e-05
175,2097,1,5_9,3.802e-05
175,2098,1,5_9,3.737e-05
175,2099,1,5_9,3.68e-05
175,2100,1,5_9,3.614e-05
508,2024,1,5_9,0.00127681
508,2025,1,5_9,0.00125715
508,2026,1,5_9,0.00123798
508,2027,1,5_9,0.00121733
508,2028,1,5_9,0.00119915
508,2029,1,5_9,0.00118044
508,2030,1,5_9,0.00116057
508,2031,1,5_9,0.00114376
508,2032,1,5_9,0.00112691
508,2033,1,5_9,0.00110996
508,2034,1,5_9,0.00109187
508,2035,1,5_9,0.00107507
508,2036,1,5_9,0.00105771
508,2037,1,5_9,0.00104183
508,2038,1,5_9,0.00102521
508,2039,1,5_9,0.00100871
508,2040,1,5_9,0.00099531
508,2041,1,5_9,0.00097902
508,2042,1,5_9,0.00096558
508,2043,1,5_9,0.00095393
508,2044,1,5_9,0.00094174
508,2045,1,5_9,0.00093036
508,2046,1,5_9,0.0009178
508,2047,1,5_9,0.00090462
508,2048,1,5_9,0.00089148
508,2049,1,5_9,0.00088001
508,2050,1,5_9,0.00086718
508,2051,1,5_9,0.00085472
508,2052,1,5_9,0.00084382
508,2053,1,5_9,0.00083087
508,2054,1,5_9,0.0008187
508,2055,1,5_9,0.00080851
508,2056,1,5_9,0.00079744
508,2057,1,5_9,0.00078708
508,2058,1,5_9,0.00077631
508,2059,1,5_9,0.00076364
508,2060,1,5_9,0.00075212
508,2061,1,5_9,0.0007413
508,2062,1,5_9,0.00073145
508,2063,1,5_9,0.00072071
508,2064,1,5_9,0.00070883
508,2065,1,5_9,0.00069823
508,2066,1,5_9,0.00068688
508,2067,1,5_9,0.00067765
508,2068,1,5_9,0.00066643
508,2069,1,5_9,0.00065701
508,2070,1,5_9,0.00064745
508,2071,1,5_9,0.00063588
508,2072,1,5_9,0.00062402
508,2073,1,5_9,0.00061509
508,2074,1,5_9,0.00060575
508,2075,1,5_9,0.00059552
508,2076,1,5_9,0.00058613
508,2077,1,5_9,0.00057582
508,2078,1,5_9,0.00056699
508,2079,1,5_9,0.00055726
508,2080,1,5_9,0.00054804
508,2081,1,5_9,0.00053883
508,2082,1,5_9,0.00053021
508,2083,1,5_9,0.00052287
508,2084,1,5_9,0.00051353
508,2085,1,5_9,0.00050525
508,2086,1,5_9,0.00049607
508,2087,1,5_9,0.00048824
508,2088,1,5_9,0.00047905
508,2089,1,5_9,0.00046904
508,2090,1,5_9,0.00046117
508,2091,1,5_9,0.00045211
508,2092,1,5_9,0.00044213
508,2093,1,5_9,0.00043421
508,2094,1,5_9,0.00042775
508,2095,1,5_9,0.00042047
508,2096,1,5_9,0.00041309
508,2097,1,5_9,0.00040571
508,2098,1,5_9,0.00039933
508,2099,1,5_9,0.00039157
508,2100,1,5_9,0.00038415
638,2024,1,5_9,8.486e-05
638,2025,1,5_9,8.337e-05
638,2026,1,5_9,8.206e-05
638,2027,1,5_9,8.064e-05
638,2028,1,5_9,7.945e-05
638,2029,1,5_9,7.817e-05
638,2030,1,5_9,7.682e-05
638,2031,1,5_9,7.569e-05
638,2032,1,5_9,7.448e-05
638,2033,1,5_9,7.334e-05
638,2034,1,5_9,7.212e-05
638,2035,1,5_9,7.106e-05
638,2036,1,5_9,6.994e-05
638,2037,1,5_9,6.887e-05
638,2038,1,5_9,6.776e-05
638,2039,1,5_9,6.67e-05
638,2040,1,5_9,6.559e-05
638,2041,1,5_9,6.454e-05
638,2042,1,5_9,6.372e-05
638,2043,1,5_9,6.273e-05
638,2044,1,5_9,6.171e-05
638,2045,1,5_9,6.068e-05
638,2046,1,5_9,5.978e-05
638,2047,1,5_9,5.882e-05
638,2048,1,5_9,5.793e-05
638,2049,1,5_9,5.706e-05
638,2050,1,5_9,5.622e-05
638,2051,1,5_9,5.536e-05
638,2052,1,5_9,5.455e-05
638,2053,1,5_9,5.381e-05
638,2054,1,5_9,5.304e-05
638,2055,1,5_9,5.226e-05
638,2056,1,5_9,5.149e-05
638,2057,1,5_9,5.072e-05
638,2058,1,5_9,5.002e-05
638,2059,1,5_9,4.934e-05
638,2060,1,5_9,4.869e-05
638,2061,1,5_9,4.805e-05
638,2062,1,5_9,4.733e-05
638,2063,1,5_9,4.667e-05
638,2064,1,5_9,4.604e-05
638,2065,1,5_9,4.546e-05
638,2066,1,5_9,4.485e-05
638,2067,1,5_9,4.418e-05
638,2068,1,5_9,4.357e-05
638,2069,1,5_9,4.306e-05
638,2070,1,5_9,4.248e-05
638,2071,1,5_9,4.191e-05
638,2072,1,5_9,4.133e-05
638,2073,1,5_9,4.075e-05
638,2074,1,5_9,4.024e-05
638,2075,1,5_9,3.966e-05
638,2076,1,5_9,3.909e-05
638,2077,1,5_9,3.858e-05
638,2078,1,5_9,3.8e-05
638,2079,1,5_9,3.747e-05
638,2080,1,5_9,3.69e-05
638,2081,1,5_9,3.633e-05
638,2082,1,5_9,3.577e-05
638,2083,1,5_9,3.524e-05
638,2084,1,5_9,3.476e-05
638,2085,1,5_9,3.43e-05
638,2086,1,5_9,3.388e-05
638,2087,1,5_9,3.337e-05
638,2088,1,5_9,3.295e-05
638,2089,1,5_9,3.253e-05
638,2090,1,5_9,3.201e-05
638,2091,1,5_9,3.165e-05
638,2092,1,5_9,3.123e-05
638,2093,1,5_9,3.081e-05
638,2094,1,5_9,3.038e-05
638,2095,1,5_9,2.991e-05
638,2096,1,5_9,2.948e-05
638,2097,1,5_9,2.91e-05
638,2098,1,5_9,2.868e-05
638,2099,1,5_9,2.823e-05
638,2100,1,5_9,2.781e-05
646,2024,1,5_9,0.0008125
646,2025,1,5_9,0.00079744
646,2026,1,5_9,0.00078141
646,2027,1,5_9,0.00076713
646,2028,1,5_9,0.00075342
646,2029,1,5_9,0.00074032
646,2030,1,5_9,0.00072655
646,2031,1,5_9,0.00071327
646,2032,1,5_9,0.00069874
646,2033,1,5_9,0.00068679
646,2034,1,5_9,0.00067407
646,2035,1,5_9,0.00066213
646,2036,1,5_9,0.00065025
646,2037,1,5_9,0.00063941
646,2038,1,5_9,0.00062763
646,2039,1,5_9,0.00061541
646,2040,1,5_9,0.00060547
646,2041,1,5_9,0.00059195
646,2042,1,5_9,0.00058074
646,2043,1,5_9,0.00056965
646,2044,1,5_9,0.00055884
646,2045,1,5_9,0.00054556
646,2046,1,5_9,0.0005344
646,2047,1,5_9,0.00052332
646,2048,1,5_9,0.00051548
646,2049,1,5_9,0.00050612
646,2050,1,5_9,0.00049984
646,2051,1,5_9,0.00049331
646,2052,1,5_9,0.00048662
646,2053,1,5_9,0.0004799
646,2054,1,5_9,0.0004736
646,2055,1,5_9,0.00046699
646,2056,1,5_9,0.00046031
646,2057,1,5_9,0.0004521
646,2058,1,5_9,0.00044535
646,2059,1,5_9,0.00043814
646,2060,1,5_9,0.00043083
646,2061,1,5_9,0.00042365
646,2062,1,5_9,0.0004165
646,2063,1,5_9,0.00040932
646,2064,1,5_9,0.00040076
646,2065,1,5_9,0.00039445
646,2066,1,5_9,0.00038887
646,2067,1,5_9,0.00038357
646,2068,1,5_9,0.00037735
646,2069,1,5_9,0.00037204
646,2070,1,5_9,0.00036697
646,2071,1,5_9,0.00036164
646,2072,1,5_9,0.0003564
646,2073,1,5_9,0.00035142
646,2074,1,5_9,0.00034543
646,2075,1,5_9,0.00034007
646,2076,1,5_9,0.00033479
646,2077,1,5_9,0.0003299
646,2078,1,5_9,0.00032424
646,2079,1,5_9,0.00031871
646,2080,1,5_9,0.00031357
646,2081,1,5_9,0.00031011
646,2082,1,5_9,0.00030643
646,2083,1,5_9,0.00030317
646,2084,1,5_9,0.00029974
646,2085,1,5_9,0.00029642
646,2086,1,5_9,0.00029332
646,2087,1,5_9,0.00029021
646,2088,1,5_9,0.00028674
646,2089,1,5_9,0.00028364
646,2090,1,5_9,0.00028034
646,2091,1,5_9,0.00027722
646,2092,1,5_9,0.00027417
646,2093,1,5_9,0.00027083
646,2094,1,5_9,0.0002678
646,2095,1,5_9,0.00026483
646,2096,1,5_9,0.00026257
646,2097,1,5_9,0.00026011
646,2098,1,5_9,0.00025789
646,2099,1,5_9,0.00025563
646,2100,1,5_9,0.00025331
690,2024,1,5_9,0.00030324
690,2025,1,5_9,0.00029872
690,2026,1,5_9,0.00029481
690,2027,1,5_9,0.00029071
690,2028,1,5_9,0.00028609
690,2029,1,5_9,0.000282
690,2030,1,5_9,0.00027737
690,2031,1,5_9,0.00027243
690,2032,1,5_9,0.00026755
690,2033,1,5_9,0.00026292
690,2034,1,5_9,0.00025836
690,2035,1,5_9,0.00025412
690,2036,1,5_9,0.00024933
690,2037,1,5_9,0.00024469
690,2038,1,5_9,0.00024015
690,2039,1,5_9,0.00023528
690,2040,1,5_9,0.00023017
690,2041,1,5_9,0.00022585
690,2042,1,5_9,0.00022122
690,2043,1,5_9,0.0002168
690,2044,1,5_9,0.0002125
690,2045,1,5_9,0.0002083
690,2046,1,5_9,0.00020428
690,2047,1,5_9,0.00020011
690,2048,1,5_9,0.00019589
690,2049,1,5_9,0.0001917
690,2050,1,5_9,0.00018744
690,2051,1,5_9,0.00018324
690,2052,1,5_9,0.0001792
690,2053,1,5_9,0.00017514
690,2054,1,5_9,0.00017107
690,2055,1,5_9,0.00016771
690,2056,1,5_9,0.00016454
690,2057,1,5_9,0.0001614
690,2058,1,5_9,0.00015836
690,2059,1,5_9,0.00015518
690,2060,1,5_9,0.00015227
690,2061,1,5_9,0.00014924
690,2062,1,5_9,0.00014644
690,2063,1,5_9,0.00014343
690,2064,1,5_9,0.00014043
690,2065,1,5_9,0.00013774
690,2066,1,5_9,0.00013481
690,2067,1,5_9,0.00013188
690,2068,1,5_9,0.00012941
690,2069,1,5_9,0.00012678
690,2070,1,5_9,0.00012428
690,2071,1,5_9,0.00012201
690,2072,1,5_9,0.00012
690,2073,1,5_9,0.00011782
690,2074,1,5_9,0.00011583
690,2075,1,5_9,0.00011373
690,2076,1,5_9,0.00011184
690,2077,1,5_9,0.00010991
690,2078,1,5_9,0.00010811
690,2079,1,5_9,0.00010632
690,2080,1,5_9,0.00010446
690,2081,1,5_9,0.00010285
690,2082,1,5_9,0.00010122
690,2083,1,5_9,9.941e-05
690,2084,1,5_9,9.767e-05
690,2085,1,5_9,9.623e-05
690,2086,1,5_9,9.476e-05
690,2087,1,5_9,9.338e-05
690,2088,1,5_9,9.214e-05
690,2089,1,5_9,9.081e-05
690,2090,1,5_9,8.941e-05
690,2091,1,5_9,8.82e-05
690,2092,1,5_9,8.715e-05
690,2093,1,5_9,8.589e-05
690,2094,1,5_9,8.472e-05
690,2095,1,5_9,8.349e-05
690,2096,1,5_9,8.233e-05
690,2097,1,5_9,8.125e-05
690,2098,1,5_9,8.01e-05
690,2099,1,5_9,7.906e-05
690,2100,1,5_9,7.81e-05
706,2024,1,5_9,0.00377699
706,2025,1,5_9,0.00373394
706,2026,1,5_9,0.0036872
706,2027,1,5_9,0.00364322
706,2028,1,5_9,0.0036003
706,2029,1,5_9,0.00355738
706,2030,1,5_9,0.00351239
706,2031,1,5_9,0.00347034
706,2032,1,5_9,0.00342819
706,2033,1,5_9,0.00338786
706,2034,1,5_9,0.00334803
706,2035,1,5_9,0.00330704
706,2036,1,5_9,0.00326702
706,2037,1,5_9,0.00322984
706,2038,1,5_9,0.00319355
706,2039,1,5_9,0.00315477
706,2040,1,5_9,0.00312
706,2041,1,5_9,0.00308224
706,2042,1,5_9,0.00304544
706,2043,1,5_9,0.00301015
706,2044,1,5_9,0.00297295
706,2045,1,5_9,0.00293642
706,2046,1,5_9,0.00290248
706,2047,1,5_9,0.00286777
706,2048,1,5_9,0.00283099
706,2049,1,5_9,0.00279283
706,2050,1,5_9,0.00275832
706,2051,1,5_9,0.0027243
706,2052,1,5_9,0.00269056
706,2053,1,5_9,0.00265463
706,2054,1,5_9,0.00261934
706,2055,1,5_9,0.00258689
706,2056,1,5_9,0.00255352
706,2057,1,5_9,0.00252226
706,2058,1,5_9,0.00248849
706,2059,1,5_9,0.00245473
706,2060,1,5_9,0.00242001
706,2061,1,5_9,0.00238834
706,2062,1,5_9,0.00236039
706,2063,1,5_9,0.00233116
706,2064,1,5_9,0.00230043
706,2065,1,5_9,0.00226971
706,2066,1,5_9,0.00224316
706,2067,1,5_9,0.00221399
706,2068,1,5_9,0.00218723
706,2069,1,5_9,0.00215793
706,2070,1,5_9,0.00212685
706,2071,1,5_9,0.00209949
706,2072,1,5_9,0.00207119
706,2073,1,5_9,0.00204048
706,2074,1,5_9,0.00201236
706,2075,1,5_9,0.0019886
706,2076,1,5_9,0.00195916
706,2077,1,5_9,0.00193269
706,2078,1,5_9,0.00190879
706,2079,1,5_9,0.00188145
706,2080,1,5_9,0.001856
706,2081,1,5_9,0.00182747
706,2082,1,5_9,0.00179739
706,2083,1,5_9,0.00177179
706,2084,1,5_9,0.00174793
706,2085,1,5_9,0.00172639
706,2086,1,5_9,0.00169975
706,2087,1,5_9,0.00168
706,2088,1,5_9,0.00165551
706,2089,1,5_9,0.00163277
706,2090,1,5_9,0.00160914
706,2091,1,5_9,0.00158465
706,2092,1,5_9,0.00156005
706,2093,1,5_9,0.00153706
706,2094,1,5_9,0.00151445
706,2095,1,5_9,0.00149008
706,2096,1,5_9,0.00146555
706,2097,1,5_9,0.00144233
706,2098,1,5_9,0.00142091
706,2099,1,5_9,0.00139767
706,2100,1,5_9,0.00137731
728,2024,1,5_9,0.00564544
728,2025,1,5_9,0.00558333
728,2026,1,5_9,0.00551927
728,2027,1,5_9,0.00545642
728,2028,1,5_9,0.00539215
728,2029,1,5_9,0.00532602
728,2030,1,5_9,0.00526542
728,2031,1,5_9,0.00520721
728,2032,1,5_9,0.00514342
728,2033,1,5_9,0.00508339
728,2034,1,5_9,0.00502754
728,2035,1,5_9,0.00497008
728,2036,1,5_9,0.00491105
728,2037,1,5_9,0.00484971
728,2038,1,5_9,0.00479315
728,2039,1,5_9,0.00473987
728,2040,1,5_9,0.00468187
728,2041,1,5_9,0.0046172
728,2042,1,5_9,0.00456562
728,2043,1,5_9,0.00450677
728,2044,1,5_9,0.00445216
728,2045,1,5_9,0.00439595
728,2046,1,5_9,0.00434216
728,2047,1,5_9,0.00429201
728,2048,1,5_9,0.00423719
728,2049,1,5_9,0.0041929
728,2050,1,5_9,0.00413977
728,2051,1,5_9,0.00408558
728,2052,1,5_9,0.00403919
728,2053,1,5_9,0.00399047
728,2054,1,5_9,0.00394314
728,2055,1,5_9,0.00389552
728,2056,1,5_9,0.00384766
728,2057,1,5_9,0.0037991
728,2058,1,5_9,0.00374903
728,2059,1,5_9,0.00370239
728,2060,1,5_9,0.00365213
728,2061,1,5_9,0.00360474
728,2062,1,5_9,0.00356053
728,2063,1,5_9,0.00351198
728,2064,1,5_9,0.00346796
728,2065,1,5_9,0.00342322
728,2066,1,5_9,0.00337808
728,2067,1,5_9,0.00333599
728,2068,1,5_9,0.00329074
728,2069,1,5_9,0.00324416
728,2070,1,5_9,0.00320036
728,2071,1,5_9,0.00315348
728,2072,1,5_9,0.00310896
728,2073,1,5_9,0.00306758
728,2074,1,5_9,0.00302457
728,2075,1,5_9,0.00298411
728,2076,1,5_9,0.00294151
728,2077,1,5_9,0.00290173
728,2078,1,5_9,0.00286445
728,2079,1,5_9,0.00282352
728,2080,1,5_9,0.00278517
728,2081,1,5_9,0.00274507
728,2082,1,5_9,0.00270478
728,2083,1,5_9,0.00266789
728,2084,1,5_9,0.00263345
728,2085,1,5_9,0.00259862
728,2086,1,5_9,0.00256129
728,2087,1,5_9,0.00252333
728,2088,1,5_9,0.00248822
728,2089,1,5_9,0.00245148
728,2090,1,5_9,0.00241999
728,2091,1,5_9,0.00238655
728,2092,1,5_9,0.0023546
728,2093,1,5_9,0.00232155
728,2094,1,5_9,0.00228873
728,2095,1,5_9,0.0022543
728,2096,1,5_9,0.00221991
728,2097,1,5_9,0.00218691
728,2098,1,5_9,0.00215394
728,2099,1,5_9,0.00212344
728,2100,1,5_9,0.00209131
800,2024,1,5_9,0.00089732
800,2025,1,5_9,0.00087815
800,2026,1,5_9,0.00085891
800,2027,1,5_9,0.00084049
800,2028,1,5_9,0.00082163
800,2029,1,5_9,0.00080304
800,2030,1,5_9,0.00078437
800,2031,1,5_9,0.00076805
800,2032,1,5_9,0.00075175
800,2033,1,5_9,0.00073492
800,2034,1,5_9,0.00071807
800,2035,1,5_9,0.00070121
800,2036,1,5_9,0.0006866
800,2037,1,5_9,0.000671
800,2038,1,5_9,0.00065703
800,2039,1,5_9,0.00064187
800,2040,1,5_9,0.0006261
800,2041,1,5_9,0.00061116
800,2042,1,5_9,0.00059851
800,2043,1,5_9,0.0005852
800,2044,1,5_9,0.00057332
800,2045,1,5_9,0.00056249
800,2046,1,5_9,0.00054921
800,2047,1,5_9,0.00053691
800,2048,1,5_9,0.00052429
800,2049,1,5_9,0.00051527
800,2050,1,5_9,0.0005068
800,2051,1,5_9,0.00049758
800,2052,1,5_9,0.00048846
800,2053,1,5_9,0.00048014
800,2054,1,5_9,0.00047153
800,2055,1,5_9,0.00046351
800,2056,1,5_9,0.00045457
800,2057,1,5_9,0.00044624
800,2058,1,5_9,0.00043686
800,2059,1,5_9,0.00042822
800,2060,1,5_9,0.00041945
800,2061,1,5_9,0.00041073
800,2062,1,5_9,0.0004018
800,2063,1,5_9,0.0003937
800,2064,1,5_9,0.00038637
800,2065,1,5_9,0.00037925
800,2066,1,5_9,0.00037256
800,2067,1,5_9,0.00036553
800,2068,1,5_9,0.00035861
800,2069,1,5_9,0.00035115
800,2070,1,5_9,0.00034427
800,2071,1,5_9,0.00033772
800,2072,1,5_9,0.00033061
800,2073,1,5_9,0.00032437
800,2074,1,5_9,0.00031771
800,2075,1,5_9,0.00031147
800,2076,1,5_9,0.00030506
800,2077,1,5_9,0.00029999
800,2078,1,5_9,0.00029498
800,2079,1,5_9,0.0002898
800,2080,1,5_9,0.00028498
800,2081,1,5_9,0.00028002
800,2082,1,5_9,0.0002755
800,2083,1,5_9,0.00027127
800,2084,1,5_9,0.00026695
800,2085,1,5_9,0.00026289
800,2086,1,5_9,0.00025877
800,2087,1,5_9,0.00025482
800,2088,1,5_9,0.00025017
800,2089,1,5_9,0.00024608
800,2090,1,5_9,0.00024218
800,2091,1,5_9,0.00023855
800,2092,1,5_9,0.00023448
800,2093,1,5_9,0.00023094
800,2094,1,5_9,0.00022745
800,2095,1,5_9,0.00022417
800,2096,1,5_9,0.00022077
800,2097,1,5_9,0.00021737
800,2098,1,5_9,0.00021416
800,2099,1,5_9,0.00021111
800,2100,1,5_9,0.00020793
834,2024,1,5_9,0.00086434
834,2025,1,5_9,0.00085218
834,2026,1,5_9,0.00084059
834,2027,1,5_9,0.00082936
834,2028,1,5_9,0.00081854
834,2029,1,5_9,0.00080568
834,2030,1,5_9,0.00079352
834,2031,1,5_9,0.0007829
834,2032,1,5_9,0.00077008
834,2033,1,5_9,0.00075881
834,2034,1,5_9,0.00074619
834,2035,1,5_9,0.00073487
834,2036,1,5_9,0.00072242
834,2037,1,5_9,0.00071208
834,2038,1,5_9,0.00070112
834,2039,1,5_9,0.00069106
834,2040,1,5_9,0.00068181
834,2041,1,5_9,0.0006708
834,2042,1,5_9,0.00066132
834,2043,1,5_9,0.00065137
834,2044,1,5_9,0.00064204
834,2045,1,5_9,0.00063167
834,2046,1,5_9,0.00062263
834,2047,1,5_9,0.00061046
834,2048,1,5_9,0.00060046
834,2049,1,5_9,0.00059175
834,2050,1,5_9,0.00058163
834,2051,1,5_9,0.00057316
834,2052,1,5_9,0.00056412
834,2053,1,5_9,0.00055318
834,2054,1,5_9,0.00054627
834,2055,1,5_9,0.00053714
834,2056,1,5_9,0.00052728
834,2057,1,5_9,0.00051799
834,2058,1,5_9,0.00050883
834,2059,1,5_9,0.0005024
834,2060,1,5_9,0.0004959
834,2061,1,5_9,0.00048969
834,2062,1,5_9,0.00048332
834,2063,1,5_9,0.00047577
834,2064,1,5_9,0.00046933
834,2065,1,5_9,0.00046244
834,2066,1,5_9,0.00045548
834,2067,1,5_9,0.00044896
834,2068,1,5_9,0.00044224
834,2069,1,5_9,0.00043551
834,2070,1,5_9,0.00042826
834,2071,1,5_9,0.00042079
834,2072,1,5_9,0.00041222
834,2073,1,5_9,0.00040482
834,2074,1,5_9,0.00039732
834,2075,1,5_9,0.00039182
834,2076,1,5_9,0.00038602
834,2077,1,5_9,0.0003808
834,2078,1,5_9,0.00037586
834,2079,1,5_9,0.00037108
834,2080,1,5_9,0.00036604
834,2081,1,5_9,0.00036062
834,2082,1,5_9,0.00035552
834,2083,1,5_9,0.00035009
834,2084,1,5_9,0.00034432
834,2085,1,5_9,0.00033942
834,2086,1,5_9,0.00033461
834,2087,1,5_9,0.00032959
834,2088,1,5_9,0.0003245
834,2089,1,5_9,0.00031899
834,2090,1,5_9,0.00031576
834,2091,1,5_9,0.00031249
834,2092,1,5_9,0.00030942
834,2093,1,5_9,0.00030652
834,2094,1,5_9,0.00030324
834,2095,1,5_9,0.0003002
834,2096,1,5_9,0.00029708
834,2097,1,5_9,0.00029405
834,2098,1,5_9,0.00029143
834,2099,1,5_9,0.00028861
834,2100,1,5_9,0.00028521
894,2024,1,5_9,0.00120732
894,2025,1,5_9,0.0011906
894,2026,1,5_9,0.0011733
894,2027,1,5_9,0.0011564
894,2028,1,5_9,0.00114133
894,2029,1,5_9,0.00112521
894,2030,1,5_9,0.00111135
894,2031,1,5_9,0.001098
894,2032,1,5_9,0.00108473
894,2033,1,5_9,0.00107096
894,2034,1,5_9,0.00105797
894,2035,1,5_9,0.00104524
894,2036,1,5_9,0.00103265
894,2037,1,5_9,0.00101966
894,2038,1,5_9,0.00100601
894,2039,1,5_9,0.0009937
894,2040,1,5_9,0.00098084
894,2041,1,5_9,0.00096903
894,2042,1,5_9,0.00095655
894,2043,1,5_9,0.00094366
894,2044,1,5_9,0.0009316
894,2045,1,5_9,0.00091808
894,2046,1,5_9,0.00090577
894,2047,1,5_9,0.00089148
894,2048,1,5_9,0.0008789
894,2049,1,5_9,0.00086589
894,2050,1,5_9,0.00085369
894,2051,1,5_9,0.00084085
894,2052,1,5_9,0.00082945
894,2053,1,5_9,0.00081599
894,2054,1,5_9,0.00080472
894,2055,1,5_9,0.00079163
894,2056,1,5_9,0.00077955
894,2057,1,5_9,0.00076587
894,2058,1,5_9,0.00075224
894,2059,1,5_9,0.00074018
894,2060,1,5_9,0.00072658
894,2061,1,5_9,0.00071176
894,2062,1,5_9,0.00070096
894,2063,1,5_9,0.00068953
894,2064,1,5_9,0.00067729
894,2065,1,5_9,0.00066689
894,2066,1,5_9,0.00065475
894,2067,1,5_9,0.00064514
894,2068,1,5_9,0.00063431
894,2069,1,5_9,0.00062529
894,2070,1,5_9,0.00061769
894,2071,1,5_9,0.00060875
894,2072,1,5_9,0.00060047
894,2073,1,5_9,0.00059212
894,2074,1,5_9,0.00058296
894,2075,1,5_9,0.00057397
894,2076,1,5_9,0.00056504
894,2077,1,5_9,0.00055732
894,2078,1,5_9,0.00054788
894,2079,1,5_9,0.0005388
894,2080,1,5_9,0.00052914
894,2081,1,5_9,0.00051987
894,2082,1,5_9,0.00051188
894,2083,1,5_9,0.00050231
894,2084,1,5_9,0.00049236
894,2085,1,5_9,0.00048223
894,2086,1,5_9,0.00047404
894,2087,1,5_9,0.00046693
894,2088,1,5_9,0.00045995
894,2089,1,5_9,0.00045341
894,2090,1,5_9,0.00044664
894,2091,1,5_9,0.00044009
894,2092,1,5_9,0.00043345
894,2093,1,5_9,0.00042706
894,2094,1,5_9,0.00042041
894,2095,1,5_9,0.00041378
894,2096,1,5_9,0.00040747
894,2097,1,5_9,0.00040093
894,2098,1,5_9,0.00039477
894,2099,1,5_9,0.00038852
894,2100,1,5_9,0.0003832
716,2024,1,5_9,0.00103302
716,2025,1,5_9,0.00101593
716,2026,1,5_9,0.00099885
716,2027,1,5_9,0.0009849
716,2028,1,5_9,0.00096904
716,2029,1,5_9,0.00095272
716,2030,1,5_9,0.00093938
716,2031,1,5_9,0.00092579
716,2032,1,5_9,0.00091144
716,2033,1,5_9,0.00090005
716,2034,1,5_9,0.00088653
716,2035,1,5_9,0.00087353
716,2036,1,5_9,0.00086098
716,2037,1,5_9,0.00084908
716,2038,1,5_9,0.0008371
716,2039,1,5_9,0.00082539
716,2040,1,5_9,0.00081424
716,2041,1,5_9,0.00080259
716,2042,1,5_9,0.00079204
716,2043,1,5_9,0.00078084
716,2044,1,5_9,0.00077055
716,2045,1,5_9,0.00075994
716,2046,1,5_9,0.00074985
716,2047,1,5_9,0.00074056
716,2048,1,5_9,0.00073145
716,2049,1,5_9,0.00071977
716,2050,1,5_9,0.00070994
716,2051,1,5_9,0.00069781
716,2052,1,5_9,0.00068687
716,2053,1,5_9,0.00067789
716,2054,1,5_9,0.00066831
716,2055,1,5_9,0.00065657
716,2056,1,5_9,0.00064699
716,2057,1,5_9,0.00063757
716,2058,1,5_9,0.00062546
716,2059,1,5_9,0.00061631
716,2060,1,5_9,0.00060799
716,2061,1,5_9,0.00059918
716,2062,1,5_9,0.00059056
716,2063,1,5_9,0.00057964
716,2064,1,5_9,0.00057056
716,2065,1,5_9,0.0005617
716,2066,1,5_9,0.00055253
716,2067,1,5_9,0.00054295
716,2068,1,5_9,0.00053485
716,2069,1,5_9,0.00052439
716,2070,1,5_9,0.00051609
716,2071,1,5_9,0.0005075
716,2072,1,5_9,0.00049896
716,2073,1,5_9,0.00048986
716,2074,1,5_9,0.00048054
716,2075,1,5_9,0.00047427
716,2076,1,5_9,0.00046896
716,2077,1,5_9,0.00046188
716,2078,1,5_9,0.00045643
716,2079,1,5_9,0.00045052
716,2080,1,5_9,0.00044483
716,2081,1,5_9,0.00043734
716,2082,1,5_9,0.00043154
716,2083,1,5_9,0.00042535
716,2084,1,5_9,0.00041918
716,2085,1,5_9,0.00041261
716,2086,1,5_9,0.00040589
716,2087,1,5_9,0.00039712
716,2088,1,5_9,0.00039008
716,2089,1,5_9,0.00038326
716,2090,1,5_9,0.00037633
716,2091,1,5_9,0.00037223
716,2092,1,5_9,0.00036731
716,2093,1,5_9,0.00036346
716,2094,1,5_9,0.00035922
716,2095,1,5_9,0.00035419
716,2096,1,5_9,0.00034991
716,2097,1,5_9,0.00034457
716,2098,1,5_9,0.0003402
716,2099,1,5_9,0.00033476
716,2100,1,5_9,0.00033045
24,2024,1,5_9,0.00133835
24,2025,1,5_9,0.00132275
24,2026,1,5_9,0.00130736
24,2027,1,5_9,0.00129049
24,2028,1,5_9,0.0012762
24,2029,1,5_9,0.00126252
24,2030,1,5_9,0.00124673
24,2031,1,5_9,0.00123236
24,2032,1,5_9,0.00121855
24,2033,1,5_9,0.00120478
24,2034,1,5_9,0.0011919
24,2035,1,5_9,0.00117874
24,2036,1,5_9,0.00116588
24,2037,1,5_9,0.0011529
24,2038,1,5_9,0.00114238
24,2039,1,5_9,0.00113143
24,2040,1,5_9,0.00112075
24,2041,1,5_9,0.00111029
24,2042,1,5_9,0.00109776
24,2043,1,5_9,0.00108914
24,2044,1,5_9,0.00107986
24,2045,1,5_9,0.00106847
24,2046,1,5_9,0.0010606
24,2047,1,5_9,0.00104948
24,2048,1,5_9,0.00104049
24,2049,1,5_9,0.00103171
24,2050,1,5_9,0.00102021
24,2051,1,5_9,0.00101108
24,2052,1,5_9,0.00099873
24,2053,1,5_9,0.0009887
24,2054,1,5_9,0.00097789
24,2055,1,5_9,0.00096769
24,2056,1,5_9,0.00095796
24,2057,1,5_9,0.00094604
24,2058,1,5_9,0.00093636
24,2059,1,5_9,0.00092588
24,2060,1,5_9,0.00091335
24,2061,1,5_9,0.00090218
24,2062,1,5_9,0.00089009
24,2063,1,5_9,0.00087987
24,2064,1,5_9,0.00086789
24,2065,1,5_9,0.0008567
24,2066,1,5_9,0.00084466
24,2067,1,5_9,0.00083476
24,2068,1,5_9,0.00082504
24,2069,1,5_9,0.00081356
24,2070,1,5_9,0.00080228
24,2071,1,5_9,0.00079051
24,2072,1,5_9,0.00077988
24,2073,1,5_9,0.00076712
24,2074,1,5_9,0.00075618
24,2075,1,5_9,0.00074652
24,2076,1,5_9,0.00073393
24,2077,1,5_9,0.00072442
24,2078,1,5_9,0.00071277
24,2079,1,5_9,0.00070269
24,2080,1,5_9,0.00069057
24,2081,1,5_9,0.0006808
24,2082,1,5_9,0.00067133
24,2083,1,5_9,0.00066087
24,2084,1,5_9,0.00065413
24,2085,1,5_9,0.00064532
24,2086,1,5_9,0.0006386
24,2087,1,5_9,0.00062986
24,2088,1,5_9,0.00062302
24,2089,1,5_9,0.00061431
24,2090,1,5_9,0.00060533
24,2091,1,5_9,0.00059797
24,2092,1,5_9,0.0005893
24,2093,1,5_9,0.00058196
24,2094,1,5_9,0.0005722
24,2095,1,5_9,0.00056249
24,2096,1,5_9,0.00055308
24,2097,1,5_9,0.00054526
24,2098,1,5_9,0.00053552
24,2099,1,5_9,0.0005279
24,2100,1,5_9,0.00051754
120,2024,1,5_9,0.00160199
120,2025,1,5_9,0.0015666
120,2026,1,5_9,0.00153383
120,2027,1,5_9,0.00150121
120,2028,1,5_9,0.0014691
120,2029,1,5_9,0.00143888
120,2030,1,5_9,0.00141002
120,2031,1,5_9,0.00138146
120,2032,1,5_9,0.00135428
120,2033,1,5_9,0.0013289
120,2034,1,5_9,0.00130402
120,2035,1,5_9,0.00127995
120,2036,1,5_9,0.00125531
120,2037,1,5_9,0.0012326
120,2038,1,5_9,0.00121111
120,2039,1,5_9,0.00118844
120,2040,1,5_9,0.00116996
120,2041,1,5_9,0.00114868
120,2042,1,5_9,0.00112852
120,2043,1,5_9,0.0011096
120,2044,1,5_9,0.00109034
120,2045,1,5_9,0.00106993
120,2046,1,5_9,0.00105088
120,2047,1,5_9,0.0010313
120,2048,1,5_9,0.00101349
120,2049,1,5_9,0.00099529
120,2050,1,5_9,0.00097731
120,2051,1,5_9,0.00096024
120,2052,1,5_9,0.00093961
120,2053,1,5_9,0.00092277
120,2054,1,5_9,0.00090683
120,2055,1,5_9,0.00089096
120,2056,1,5_9,0.00087459
120,2057,1,5_9,0.00085899
120,2058,1,5_9,0.0008436
120,2059,1,5_9,0.00082847
120,2060,1,5_9,0.00081146
120,2061,1,5_9,0.00079549
120,2062,1,5_9,0.00078249
120,2063,1,5_9,0.00076422
120,2064,1,5_9,0.00074781
120,2065,1,5_9,0.000732
120,2066,1,5_9,0.00071565
120,2067,1,5_9,0.00069851
120,2068,1,5_9,0.00068408
120,2069,1,5_9,0.00066892
120,2070,1,5_9,0.00065677
120,2071,1,5_9,0.00064596
120,2072,1,5_9,0.0006363
120,2073,1,5_9,0.00062683
120,2074,1,5_9,0.00061774
120,2075,1,5_9,0.00060798
120,2076,1,5_9,0.00059789
120,2077,1,5_9,0.00058732
120,2078,1,5_9,0.00057702
120,2079,1,5_9,0.00056742
120,2080,1,5_9,0.0005573
120,2081,1,5_9,0.00054733
120,2082,1,5_9,0.00053663
120,2083,1,5_9,0.00052645
120,2084,1,5_9,0.00051599
120,2085,1,5_9,0.00050559
120,2086,1,5_9,0.00049498
120,2087,1,5_9,0.00048767
120,2088,1,5_9,0.00048015
120,2089,1,5_9,0.000472
120,2090,1,5_9,0.0004645
120,2091,1,5_9,0.00045744
120,2092,1,5_9,0.00045026
120,2093,1,5_9,0.00044324
120,2094,1,5_9,0.0004361
120,2095,1,5_9,0.00042831
120,2096,1,5_9,0.00042096
120,2097,1,5_9,0.00041379
120,2098,1,5_9,0.00040673
120,2099,1,5_9,0.00040004
120,2100,1,5_9,0.00039343
140,2024,1,5_9,0.00216446
140,2025,1,5_9,0.00214473
140,2026,1,5_9,0.00212292
140,2027,1,5_9,0.00210151
140,2028,1,5_9,0.00207978
140,2029,1,5_9,0.00205749
140,2030,1,5_9,0.00203341
140,2031,1,5_9,0.00201184
140,2032,1,5_9,0.00198963
140,2033,1,5_9,0.00196949
140,2034,1,5_9,0.00195067
140,2035,1,5_9,0.00193002
140,2036,1,5_9,0.00191077
140,2037,1,5_9,0.00189077
140,2038,1,5_9,0.00187362
140,2039,1,5_9,0.00185409
140,2040,1,5_9,0.00183593
140,2041,1,5_9,0.00181732
140,2042,1,5_9,0.001799
140,2043,1,5_9,0.00177897
140,2044,1,5_9,0.00176179
140,2045,1,5_9,0.00174489
140,2046,1,5_9,0.00172654
140,2047,1,5_9,0.00170941
140,2048,1,5_9,0.00169226
140,2049,1,5_9,0.0016718
140,2050,1,5_9,0.00165064
140,2051,1,5_9,0.00163377
140,2052,1,5_9,0.00161536
140,2053,1,5_9,0.00159761
140,2054,1,5_9,0.00157857
140,2055,1,5_9,0.00156383
140,2056,1,5_9,0.00154861
140,2057,1,5_9,0.00153287
140,2058,1,5_9,0.00151739
140,2059,1,5_9,0.00150069
140,2060,1,5_9,0.00148587
140,2061,1,5_9,0.00147012
140,2062,1,5_9,0.00145489
140,2063,1,5_9,0.00144077
140,2064,1,5_9,0.00142395
140,2065,1,5_9,0.00140839
140,2066,1,5_9,0.00139413
140,2067,1,5_9,0.00137808
140,2068,1,5_9,0.00136371
140,2069,1,5_9,0.00135177
140,2070,1,5_9,0.00133688
140,2071,1,5_9,0.00132161
140,2072,1,5_9,0.0013061
140,2073,1,5_9,0.00129399
140,2074,1,5_9,0.00127796
140,2075,1,5_9,0.00126318
140,2076,1,5_9,0.00124832
140,2077,1,5_9,0.00123713
140,2078,1,5_9,0.00122306
140,2079,1,5_9,0.00120976
140,2080,1,5_9,0.00119765
140,2081,1,5_9,0.00118323
140,2082,1,5_9,0.00116775
140,2083,1,5_9,0.00115153
140,2084,1,5_9,0.00113517
140,2085,1,5_9,0.00111871
140,2086,1,5_9,0.00110204
140,2087,1,5_9,0.00108565
140,2088,1,5_9,0.00107274
140,2089,1,5_9,0.00105648
140,2090,1,5_9,0.00104035
140,2091,1,5_9,0.00102479
140,2092,1,5_9,0.001012
140,2093,1,5_9,0.00099596
140,2094,1,5_9,0.00097959
140,2095,1,5_9,0.00096405
140,2096,1,5_9,0.00095141
140,2097,1,5_9,0.00093709
140,2098,1,5_9,0.00092268
140,2099,1,5_9,0.00091104
140,2100,1,5_9,0.00089642
148,2024,1,5_9,0.00670074
148,2025,1,5_9,0.00661306
148,2026,1,5_9,0.00654164
148,2027,1,5_9,0.00646873
148,2028,1,5_9,0.0063957
148,2029,1,5_9,0.00632397
148,2030,1,5_9,0.00625741
148,2031,1,5_9,0.00618134
148,2032,1,5_9,0.00611177
148,2033,1,5_9,0.00604097
148,2034,1,5_9,0.00596971
148,2035,1,5_9,0.00590204
148,2036,1,5_9,0.00584021
148,2037,1,5_9,0.00576381
148,2038,1,5_9,0.00569601
148,2039,1,5_9,0.00563168
148,2040,1,5_9,0.00557419
148,2041,1,5_9,0.0055107
148,2042,1,5_9,0.00544218
148,2043,1,5_9,0.00538227
148,2044,1,5_9,0.00532175
148,2045,1,5_9,0.00526139
148,2046,1,5_9,0.00520231
148,2047,1,5_9,0.00514255
148,2048,1,5_9,0.00508465
148,2049,1,5_9,0.0050283
148,2050,1,5_9,0.00496666
148,2051,1,5_9,0.00490918
148,2052,1,5_9,0.00485422
148,2053,1,5_9,0.0048034
148,2054,1,5_9,0.00475158
148,2055,1,5_9,0.00469894
148,2056,1,5_9,0.00464808
148,2057,1,5_9,0.00460227
148,2058,1,5_9,0.00455144
148,2059,1,5_9,0.00450165
148,2060,1,5_9,0.00444859
148,2061,1,5_9,0.00439655
148,2062,1,5_9,0.0043507
148,2063,1,5_9,0.00430705
148,2064,1,5_9,0.00425758
148,2065,1,5_9,0.00421499
148,2066,1,5_9,0.00416815
148,2067,1,5_9,0.00411965
148,2068,1,5_9,0.00407132
148,2069,1,5_9,0.00403082
148,2070,1,5_9,0.00398601
148,2071,1,5_9,0.00394579
148,2072,1,5_9,0.00390868
148,2073,1,5_9,0.00386772
148,2074,1,5_9,0.0038245
148,2075,1,5_9,0.00378402
148,2076,1,5_9,0.0037408
148,2077,1,5_9,0.00369612
148,2078,1,5_9,0.00366116
148,2079,1,5_9,0.00361959
148,2080,1,5_9,0.00357816
148,2081,1,5_9,0.00353548
148,2082,1,5_9,0.00349463
148,2083,1,5_9,0.00345666
148,2084,1,5_9,0.00341691
148,2085,1,5_9,0.00337729
148,2086,1,5_9,0.0033413
148,2087,1,5_9,0.00330603
148,2088,1,5_9,0.00326826
148,2089,1,5_9,0.00323238
148,2090,1,5_9,0.00319339
148,2091,1,5_9,0.00315517
148,2092,1,5_9,0.00311919
148,2093,1,5_9,0.00308045
148,2094,1,5_9,0.0030435
148,2095,1,5_9,0.00300824
148,2096,1,5_9,0.0029736
148,2097,1,5_9,0.00294151
148,2098,1,5_9,0.00290472
148,2099,1,5_9,0.00287264
148,2100,1,5_9,0.00283802
178,2024,1,5_9,0.00091086
178,2025,1,5_9,0.0008972
178,2026,1,5_9,0.00088221
178,2027,1,5_9,0.00086796
178,2028,1,5_9,0.00085412
178,2029,1,5_9,0.00084138
178,2030,1,5_9,0.00082628
178,2031,1,5_9,0.00081271
178,2032,1,5_9,0.0007997
178,2033,1,5_9,0.00078816
178,2034,1,5_9,0.00077721
178,2035,1,5_9,0.00076681
178,2036,1,5_9,0.00075589
178,2037,1,5_9,0.00074641
178,2038,1,5_9,0.0007381
178,2039,1,5_9,0.00072691
178,2040,1,5_9,0.00071736
178,2041,1,5_9,0.00070756
178,2042,1,5_9,0.00069787
178,2043,1,5_9,0.00068779
178,2044,1,5_9,0.00067944
178,2045,1,5_9,0.00067106
178,2046,1,5_9,0.00066369
178,2047,1,5_9,0.00065492
178,2048,1,5_9,0.00064678
178,2049,1,5_9,0.00063689
178,2050,1,5_9,0.00062873
178,2051,1,5_9,0.000621
178,2052,1,5_9,0.00061165
178,2053,1,5_9,0.00060415
178,2054,1,5_9,0.0005949
178,2055,1,5_9,0.00058686
178,2056,1,5_9,0.00057814
178,2057,1,5_9,0.00056946
178,2058,1,5_9,0.00055912
178,2059,1,5_9,0.00054905
178,2060,1,5_9,0.00054071
178,2061,1,5_9,0.00053146
178,2062,1,5_9,0.000523
178,2063,1,5_9,0.00051471
178,2064,1,5_9,0.00050798
178,2065,1,5_9,0.0005032
178,2066,1,5_9,0.0004978
178,2067,1,5_9,0.00049166
178,2068,1,5_9,0.00048561
178,2069,1,5_9,0.00048052
178,2070,1,5_9,0.00047439
178,2071,1,5_9,0.00046804
178,2072,1,5_9,0.00046193
178,2073,1,5_9,0.00045736
178,2074,1,5_9,0.00045103
178,2075,1,5_9,0.00044634
178,2076,1,5_9,0.00044027
178,2077,1,5_9,0.00043519
178,2078,1,5_9,0.00042854
178,2079,1,5_9,0.00042332
178,2080,1,5_9,0.00041583
178,2081,1,5_9,0.00040868
178,2082,1,5_9,0.00040338
178,2083,1,5_9,0.0003988
178,2084,1,5_9,0.00039458
178,2085,1,5_9,0.00038965
178,2086,1,5_9,0.00038518
178,2087,1,5_9,0.00038139
178,2088,1,5_9,0.00037695
178,2089,1,5_9,0.00037234
178,2090,1,5_9,0.00036801
178,2091,1,5_9,0.00036307
178,2092,1,5_9,0.00035865
178,2093,1,5_9,0.00035421
178,2094,1,5_9,0.00035051
178,2095,1,5_9,0.00034468
178,2096,1,5_9,0.00033971
178,2097,1,5_9,0.00033603
178,2098,1,5_9,0.00033115
178,2099,1,5_9,0.00032791
178,2100,1,5_9,0.00032538
180,2024,1,5_9,0.00369013
180,2025,1,5_9,0.00364379
180,2026,1,5_9,0.00359624
180,2027,1,5_9,0.00354796
180,2028,1,5_9,0.00350047
180,2029,1,5_9,0.00345216
180,2030,1,5_9,0.00340651
180,2031,1,5_9,0.00336061
180,2032,1,5_9,0.00331806
180,2033,1,5_9,0.00326862
180,2034,1,5_9,0.00322732
180,2035,1,5_9,0.00318318
180,2036,1,5_9,0.00314367
180,2037,1,5_9,0.00310187
180,2038,1,5_9,0.00305525
180,2039,1,5_9,0.00301524
180,2040,1,5_9,0.00297506
180,2041,1,5_9,0.00293236
180,2042,1,5_9,0.0028945
180,2043,1,5_9,0.00285756
180,2044,1,5_9,0.00281858
180,2045,1,5_9,0.00277995
180,2046,1,5_9,0.00274709
180,2047,1,5_9,0.00270743
180,2048,1,5_9,0.00267187
180,2049,1,5_9,0.00263882
180,2050,1,5_9,0.00260303
180,2051,1,5_9,0.00256883
180,2052,1,5_9,0.00253337
180,2053,1,5_9,0.00249964
180,2054,1,5_9,0.0024653
180,2055,1,5_9,0.00243427
180,2056,1,5_9,0.00240235
180,2057,1,5_9,0.00237396
180,2058,1,5_9,0.00234516
180,2059,1,5_9,0.00231433
180,2060,1,5_9,0.00228336
180,2061,1,5_9,0.00225491
180,2062,1,5_9,0.00222784
180,2063,1,5_9,0.00220351
180,2064,1,5_9,0.00217762
180,2065,1,5_9,0.00214807
180,2066,1,5_9,0.00212096
180,2067,1,5_9,0.00209016
180,2068,1,5_9,0.0020622
180,2069,1,5_9,0.00203525
180,2070,1,5_9,0.00200652
180,2071,1,5_9,0.00197887
180,2072,1,5_9,0.00194847
180,2073,1,5_9,0.00192161
180,2074,1,5_9,0.00189462
180,2075,1,5_9,0.00186877
180,2076,1,5_9,0.00184138
180,2077,1,5_9,0.00181527
180,2078,1,5_9,0.00178541
180,2079,1,5_9,0.00175757
180,2080,1,5_9,0.00173078
180,2081,1,5_9,0.00170522
180,2082,1,5_9,0.00167408
180,2083,1,5_9,0.00164878
180,2084,1,5_9,0.00162363
180,2085,1,5_9,0.0015996
180,2086,1,5_9,0.00157368
180,2087,1,5_9,0.00154969
180,2088,1,5_9,0.00152559
180,2089,1,5_9,0.00150068
180,2090,1,5_9,0.0014767
180,2091,1,5_9,0.00145003
180,2092,1,5_9,0.00142624
180,2093,1,5_9,0.00139966
180,2094,1,5_9,0.0013746
180,2095,1,5_9,0.00135061
180,2096,1,5_9,0.00132415
180,2097,1,5_9,0.00129908
180,2098,1,5_9,0.00127154
180,2099,1,5_9,0.00124567
180,2100,1,5_9,0.00121786
226,2024,1,5_9,0.00146954
226,2025,1,5_9,0.0014511
226,2026,1,5_9,0.00143157
226,2027,1,5_9,0.00141093
226,2028,1,5_9,0.00139414
226,2029,1,5_9,0.00137477
226,2030,1,5_9,0.00135655
226,2031,1,5_9,0.00133894
226,2032,1,5_9,0.00132181
226,2033,1,5_9,0.00130652
226,2034,1,5_9,0.00128978
226,2035,1,5_9,0.0012733
226,2036,1,5_9,0.00125585
226,2037,1,5_9,0.00123981
226,2038,1,5_9,0.00122341
226,2039,1,5_9,0.00120762
226,2040,1,5_9,0.00119321
226,2041,1,5_9,0.00117883
226,2042,1,5_9,0.00116119
226,2043,1,5_9,0.0011452
226,2044,1,5_9,0.00113038
226,2045,1,5_9,0.00111593
226,2046,1,5_9,0.00110403
226,2047,1,5_9,0.0010903
226,2048,1,5_9,0.00107844
226,2049,1,5_9,0.0010652
226,2050,1,5_9,0.00105081
226,2051,1,5_9,0.00103643
226,2052,1,5_9,0.00102281
226,2053,1,5_9,0.00101224
226,2054,1,5_9,0.00099767
226,2055,1,5_9,0.0009844
226,2056,1,5_9,0.00096989
226,2057,1,5_9,0.00095619
226,2058,1,5_9,0.0009445
226,2059,1,5_9,0.00093029
226,2060,1,5_9,0.00091842
226,2061,1,5_9,0.00090473
226,2062,1,5_9,0.00089384
226,2063,1,5_9,0.00088091
226,2064,1,5_9,0.00086961
226,2065,1,5_9,0.00085918
226,2066,1,5_9,0.0008462
226,2067,1,5_9,0.00083386
226,2068,1,5_9,0.00081958
226,2069,1,5_9,0.00080617
226,2070,1,5_9,0.00079351
226,2071,1,5_9,0.00078015
226,2072,1,5_9,0.00076541
226,2073,1,5_9,0.00075339
226,2074,1,5_9,0.00073881
226,2075,1,5_9,0.00072556
226,2076,1,5_9,0.00071127
226,2077,1,5_9,0.00069651
226,2078,1,5_9,0.0006858
226,2079,1,5_9,0.00067498
226,2080,1,5_9,0.00066582
226,2081,1,5_9,0.00065588
226,2082,1,5_9,0.00064821
226,2083,1,5_9,0.00063875
226,2084,1,5_9,0.00062908
226,2085,1,5_9,0.00062104
226,2086,1,5_9,0.00061155
226,2087,1,5_9,0.00060135
226,2088,1,5_9,0.00059206
226,2089,1,5_9,0.00058369
226,2090,1,5_9,0.00057392
226,2091,1,5_9,0.00056423
226,2092,1,5_9,0.0005562
226,2093,1,5_9,0.00054608
226,2094,1,5_9,0.00053588
226,2095,1,5_9,0.00052751
226,2096,1,5_9,0.00051791
226,2097,1,5_9,0.00051018
226,2098,1,5_9,0.00050289
226,2099,1,5_9,0.00049651
226,2100,1,5_9,0.00048974
266,2024,1,5_9,0.00086926
266,2025,1,5_9,0.00085618
266,2026,1,5_9,0.00084419
266,2027,1,5_9,0.00083308
266,2028,1,5_9,0.00082074
266,2029,1,5_9,0.00081061
266,2030,1,5_9,0.00079969
266,2031,1,5_9,0.00079054
266,2032,1,5_9,0.00078018
266,2033,1,5_9,0.00076926
266,2034,1,5_9,0.00075801
266,2035,1,5_9,0.00074731
266,2036,1,5_9,0.00073858
266,2037,1,5_9,0.00072779
266,2038,1,5_9,0.00071695
266,2039,1,5_9,0.0007072
266,2040,1,5_9,0.00069676
266,2041,1,5_9,0.00068596
266,2042,1,5_9,0.00067634
266,2043,1,5_9,0.00066471
266,2044,1,5_9,0.00065441
266,2045,1,5_9,0.00064358
266,2046,1,5_9,0.0006328
266,2047,1,5_9,0.00062371
266,2048,1,5_9,0.00061345
266,2049,1,5_9,0.00060366
266,2050,1,5_9,0.00059429
266,2051,1,5_9,0.00058469
266,2052,1,5_9,0.00057649
266,2053,1,5_9,0.00056911
266,2054,1,5_9,0.00056243
266,2055,1,5_9,0.00055494
266,2056,1,5_9,0.00054731
266,2057,1,5_9,0.00054057
266,2058,1,5_9,0.00053269
266,2059,1,5_9,0.00052546
266,2060,1,5_9,0.00051704
266,2061,1,5_9,0.0005092
266,2062,1,5_9,0.00050213
266,2063,1,5_9,0.00049415
266,2064,1,5_9,0.00048579
266,2065,1,5_9,0.00047773
266,2066,1,5_9,0.00046919
266,2067,1,5_9,0.00046089
266,2068,1,5_9,0.00045259
266,2069,1,5_9,0.00044511
266,2070,1,5_9,0.00043863
266,2071,1,5_9,0.00043267
266,2072,1,5_9,0.00042637
266,2073,1,5_9,0.00042095
266,2074,1,5_9,0.00041481
266,2075,1,5_9,0.00040852
266,2076,1,5_9,0.00040199
266,2077,1,5_9,0.0003947
266,2078,1,5_9,0.00038844
266,2079,1,5_9,0.00038269
266,2080,1,5_9,0.0003755
266,2081,1,5_9,0.00036911
266,2082,1,5_9,0.00036328
266,2083,1,5_9,0.00035705
266,2084,1,5_9,0.00035097
266,2085,1,5_9,0.00034613
266,2086,1,5_9,0.00034193
266,2087,1,5_9,0.00033776
266,2088,1,5_9,0.00033357
266,2089,1,5_9,0.00032949
266,2090,1,5_9,0.00032561
266,2091,1,5_9,0.00032164
266,2092,1,5_9,0.00031829
266,2093,1,5_9,0.00031481
266,2094,1,5_9,0.00031127
266,2095,1,5_9,0.00030776
266,2096,1,5_9,0.0003041
266,2097,1,5_9,0.00030026
266,2098,1,5_9,0.00029647
266,2099,1,5_9,0.00029288
266,2100,1,5_9,0.0002892
678,2024,1,5_9,0.00042927
678,2025,1,5_9,0.00042017
678,2026,1,5_9,0.00041003
678,2027,1,5_9,0.00039992
678,2028,1,5_9,0.00039025
678,2029,1,5_9,0.00038167
678,2030,1,5_9,0.00037281
678,2031,1,5_9,0.00036569
678,2032,1,5_9,0.00035856
678,2033,1,5_9,0.00035167
678,2034,1,5_9,0.00034394
678,2035,1,5_9,0.00033625
678,2036,1,5_9,0.0003293
678,2037,1,5_9,0.00032179
678,2038,1,5_9,0.00031462
678,2039,1,5_9,0.0003083
678,2040,1,5_9,0.00030174
678,2041,1,5_9,0.00029493
678,2042,1,5_9,0.00028802
678,2043,1,5_9,0.00028169
678,2044,1,5_9,0.00027477
678,2045,1,5_9,0.00026843
678,2046,1,5_9,0.00026155
678,2047,1,5_9,0.00025698
678,2048,1,5_9,0.00025221
678,2049,1,5_9,0.00024758
678,2050,1,5_9,0.00024337
678,2051,1,5_9,0.00023859
678,2052,1,5_9,0.00023448
678,2053,1,5_9,0.00023043
678,2054,1,5_9,0.00022623
678,2055,1,5_9,0.00022145
678,2056,1,5_9,0.00021713
678,2057,1,5_9,0.00021271
678,2058,1,5_9,0.00020854
678,2059,1,5_9,0.00020375
678,2060,1,5_9,0.00019948
678,2061,1,5_9,0.00019538
678,2062,1,5_9,0.0001915
678,2063,1,5_9,0.00018795
678,2064,1,5_9,0.00018441
678,2065,1,5_9,0.00018108
678,2066,1,5_9,0.00017756
678,2067,1,5_9,0.00017445
678,2068,1,5_9,0.00017111
678,2069,1,5_9,0.00016785
678,2070,1,5_9,0.00016432
678,2071,1,5_9,0.00016124
678,2072,1,5_9,0.00015803
678,2073,1,5_9,0.00015498
678,2074,1,5_9,0.00015165
678,2075,1,5_9,0.00014868
678,2076,1,5_9,0.00014647
678,2077,1,5_9,0.00014416
678,2078,1,5_9,0.00014203
678,2079,1,5_9,0.00013981
678,2080,1,5_9,0.00013761
678,2081,1,5_9,0.00013524
678,2082,1,5_9,0.0001333
678,2083,1,5_9,0.0001311
678,2084,1,5_9,0.00012916
678,2085,1,5_9,0.00012713
678,2086,1,5_9,0.00012499
678,2087,1,5_9,0.00012319
678,2088,1,5_9,0.00012114
678,2089,1,5_9,0.00011927
678,2090,1,5_9,0.0001177
678,2091,1,5_9,0.00011613
678,2092,1,5_9,0.00011437
678,2093,1,5_9,0.00011279
678,2094,1,5_9,0.00011129
678,2095,1,5_9,0.00010979
678,2096,1,5_9,0.00010844
678,2097,1,5_9,0.0001071
678,2098,1,5_9,0.00010554
678,2099,1,5_9,0.00010425
678,2100,1,5_9,0.00010288
12,2024,1,5_9,0.00033786
12,2025,1,5_9,0.00032835
12,2026,1,5_9,0.00031933
12,2027,1,5_9,0.00031048
12,2028,1,5_9,0.00030215
12,2029,1,5_9,0.00029328
12,2030,1,5_9,0.000285
12,2031,1,5_9,0.00027677
12,2032,1,5_9,0.00026904
12,2033,1,5_9,0.00026118
12,2034,1,5_9,0.00025374
12,2035,1,5_9,0.0002463
12,2036,1,5_9,0.00023916
12,2037,1,5_9,0.00023202
12,2038,1,5_9,0.00022512
12,2039,1,5_9,0.00021835
12,2040,1,5_9,0.00021158
12,2041,1,5_9,0.00020531
12,2042,1,5_9,0.00019902
12,2043,1,5_9,0.00019317
12,2044,1,5_9,0.00018736
12,2045,1,5_9,0.00018178
12,2046,1,5_9,0.00017601
12,2047,1,5_9,0.00017066
12,2048,1,5_9,0.00016517
12,2049,1,5_9,0.0001604
12,2050,1,5_9,0.00015574
12,2051,1,5_9,0.00015133
12,2052,1,5_9,0.00014696
12,2053,1,5_9,0.00014259
12,2054,1,5_9,0.00013845
12,2055,1,5_9,0.00013434
12,2056,1,5_9,0.00013056
12,2057,1,5_9,0.00012697
12,2058,1,5_9,0.00012339
12,2059,1,5_9,0.00012001
12,2060,1,5_9,0.00011672
12,2061,1,5_9,0.00011349
12,2062,1,5_9,0.00011052
12,2063,1,5_9,0.00010752
12,2064,1,5_9,0.00010466
12,2065,1,5_9,0.0001018
12,2066,1,5_9,9.908e-05
12,2067,1,5_9,9.667e-05
12,2068,1,5_9,9.419e-05
12,2069,1,5_9,9.2e-05
12,2070,1,5_9,8.966e-05
12,2071,1,5_9,8.758e-05
12,2072,1,5_9,8.56e-05
12,2073,1,5_9,8.373e-05
12,2074,1,5_9,8.172e-05
12,2075,1,5_9,7.99e-05
12,2076,1,5_9,7.813e-05
12,2077,1,5_9,7.646e-05
12,2078,1,5_9,7.491e-05
12,2079,1,5_9,7.327e-05
12,2080,1,5_9,7.188e-05
12,2081,1,5_9,7.049e-05
12,2082,1,5_9,6.902e-05
12,2083,1,5_9,6.768e-05
12,2084,1,5_9,6.64e-05
12,2085,1,5_9,6.512e-05
12,2086,1,5_9,6.389e-05
12,2087,1,5_9,6.265e-05
12,2088,1,5_9,6.142e-05
12,2089,1,5_9,6.028e-05
12,2090,1,5_9,5.919e-05
12,2091,1,5_9,5.813e-05
12,2092,1,5_9,5.717e-05
12,2093,1,5_9,5.622e-05
12,2094,1,5_9,5.526e-05
12,2095,1,5_9,5.428e-05
12,2096,1,5_9,5.332e-05
12,2097,1,5_9,5.235e-05
12,2098,1,5_9,5.153e-05
12,2099,1,5_9,5.067e-05
12,2100,1,5_9,4.976e-05
818,2024,1,5_9,0.00044045
818,2025,1,5_9,0.0004259
818,2026,1,5_9,0.00041193
818,2027,1,5_9,0.0004016
818,2028,1,5_9,0.00039146
818,2029,1,5_9,0.00038337
818,2030,1,5_9,0.00037618
818,2031,1,5_9,0.00036855
818,2032,1,5_9,0.00036091
818,2033,1,5_9,0.0003532
818,2034,1,5_9,0.00034582
818,2035,1,5_9,0.00033822
818,2036,1,5_9,0.00033141
818,2037,1,5_9,0.00032429
818,2038,1,5_9,0.00031721
818,2039,1,5_9,0.00030969
818,2040,1,5_9,0.00030299
818,2041,1,5_9,0.00029592
818,2042,1,5_9,0.00028872
818,2043,1,5_9,0.00028263
818,2044,1,5_9,0.00027632
818,2045,1,5_9,0.0002701
818,2046,1,5_9,0.00026391
818,2047,1,5_9,0.00025767
818,2048,1,5_9,0.00025167
818,2049,1,5_9,0.00024566
818,2050,1,5_9,0.00023963
818,2051,1,5_9,0.0002337
818,2052,1,5_9,0.00022749
818,2053,1,5_9,0.00022212
818,2054,1,5_9,0.00021621
818,2055,1,5_9,0.00021044
818,2056,1,5_9,0.00020468
818,2057,1,5_9,0.00019925
818,2058,1,5_9,0.00019457
818,2059,1,5_9,0.00018973
818,2060,1,5_9,0.00018555
818,2061,1,5_9,0.00018123
818,2062,1,5_9,0.00017694
818,2063,1,5_9,0.00017304
818,2064,1,5_9,0.00016915
818,2065,1,5_9,0.00016511
818,2066,1,5_9,0.00016124
818,2067,1,5_9,0.00015728
818,2068,1,5_9,0.00015329
818,2069,1,5_9,0.00014961
818,2070,1,5_9,0.0001461
818,2071,1,5_9,0.00014241
818,2072,1,5_9,0.00013886
818,2073,1,5_9,0.00013578
818,2074,1,5_9,0.00013302
818,2075,1,5_9,0.00013037
818,2076,1,5_9,0.00012771
818,2077,1,5_9,0.0001251
818,2078,1,5_9,0.00012237
818,2079,1,5_9,0.00011986
818,2080,1,5_9,0.00011748
818,2081,1,5_9,0.00011505
818,2082,1,5_9,0.00011264
818,2083,1,5_9,0.00011042
818,2084,1,5_9,0.00010839
818,2085,1,5_9,0.00010637
818,2086,1,5_9,0.00010423
818,2087,1,5_9,0.0001024
818,2088,1,5_9,0.00010054
818,2089,1,5_9,9.873e-05
818,2090,1,5_9,9.687e-05
818,2091,1,5_9,9.524e-05
818,2092,1,5_9,9.344e-05
818,2093,1,5_9,9.182e-05
818,2094,1,5_9,9.035e-05
818,2095,1,5_9,8.883e-05
818,2096,1,5_9,8.738e-05
818,2097,1,5_9,8.581e-05
818,2098,1,5_9,8.434e-05
818,2099,1,5_9,8.299e-05
818,2100,1,5_9,8.161e-05
434,2024,1,5_9,0.00035003
434,2025,1,5_9,0.00029717
434,2026,1,5_9,0.00024183
434,2027,1,5_9,0.00023591
434,2028,1,5_9,0.00022995
434,2029,1,5_9,0.00022443
434,2030,1,5_9,0.00021903
434,2031,1,5_9,0.00021332
434,2032,1,5_9,0.00020751
434,2033,1,5_9,0.00020241
434,2034,1,5_9,0.00019686
434,2035,1,5_9,0.00019143
434,2036,1,5_9,0.00018614
434,2037,1,5_9,0.00018118
434,2038,1,5_9,0.00017612
434,2039,1,5_9,0.00017208
434,2040,1,5_9,0.00016803
434,2041,1,5_9,0.00016389
434,2042,1,5_9,0.00015997
434,2043,1,5_9,0.00015612
434,2044,1,5_9,0.00015211
434,2045,1,5_9,0.0001482
434,2046,1,5_9,0.00014424
434,2047,1,5_9,0.00014045
434,2048,1,5_9,0.00013673
434,2049,1,5_9,0.00013335
434,2050,1,5_9,0.00012982
434,2051,1,5_9,0.00012636
434,2052,1,5_9,0.00012317
434,2053,1,5_9,0.00011986
434,2054,1,5_9,0.00011681
434,2055,1,5_9,0.0001138
434,2056,1,5_9,0.00011089
434,2057,1,5_9,0.00010799
434,2058,1,5_9,0.00010518
434,2059,1,5_9,0.00010246
434,2060,1,5_9,9.974e-05
434,2061,1,5_9,9.72e-05
434,2062,1,5_9,9.471e-05
434,2063,1,5_9,9.246e-05
434,2064,1,5_9,9.007e-05
434,2065,1,5_9,8.785e-05
434,2066,1,5_9,8.573e-05
434,2067,1,5_9,8.367e-05
434,2068,1,5_9,8.178e-05
434,2069,1,5_9,7.974e-05
434,2070,1,5_9,7.792e-05
434,2071,1,5_9,7.6e-05
434,2072,1,5_9,7.43e-05
434,2073,1,5_9,7.246e-05
434,2074,1,5_9,7.078e-05
434,2075,1,5_9,6.916e-05
434,2076,1,5_9,6.748e-05
434,2077,1,5_9,6.603e-05
434,2078,1,5_9,6.461e-05
434,2079,1,5_9,6.331e-05
434,2080,1,5_9,6.198e-05
434,2081,1,5_9,6.073e-05
434,2082,1,5_9,5.943e-05
434,2083,1,5_9,5.823e-05
434,2084,1,5_9,5.706e-05
434,2085,1,5_9,5.59e-05
434,2086,1,5_9,5.477e-05
434,2087,1,5_9,5.368e-05
434,2088,1,5_9,5.264e-05
434,2089,1,5_9,5.167e-05
434,2090,1,5_9,5.067e-05
434,2091,1,5_9,4.975e-05
434,2092,1,5_9,4.878e-05
434,2093,1,5_9,4.79e-05
434,2094,1,5_9,4.696e-05
434,2095,1,5_9,4.611e-05
434,2096,1,5_9,4.538e-05
434,2097,1,5_9,4.463e-05
434,2098,1,5_9,4.396e-05
434,2099,1,5_9,4.328e-05
434,2100,1,5_9,4.256e-05
504,2024,1,5_9,0.00036704
504,2025,1,5_9,0.00035722
504,2026,1,5_9,0.00034827
504,2027,1,5_9,0.00033943
504,2028,1,5_9,0.00033052
504,2029,1,5_9,0.00032179
504,2030,1,5_9,0.00031363
504,2031,1,5_9,0.00030611
504,2032,1,5_9,0.00029726
504,2033,1,5_9,0.00028924
504,2034,1,5_9,0.00028201
504,2035,1,5_9,0.00027522
504,2036,1,5_9,0.00026776
504,2037,1,5_9,0.0002607
504,2038,1,5_9,0.00025431
504,2039,1,5_9,0.00024758
504,2040,1,5_9,0.00024082
504,2041,1,5_9,0.00023471
504,2042,1,5_9,0.00022857
504,2043,1,5_9,0.00022248
504,2044,1,5_9,0.00021627
504,2045,1,5_9,0.0002105
504,2046,1,5_9,0.00020455
504,2047,1,5_9,0.00019893
504,2048,1,5_9,0.00019311
504,2049,1,5_9,0.00018766
504,2050,1,5_9,0.00018264
504,2051,1,5_9,0.00017751
504,2052,1,5_9,0.00017285
504,2053,1,5_9,0.00016813
504,2054,1,5_9,0.0001635
504,2055,1,5_9,0.00015918
504,2056,1,5_9,0.0001546
504,2057,1,5_9,0.0001506
504,2058,1,5_9,0.00014696
504,2059,1,5_9,0.00014307
504,2060,1,5_9,0.00013929
504,2061,1,5_9,0.00013575
504,2062,1,5_9,0.00013236
504,2063,1,5_9,0.00012919
504,2064,1,5_9,0.00012605
504,2065,1,5_9,0.0001232
504,2066,1,5_9,0.00012039
504,2067,1,5_9,0.00011761
504,2068,1,5_9,0.000115
504,2069,1,5_9,0.00011221
504,2070,1,5_9,0.00010963
504,2071,1,5_9,0.00010696
504,2072,1,5_9,0.0001044
504,2073,1,5_9,0.00010221
504,2074,1,5_9,9.995e-05
504,2075,1,5_9,9.771e-05
504,2076,1,5_9,9.576e-05
504,2077,1,5_9,9.379e-05
504,2078,1,5_9,9.177e-05
504,2079,1,5_9,8.976e-05
504,2080,1,5_9,8.811e-05
504,2081,1,5_9,8.635e-05
504,2082,1,5_9,8.47e-05
504,2083,1,5_9,8.301e-05
504,2084,1,5_9,8.145e-05
504,2085,1,5_9,8.001e-05
504,2086,1,5_9,7.857e-05
504,2087,1,5_9,7.708e-05
504,2088,1,5_9,7.554e-05
504,2089,1,5_9,7.434e-05
504,2090,1,5_9,7.297e-05
504,2091,1,5_9,7.173e-05
504,2092,1,5_9,7.052e-05
504,2093,1,5_9,6.926e-05
504,2094,1,5_9,6.803e-05
504,2095,1,5_9,6.686e-05
504,2096,1,5_9,6.583e-05
504,2097,1,5_9,6.478e-05
504,2098,1,5_9,6.383e-05
504,2099,1,5_9,6.286e-05
504,2100,1,5_9,6.193e-05
729,2024,1,5_9,0.00264307
729,2025,1,5_9,0.00259442
729,2026,1,5_9,0.00254404
729,2027,1,5_9,0.00249425
729,2028,1,5_9,0.00244842
729,2029,1,5_9,0.00239828
729,2030,1,5_9,0.00235228
729,2031,1,5_9,0.00230802
729,2032,1,5_9,0.00226371
729,2033,1,5_9,0.00222157
729,2034,1,5_9,0.00218054
729,2035,1,5_9,0.00213545
729,2036,1,5_9,0.00209229
729,2037,1,5_9,0.00204932
729,2038,1,5_9,0.00201021
729,2039,1,5_9,0.00196684
729,2040,1,5_9,0.00192527
729,2041,1,5_9,0.00188774
729,2042,1,5_9,0.00184567
729,2043,1,5_9,0.00180893
729,2044,1,5_9,0.00176923
729,2045,1,5_9,0.00173175
729,2046,1,5_9,0.0016927
729,2047,1,5_9,0.00165556
729,2048,1,5_9,0.0016205
729,2049,1,5_9,0.00158435
729,2050,1,5_9,0.00154783
729,2051,1,5_9,0.00151455
729,2052,1,5_9,0.00148028
729,2053,1,5_9,0.00144583
729,2054,1,5_9,0.00141153
729,2055,1,5_9,0.00138201
729,2056,1,5_9,0.00134917
729,2057,1,5_9,0.00132096
729,2058,1,5_9,0.00129215
729,2059,1,5_9,0.0012616
729,2060,1,5_9,0.00123337
729,2061,1,5_9,0.00120603
729,2062,1,5_9,0.00117762
729,2063,1,5_9,0.00114874
729,2064,1,5_9,0.00112135
729,2065,1,5_9,0.00109319
729,2066,1,5_9,0.00106905
729,2067,1,5_9,0.0010409
729,2068,1,5_9,0.00101734
729,2069,1,5_9,0.0009948
729,2070,1,5_9,0.00097333
729,2071,1,5_9,0.00094999
729,2072,1,5_9,0.00092788
729,2073,1,5_9,0.00090512
729,2074,1,5_9,0.00088193
729,2075,1,5_9,0.00086022
729,2076,1,5_9,0.00083923
729,2077,1,5_9,0.00082028
729,2078,1,5_9,0.00079972
729,2079,1,5_9,0.0007777
729,2080,1,5_9,0.0007587
729,2081,1,5_9,0.00073855
729,2082,1,5_9,0.00071832
729,2083,1,5_9,0.00069835
729,2084,1,5_9,0.00068029
729,2085,1,5_9,0.00066189
729,2086,1,5_9,0.00064466
729,2087,1,5_9,0.00062765
729,2088,1,5_9,0.00061153
729,2089,1,5_9,0.00059462
729,2090,1,5_9,0.00057883
729,2091,1,5_9,0.000563
729,2092,1,5_9,0.00054714
729,2093,1,5_9,0.00053243
729,2094,1,5_9,0.00051726
729,2095,1,5_9,0.00050249
729,2096,1,5_9,0.00048713
729,2097,1,5_9,0.00047293
729,2098,1,5_9,0.00045934
729,2099,1,5_9,0.00044736
729,2100,1,5_9,0.00043595
788,2024,1,5_9,0.00027454
788,2025,1,5_9,0.00026618
788,2026,1,5_9,0.00025766
788,2027,1,5_9,0.0002496
788,2028,1,5_9,0.00024155
788,2029,1,5_9,0.00023473
788,2030,1,5_9,0.00022765
788,2031,1,5_9,0.00022105
788,2032,1,5_9,0.00021437
788,2033,1,5_9,0.00020811
788,2034,1,5_9,0.00020194
788,2035,1,5_9,0.00019569
788,2036,1,5_9,0.0001898
788,2037,1,5_9,0.00018395
788,2038,1,5_9,0.00017845
788,2039,1,5_9,0.00017268
788,2040,1,5_9,0.00016717
788,2041,1,5_9,0.0001618
788,2042,1,5_9,0.00015648
788,2043,1,5_9,0.00015179
788,2044,1,5_9,0.00014702
788,2045,1,5_9,0.0001422
788,2046,1,5_9,0.00013774
788,2047,1,5_9,0.00013344
788,2048,1,5_9,0.00012928
788,2049,1,5_9,0.0001251
788,2050,1,5_9,0.00012129
788,2051,1,5_9,0.00011754
788,2052,1,5_9,0.00011387
788,2053,1,5_9,0.00011071
788,2054,1,5_9,0.00010753
788,2055,1,5_9,0.00010455
788,2056,1,5_9,0.00010148
788,2057,1,5_9,9.856e-05
788,2058,1,5_9,9.587e-05
788,2059,1,5_9,9.339e-05
788,2060,1,5_9,9.076e-05
788,2061,1,5_9,8.83e-05
788,2062,1,5_9,8.585e-05
788,2063,1,5_9,8.36e-05
788,2064,1,5_9,8.154e-05
788,2065,1,5_9,7.963e-05
788,2066,1,5_9,7.76e-05
788,2067,1,5_9,7.562e-05
788,2068,1,5_9,7.381e-05
788,2069,1,5_9,7.208e-05
788,2070,1,5_9,7.034e-05
788,2071,1,5_9,6.875e-05
788,2072,1,5_9,6.719e-05
788,2073,1,5_9,6.56e-05
788,2074,1,5_9,6.397e-05
788,2075,1,5_9,6.261e-05
788,2076,1,5_9,6.117e-05
788,2077,1,5_9,5.984e-05
788,2078,1,5_9,5.854e-05
788,2079,1,5_9,5.728e-05
788,2080,1,5_9,5.59e-05
788,2081,1,5_9,5.466e-05
788,2082,1,5_9,5.349e-05
788,2083,1,5_9,5.244e-05
788,2084,1,5_9,5.137e-05
788,2085,1,5_9,5.038e-05
788,2086,1,5_9,4.941e-05
788,2087,1,5_9,4.85e-05
788,2088,1,5_9,4.76e-05
788,2089,1,5_9,4.669e-05
788,2090,1,5_9,4.584e-05
788,2091,1,5_9,4.501e-05
788,2092,1,5_9,4.417e-05
788,2093,1,5_9,4.327e-05
788,2094,1,5_9,4.25e-05
788,2095,1,5_9,4.177e-05
788,2096,1,5_9,4.101e-05
788,2097,1,5_9,4.029e-05
788,2098,1,5_9,3.961e-05
788,2099,1,5_9,3.893e-05
788,2100,1,5_9,3.831e-05
732,2024,1,5_9,0.00056565
732,2025,1,5_9,0.00055176
732,2026,1,5_9,0.00053741
732,2027,1,5_9,0.00052472
732,2028,1,5_9,0.00051284
732,2029,1,5_9,0.00050042
732,2030,1,5_9,0.0004905
732,2031,1,5_9,0.00048062
732,2032,1,5_9,0.00047117
732,2033,1,5_9,0.00046225
732,2034,1,5_9,0.00045227
732,2035,1,5_9,0.00044328
732,2036,1,5_9,0.00043471
732,2037,1,5_9,0.00042514
732,2038,1,5_9,0.00041662
732,2039,1,5_9,0.00040791
732,2040,1,5_9,0.00039939
732,2041,1,5_9,0.00039033
732,2042,1,5_9,0.0003817
732,2043,1,5_9,0.00037289
732,2044,1,5_9,0.00036495
732,2045,1,5_9,0.00035729
732,2046,1,5_9,0.00034939
732,2047,1,5_9,0.00034121
732,2048,1,5_9,0.00033322
732,2049,1,5_9,0.00032573
732,2050,1,5_9,0.00031799
732,2051,1,5_9,0.00031045
732,2052,1,5_9,0.00030274
732,2053,1,5_9,0.00029559
732,2054,1,5_9,0.00028804
732,2055,1,5_9,0.00028038
732,2056,1,5_9,0.00027357
732,2057,1,5_9,0.00026732
732,2058,1,5_9,0.00026122
732,2059,1,5_9,0.00025516
732,2060,1,5_9,0.00024927
732,2061,1,5_9,0.00024365
732,2062,1,5_9,0.00023804
732,2063,1,5_9,0.00023228
732,2064,1,5_9,0.00022676
732,2065,1,5_9,0.00022149
732,2066,1,5_9,0.00021635
732,2067,1,5_9,0.00021132
732,2068,1,5_9,0.00020605
732,2069,1,5_9,0.00020112
732,2070,1,5_9,0.00019641
732,2071,1,5_9,0.00019176
732,2072,1,5_9,0.00018676
732,2073,1,5_9,0.00018288
732,2074,1,5_9,0.00017859
732,2075,1,5_9,0.00017474
732,2076,1,5_9,0.00017095
732,2077,1,5_9,0.00016714
732,2078,1,5_9,0.00016334
732,2079,1,5_9,0.00015981
732,2080,1,5_9,0.00015631
732,2081,1,5_9,0.00015295
732,2082,1,5_9,0.00014962
732,2083,1,5_9,0.00014603
732,2084,1,5_9,0.00014309
732,2085,1,5_9,0.00014016
732,2086,1,5_9,0.00013705
732,2087,1,5_9,0.0001343
732,2088,1,5_9,0.00013149
732,2089,1,5_9,0.00012887
732,2090,1,5_9,0.00012612
732,2091,1,5_9,0.00012371
732,2092,1,5_9,0.00012129
732,2093,1,5_9,0.00011889
732,2094,1,5_9,0.00011659
732,2095,1,5_9,0.00011453
732,2096,1,5_9,0.00011232
732,2097,1,5_9,0.00011026
732,2098,1,5_9,0.00010828
732,2099,1,5_9,0.00010642
732,2100,1,5_9,0.00010452
72,2024,1,5_9,0.00080376
72,2025,1,5_9,0.00079175
72,2026,1,5_9,0.00077858
72,2027,1,5_9,0.00076666
72,2028,1,5_9,0.00075495
72,2029,1,5_9,0.00074414
72,2030,1,5_9,0.00073325
72,2031,1,5_9,0.00072238
72,2032,1,5_9,0.00071191
72,2033,1,5_9,0.00070145
72,2034,1,5_9,0.00068949
72,2035,1,5_9,0.00067905
72,2036,1,5_9,0.00066913
72,2037,1,5_9,0.00065849
72,2038,1,5_9,0.00064847
72,2039,1,5_9,0.00063914
72,2040,1,5_9,0.0006288
72,2041,1,5_9,0.00061929
72,2042,1,5_9,0.00060885
72,2043,1,5_9,0.00059889
72,2044,1,5_9,0.00058901
72,2045,1,5_9,0.00057922
72,2046,1,5_9,0.00056915
72,2047,1,5_9,0.00056003
72,2048,1,5_9,0.0005507
72,2049,1,5_9,0.00054178
72,2050,1,5_9,0.00053271
72,2051,1,5_9,0.00052315
72,2052,1,5_9,0.00051319
72,2053,1,5_9,0.00050594
72,2054,1,5_9,0.00049873
72,2055,1,5_9,0.0004922
72,2056,1,5_9,0.00048494
72,2057,1,5_9,0.00047648
72,2058,1,5_9,0.00046972
72,2059,1,5_9,0.00046111
72,2060,1,5_9,0.00045407
72,2061,1,5_9,0.00044644
72,2062,1,5_9,0.00043866
72,2063,1,5_9,0.00043073
72,2064,1,5_9,0.00042262
72,2065,1,5_9,0.00041473
72,2066,1,5_9,0.00040659
72,2067,1,5_9,0.00039874
72,2068,1,5_9,0.00039053
72,2069,1,5_9,0.00038277
72,2070,1,5_9,0.00037488
72,2071,1,5_9,0.00036697
72,2072,1,5_9,0.0003603
72,2073,1,5_9,0.00035333
72,2074,1,5_9,0.00034648
72,2075,1,5_9,0.00033968
72,2076,1,5_9,0.00033276
72,2077,1,5_9,0.00032657
72,2078,1,5_9,0.00031987
72,2079,1,5_9,0.00031349
72,2080,1,5_9,0.00030655
72,2081,1,5_9,0.00029992
72,2082,1,5_9,0.00029376
72,2083,1,5_9,0.00028758
72,2084,1,5_9,0.00028116
72,2085,1,5_9,0.00027455
72,2086,1,5_9,0.00026796
72,2087,1,5_9,0.00026147
72,2088,1,5_9,0.00025527
72,2089,1,5_9,0.00025014
72,2090,1,5_9,0.0002455
72,2091,1,5_9,0.00024109
72,2092,1,5_9,0.00023649
72,2093,1,5_9,0.00023202
72,2094,1,5_9,0.00022785
72,2095,1,5_9,0.00022338
72,2096,1,5_9,0.00021893
72,2097,1,5_9,0.00021475
72,2098,1,5_9,0.00021043
72,2099,1,5_9,0.00020635
72,2100,1,5_9,0.00020213
748,2024,1,5_9,0.00102758
748,2025,1,5_9,0.00101645
748,2026,1,5_9,0.00100509
748,2027,1,5_9,0.0009967
748,2028,1,5_9,0.00098631
748,2029,1,5_9,0.00097677
748,2030,1,5_9,0.00096731
748,2031,1,5_9,0.00095621
748,2032,1,5_9,0.00094704
748,2033,1,5_9,0.00093766
748,2034,1,5_9,0.00092855
748,2035,1,5_9,0.00091992
748,2036,1,5_9,0.00091109
748,2037,1,5_9,0.00090315
748,2038,1,5_9,0.00089367
748,2039,1,5_9,0.00088451
748,2040,1,5_9,0.00087464
748,2041,1,5_9,0.00086663
748,2042,1,5_9,0.00085904
748,2043,1,5_9,0.00085121
748,2044,1,5_9,0.00084281
748,2045,1,5_9,0.00083501
748,2046,1,5_9,0.00082611
748,2047,1,5_9,0.00081881
748,2048,1,5_9,0.00081188
748,2049,1,5_9,0.00080514
748,2050,1,5_9,0.00079743
748,2051,1,5_9,0.00078996
748,2052,1,5_9,0.00078155
748,2053,1,5_9,0.00077456
748,2054,1,5_9,0.00076752
748,2055,1,5_9,0.00076037
748,2056,1,5_9,0.0007533
748,2057,1,5_9,0.00074691
748,2058,1,5_9,0.0007402
748,2059,1,5_9,0.00073311
748,2060,1,5_9,0.0007257
748,2061,1,5_9,0.00071865
748,2062,1,5_9,0.00071119
748,2063,1,5_9,0.00070388
748,2064,1,5_9,0.00069651
748,2065,1,5_9,0.0006902
748,2066,1,5_9,0.00068358
748,2067,1,5_9,0.00067521
748,2068,1,5_9,0.00066613
748,2069,1,5_9,0.00065867
748,2070,1,5_9,0.00065236
748,2071,1,5_9,0.00064465
748,2072,1,5_9,0.00063743
748,2073,1,5_9,0.00062986
748,2074,1,5_9,0.0006228
748,2075,1,5_9,0.0006151
748,2076,1,5_9,0.00060574
748,2077,1,5_9,0.00059754
748,2078,1,5_9,0.00058989
748,2079,1,5_9,0.00058129
748,2080,1,5_9,0.00057412
748,2081,1,5_9,0.00056761
748,2082,1,5_9,0.00055997
748,2083,1,5_9,0.00055226
748,2084,1,5_9,0.0005454
748,2085,1,5_9,0.00053704
748,2086,1,5_9,0.00052911
748,2087,1,5_9,0.000522
748,2088,1,5_9,0.00051561
748,2089,1,5_9,0.00050722
748,2090,1,5_9,0.00050091
748,2091,1,5_9,0.00049276
748,2092,1,5_9,0.00048567
748,2093,1,5_9,0.00047769
748,2094,1,5_9,0.00047036
748,2095,1,5_9,0.00046203
748,2096,1,5_9,0.00045491
748,2097,1,5_9,0.00044661
748,2098,1,5_9,0.00043986
748,2099,1,5_9,0.00043118
748,2100,1,5_9,0.00042589
426,2024,1,5_9,0.00132558
426,2025,1,5_9,0.0012894
426,2026,1,5_9,0.0012546
426,2027,1,5_9,0.00122084
426,2028,1,5_9,0.00118949
426,2029,1,5_9,0.00115872
426,2030,1,5_9,0.00112947
426,2031,1,5_9,0.00110237
426,2032,1,5_9,0.00107604
426,2033,1,5_9,0.00104952
426,2034,1,5_9,0.00102536
426,2035,1,5_9,0.00100109
426,2036,1,5_9,0.00097616
426,2037,1,5_9,0.00095333
426,2038,1,5_9,0.00093192
426,2039,1,5_9,0.00090928
426,2040,1,5_9,0.00088819
426,2041,1,5_9,0.00086735
426,2042,1,5_9,0.00084823
426,2043,1,5_9,0.00082801
426,2044,1,5_9,0.00080987
426,2045,1,5_9,0.00079054
426,2046,1,5_9,0.00077293
426,2047,1,5_9,0.00075775
426,2048,1,5_9,0.00074151
426,2049,1,5_9,0.00072741
426,2050,1,5_9,0.00071357
426,2051,1,5_9,0.0006987
426,2052,1,5_9,0.00068476
426,2053,1,5_9,0.00067144
426,2054,1,5_9,0.00065813
426,2055,1,5_9,0.0006469
426,2056,1,5_9,0.00063566
426,2057,1,5_9,0.00062428
426,2058,1,5_9,0.00061479
426,2059,1,5_9,0.00060518
426,2060,1,5_9,0.00059261
426,2061,1,5_9,0.00058269
426,2062,1,5_9,0.0005719
426,2063,1,5_9,0.00056095
426,2064,1,5_9,0.00055181
426,2065,1,5_9,0.00054239
426,2066,1,5_9,0.00053195
426,2067,1,5_9,0.00052123
426,2068,1,5_9,0.00051257
426,2069,1,5_9,0.00050389
426,2070,1,5_9,0.00049484
426,2071,1,5_9,0.0004849
426,2072,1,5_9,0.0004756
426,2073,1,5_9,0.00046524
426,2074,1,5_9,0.00045667
426,2075,1,5_9,0.00044905
426,2076,1,5_9,0.00044139
426,2077,1,5_9,0.00043395
426,2078,1,5_9,0.00042493
426,2079,1,5_9,0.00041687
426,2080,1,5_9,0.00040922
426,2081,1,5_9,0.00040195
426,2082,1,5_9,0.00039383
426,2083,1,5_9,0.00038661
426,2084,1,5_9,0.00037972
426,2085,1,5_9,0.00037279
426,2086,1,5_9,0.00036623
426,2087,1,5_9,0.00035765
426,2088,1,5_9,0.00035041
426,2089,1,5_9,0.00034309
426,2090,1,5_9,0.00033775
426,2091,1,5_9,0.00033294
426,2092,1,5_9,0.00032773
426,2093,1,5_9,0.00032134
426,2094,1,5_9,0.00031631
426,2095,1,5_9,0.00031097
426,2096,1,5_9,0.00030546
426,2097,1,5_9,0.00030009
426,2098,1,5_9,0.00029445
426,2099,1,5_9,0.00028889
426,2100,1,5_9,0.00028346
516,2024,1,5_9,0.00088564
516,2025,1,5_9,0.00087369
516,2026,1,5_9,0.00086222
516,2027,1,5_9,0.00085011
516,2028,1,5_9,0.00083892
516,2029,1,5_9,0.00082926
516,2030,1,5_9,0.0008185
516,2031,1,5_9,0.00080769
516,2032,1,5_9,0.00079754
516,2033,1,5_9,0.00078638
516,2034,1,5_9,0.00077542
516,2035,1,5_9,0.00076528
516,2036,1,5_9,0.00075495
516,2037,1,5_9,0.00074532
516,2038,1,5_9,0.00073331
516,2039,1,5_9,0.00072345
516,2040,1,5_9,0.00071511
516,2041,1,5_9,0.00070602
516,2042,1,5_9,0.00069677
516,2043,1,5_9,0.00068821
516,2044,1,5_9,0.00067644
516,2045,1,5_9,0.0006671
516,2046,1,5_9,0.00065704
516,2047,1,5_9,0.00064727
516,2048,1,5_9,0.00063674
516,2049,1,5_9,0.00062618
516,2050,1,5_9,0.00061653
516,2051,1,5_9,0.00060853
516,2052,1,5_9,0.00059949
516,2053,1,5_9,0.00059147
516,2054,1,5_9,0.0005817
516,2055,1,5_9,0.00057399
516,2056,1,5_9,0.00056557
516,2057,1,5_9,0.0005571
516,2058,1,5_9,0.0005481
516,2059,1,5_9,0.00053975
516,2060,1,5_9,0.00053057
516,2061,1,5_9,0.00052233
516,2062,1,5_9,0.00051349
516,2063,1,5_9,0.00050442
516,2064,1,5_9,0.00049641
516,2065,1,5_9,0.00048711
516,2066,1,5_9,0.00047747
516,2067,1,5_9,0.00046818
516,2068,1,5_9,0.00045941
516,2069,1,5_9,0.00044992
516,2070,1,5_9,0.00044097
516,2071,1,5_9,0.00043267
516,2072,1,5_9,0.0004241
516,2073,1,5_9,0.00041522
516,2074,1,5_9,0.00040833
516,2075,1,5_9,0.00040132
516,2076,1,5_9,0.0003944
516,2077,1,5_9,0.00038822
516,2078,1,5_9,0.0003809
516,2079,1,5_9,0.00037421
516,2080,1,5_9,0.00036739
516,2081,1,5_9,0.00036019
516,2082,1,5_9,0.00035285
516,2083,1,5_9,0.00034558
516,2084,1,5_9,0.0003387
516,2085,1,5_9,0.00033183
516,2086,1,5_9,0.00032408
516,2087,1,5_9,0.00031697
516,2088,1,5_9,0.00030961
516,2089,1,5_9,0.00030283
516,2090,1,5_9,0.00029627
516,2091,1,5_9,0.00029095
516,2092,1,5_9,0.00028618
516,2093,1,5_9,0.0002813
516,2094,1,5_9,0.0002759
516,2095,1,5_9,0.0002705
516,2096,1,5_9,0.00026493
516,2097,1,5_9,0.00025959
516,2098,1,5_9,0.0002544
516,2099,1,5_9,0.0002493
516,2100,1,5_9,0.00024411
710,2024,1,5_9,0.0006007
710,2025,1,5_9,0.00058867
710,2026,1,5_9,0.00057795
710,2027,1,5_9,0.00056725
710,2028,1,5_9,0.00055737
710,2029,1,5_9,0.00054742
710,2030,1,5_9,0.00053707
710,2031,1,5_9,0.00052793
710,2032,1,5_9,0.00051824
710,2033,1,5_9,0.00050874
710,2034,1,5_9,0.00050012
710,2035,1,5_9,0.00049176
710,2036,1,5_9,0.00048332
710,2037,1,5_9,0.00047382
710,2038,1,5_9,0.00046567
710,2039,1,5_9,0.00045583
710,2040,1,5_9,0.00044761
710,2041,1,5_9,0.00043954
710,2042,1,5_9,0.00043074
710,2043,1,5_9,0.00042146
710,2044,1,5_9,0.00041372
710,2045,1,5_9,0.00040459
710,2046,1,5_9,0.00039613
710,2047,1,5_9,0.00038879
710,2048,1,5_9,0.00038117
710,2049,1,5_9,0.00037367
710,2050,1,5_9,0.00036544
710,2051,1,5_9,0.00035813
710,2052,1,5_9,0.00035097
710,2053,1,5_9,0.00034338
710,2054,1,5_9,0.00033637
710,2055,1,5_9,0.00032906
710,2056,1,5_9,0.00032185
710,2057,1,5_9,0.00031457
710,2058,1,5_9,0.0003082
710,2059,1,5_9,0.00030252
710,2060,1,5_9,0.00029638
710,2061,1,5_9,0.00029068
710,2062,1,5_9,0.00028468
710,2063,1,5_9,0.00027897
710,2064,1,5_9,0.00027311
710,2065,1,5_9,0.00026791
710,2066,1,5_9,0.00026242
710,2067,1,5_9,0.00025656
710,2068,1,5_9,0.0002511
710,2069,1,5_9,0.00024554
710,2070,1,5_9,0.00023992
710,2071,1,5_9,0.00023452
710,2072,1,5_9,0.00022949
710,2073,1,5_9,0.00022389
710,2074,1,5_9,0.00021992
710,2075,1,5_9,0.00021623
710,2076,1,5_9,0.0002124
710,2077,1,5_9,0.00020875
710,2078,1,5_9,0.00020486
710,2079,1,5_9,0.00020121
710,2080,1,5_9,0.00019804
710,2081,1,5_9,0.00019427
710,2082,1,5_9,0.00019064
710,2083,1,5_9,0.00018717
710,2084,1,5_9,0.00018373
710,2085,1,5_9,0.00018027
710,2086,1,5_9,0.00017691
710,2087,1,5_9,0.00017349
710,2088,1,5_9,0.00017
710,2089,1,5_9,0.00016691
710,2090,1,5_9,0.00016371
710,2091,1,5_9,0.00016053
710,2092,1,5_9,0.00015743
710,2093,1,5_9,0.00015419
710,2094,1,5_9,0.00015122
710,2095,1,5_9,0.000148
710,2096,1,5_9,0.00014517
710,2097,1,5_9,0.00014216
710,2098,1,5_9,0.00013941
710,2099,1,5_9,0.00013651
710,2100,1,5_9,0.00013396
204,2024,1,5_9,0.00381621
204,2025,1,5_9,0.00376527
204,2026,1,5_9,0.00371519
204,2027,1,5_9,0.00366715
204,2028,1,5_9,0.00361843
204,2029,1,5_9,0.00357081
204,2030,1,5_9,0.00352788
204,2031,1,5_9,0.00348138
204,2032,1,5_9,0.00344017
204,2033,1,5_9,0.00339558
204,2034,1,5_9,0.00335501
204,2035,1,5_9,0.00331186
204,2036,1,5_9,0.00327116
204,2037,1,5_9,0.0032272
204,2038,1,5_9,0.00318506
204,2039,1,5_9,0.00314725
204,2040,1,5_9,0.00310529
204,2041,1,5_9,0.00306659
204,2042,1,5_9,0.00302515
204,2043,1,5_9,0.00298852
204,2044,1,5_9,0.00294831
204,2045,1,5_9,0.0029175
204,2046,1,5_9,0.00288577
204,2047,1,5_9,0.0028529
204,2048,1,5_9,0.00281608
204,2049,1,5_9,0.00277904
204,2050,1,5_9,0.00274372
204,2051,1,5_9,0.00270977
204,2052,1,5_9,0.00268173
204,2053,1,5_9,0.00264987
204,2054,1,5_9,0.00261622
204,2055,1,5_9,0.00258627
204,2056,1,5_9,0.00255275
204,2057,1,5_9,0.00252045
204,2058,1,5_9,0.002487
204,2059,1,5_9,0.00245771
204,2060,1,5_9,0.00242692
204,2061,1,5_9,0.00239502
204,2062,1,5_9,0.00236544
204,2063,1,5_9,0.00233642
204,2064,1,5_9,0.0023061
204,2065,1,5_9,0.00227959
204,2066,1,5_9,0.00225242
204,2067,1,5_9,0.00222476
204,2068,1,5_9,0.00219919
204,2069,1,5_9,0.00217113
204,2070,1,5_9,0.00214774
204,2071,1,5_9,0.00211766
204,2072,1,5_9,0.00208837
204,2073,1,5_9,0.00206211
204,2074,1,5_9,0.00203447
204,2075,1,5_9,0.00200919
204,2076,1,5_9,0.00198683
204,2077,1,5_9,0.00195955
204,2078,1,5_9,0.00193404
204,2079,1,5_9,0.00190497
204,2080,1,5_9,0.00187993
204,2081,1,5_9,0.00185421
204,2082,1,5_9,0.00182821
204,2083,1,5_9,0.00180211
204,2084,1,5_9,0.00177597
204,2085,1,5_9,0.00175063
204,2086,1,5_9,0.00172459
204,2087,1,5_9,0.00169933
204,2088,1,5_9,0.0016773
204,2089,1,5_9,0.0016529
204,2090,1,5_9,0.00162906
204,2091,1,5_9,0.00160421
204,2092,1,5_9,0.00157956
204,2093,1,5_9,0.00155499
204,2094,1,5_9,0.00153295
204,2095,1,5_9,0.00151073
204,2096,1,5_9,0.0014868
204,2097,1,5_9,0.00146528
204,2098,1,5_9,0.00144023
204,2099,1,5_9,0.00141459
204,2100,1,5_9,0.00139548
854,2024,1,5_9,0.00270198
854,2025,1,5_9,0.0026687
854,2026,1,5_9,0.00263758
854,2027,1,5_9,0.00260366
854,2028,1,5_9,0.00257121
854,2029,1,5_9,0.00253995
854,2030,1,5_9,0.00250697
854,2031,1,5_9,0.00247416
854,2032,1,5_9,0.00244461
854,2033,1,5_9,0.00241065
854,2034,1,5_9,0.00237852
854,2035,1,5_9,0.0023491
854,2036,1,5_9,0.00231886
854,2037,1,5_9,0.00229244
854,2038,1,5_9,0.0022623
854,2039,1,5_9,0.00223255
854,2040,1,5_9,0.00220363
854,2041,1,5_9,0.00217836
854,2042,1,5_9,0.00215045
854,2043,1,5_9,0.00212578
854,2044,1,5_9,0.00209797
854,2045,1,5_9,0.00207185
854,2046,1,5_9,0.00204766
854,2047,1,5_9,0.00202093
854,2048,1,5_9,0.00199619
854,2049,1,5_9,0.0019716
854,2050,1,5_9,0.00194864
854,2051,1,5_9,0.00192416
854,2052,1,5_9,0.00189963
854,2053,1,5_9,0.00187805
854,2054,1,5_9,0.00185633
854,2055,1,5_9,0.00183667
854,2056,1,5_9,0.0018164
854,2057,1,5_9,0.0017953
854,2058,1,5_9,0.00177341
854,2059,1,5_9,0.00175215
854,2060,1,5_9,0.00172788
854,2061,1,5_9,0.00170769
854,2062,1,5_9,0.0016857
854,2063,1,5_9,0.00166562
854,2064,1,5_9,0.00164439
854,2065,1,5_9,0.00162528
854,2066,1,5_9,0.00160781
854,2067,1,5_9,0.00158577
854,2068,1,5_9,0.00156686
854,2069,1,5_9,0.00154962
854,2070,1,5_9,0.00153015
854,2071,1,5_9,0.00150838
854,2072,1,5_9,0.00148927
854,2073,1,5_9,0.00146903
854,2074,1,5_9,0.00145193
854,2075,1,5_9,0.00143379
854,2076,1,5_9,0.00141482
854,2077,1,5_9,0.00139604
854,2078,1,5_9,0.00137746
854,2079,1,5_9,0.00136166
854,2080,1,5_9,0.00134286
854,2081,1,5_9,0.00132474
854,2082,1,5_9,0.00130819
854,2083,1,5_9,0.00128833
854,2084,1,5_9,0.00127098
854,2085,1,5_9,0.00125441
854,2086,1,5_9,0.00123628
854,2087,1,5_9,0.00121838
854,2088,1,5_9,0.00120206
854,2089,1,5_9,0.00118141
854,2090,1,5_9,0.00116345
854,2091,1,5_9,0.00114474
854,2092,1,5_9,0.00112757
854,2093,1,5_9,0.00110993
854,2094,1,5_9,0.00109123
854,2095,1,5_9,0.00107502
854,2096,1,5_9,0.00105762
854,2097,1,5_9,0.00104234
854,2098,1,5_9,0.00102328
854,2099,1,5_9,0.00100609
854,2100,1,5_9,0.0009875
132,2024,1,5_9,0.00016743
132,2025,1,5_9,0.00016368
132,2026,1,5_9,0.0001601
132,2027,1,5_9,0.00015664
132,2028,1,5_9,0.00015304
132,2029,1,5_9,0.00014955
132,2030,1,5_9,0.0001462
132,2031,1,5_9,0.00014268
132,2032,1,5_9,0.00013925
132,2033,1,5_9,0.00013561
132,2034,1,5_9,0.00013246
132,2035,1,5_9,0.00012953
132,2036,1,5_9,0.00012661
132,2037,1,5_9,0.00012363
132,2038,1,5_9,0.00012085
132,2039,1,5_9,0.00011811
132,2040,1,5_9,0.00011539
132,2041,1,5_9,0.00011272
132,2042,1,5_9,0.00011009
132,2043,1,5_9,0.00010779
132,2044,1,5_9,0.0001052
132,2045,1,5_9,0.00010268
132,2046,1,5_9,0.00010016
132,2047,1,5_9,9.782e-05
132,2048,1,5_9,9.568e-05
132,2049,1,5_9,9.362e-05
132,2050,1,5_9,9.157e-05
132,2051,1,5_9,8.957e-05
132,2052,1,5_9,8.765e-05
132,2053,1,5_9,8.582e-05
132,2054,1,5_9,8.407e-05
132,2055,1,5_9,8.242e-05
132,2056,1,5_9,8.054e-05
132,2057,1,5_9,7.898e-05
132,2058,1,5_9,7.737e-05
132,2059,1,5_9,7.596e-05
132,2060,1,5_9,7.469e-05
132,2061,1,5_9,7.335e-05
132,2062,1,5_9,7.212e-05
132,2063,1,5_9,7.094e-05
132,2064,1,5_9,6.974e-05
132,2065,1,5_9,6.857e-05
132,2066,1,5_9,6.746e-05
132,2067,1,5_9,6.637e-05
132,2068,1,5_9,6.542e-05
132,2069,1,5_9,6.441e-05
132,2070,1,5_9,6.344e-05
132,2071,1,5_9,6.246e-05
132,2072,1,5_9,6.148e-05
132,2073,1,5_9,6.055e-05
132,2074,1,5_9,5.969e-05
132,2075,1,5_9,5.871e-05
132,2076,1,5_9,5.792e-05
132,2077,1,5_9,5.728e-05
132,2078,1,5_9,5.651e-05
132,2079,1,5_9,5.573e-05
132,2080,1,5_9,5.498e-05
132,2081,1,5_9,5.427e-05
132,2082,1,5_9,5.361e-05
132,2083,1,5_9,5.29e-05
132,2084,1,5_9,5.219e-05
132,2085,1,5_9,5.146e-05
132,2086,1,5_9,5.085e-05
132,2087,1,5_9,5.02e-05
132,2088,1,5_9,4.957e-05
132,2089,1,5_9,4.899e-05
132,2090,1,5_9,4.836e-05
132,2091,1,5_9,4.778e-05
132,2092,1,5_9,4.72e-05
132,2093,1,5_9,4.674e-05
132,2094,1,5_9,4.62e-05
132,2095,1,5_9,4.574e-05
132,2096,1,5_9,4.519e-05
132,2097,1,5_9,4.466e-05
132,2098,1,5_9,4.415e-05
132,2099,1,5_9,4.366e-05
132,2100,1,5_9,4.325e-05
384,2024,1,5_9,0.00142599
384,2025,1,5_9,0.00141726
384,2026,1,5_9,0.00140878
384,2027,1,5_9,0.00139946
384,2028,1,5_9,0.00139262
384,2029,1,5_9,0.00138516
384,2030,1,5_9,0.00137467
384,2031,1,5_9,0.00136521
384,2032,1,5_9,0.00135355
384,2033,1,5_9,0.00134661
384,2034,1,5_9,0.00133897
384,2035,1,5_9,0.00132919
384,2036,1,5_9,0.00132205
384,2037,1,5_9,0.00131309
384,2038,1,5_9,0.00130385
384,2039,1,5_9,0.00129879
384,2040,1,5_9,0.00129005
384,2041,1,5_9,0.00128206
384,2042,1,5_9,0.00127438
384,2043,1,5_9,0.00126842
384,2044,1,5_9,0.00125855
384,2045,1,5_9,0.00124879
384,2046,1,5_9,0.00124205
384,2047,1,5_9,0.00123546
384,2048,1,5_9,0.00122768
384,2049,1,5_9,0.00121956
384,2050,1,5_9,0.00121305
384,2051,1,5_9,0.00120537
384,2052,1,5_9,0.0011977
384,2053,1,5_9,0.00119156
384,2054,1,5_9,0.00118274
384,2055,1,5_9,0.00117356
384,2056,1,5_9,0.0011665
384,2057,1,5_9,0.00115747
384,2058,1,5_9,0.00114858
384,2059,1,5_9,0.0011413
384,2060,1,5_9,0.00113352
384,2061,1,5_9,0.00112657
384,2062,1,5_9,0.00111599
384,2063,1,5_9,0.00110906
384,2064,1,5_9,0.00110161
384,2065,1,5_9,0.00109456
384,2066,1,5_9,0.00108674
384,2067,1,5_9,0.00107981
384,2068,1,5_9,0.00107319
384,2069,1,5_9,0.00106292
384,2070,1,5_9,0.00105536
384,2071,1,5_9,0.00104827
384,2072,1,5_9,0.00104026
384,2073,1,5_9,0.00103238
384,2074,1,5_9,0.00102467
384,2075,1,5_9,0.00101596
384,2076,1,5_9,0.0010043
384,2077,1,5_9,0.00099576
384,2078,1,5_9,0.00098603
384,2079,1,5_9,0.00097629
384,2080,1,5_9,0.00096377
384,2081,1,5_9,0.00095587
384,2082,1,5_9,0.00094691
384,2083,1,5_9,0.00093694
384,2084,1,5_9,0.00092814
384,2085,1,5_9,0.00091846
384,2086,1,5_9,0.00090966
384,2087,1,5_9,0.00089868
384,2088,1,5_9,0.00089099
384,2089,1,5_9,0.00088222
384,2090,1,5_9,0.0008739
384,2091,1,5_9,0.00086509
384,2092,1,5_9,0.00085673
384,2093,1,5_9,0.00084718
384,2094,1,5_9,0.00083472
384,2095,1,5_9,0.00082619
384,2096,1,5_9,0.00081691
384,2097,1,5_9,0.00080772
384,2098,1,5_9,0.00079744
384,2099,1,5_9,0.00078392
384,2100,1,5_9,0.00077321
270,2024,1,5_9,0.00260001
270,2025,1,5_9,0.00254614
270,2026,1,5_9,0.00249292
270,2027,1,5_9,0.00244072
270,2028,1,5_9,0.00239079
270,2029,1,5_9,0.00234342
270,2030,1,5_9,0.00229957
270,2031,1,5_9,0.00225405
270,2032,1,5_9,0.00220876
270,2033,1,5_9,0.00216464
270,2034,1,5_9,0.00212174
270,2035,1,5_9,0.0020815
270,2036,1,5_9,0.00204365
270,2037,1,5_9,0.00200696
270,2038,1,5_9,0.00196921
270,2039,1,5_9,0.00193255
270,2040,1,5_9,0.00190035
270,2041,1,5_9,0.00186404
270,2042,1,5_9,0.00183179
270,2043,1,5_9,0.00179715
270,2044,1,5_9,0.00176657
270,2045,1,5_9,0.00173618
270,2046,1,5_9,0.00170312
270,2047,1,5_9,0.00166875
270,2048,1,5_9,0.00164131
270,2049,1,5_9,0.00161251
270,2050,1,5_9,0.00158345
270,2051,1,5_9,0.00155336
270,2052,1,5_9,0.00152621
270,2053,1,5_9,0.00150031
270,2054,1,5_9,0.00147172
270,2055,1,5_9,0.00144263
270,2056,1,5_9,0.00141292
270,2057,1,5_9,0.00138478
270,2058,1,5_9,0.00135863
270,2059,1,5_9,0.00133328
270,2060,1,5_9,0.00130635
270,2061,1,5_9,0.00127748
270,2062,1,5_9,0.00125093
270,2063,1,5_9,0.00122677
270,2064,1,5_9,0.0011994
270,2065,1,5_9,0.00117368
270,2066,1,5_9,0.00115254
270,2067,1,5_9,0.00113218
270,2068,1,5_9,0.00111355
270,2069,1,5_9,0.0010935
270,2070,1,5_9,0.00107437
270,2071,1,5_9,0.00105639
270,2072,1,5_9,0.00103879
270,2073,1,5_9,0.00102058
270,2074,1,5_9,0.00100263
270,2075,1,5_9,0.00098413
270,2076,1,5_9,0.00096752
270,2077,1,5_9,0.000951
270,2078,1,5_9,0.00093394
270,2079,1,5_9,0.0009159
270,2080,1,5_9,0.00089863
270,2081,1,5_9,0.0008823
270,2082,1,5_9,0.00086488
270,2083,1,5_9,0.0008483
270,2084,1,5_9,0.00083007
270,2085,1,5_9,0.00081396
270,2086,1,5_9,0.00079575
270,2087,1,5_9,0.00078223
270,2088,1,5_9,0.00076859
270,2089,1,5_9,0.00075364
270,2090,1,5_9,0.00074009
270,2091,1,5_9,0.00072656
270,2092,1,5_9,0.000713
270,2093,1,5_9,0.00069965
270,2094,1,5_9,0.00068635
270,2095,1,5_9,0.00067326
270,2096,1,5_9,0.00066033
270,2097,1,5_9,0.00064732
270,2098,1,5_9,0.00063421
270,2099,1,5_9,0.0006218
270,2100,1,5_9,0.00060968
288,2024,1,5_9,0.00305843
288,2025,1,5_9,0.00299845
288,2026,1,5_9,0.00293745
288,2027,1,5_9,0.0028788
288,2028,1,5_9,0.00281526
288,2029,1,5_9,0.00276079
288,2030,1,5_9,0.0027074
288,2031,1,5_9,0.00265261
288,2032,1,5_9,0.00260216
288,2033,1,5_9,0.0025513
288,2034,1,5_9,0.00250531
288,2035,1,5_9,0.00245773
288,2036,1,5_9,0.00241157
288,2037,1,5_9,0.00236521
288,2038,1,5_9,0.00232133
288,2039,1,5_9,0.00227684
288,2040,1,5_9,0.00223718
288,2041,1,5_9,0.00219637
288,2042,1,5_9,0.00215484
288,2043,1,5_9,0.00211155
288,2044,1,5_9,0.00207088
288,2045,1,5_9,0.00203195
288,2046,1,5_9,0.00199053
288,2047,1,5_9,0.00195022
288,2048,1,5_9,0.00191188
288,2049,1,5_9,0.001869
288,2050,1,5_9,0.00183362
288,2051,1,5_9,0.00179757
288,2052,1,5_9,0.00176256
288,2053,1,5_9,0.00172746
288,2054,1,5_9,0.00168894
288,2055,1,5_9,0.00165264
288,2056,1,5_9,0.00161407
288,2057,1,5_9,0.00158181
288,2058,1,5_9,0.00154972
288,2059,1,5_9,0.00151472
288,2060,1,5_9,0.00148504
288,2061,1,5_9,0.00145268
288,2062,1,5_9,0.00141954
288,2063,1,5_9,0.00139078
288,2064,1,5_9,0.00136198
288,2065,1,5_9,0.00133084
288,2066,1,5_9,0.001301
288,2067,1,5_9,0.00127343
288,2068,1,5_9,0.00124425
288,2069,1,5_9,0.00121479
288,2070,1,5_9,0.00118818
288,2071,1,5_9,0.00116695
288,2072,1,5_9,0.00114341
288,2073,1,5_9,0.00112058
288,2074,1,5_9,0.00109945
288,2075,1,5_9,0.00107853
288,2076,1,5_9,0.00105672
288,2077,1,5_9,0.00103488
288,2078,1,5_9,0.00101319
288,2079,1,5_9,0.00099148
288,2080,1,5_9,0.00097043
288,2081,1,5_9,0.00094859
288,2082,1,5_9,0.00092794
288,2083,1,5_9,0.00090782
288,2084,1,5_9,0.00088839
288,2085,1,5_9,0.00086855
288,2086,1,5_9,0.00084722
288,2087,1,5_9,0.00082762
288,2088,1,5_9,0.00081033
288,2089,1,5_9,0.00079314
288,2090,1,5_9,0.00077592
288,2091,1,5_9,0.00075876
288,2092,1,5_9,0.00074237
288,2093,1,5_9,0.00072585
288,2094,1,5_9,0.00071035
288,2095,1,5_9,0.00069552
288,2096,1,5_9,0.00068007
288,2097,1,5_9,0.00066524
288,2098,1,5_9,0.00065005
288,2099,1,5_9,0.00063521
288,2100,1,5_9,0.00062174
324,2024,1,5_9,0.0033459
324,2025,1,5_9,0.00330973
324,2026,1,5_9,0.00327373
324,2027,1,5_9,0.00323362
324,2028,1,5_9,0.00319978
324,2029,1,5_9,0.00316495
324,2030,1,5_9,0.00312686
324,2031,1,5_9,0.00309477
324,2032,1,5_9,0.00306228
324,2033,1,5_9,0.00302919
324,2034,1,5_9,0.00299457
324,2035,1,5_9,0.00296179
324,2036,1,5_9,0.00292814
324,2037,1,5_9,0.00289614
324,2038,1,5_9,0.00286219
324,2039,1,5_9,0.0028312
324,2040,1,5_9,0.00280076
324,2041,1,5_9,0.00276952
324,2042,1,5_9,0.00273938
324,2043,1,5_9,0.00270901
324,2044,1,5_9,0.00267826
324,2045,1,5_9,0.00265001
324,2046,1,5_9,0.00262032
324,2047,1,5_9,0.00259043
324,2048,1,5_9,0.00256282
324,2049,1,5_9,0.00253092
324,2050,1,5_9,0.00250359
324,2051,1,5_9,0.00247401
324,2052,1,5_9,0.00244681
324,2053,1,5_9,0.00242068
324,2054,1,5_9,0.00239676
324,2055,1,5_9,0.00237054
324,2056,1,5_9,0.00234612
324,2057,1,5_9,0.0023206
324,2058,1,5_9,0.00229359
324,2059,1,5_9,0.00226782
324,2060,1,5_9,0.0022438
324,2061,1,5_9,0.00222309
324,2062,1,5_9,0.00220111
324,2063,1,5_9,0.00217712
324,2064,1,5_9,0.00215386
324,2065,1,5_9,0.00212838
324,2066,1,5_9,0.00210522
324,2067,1,5_9,0.00207605
324,2068,1,5_9,0.0020498
324,2069,1,5_9,0.00202524
324,2070,1,5_9,0.00200175
324,2071,1,5_9,0.00197778
324,2072,1,5_9,0.00195703
324,2073,1,5_9,0.00193719
324,2074,1,5_9,0.00191381
324,2075,1,5_9,0.00189238
324,2076,1,5_9,0.00186751
324,2077,1,5_9,0.00184495
324,2078,1,5_9,0.00182065
324,2079,1,5_9,0.00179732
324,2080,1,5_9,0.00177674
324,2081,1,5_9,0.00175292
324,2082,1,5_9,0.00173127
324,2083,1,5_9,0.00171011
324,2084,1,5_9,0.00168748
324,2085,1,5_9,0.00166522
324,2086,1,5_9,0.00164242
324,2087,1,5_9,0.00162121
324,2088,1,5_9,0.00159867
324,2089,1,5_9,0.00157643
324,2090,1,5_9,0.0015545
324,2091,1,5_9,0.00153371
324,2092,1,5_9,0.00151159
324,2093,1,5_9,0.00148888
324,2094,1,5_9,0.00146774
324,2095,1,5_9,0.00144547
324,2096,1,5_9,0.00142262
324,2097,1,5_9,0.00140226
324,2098,1,5_9,0.00138313
324,2099,1,5_9,0.00136201
324,2100,1,5_9,0.00134222
624,2024,1,5_9,0.0016461
624,2025,1,5_9,0.00162895
624,2026,1,5_9,0.00160991
624,2027,1,5_9,0.00159274
624,2028,1,5_9,0.00157591
624,2029,1,5_9,0.0015606
624,2030,1,5_9,0.00154325
624,2031,1,5_9,0.00152848
624,2032,1,5_9,0.00151209
624,2033,1,5_9,0.00149633
624,2034,1,5_9,0.00147987
624,2035,1,5_9,0.00146507
624,2036,1,5_9,0.00144918
624,2037,1,5_9,0.00143369
624,2038,1,5_9,0.00141838
624,2039,1,5_9,0.00140499
624,2040,1,5_9,0.00138929
624,2041,1,5_9,0.00137519
624,2042,1,5_9,0.00136053
624,2043,1,5_9,0.0013478
624,2044,1,5_9,0.00133568
624,2045,1,5_9,0.00132107
624,2046,1,5_9,0.0013081
624,2047,1,5_9,0.00129493
624,2048,1,5_9,0.00128257
624,2049,1,5_9,0.00126971
624,2050,1,5_9,0.00125603
624,2051,1,5_9,0.00124464
624,2052,1,5_9,0.00123261
624,2053,1,5_9,0.00122139
624,2054,1,5_9,0.00120807
624,2055,1,5_9,0.00119794
624,2056,1,5_9,0.00118589
624,2057,1,5_9,0.00117322
624,2058,1,5_9,0.00115968
624,2059,1,5_9,0.001149
624,2060,1,5_9,0.00113606
624,2061,1,5_9,0.00112453
624,2062,1,5_9,0.00111285
624,2063,1,5_9,0.00109758
624,2064,1,5_9,0.00108432
624,2065,1,5_9,0.00107259
624,2066,1,5_9,0.00105819
624,2067,1,5_9,0.00104581
624,2068,1,5_9,0.00103361
624,2069,1,5_9,0.00102121
624,2070,1,5_9,0.00100948
624,2071,1,5_9,0.00099458
624,2072,1,5_9,0.00098268
624,2073,1,5_9,0.00096981
624,2074,1,5_9,0.00095616
624,2075,1,5_9,0.0009429
624,2076,1,5_9,0.00092794
624,2077,1,5_9,0.00091489
624,2078,1,5_9,0.0009023
624,2079,1,5_9,0.00088669
624,2080,1,5_9,0.00087517
624,2081,1,5_9,0.00086251
624,2082,1,5_9,0.0008515
624,2083,1,5_9,0.00083607
624,2084,1,5_9,0.00082257
624,2085,1,5_9,0.00080837
624,2086,1,5_9,0.00079682
624,2087,1,5_9,0.00078112
624,2088,1,5_9,0.00076871
624,2089,1,5_9,0.00075376
624,2090,1,5_9,0.00074314
624,2091,1,5_9,0.00073318
624,2092,1,5_9,0.00072454
624,2093,1,5_9,0.00071456
624,2094,1,5_9,0.00070537
624,2095,1,5_9,0.0006955
624,2096,1,5_9,0.0006862
624,2097,1,5_9,0.00067603
624,2098,1,5_9,0.00066479
624,2099,1,5_9,0.00065584
624,2100,1,5_9,0.00064499
430,2024,1,5_9,0.00134801
430,2025,1,5_9,0.0013424
430,2026,1,5_9,0.00133658
430,2027,1,5_9,0.0013299
430,2028,1,5_9,0.00132582
430,2029,1,5_9,0.00132023
430,2030,1,5_9,0.00131454
430,2031,1,5_9,0.00131029
430,2032,1,5_9,0.00130412
430,2033,1,5_9,0.00129922
430,2034,1,5_9,0.00129451
430,2035,1,5_9,0.0012869
430,2036,1,5_9,0.00127936
430,2037,1,5_9,0.00127223
430,2038,1,5_9,0.0012649
430,2039,1,5_9,0.00125778
430,2040,1,5_9,0.00125282
430,2041,1,5_9,0.00124694
430,2042,1,5_9,0.00124056
430,2043,1,5_9,0.00123349
430,2044,1,5_9,0.00122636
430,2045,1,5_9,0.00121904
430,2046,1,5_9,0.00121239
430,2047,1,5_9,0.00120673
430,2048,1,5_9,0.00119999
430,2049,1,5_9,0.00119299
430,2050,1,5_9,0.00118408
430,2051,1,5_9,0.00117782
430,2052,1,5_9,0.00116902
430,2053,1,5_9,0.00116124
430,2054,1,5_9,0.00115413
430,2055,1,5_9,0.00114712
430,2056,1,5_9,0.00113985
430,2057,1,5_9,0.00113314
430,2058,1,5_9,0.00112625
430,2059,1,5_9,0.00111821
430,2060,1,5_9,0.00111139
430,2061,1,5_9,0.00110456
430,2062,1,5_9,0.00109756
430,2063,1,5_9,0.00108974
430,2064,1,5_9,0.00108055
430,2065,1,5_9,0.00107397
430,2066,1,5_9,0.00106803
430,2067,1,5_9,0.0010615
430,2068,1,5_9,0.00105506
430,2069,1,5_9,0.00104711
430,2070,1,5_9,0.00103992
430,2071,1,5_9,0.00103283
430,2072,1,5_9,0.00102528
430,2073,1,5_9,0.00101769
430,2074,1,5_9,0.00101005
430,2075,1,5_9,0.00100194
430,2076,1,5_9,0.00099301
430,2077,1,5_9,0.00098837
430,2078,1,5_9,0.00097706
430,2079,1,5_9,0.00097139
430,2080,1,5_9,0.00096359
430,2081,1,5_9,0.00095544
430,2082,1,5_9,0.00094735
430,2083,1,5_9,0.00093736
430,2084,1,5_9,0.00092823
430,2085,1,5_9,0.00091978
430,2086,1,5_9,0.00091199
430,2087,1,5_9,0.00090339
430,2088,1,5_9,0.00089507
430,2089,1,5_9,0.00088684
430,2090,1,5_9,0.00087855
430,2091,1,5_9,0.00086978
430,2092,1,5_9,0.00086226
430,2093,1,5_9,0.00085437
430,2094,1,5_9,0.00084637
430,2095,1,5_9,0.00083793
430,2096,1,5_9,0.0008293
430,2097,1,5_9,0.0008199
430,2098,1,5_9,0.00081076
430,2099,1,5_9,0.00080101
430,2100,1,5_9,0.0007912
466,2024,1,5_9,0.00236404
466,2025,1,5_9,0.00233229
466,2026,1,5_9,0.00230114
466,2027,1,5_9,0.00227432
466,2028,1,5_9,0.00224568
466,2029,1,5_9,0.0022167
466,2030,1,5_9,0.00218953
466,2031,1,5_9,0.00216185
466,2032,1,5_9,0.00213565
466,2033,1,5_9,0.00210911
466,2034,1,5_9,0.0020797
466,2035,1,5_9,0.00205111
466,2036,1,5_9,0.00202677
466,2037,1,5_9,0.00200002
466,2038,1,5_9,0.00197376
466,2039,1,5_9,0.00194908
466,2040,1,5_9,0.00192322
466,2041,1,5_9,0.00189763
466,2042,1,5_9,0.00187159
466,2043,1,5_9,0.00184731
466,2044,1,5_9,0.00182331
466,2045,1,5_9,0.00180029
466,2046,1,5_9,0.00177735
466,2047,1,5_9,0.00175656
466,2048,1,5_9,0.00173785
466,2049,1,5_9,0.00172058
466,2050,1,5_9,0.00169891
466,2051,1,5_9,0.00167848
466,2052,1,5_9,0.00166113
466,2053,1,5_9,0.00164149
466,2054,1,5_9,0.00162114
466,2055,1,5_9,0.00160143
466,2056,1,5_9,0.00158347
466,2057,1,5_9,0.00156648
466,2058,1,5_9,0.00154762
466,2059,1,5_9,0.00153182
466,2060,1,5_9,0.00151351
466,2061,1,5_9,0.00149636
466,2062,1,5_9,0.00148419
466,2063,1,5_9,0.00146556
466,2064,1,5_9,0.00144864
466,2065,1,5_9,0.00143261
466,2066,1,5_9,0.00141498
466,2067,1,5_9,0.00139724
466,2068,1,5_9,0.00138128
466,2069,1,5_9,0.00136469
466,2070,1,5_9,0.00134905
466,2071,1,5_9,0.00133377
466,2072,1,5_9,0.00131487
466,2073,1,5_9,0.00130494
466,2074,1,5_9,0.00128813
466,2075,1,5_9,0.00127425
466,2076,1,5_9,0.0012593
466,2077,1,5_9,0.00124371
466,2078,1,5_9,0.00122931
466,2079,1,5_9,0.00121442
466,2080,1,5_9,0.00119884
466,2081,1,5_9,0.00118114
466,2082,1,5_9,0.00116663
466,2083,1,5_9,0.0011521
466,2084,1,5_9,0.00113629
466,2085,1,5_9,0.00112289
466,2086,1,5_9,0.00110835
466,2087,1,5_9,0.00109442
466,2088,1,5_9,0.00107754
466,2089,1,5_9,0.00106355
466,2090,1,5_9,0.00105007
466,2091,1,5_9,0.0010378
466,2092,1,5_9,0.00102361
466,2093,1,5_9,0.00100966
466,2094,1,5_9,0.00099514
466,2095,1,5_9,0.0009818
466,2096,1,5_9,0.00096802
466,2097,1,5_9,0.00095497
466,2098,1,5_9,0.00094151
466,2099,1,5_9,0.0009232
466,2100,1,5_9,0.00090861
478,2024,1,5_9,0.00077389
478,2025,1,5_9,0.00075747
478,2026,1,5_9,0.00074245
478,2027,1,5_9,0.00072675
478,2028,1,5_9,0.00071097
478,2029,1,5_9,0.00069707
478,2030,1,5_9,0.00068335
478,2031,1,5_9,0.00067024
478,2032,1,5_9,0.00065682
478,2033,1,5_9,0.00064407
478,2034,1,5_9,0.00063181
478,2035,1,5_9,0.00061917
478,2036,1,5_9,0.00060518
478,2037,1,5_9,0.00059413
478,2038,1,5_9,0.00058128
478,2039,1,5_9,0.00056885
478,2040,1,5_9,0.00055647
478,2041,1,5_9,0.00054559
478,2042,1,5_9,0.00053295
478,2043,1,5_9,0.00052149
478,2044,1,5_9,0.00051264
478,2045,1,5_9,0.00050418
478,2046,1,5_9,0.00049764
478,2047,1,5_9,0.00049092
478,2048,1,5_9,0.00048361
478,2049,1,5_9,0.00047696
478,2050,1,5_9,0.00047002
478,2051,1,5_9,0.00046319
478,2052,1,5_9,0.00045606
478,2053,1,5_9,0.0004477
478,2054,1,5_9,0.00043987
478,2055,1,5_9,0.00043263
478,2056,1,5_9,0.00042558
478,2057,1,5_9,0.000418
478,2058,1,5_9,0.00041054
478,2059,1,5_9,0.00040341
478,2060,1,5_9,0.00039598
478,2061,1,5_9,0.00038922
478,2062,1,5_9,0.00038294
478,2063,1,5_9,0.00037643
478,2064,1,5_9,0.00037058
478,2065,1,5_9,0.00036467
478,2066,1,5_9,0.00035839
478,2067,1,5_9,0.00035215
478,2068,1,5_9,0.00034572
478,2069,1,5_9,0.00033963
478,2070,1,5_9,0.00033409
478,2071,1,5_9,0.00032747
478,2072,1,5_9,0.00032165
478,2073,1,5_9,0.00031535
478,2074,1,5_9,0.00030968
478,2075,1,5_9,0.00030578
478,2076,1,5_9,0.00030166
478,2077,1,5_9,0.00029782
478,2078,1,5_9,0.00029403
478,2079,1,5_9,0.00029009
478,2080,1,5_9,0.00028633
478,2081,1,5_9,0.00028261
478,2082,1,5_9,0.00027867
478,2083,1,5_9,0.00027503
478,2084,1,5_9,0.00027158
478,2085,1,5_9,0.00026788
478,2086,1,5_9,0.00026449
478,2087,1,5_9,0.00026124
478,2088,1,5_9,0.00025772
478,2089,1,5_9,0.00025441
478,2090,1,5_9,0.00025167
478,2091,1,5_9,0.00024873
478,2092,1,5_9,0.00024606
478,2093,1,5_9,0.00024345
478,2094,1,5_9,0.00024099
478,2095,1,5_9,0.00023829
478,2096,1,5_9,0.00023564
478,2097,1,5_9,0.00023315
478,2098,1,5_9,0.00023072
478,2099,1,5_9,0.00022834
478,2100,1,5_9,0.00022611
562,2024,1,5_9,0.00149011
562,2025,1,5_9,0.001477
562,2026,1,5_9,0.00146293
562,2027,1,5_9,0.00144756
562,2028,1,5_9,0.00143266
562,2029,1,5_9,0.00141823
562,2030,1,5_9,0.001403
562,2031,1,5_9,0.00138923
562,2032,1,5_9,0.00137591
562,2033,1,5_9,0.00136237
562,2034,1,5_9,0.00134801
562,2035,1,5_9,0.00133355
562,2036,1,5_9,0.00132065
562,2037,1,5_9,0.00130618
562,2038,1,5_9,0.0012925
562,2039,1,5_9,0.00127751
562,2040,1,5_9,0.00126476
562,2041,1,5_9,0.00125166
562,2042,1,5_9,0.00123817
562,2043,1,5_9,0.00122575
562,2044,1,5_9,0.00121356
562,2045,1,5_9,0.00120043
562,2046,1,5_9,0.00118885
562,2047,1,5_9,0.0011771
562,2048,1,5_9,0.00116649
562,2049,1,5_9,0.00115454
562,2050,1,5_9,0.00114134
562,2051,1,5_9,0.001128
562,2052,1,5_9,0.0011182
562,2053,1,5_9,0.00110877
562,2054,1,5_9,0.00109662
562,2055,1,5_9,0.00108504
562,2056,1,5_9,0.00107538
562,2057,1,5_9,0.00106214
562,2058,1,5_9,0.00105413
562,2059,1,5_9,0.00104487
562,2060,1,5_9,0.00103384
562,2061,1,5_9,0.00102429
562,2062,1,5_9,0.00101337
562,2063,1,5_9,0.00100445
562,2064,1,5_9,0.00099505
562,2065,1,5_9,0.00098308
562,2066,1,5_9,0.0009729
562,2067,1,5_9,0.00096356
562,2068,1,5_9,0.00095088
562,2069,1,5_9,0.00094084
562,2070,1,5_9,0.00093206
562,2071,1,5_9,0.00092346
562,2072,1,5_9,0.00091539
562,2073,1,5_9,0.00090469
562,2074,1,5_9,0.00089553
562,2075,1,5_9,0.00088665
562,2076,1,5_9,0.00087732
562,2077,1,5_9,0.00086796
562,2078,1,5_9,0.00085555
562,2079,1,5_9,0.00084567
562,2080,1,5_9,0.00083576
562,2081,1,5_9,0.00082375
562,2082,1,5_9,0.00081307
562,2083,1,5_9,0.0008041
562,2084,1,5_9,0.00079451
562,2085,1,5_9,0.00078441
562,2086,1,5_9,0.00077438
562,2087,1,5_9,0.00076122
562,2088,1,5_9,0.00075059
562,2089,1,5_9,0.00073939
562,2090,1,5_9,0.00072616
562,2091,1,5_9,0.00071534
562,2092,1,5_9,0.00070501
562,2093,1,5_9,0.0006962
562,2094,1,5_9,0.00068969
562,2095,1,5_9,0.00068219
562,2096,1,5_9,0.00067498
562,2097,1,5_9,0.00066758
562,2098,1,5_9,0.000658
562,2099,1,5_9,0.00065125
562,2100,1,5_9,0.00064414
566,2024,1,5_9,0.00586334
566,2025,1,5_9,0.00580909
566,2026,1,5_9,0.00574805
566,2027,1,5_9,0.00569307
566,2028,1,5_9,0.00563584
566,2029,1,5_9,0.00558331
566,2030,1,5_9,0.00553434
566,2031,1,5_9,0.00547793
566,2032,1,5_9,0.00541839
566,2033,1,5_9,0.00536459
566,2034,1,5_9,0.00531082
566,2035,1,5_9,0.00526134
566,2036,1,5_9,0.00521012
566,2037,1,5_9,0.00515847
566,2038,1,5_9,0.00510616
566,2039,1,5_9,0.00505436
566,2040,1,5_9,0.00500285
566,2041,1,5_9,0.00495408
566,2042,1,5_9,0.00489623
566,2043,1,5_9,0.00484551
566,2044,1,5_9,0.00480137
566,2045,1,5_9,0.00475158
566,2046,1,5_9,0.00470471
566,2047,1,5_9,0.00465393
566,2048,1,5_9,0.00460448
566,2049,1,5_9,0.00455789
566,2050,1,5_9,0.00451457
566,2051,1,5_9,0.00446418
566,2052,1,5_9,0.00442114
566,2053,1,5_9,0.00437699
566,2054,1,5_9,0.00432923
566,2055,1,5_9,0.0042863
566,2056,1,5_9,0.0042435
566,2057,1,5_9,0.00420574
566,2058,1,5_9,0.00416156
566,2059,1,5_9,0.00411946
566,2060,1,5_9,0.00407596
566,2061,1,5_9,0.00403326
566,2062,1,5_9,0.00399504
566,2063,1,5_9,0.00395693
566,2064,1,5_9,0.00391262
566,2065,1,5_9,0.00387518
566,2066,1,5_9,0.00384074
566,2067,1,5_9,0.00379935
566,2068,1,5_9,0.00376212
566,2069,1,5_9,0.0037257
566,2070,1,5_9,0.00369171
566,2071,1,5_9,0.00365139
566,2072,1,5_9,0.00361317
566,2073,1,5_9,0.00357634
566,2074,1,5_9,0.00354112
566,2075,1,5_9,0.00350489
566,2076,1,5_9,0.00346488
566,2077,1,5_9,0.00343383
566,2078,1,5_9,0.0033983
566,2079,1,5_9,0.00336481
566,2080,1,5_9,0.00333144
566,2081,1,5_9,0.00329524
566,2082,1,5_9,0.00326325
566,2083,1,5_9,0.00322663
566,2084,1,5_9,0.00319597
566,2085,1,5_9,0.00316967
566,2086,1,5_9,0.00313996
566,2087,1,5_9,0.00310637
566,2088,1,5_9,0.00306906
566,2089,1,5_9,0.00303856
566,2090,1,5_9,0.00300784
566,2091,1,5_9,0.00297899
566,2092,1,5_9,0.0029455
566,2093,1,5_9,0.00290963
566,2094,1,5_9,0.00287742
566,2095,1,5_9,0.00285028
566,2096,1,5_9,0.00282014
566,2097,1,5_9,0.00278979
566,2098,1,5_9,0.00276314
566,2099,1,5_9,0.00273481
566,2100,1,5_9,0.00270825
654,2024,1,5_9,0.0002879
654,2025,1,5_9,0.00028105
654,2026,1,5_9,0.00027472
654,2027,1,5_9,0.00026828
654,2028,1,5_9,0.00026142
654,2029,1,5_9,0.00025481
654,2030,1,5_9,0.00024857
654,2031,1,5_9,0.00024254
654,2032,1,5_9,0.00023685
654,2033,1,5_9,0.00023129
654,2034,1,5_9,0.0002255
654,2035,1,5_9,0.00021979
654,2036,1,5_9,0.00021394
654,2037,1,5_9,0.00020862
654,2038,1,5_9,0.00020341
654,2039,1,5_9,0.00019818
654,2040,1,5_9,0.00019317
654,2041,1,5_9,0.00018822
654,2042,1,5_9,0.00018327
654,2043,1,5_9,0.00017842
654,2044,1,5_9,0.00017356
654,2045,1,5_9,0.00016903
654,2046,1,5_9,0.0001648
654,2047,1,5_9,0.00016076
654,2048,1,5_9,0.00015677
654,2049,1,5_9,0.00015299
654,2050,1,5_9,0.00014907
654,2051,1,5_9,0.00014538
654,2052,1,5_9,0.00014189
654,2053,1,5_9,0.00013821
654,2054,1,5_9,0.00013497
654,2055,1,5_9,0.00013154
654,2056,1,5_9,0.00012836
654,2057,1,5_9,0.0001253
654,2058,1,5_9,0.00012223
654,2059,1,5_9,0.00011949
654,2060,1,5_9,0.00011689
654,2061,1,5_9,0.00011446
654,2062,1,5_9,0.00011203
654,2063,1,5_9,0.0001098
654,2064,1,5_9,0.00010761
654,2065,1,5_9,0.00010547
654,2066,1,5_9,0.0001034
654,2067,1,5_9,0.0001014
654,2068,1,5_9,9.956e-05
654,2069,1,5_9,9.767e-05
654,2070,1,5_9,9.592e-05
654,2071,1,5_9,9.399e-05
654,2072,1,5_9,9.213e-05
654,2073,1,5_9,9.047e-05
654,2074,1,5_9,8.875e-05
654,2075,1,5_9,8.73e-05
654,2076,1,5_9,8.586e-05
654,2077,1,5_9,8.438e-05
654,2078,1,5_9,8.276e-05
654,2079,1,5_9,8.122e-05
654,2080,1,5_9,7.972e-05
654,2081,1,5_9,7.825e-05
654,2082,1,5_9,7.706e-05
654,2083,1,5_9,7.569e-05
654,2084,1,5_9,7.45e-05
654,2085,1,5_9,7.328e-05
654,2086,1,5_9,7.205e-05
654,2087,1,5_9,7.083e-05
654,2088,1,5_9,6.952e-05
654,2089,1,5_9,6.832e-05
654,2090,1,5_9,6.709e-05
654,2091,1,5_9,6.6e-05
654,2092,1,5_9,6.491e-05
654,2093,1,5_9,6.392e-05
654,2094,1,5_9,6.291e-05
654,2095,1,5_9,6.189e-05
654,2096,1,5_9,6.09e-05
654,2097,1,5_9,6.009e-05
654,2098,1,5_9,5.927e-05
654,2099,1,5_9,5.834e-05
654,2100,1,5_9,5.754e-05
686,2024,1,5_9,0.00112491
686,2025,1,5_9,0.00109285
686,2026,1,5_9,0.00106248
686,2027,1,5_9,0.00103288
686,2028,1,5_9,0.00100313
686,2029,1,5_9,0.0009755
686,2030,1,5_9,0.00094738
686,2031,1,5_9,0.00092299
686,2032,1,5_9,0.00089782
686,2033,1,5_9,0.00087194
686,2034,1,5_9,0.00084872
686,2035,1,5_9,0.00082767
686,2036,1,5_9,0.00080429
686,2037,1,5_9,0.0007829
686,2038,1,5_9,0.00075993
686,2039,1,5_9,0.00074082
686,2040,1,5_9,0.0007195
686,2041,1,5_9,0.00070306
686,2042,1,5_9,0.00068863
686,2043,1,5_9,0.00067582
686,2044,1,5_9,0.00066298
686,2045,1,5_9,0.00065114
686,2046,1,5_9,0.00063834
686,2047,1,5_9,0.00062678
686,2048,1,5_9,0.00061525
686,2049,1,5_9,0.00060386
686,2050,1,5_9,0.00059321
686,2051,1,5_9,0.00058051
686,2052,1,5_9,0.00056887
686,2053,1,5_9,0.00055891
686,2054,1,5_9,0.00054801
686,2055,1,5_9,0.00053658
686,2056,1,5_9,0.00052505
686,2057,1,5_9,0.00051369
686,2058,1,5_9,0.00050314
686,2059,1,5_9,0.00049306
686,2060,1,5_9,0.00048296
686,2061,1,5_9,0.00047317
686,2062,1,5_9,0.0004633
686,2063,1,5_9,0.00045308
686,2064,1,5_9,0.00044374
686,2065,1,5_9,0.0004346
686,2066,1,5_9,0.00042483
686,2067,1,5_9,0.00041589
686,2068,1,5_9,0.00040637
686,2069,1,5_9,0.00039742
686,2070,1,5_9,0.00038898
686,2071,1,5_9,0.00038009
686,2072,1,5_9,0.000371
686,2073,1,5_9,0.00036255
686,2074,1,5_9,0.00035534
686,2075,1,5_9,0.00034859
686,2076,1,5_9,0.00034167
686,2077,1,5_9,0.00033501
686,2078,1,5_9,0.00032858
686,2079,1,5_9,0.0003222
686,2080,1,5_9,0.00031593
686,2081,1,5_9,0.00030942
686,2082,1,5_9,0.00030346
686,2083,1,5_9,0.00029781
686,2084,1,5_9,0.00029218
686,2085,1,5_9,0.00028668
686,2086,1,5_9,0.00028122
686,2087,1,5_9,0.00027562
686,2088,1,5_9,0.00027067
686,2089,1,5_9,0.00026551
686,2090,1,5_9,0.00026089
686,2091,1,5_9,0.00025575
686,2092,1,5_9,0.00025129
686,2093,1,5_9,0.0002467
686,2094,1,5_9,0.00024184
686,2095,1,5_9,0.00023744
686,2096,1,5_9,0.00023348
686,2097,1,5_9,0.00022924
686,2098,1,5_9,0.00022504
686,2099,1,5_9,0.00022105
686,2100,1,5_9,0.00021737
694,2024,1,5_9,0.00191857
694,2025,1,5_9,0.0018988
694,2026,1,5_9,0.00187993
694,2027,1,5_9,0.00186111
694,2028,1,5_9,0.00184457
694,2029,1,5_9,0.00182801
694,2030,1,5_9,0.00181235
694,2031,1,5_9,0.00179414
694,2032,1,5_9,0.00177653
694,2033,1,5_9,0.00175688
694,2034,1,5_9,0.00174001
694,2035,1,5_9,0.00172127
694,2036,1,5_9,0.00170367
694,2037,1,5_9,0.00168463
694,2038,1,5_9,0.00166835
694,2039,1,5_9,0.00165145
694,2040,1,5_9,0.001639
694,2041,1,5_9,0.00162124
694,2042,1,5_9,0.00160365
694,2043,1,5_9,0.00158973
694,2044,1,5_9,0.001574
694,2045,1,5_9,0.00155828
694,2046,1,5_9,0.00154349
694,2047,1,5_9,0.00152963
694,2048,1,5_9,0.00151619
694,2049,1,5_9,0.00149961
694,2050,1,5_9,0.00148827
694,2051,1,5_9,0.00147631
694,2052,1,5_9,0.00146308
694,2053,1,5_9,0.00144814
694,2054,1,5_9,0.00143356
694,2055,1,5_9,0.00142036
694,2056,1,5_9,0.00140576
694,2057,1,5_9,0.00139275
694,2058,1,5_9,0.00137885
694,2059,1,5_9,0.00136424
694,2060,1,5_9,0.00134884
694,2061,1,5_9,0.00133546
694,2062,1,5_9,0.00132324
694,2063,1,5_9,0.00130813
694,2064,1,5_9,0.0012964
694,2065,1,5_9,0.00128342
694,2066,1,5_9,0.00127105
694,2067,1,5_9,0.00125762
694,2068,1,5_9,0.00124521
694,2069,1,5_9,0.00123365
694,2070,1,5_9,0.00121889
694,2071,1,5_9,0.00120433
694,2072,1,5_9,0.00119205
694,2073,1,5_9,0.00117805
694,2074,1,5_9,0.00116271
694,2075,1,5_9,0.00114966
694,2076,1,5_9,0.00113725
694,2077,1,5_9,0.00112521
694,2078,1,5_9,0.00111319
694,2079,1,5_9,0.00110073
694,2080,1,5_9,0.00108639
694,2081,1,5_9,0.00107028
694,2082,1,5_9,0.00105902
694,2083,1,5_9,0.00104759
694,2084,1,5_9,0.00103558
694,2085,1,5_9,0.00102375
694,2086,1,5_9,0.00101207
694,2087,1,5_9,0.0010003
694,2088,1,5_9,0.0009876
694,2089,1,5_9,0.0009759
694,2090,1,5_9,0.0009597
694,2091,1,5_9,0.00094745
694,2092,1,5_9,0.0009355
694,2093,1,5_9,0.00092255
694,2094,1,5_9,0.00090606
694,2095,1,5_9,0.00089239
694,2096,1,5_9,0.00087989
694,2097,1,5_9,0.00086396
694,2098,1,5_9,0.00084928
694,2099,1,5_9,0.00083625
694,2100,1,5_9,0.00081963
768,2024,1,5_9,0.00191434
768,2025,1,5_9,0.00188538
768,2026,1,5_9,0.00185821
768,2027,1,5_9,0.00183312
768,2028,1,5_9,0.00180488
768,2029,1,5_9,0.0017804
768,2030,1,5_9,0.00175468
768,2031,1,5_9,0.00173236
768,2032,1,5_9,0.00170659
768,2033,1,5_9,0.0016805
768,2034,1,5_9,0.00165447
768,2035,1,5_9,0.00162891
768,2036,1,5_9,0.00160455
768,2037,1,5_9,0.00157987
768,2038,1,5_9,0.00155416
768,2039,1,5_9,0.00153527
768,2040,1,5_9,0.00151094
768,2041,1,5_9,0.00148664
768,2042,1,5_9,0.00146282
768,2043,1,5_9,0.00144225
768,2044,1,5_9,0.00141844
768,2045,1,5_9,0.00139713
768,2046,1,5_9,0.00137655
768,2047,1,5_9,0.00135785
768,2048,1,5_9,0.00133531
768,2049,1,5_9,0.00131635
768,2050,1,5_9,0.00129829
768,2051,1,5_9,0.00127853
768,2052,1,5_9,0.00125999
768,2053,1,5_9,0.00124202
768,2054,1,5_9,0.00122062
768,2055,1,5_9,0.00120271
768,2056,1,5_9,0.00118389
768,2057,1,5_9,0.00116461
768,2058,1,5_9,0.0011495
768,2059,1,5_9,0.00113582
768,2060,1,5_9,0.00111616
768,2061,1,5_9,0.00110094
768,2062,1,5_9,0.00108547
768,2063,1,5_9,0.00106998
768,2064,1,5_9,0.00105443
768,2065,1,5_9,0.00103905
768,2066,1,5_9,0.00102403
768,2067,1,5_9,0.00100945
768,2068,1,5_9,0.00099337
768,2069,1,5_9,0.000979
768,2070,1,5_9,0.00096307
768,2071,1,5_9,0.00094852
768,2072,1,5_9,0.00093313
768,2073,1,5_9,0.00091801
768,2074,1,5_9,0.00090399
768,2075,1,5_9,0.00088879
768,2076,1,5_9,0.00087287
768,2077,1,5_9,0.00085943
768,2078,1,5_9,0.00084398
768,2079,1,5_9,0.00082902
768,2080,1,5_9,0.00081491
768,2081,1,5_9,0.00080204
768,2082,1,5_9,0.0007882
768,2083,1,5_9,0.00077618
768,2084,1,5_9,0.00076598
768,2085,1,5_9,0.00075461
768,2086,1,5_9,0.0007437
768,2087,1,5_9,0.00073323
768,2088,1,5_9,0.00072369
768,2089,1,5_9,0.00071206
768,2090,1,5_9,0.00070215
768,2091,1,5_9,0.00069246
768,2092,1,5_9,0.00068208
768,2093,1,5_9,0.00067052
768,2094,1,5_9,0.00066101
768,2095,1,5_9,0.00065053
768,2096,1,5_9,0.00063975
768,2097,1,5_9,0.00063105
768,2098,1,5_9,0.00062133
768,2099,1,5_9,0.00061055
768,2100,1,5_9,0.00060128
398,2024,1,5_9,0.00026467
398,2025,1,5_9,0.00025977
398,2026,1,5_9,0.00025496
398,2027,1,5_9,0.00025016
398,2028,1,5_9,0.00024511
398,2029,1,5_9,0.00024035
398,2030,1,5_9,0.00023591
398,2031,1,5_9,0.00023129
398,2032,1,5_9,0.0002263
398,2033,1,5_9,0.0002216
398,2034,1,5_9,0.00021689
398,2035,1,5_9,0.00021252
398,2036,1,5_9,0.00020768
398,2037,1,5_9,0.00020317
398,2038,1,5_9,0.00019849
398,2039,1,5_9,0.00019388
398,2040,1,5_9,0.00018956
398,2041,1,5_9,0.00018531
398,2042,1,5_9,0.00018115
398,2043,1,5_9,0.00017718
398,2044,1,5_9,0.00017305
398,2045,1,5_9,0.00016899
398,2046,1,5_9,0.00016491
398,2047,1,5_9,0.00016106
398,2048,1,5_9,0.00015719
398,2049,1,5_9,0.00015331
398,2050,1,5_9,0.00014933
398,2051,1,5_9,0.00014562
398,2052,1,5_9,0.00014247
398,2053,1,5_9,0.00013957
398,2054,1,5_9,0.00013648
398,2055,1,5_9,0.00013348
398,2056,1,5_9,0.00013065
398,2057,1,5_9,0.00012782
398,2058,1,5_9,0.00012509
398,2059,1,5_9,0.00012242
398,2060,1,5_9,0.00011984
398,2061,1,5_9,0.00011705
398,2062,1,5_9,0.00011447
398,2063,1,5_9,0.0001118
398,2064,1,5_9,0.00010948
398,2065,1,5_9,0.00010697
398,2066,1,5_9,0.00010469
398,2067,1,5_9,0.00010258
398,2068,1,5_9,0.00010041
398,2069,1,5_9,9.851e-05
398,2070,1,5_9,9.653e-05
398,2071,1,5_9,9.463e-05
398,2072,1,5_9,9.29e-05
398,2073,1,5_9,9.102e-05
398,2074,1,5_9,8.916e-05
398,2075,1,5_9,8.751e-05
398,2076,1,5_9,8.591e-05
398,2077,1,5_9,8.416e-05
398,2078,1,5_9,8.249e-05
398,2079,1,5_9,8.083e-05
398,2080,1,5_9,7.934e-05
398,2081,1,5_9,7.794e-05
398,2082,1,5_9,7.665e-05
398,2083,1,5_9,7.53e-05
398,2084,1,5_9,7.413e-05
398,2085,1,5_9,7.282e-05
398,2086,1,5_9,7.161e-05
398,2087,1,5_9,7.045e-05
398,2088,1,5_9,6.931e-05
398,2089,1,5_9,6.818e-05
398,2090,1,5_9,6.704e-05
398,2091,1,5_9,6.594e-05
398,2092,1,5_9,6.486e-05
398,2093,1,5_9,6.389e-05
398,2094,1,5_9,6.28e-05
398,2095,1,5_9,6.174e-05
398,2096,1,5_9,6.073e-05
398,2097,1,5_9,5.967e-05
398,2098,1,5_9,5.872e-05
398,2099,1,5_9,5.784e-05
398,2100,1,5_9,5.69e-05
417,2024,1,5_9,0.00027636
417,2025,1,5_9,0.00027199
417,2026,1,5_9,0.00026777
417,2027,1,5_9,0.00026291
417,2028,1,5_9,0.00025836
417,2029,1,5_9,0.00025324
417,2030,1,5_9,0.00024833
417,2031,1,5_9,0.00024322
417,2032,1,5_9,0.00023833
417,2033,1,5_9,0.0002332
417,2034,1,5_9,0.00022865
417,2035,1,5_9,0.00022344
417,2036,1,5_9,0.00021884
417,2037,1,5_9,0.00021539
417,2038,1,5_9,0.00021192
417,2039,1,5_9,0.00020847
417,2040,1,5_9,0.00020502
417,2041,1,5_9,0.00020145
417,2042,1,5_9,0.00019806
417,2043,1,5_9,0.00019417
417,2044,1,5_9,0.00019018
417,2045,1,5_9,0.00018675
417,2046,1,5_9,0.00018311
417,2047,1,5_9,0.00017958
417,2048,1,5_9,0.000176
417,2049,1,5_9,0.00017237
417,2050,1,5_9,0.00016824
417,2051,1,5_9,0.00016449
417,2052,1,5_9,0.00016101
417,2053,1,5_9,0.00015773
417,2054,1,5_9,0.00015458
417,2055,1,5_9,0.00015145
417,2056,1,5_9,0.00014812
417,2057,1,5_9,0.00014493
417,2058,1,5_9,0.00014177
417,2059,1,5_9,0.00013886
417,2060,1,5_9,0.00013547
417,2061,1,5_9,0.00013258
417,2062,1,5_9,0.00012976
417,2063,1,5_9,0.00012646
417,2064,1,5_9,0.00012353
417,2065,1,5_9,0.00012034
417,2066,1,5_9,0.00011744
417,2067,1,5_9,0.0001149
417,2068,1,5_9,0.00011269
417,2069,1,5_9,0.00011046
417,2070,1,5_9,0.00010807
417,2071,1,5_9,0.0001058
417,2072,1,5_9,0.00010352
417,2073,1,5_9,0.00010146
417,2074,1,5_9,9.916e-05
417,2075,1,5_9,9.719e-05
417,2076,1,5_9,9.521e-05
417,2077,1,5_9,9.304e-05
417,2078,1,5_9,9.105e-05
417,2079,1,5_9,8.913e-05
417,2080,1,5_9,8.693e-05
417,2081,1,5_9,8.503e-05
417,2082,1,5_9,8.345e-05
417,2083,1,5_9,8.195e-05
417,2084,1,5_9,8.034e-05
417,2085,1,5_9,7.899e-05
417,2086,1,5_9,7.763e-05
417,2087,1,5_9,7.612e-05
417,2088,1,5_9,7.471e-05
417,2089,1,5_9,7.333e-05
417,2090,1,5_9,7.201e-05
417,2091,1,5_9,7.072e-05
417,2092,1,5_9,6.93e-05
417,2093,1,5_9,6.811e-05
417,2094,1,5_9,6.694e-05
417,2095,1,5_9,6.566e-05
417,2096,1,5_9,6.463e-05
417,2097,1,5_9,6.371e-05
417,2098,1,5_9,6.277e-05
417,2099,1,5_9,6.184e-05
417,2100,1,5_9,6.088e-05
762,2024,1,5_9,0.0002908
762,2025,1,5_9,0.00028754
762,2026,1,5_9,0.0002837
762,2027,1,5_9,0.00028089
762,2028,1,5_9,0.00027829
762,2029,1,5_9,0.00027525
762,2030,1,5_9,0.00027338
762,2031,1,5_9,0.00027057
762,2032,1,5_9,0.00026848
762,2033,1,5_9,0.00026629
762,2034,1,5_9,0.00026407
762,2035,1,5_9,0.00026115
762,2036,1,5_9,0.00025888
762,2037,1,5_9,0.00025608
762,2038,1,5_9,0.00025302
762,2039,1,5_9,0.00025042
762,2040,1,5_9,0.00024723
762,2041,1,5_9,0.00024449
762,2042,1,5_9,0.0002419
762,2043,1,5_9,0.00023836
762,2044,1,5_9,0.00023509
762,2045,1,5_9,0.00023176
762,2046,1,5_9,0.00022839
762,2047,1,5_9,0.0002253
762,2048,1,5_9,0.00022201
762,2049,1,5_9,0.00021907
762,2050,1,5_9,0.0002158
762,2051,1,5_9,0.00021246
762,2052,1,5_9,0.00020932
762,2053,1,5_9,0.00020646
762,2054,1,5_9,0.00020333
762,2055,1,5_9,0.00020029
762,2056,1,5_9,0.00019696
762,2057,1,5_9,0.00019348
762,2058,1,5_9,0.00019013
762,2059,1,5_9,0.00018678
762,2060,1,5_9,0.00018403
762,2061,1,5_9,0.00018063
762,2062,1,5_9,0.00017728
762,2063,1,5_9,0.0001737
762,2064,1,5_9,0.00017018
762,2065,1,5_9,0.00016658
762,2066,1,5_9,0.00016424
762,2067,1,5_9,0.00016172
762,2068,1,5_9,0.00015915
762,2069,1,5_9,0.00015654
762,2070,1,5_9,0.0001538
762,2071,1,5_9,0.00015135
762,2072,1,5_9,0.00014894
762,2073,1,5_9,0.00014644
762,2074,1,5_9,0.00014395
762,2075,1,5_9,0.0001414
762,2076,1,5_9,0.00013894
762,2077,1,5_9,0.00013671
762,2078,1,5_9,0.00013441
762,2079,1,5_9,0.00013201
762,2080,1,5_9,0.00012987
762,2081,1,5_9,0.00012748
762,2082,1,5_9,0.00012537
762,2083,1,5_9,0.00012331
762,2084,1,5_9,0.0001214
762,2085,1,5_9,0.00011971
762,2086,1,5_9,0.00011798
762,2087,1,5_9,0.0001163
762,2088,1,5_9,0.00011477
762,2089,1,5_9,0.00011328
762,2090,1,5_9,0.0001117
762,2091,1,5_9,0.00011025
762,2092,1,5_9,0.00010854
762,2093,1,5_9,0.00010714
762,2094,1,5_9,0.0001057
762,2095,1,5_9,0.00010425
762,2096,1,5_9,0.00010294
762,2097,1,5_9,0.00010145
762,2098,1,5_9,9.996e-05
762,2099,1,5_9,9.87e-05
762,2100,1,5_9,9.755e-05
795,2024,1,5_9,0.00042416
795,2025,1,5_9,0.00041916
795,2026,1,5_9,0.0004148
795,2027,1,5_9,0.00040931
795,2028,1,5_9,0.00040454
795,2029,1,5_9,0.00040018
795,2030,1,5_9,0.00039512
795,2031,1,5_9,0.00039027
795,2032,1,5_9,0.00038494
795,2033,1,5_9,0.00037933
795,2034,1,5_9,0.00037368
795,2035,1,5_9,0.00036875
795,2036,1,5_9,0.00036392
795,2037,1,5_9,0.00036025
795,2038,1,5_9,0.00035628
795,2039,1,5_9,0.00035177
795,2040,1,5_9,0.00034757
795,2041,1,5_9,0.00034316
795,2042,1,5_9,0.00033847
795,2043,1,5_9,0.00033439
795,2044,1,5_9,0.0003292
795,2045,1,5_9,0.00032409
795,2046,1,5_9,0.00031808
795,2047,1,5_9,0.00031359
795,2048,1,5_9,0.00030984
795,2049,1,5_9,0.00030654
795,2050,1,5_9,0.00030261
795,2051,1,5_9,0.00029854
795,2052,1,5_9,0.00029418
795,2053,1,5_9,0.00029004
795,2054,1,5_9,0.00028547
795,2055,1,5_9,0.00028088
795,2056,1,5_9,0.00027704
795,2057,1,5_9,0.0002727
795,2058,1,5_9,0.00026816
795,2059,1,5_9,0.00026359
795,2060,1,5_9,0.00025905
795,2061,1,5_9,0.00025445
795,2062,1,5_9,0.00025046
795,2063,1,5_9,0.00024564
795,2064,1,5_9,0.0002407
795,2065,1,5_9,0.00023612
795,2066,1,5_9,0.00023145
795,2067,1,5_9,0.000228
795,2068,1,5_9,0.0002236
795,2069,1,5_9,0.00021964
795,2070,1,5_9,0.00021563
795,2071,1,5_9,0.00021168
795,2072,1,5_9,0.00020772
795,2073,1,5_9,0.00020377
795,2074,1,5_9,0.00019987
795,2075,1,5_9,0.00019613
795,2076,1,5_9,0.0001919
795,2077,1,5_9,0.00018794
795,2078,1,5_9,0.00018398
795,2079,1,5_9,0.00018019
795,2080,1,5_9,0.0001763
795,2081,1,5_9,0.00017288
795,2082,1,5_9,0.00017015
795,2083,1,5_9,0.00016743
795,2084,1,5_9,0.00016431
795,2085,1,5_9,0.00016146
795,2086,1,5_9,0.0001588
795,2087,1,5_9,0.0001562
795,2088,1,5_9,0.00015368
795,2089,1,5_9,0.00015099
795,2090,1,5_9,0.0001487
795,2091,1,5_9,0.00014607
795,2092,1,5_9,0.00014359
795,2093,1,5_9,0.00014103
795,2094,1,5_9,0.00013848
795,2095,1,5_9,0.00013594
795,2096,1,5_9,0.00013327
795,2097,1,5_9,0.00013081
795,2098,1,5_9,0.00012903
795,2099,1,5_9,0.00012711
795,2100,1,5_9,0.00012531
860,2024,1,5_9,0.0004235
860,2025,1,5_9,0.00041678
860,2026,1,5_9,0.00040967
860,2027,1,5_9,0.00040369
860,2028,1,5_9,0.0003984
860,2029,1,5_9,0.00039212
860,2030,1,5_9,0.00038641
860,2031,1,5_9,0.00038152
860,2032,1,5_9,0.00037544
860,2033,1,5_9,0.00037035
860,2034,1,5_9,0.00036463
860,2035,1,5_9,0.00035897
860,2036,1,5_9,0.00035318
860,2037,1,5_9,0.00034726
860,2038,1,5_9,0.00034162
860,2039,1,5_9,0.00033594
860,2040,1,5_9,0.00032998
860,2041,1,5_9,0.00032407
860,2042,1,5_9,0.00031776
860,2043,1,5_9,0.00031179
860,2044,1,5_9,0.00030567
860,2045,1,5_9,0.00029965
860,2046,1,5_9,0.00029361
860,2047,1,5_9,0.00028859
860,2048,1,5_9,0.00028323
860,2049,1,5_9,0.000278
860,2050,1,5_9,0.00027258
860,2051,1,5_9,0.00026705
860,2052,1,5_9,0.00026172
860,2053,1,5_9,0.00025605
860,2054,1,5_9,0.00025077
860,2055,1,5_9,0.00024555
860,2056,1,5_9,0.00023995
860,2057,1,5_9,0.00023441
860,2058,1,5_9,0.00022908
860,2059,1,5_9,0.00022333
860,2060,1,5_9,0.00021814
860,2061,1,5_9,0.00021331
860,2062,1,5_9,0.00020816
860,2063,1,5_9,0.0002038
860,2064,1,5_9,0.00020012
860,2065,1,5_9,0.00019618
860,2066,1,5_9,0.00019212
860,2067,1,5_9,0.00018833
860,2068,1,5_9,0.00018423
860,2069,1,5_9,0.00018047
860,2070,1,5_9,0.00017656
860,2071,1,5_9,0.00017275
860,2072,1,5_9,0.00016891
860,2073,1,5_9,0.00016529
860,2074,1,5_9,0.00016194
860,2075,1,5_9,0.00015848
860,2076,1,5_9,0.00015511
860,2077,1,5_9,0.00015177
860,2078,1,5_9,0.00014835
860,2079,1,5_9,0.00014553
860,2080,1,5_9,0.00014275
860,2081,1,5_9,0.00014015
860,2082,1,5_9,0.0001376
860,2083,1,5_9,0.00013512
860,2084,1,5_9,0.00013257
860,2085,1,5_9,0.00013001
860,2086,1,5_9,0.00012761
860,2087,1,5_9,0.00012499
860,2088,1,5_9,0.00012287
860,2089,1,5_9,0.00012069
860,2090,1,5_9,0.00011857
860,2091,1,5_9,0.00011657
860,2092,1,5_9,0.00011454
860,2093,1,5_9,0.00011242
860,2094,1,5_9,0.00011061
860,2095,1,5_9,0.00010887
860,2096,1,5_9,0.00010701
860,2097,1,5_9,0.00010519
860,2098,1,5_9,0.00010343
860,2099,1,5_9,0.0001017
860,2100,1,5_9,0.00010004
156,2024,1,5_9,0.00031043
156,2025,1,5_9,0.00029372
156,2026,1,5_9,0.0002643
156,2027,1,5_9,0.0002552
156,2028,1,5_9,0.00024654
156,2029,1,5_9,0.00023788
156,2030,1,5_9,0.00022963
156,2031,1,5_9,0.00022138
156,2032,1,5_9,0.00021358
156,2033,1,5_9,0.000206
156,2034,1,5_9,0.00019851
156,2035,1,5_9,0.00019145
156,2036,1,5_9,0.00018483
156,2037,1,5_9,0.00017849
156,2038,1,5_9,0.00017212
156,2039,1,5_9,0.0001662
156,2040,1,5_9,0.00016043
156,2041,1,5_9,0.00015514
156,2042,1,5_9,0.00014978
156,2043,1,5_9,0.00014504
156,2044,1,5_9,0.00014037
156,2045,1,5_9,0.00013605
156,2046,1,5_9,0.00013188
156,2047,1,5_9,0.00012778
156,2048,1,5_9,0.00012391
156,2049,1,5_9,0.00012037
156,2050,1,5_9,0.0001171
156,2051,1,5_9,0.00011395
156,2052,1,5_9,0.00011083
156,2053,1,5_9,0.00010791
156,2054,1,5_9,0.00010502
156,2055,1,5_9,0.00010225
156,2056,1,5_9,9.934e-05
156,2057,1,5_9,9.67e-05
156,2058,1,5_9,9.411e-05
156,2059,1,5_9,9.178e-05
156,2060,1,5_9,8.935e-05
156,2061,1,5_9,8.702e-05
156,2062,1,5_9,8.475e-05
156,2063,1,5_9,8.265e-05
156,2064,1,5_9,8.077e-05
156,2065,1,5_9,7.885e-05
156,2066,1,5_9,7.693e-05
156,2067,1,5_9,7.521e-05
156,2068,1,5_9,7.339e-05
156,2069,1,5_9,7.166e-05
156,2070,1,5_9,7.003e-05
156,2071,1,5_9,6.848e-05
156,2072,1,5_9,6.705e-05
156,2073,1,5_9,6.576e-05
156,2074,1,5_9,6.439e-05
156,2075,1,5_9,6.308e-05
156,2076,1,5_9,6.188e-05
156,2077,1,5_9,6.071e-05
156,2078,1,5_9,5.954e-05
156,2079,1,5_9,5.849e-05
156,2080,1,5_9,5.746e-05
156,2081,1,5_9,5.637e-05
156,2082,1,5_9,5.533e-05
156,2083,1,5_9,5.434e-05
156,2084,1,5_9,5.333e-05
156,2085,1,5_9,5.233e-05
156,2086,1,5_9,5.129e-05
156,2087,1,5_9,5.031e-05
156,2088,1,5_9,4.938e-05
156,2089,1,5_9,4.858e-05
156,2090,1,5_9,4.776e-05
156,2091,1,5_9,4.686e-05
156,2092,1,5_9,4.606e-05
156,2093,1,5_9,4.531e-05
156,2094,1,5_9,4.455e-05
156,2095,1,5_9,4.381e-05
156,2096,1,5_9,4.307e-05
156,2097,1,5_9,4.243e-05
156,2098,1,5_9,4.176e-05
156,2099,1,5_9,4.111e-05
156,2100,1,5_9,4.046e-05
344,2024,1,5_9,6.588e-05
344,2025,1,5_9,6.484e-05
344,2026,1,5_9,6.383e-05
344,2027,1,5_9,6.289e-05
344,2028,1,5_9,6.189e-05
344,2029,1,5_9,6.094e-05
344,2030,1,5_9,5.993e-05
344,2031,1,5_9,5.899e-05
344,2032,1,5_9,5.805e-05
344,2033,1,5_9,5.708e-05
344,2034,1,5_9,5.621e-05
344,2035,1,5_9,5.531e-05
344,2036,1,5_9,5.441e-05
344,2037,1,5_9,5.352e-05
344,2038,1,5_9,5.265e-05
344,2039,1,5_9,5.185e-05
344,2040,1,5_9,5.115e-05
344,2041,1,5_9,5.043e-05
344,2042,1,5_9,4.973e-05
344,2043,1,5_9,4.892e-05
344,2044,1,5_9,4.822e-05
344,2045,1,5_9,4.76e-05
344,2046,1,5_9,4.694e-05
344,2047,1,5_9,4.631e-05
344,2048,1,5_9,4.575e-05
344,2049,1,5_9,4.514e-05
344,2050,1,5_9,4.449e-05
344,2051,1,5_9,4.386e-05
344,2052,1,5_9,4.322e-05
344,2053,1,5_9,4.256e-05
344,2054,1,5_9,4.201e-05
344,2055,1,5_9,4.145e-05
344,2056,1,5_9,4.088e-05
344,2057,1,5_9,4.034e-05
344,2058,1,5_9,3.971e-05
344,2059,1,5_9,3.914e-05
344,2060,1,5_9,3.862e-05
344,2061,1,5_9,3.8e-05
344,2062,1,5_9,3.746e-05
344,2063,1,5_9,3.692e-05
344,2064,1,5_9,3.64e-05
344,2065,1,5_9,3.592e-05
344,2066,1,5_9,3.537e-05
344,2067,1,5_9,3.487e-05
344,2068,1,5_9,3.437e-05
344,2069,1,5_9,3.386e-05
344,2070,1,5_9,3.341e-05
344,2071,1,5_9,3.29e-05
344,2072,1,5_9,3.24e-05
344,2073,1,5_9,3.187e-05
344,2074,1,5_9,3.14e-05
344,2075,1,5_9,3.09e-05
344,2076,1,5_9,3.042e-05
344,2077,1,5_9,2.998e-05
344,2078,1,5_9,2.957e-05
344,2079,1,5_9,2.914e-05
344,2080,1,5_9,2.862e-05
344,2081,1,5_9,2.818e-05
344,2082,1,5_9,2.779e-05
344,2083,1,5_9,2.738e-05
344,2084,1,5_9,2.695e-05
344,2085,1,5_9,2.66e-05
344,2086,1,5_9,2.624e-05
344,2087,1,5_9,2.59e-05
344,2088,1,5_9,2.557e-05
344,2089,1,5_9,2.519e-05
344,2090,1,5_9,2.485e-05
344,2091,1,5_9,2.447e-05
344,2092,1,5_9,2.415e-05
344,2093,1,5_9,2.384e-05
344,2094,1,5_9,2.342e-05
344,2095,1,5_9,2.312e-05
344,2096,1,5_9,2.278e-05
344,2097,1,5_9,2.245e-05
344,2098,1,5_9,2.213e-05
344,2099,1,5_9,2.181e-05
344,2100,1,5_9,2.144e-05
446,2024,1,5_9,7.497e-05
446,2025,1,5_9,7.295e-05
446,2026,1,5_9,7.111e-05
446,2027,1,5_9,6.943e-05
446,2028,1,5_9,6.792e-05
446,2029,1,5_9,6.649e-05
446,2030,1,5_9,6.513e-05
446,2031,1,5_9,6.391e-05
446,2032,1,5_9,6.283e-05
446,2033,1,5_9,6.177e-05
446,2034,1,5_9,6.071e-05
446,2035,1,5_9,5.957e-05
446,2036,1,5_9,5.869e-05
446,2037,1,5_9,5.775e-05
446,2038,1,5_9,5.693e-05
446,2039,1,5_9,5.615e-05
446,2040,1,5_9,5.541e-05
446,2041,1,5_9,5.462e-05
446,2042,1,5_9,5.39e-05
446,2043,1,5_9,5.326e-05
446,2044,1,5_9,5.251e-05
446,2045,1,5_9,5.177e-05
446,2046,1,5_9,5.1e-05
446,2047,1,5_9,5.035e-05
446,2048,1,5_9,4.961e-05
446,2049,1,5_9,4.898e-05
446,2050,1,5_9,4.846e-05
446,2051,1,5_9,4.8e-05
446,2052,1,5_9,4.757e-05
446,2053,1,5_9,4.702e-05
446,2054,1,5_9,4.665e-05
446,2055,1,5_9,4.613e-05
446,2056,1,5_9,4.574e-05
446,2057,1,5_9,4.529e-05
446,2058,1,5_9,4.479e-05
446,2059,1,5_9,4.442e-05
446,2060,1,5_9,4.403e-05
446,2061,1,5_9,4.357e-05
446,2062,1,5_9,4.32e-05
446,2063,1,5_9,4.287e-05
446,2064,1,5_9,4.237e-05
446,2065,1,5_9,4.205e-05
446,2066,1,5_9,4.166e-05
446,2067,1,5_9,4.114e-05
446,2068,1,5_9,4.078e-05
446,2069,1,5_9,4.041e-05
446,2070,1,5_9,3.992e-05
446,2071,1,5_9,3.96e-05
446,2072,1,5_9,3.93e-05
446,2073,1,5_9,3.901e-05
446,2074,1,5_9,3.869e-05
446,2075,1,5_9,3.833e-05
446,2076,1,5_9,3.803e-05
446,2077,1,5_9,3.774e-05
446,2078,1,5_9,3.73e-05
446,2079,1,5_9,3.696e-05
446,2080,1,5_9,3.667e-05
446,2081,1,5_9,3.639e-05
446,2082,1,5_9,3.61e-05
446,2083,1,5_9,3.579e-05
446,2084,1,5_9,3.548e-05
446,2085,1,5_9,3.516e-05
446,2086,1,5_9,3.485e-05
446,2087,1,5_9,3.452e-05
446,2088,1,5_9,3.42e-05
446,2089,1,5_9,3.385e-05
446,2090,1,5_9,3.351e-05
446,2091,1,5_9,3.319e-05
446,2092,1,5_9,3.282e-05
446,2093,1,5_9,3.25e-05
446,2094,1,5_9,3.216e-05
446,2095,1,5_9,3.19e-05
446,2096,1,5_9,3.163e-05
446,2097,1,5_9,3.137e-05
446,2098,1,5_9,3.114e-05
446,2099,1,5_9,3.092e-05
446,2100,1,5_9,3.064e-05
158,2024,1,5_9,0.00010326
158,2025,1,5_9,0.00010079
158,2026,1,5_9,9.831e-05
158,2027,1,5_9,9.606e-05
158,2028,1,5_9,9.36e-05
158,2029,1,5_9,9.149e-05
158,2030,1,5_9,8.968e-05
158,2031,1,5_9,8.771e-05
158,2032,1,5_9,8.596e-05
158,2033,1,5_9,8.45e-05
158,2034,1,5_9,8.299e-05
158,2035,1,5_9,8.159e-05
158,2036,1,5_9,8.024e-05
158,2037,1,5_9,7.902e-05
158,2038,1,5_9,7.778e-05
158,2039,1,5_9,7.666e-05
158,2040,1,5_9,7.554e-05
158,2041,1,5_9,7.442e-05
158,2042,1,5_9,7.343e-05
158,2043,1,5_9,7.241e-05
158,2044,1,5_9,7.151e-05
158,2045,1,5_9,7.066e-05
158,2046,1,5_9,6.979e-05
158,2047,1,5_9,6.9e-05
158,2048,1,5_9,6.834e-05
158,2049,1,5_9,6.758e-05
158,2050,1,5_9,6.675e-05
158,2051,1,5_9,6.595e-05
158,2052,1,5_9,6.521e-05
158,2053,1,5_9,6.453e-05
158,2054,1,5_9,6.39e-05
158,2055,1,5_9,6.322e-05
158,2056,1,5_9,6.249e-05
158,2057,1,5_9,6.193e-05
158,2058,1,5_9,6.13e-05
158,2059,1,5_9,6.064e-05
158,2060,1,5_9,6.005e-05
158,2061,1,5_9,5.943e-05
158,2062,1,5_9,5.888e-05
158,2063,1,5_9,5.823e-05
158,2064,1,5_9,5.767e-05
158,2065,1,5_9,5.707e-05
158,2066,1,5_9,5.657e-05
158,2067,1,5_9,5.603e-05
158,2068,1,5_9,5.561e-05
158,2069,1,5_9,5.507e-05
158,2070,1,5_9,5.462e-05
158,2071,1,5_9,5.428e-05
158,2072,1,5_9,5.374e-05
158,2073,1,5_9,5.332e-05
158,2074,1,5_9,5.281e-05
158,2075,1,5_9,5.246e-05
158,2076,1,5_9,5.21e-05
158,2077,1,5_9,5.173e-05
158,2078,1,5_9,5.122e-05
158,2079,1,5_9,5.081e-05
158,2080,1,5_9,5.029e-05
158,2081,1,5_9,4.991e-05
158,2082,1,5_9,4.954e-05
158,2083,1,5_9,4.911e-05
158,2084,1,5_9,4.858e-05
158,2085,1,5_9,4.822e-05
158,2086,1,5_9,4.784e-05
158,2087,1,5_9,4.741e-05
158,2088,1,5_9,4.706e-05
158,2089,1,5_9,4.655e-05
158,2090,1,5_9,4.621e-05
158,2091,1,5_9,4.585e-05
158,2092,1,5_9,4.547e-05
158,2093,1,5_9,4.511e-05
158,2094,1,5_9,4.476e-05
158,2095,1,5_9,4.421e-05
158,2096,1,5_9,4.4e-05
158,2097,1,5_9,4.351e-05
158,2098,1,5_9,4.315e-05
158,2099,1,5_9,4.28e-05
158,2100,1,5_9,4.243e-05
408,2024,1,5_9,0.00080833
408,2025,1,5_9,0.0007967
408,2026,1,5_9,0.0007857
408,2027,1,5_9,0.00077511
408,2028,1,5_9,0.00076328
408,2029,1,5_9,0.00075163
408,2030,1,5_9,0.00073859
408,2031,1,5_9,0.00072683
408,2032,1,5_9,0.00071517
408,2033,1,5_9,0.00070241
408,2034,1,5_9,0.00069051
408,2035,1,5_9,0.00067891
408,2036,1,5_9,0.00066638
408,2037,1,5_9,0.00065576
408,2038,1,5_9,0.00064306
408,2039,1,5_9,0.00063143
408,2040,1,5_9,0.00061944
408,2041,1,5_9,0.00060838
408,2042,1,5_9,0.00059613
408,2043,1,5_9,0.00058489
408,2044,1,5_9,0.00057293
408,2045,1,5_9,0.00056177
408,2046,1,5_9,0.00054975
408,2047,1,5_9,0.00053846
408,2048,1,5_9,0.00052794
408,2049,1,5_9,0.00051727
408,2050,1,5_9,0.00050626
408,2051,1,5_9,0.00049638
408,2052,1,5_9,0.00048694
408,2053,1,5_9,0.00047776
408,2054,1,5_9,0.00046863
408,2055,1,5_9,0.00046007
408,2056,1,5_9,0.00045146
408,2057,1,5_9,0.00044289
408,2058,1,5_9,0.00043535
408,2059,1,5_9,0.0004265
408,2060,1,5_9,0.00041843
408,2061,1,5_9,0.00041021
408,2062,1,5_9,0.0004019
408,2063,1,5_9,0.00039399
408,2064,1,5_9,0.00038666
408,2065,1,5_9,0.00037931
408,2066,1,5_9,0.00037235
408,2067,1,5_9,0.0003652
408,2068,1,5_9,0.00035839
408,2069,1,5_9,0.00035175
408,2070,1,5_9,0.00034495
408,2071,1,5_9,0.00033857
408,2072,1,5_9,0.00033238
408,2073,1,5_9,0.00032602
408,2074,1,5_9,0.00032008
408,2075,1,5_9,0.00031419
408,2076,1,5_9,0.00030836
408,2077,1,5_9,0.00030329
408,2078,1,5_9,0.00029761
408,2079,1,5_9,0.0002924
408,2080,1,5_9,0.00028744
408,2081,1,5_9,0.00028234
408,2082,1,5_9,0.00027775
408,2083,1,5_9,0.00027321
408,2084,1,5_9,0.00026851
408,2085,1,5_9,0.00026399
408,2086,1,5_9,0.00025954
408,2087,1,5_9,0.00025503
408,2088,1,5_9,0.0002508
408,2089,1,5_9,0.0002468
408,2090,1,5_9,0.00024271
408,2091,1,5_9,0.00023894
408,2092,1,5_9,0.00023505
408,2093,1,5_9,0.00023139
408,2094,1,5_9,0.00022789
408,2095,1,5_9,0.00022465
408,2096,1,5_9,0.00022135
408,2097,1,5_9,0.00021801
408,2098,1,5_9,0.00021448
408,2099,1,5_9,0.0002114
408,2100,1,5_9,0.00020844
392,2024,1,5_9,7.178e-05
392,2025,1,5_9,7.005e-05
392,2026,1,5_9,6.855e-05
392,2027,1,5_9,6.708e-05
392,2028,1,5_9,6.551e-05
392,2029,1,5_9,6.398e-05
392,2030,1,5_9,6.25e-05
392,2031,1,5_9,6.106e-05
392,2032,1,5_9,5.996e-05
392,2033,1,5_9,5.86e-05
392,2034,1,5_9,5.756e-05
392,2035,1,5_9,5.627e-05
392,2036,1,5_9,5.516e-05
392,2037,1,5_9,5.408e-05
392,2038,1,5_9,5.302e-05
392,2039,1,5_9,5.2e-05
392,2040,1,5_9,5.088e-05
392,2041,1,5_9,5.003e-05
392,2042,1,5_9,4.908e-05
392,2043,1,5_9,4.816e-05
392,2044,1,5_9,4.726e-05
392,2045,1,5_9,4.638e-05
392,2046,1,5_9,4.563e-05
392,2047,1,5_9,4.47e-05
392,2048,1,5_9,4.389e-05
392,2049,1,5_9,4.31e-05
392,2050,1,5_9,4.242e-05
392,2051,1,5_9,4.158e-05
392,2052,1,5_9,4.093e-05
392,2053,1,5_9,4.03e-05
392,2054,1,5_9,3.951e-05
392,2055,1,5_9,3.883e-05
392,2056,1,5_9,3.817e-05
392,2057,1,5_9,3.759e-05
392,2058,1,5_9,3.688e-05
392,2059,1,5_9,3.626e-05
392,2060,1,5_9,3.565e-05
392,2061,1,5_9,3.512e-05
392,2062,1,5_9,3.462e-05
392,2063,1,5_9,3.397e-05
392,2064,1,5_9,3.348e-05
392,2065,1,5_9,3.287e-05
392,2066,1,5_9,3.241e-05
392,2067,1,5_9,3.188e-05
392,2068,1,5_9,3.137e-05
392,2069,1,5_9,3.081e-05
392,2070,1,5_9,3.032e-05
392,2071,1,5_9,2.979e-05
392,2072,1,5_9,2.932e-05
392,2073,1,5_9,2.881e-05
392,2074,1,5_9,2.836e-05
392,2075,1,5_9,2.782e-05
392,2076,1,5_9,2.739e-05
392,2077,1,5_9,2.697e-05
392,2078,1,5_9,2.651e-05
392,2079,1,5_9,2.616e-05
392,2080,1,5_9,2.571e-05
392,2081,1,5_9,2.527e-05
392,2082,1,5_9,2.49e-05
392,2083,1,5_9,2.452e-05
392,2084,1,5_9,2.411e-05
392,2085,1,5_9,2.38e-05
392,2086,1,5_9,2.341e-05
392,2087,1,5_9,2.302e-05
392,2088,1,5_9,2.264e-05
392,2089,1,5_9,2.227e-05
392,2090,1,5_9,2.19e-05
392,2091,1,5_9,2.155e-05
392,2092,1,5_9,2.119e-05
392,2093,1,5_9,2.085e-05
392,2094,1,5_9,2.052e-05
392,2095,1,5_9,2.019e-05
392,2096,1,5_9,1.983e-05
392,2097,1,5_9,1.947e-05
392,2098,1,5_9,1.917e-05
392,2099,1,5_9,1.879e-05
392,2100,1,5_9,1.849e-05
496,2024,1,5_9,0.00030722
496,2025,1,5_9,0.0002956
496,2026,1,5_9,0.00028444
496,2027,1,5_9,0.00027378
496,2028,1,5_9,0.00026314
496,2029,1,5_9,0.00025253
496,2030,1,5_9,0.00024241
496,2031,1,5_9,0.00023257
496,2032,1,5_9,0.00022362
496,2033,1,5_9,0.00021476
496,2034,1,5_9,0.00020828
496,2035,1,5_9,0.00020195
496,2036,1,5_9,0.00019576
496,2037,1,5_9,0.00019001
496,2038,1,5_9,0.0001844
496,2039,1,5_9,0.00017847
496,2040,1,5_9,0.00017263
496,2041,1,5_9,0.00016684
496,2042,1,5_9,0.00016169
496,2043,1,5_9,0.00015665
496,2044,1,5_9,0.00015163
496,2045,1,5_9,0.00014695
496,2046,1,5_9,0.00014229
496,2047,1,5_9,0.00013785
496,2048,1,5_9,0.00013364
496,2049,1,5_9,0.00012935
496,2050,1,5_9,0.00012527
496,2051,1,5_9,0.00012131
496,2052,1,5_9,0.00011731
496,2053,1,5_9,0.00011349
496,2054,1,5_9,0.00010986
496,2055,1,5_9,0.00010668
496,2056,1,5_9,0.00010371
496,2057,1,5_9,0.00010097
496,2058,1,5_9,9.819e-05
496,2059,1,5_9,9.544e-05
496,2060,1,5_9,9.287e-05
496,2061,1,5_9,9.035e-05
496,2062,1,5_9,8.782e-05
496,2063,1,5_9,8.546e-05
496,2064,1,5_9,8.3e-05
496,2065,1,5_9,8.079e-05
496,2066,1,5_9,7.861e-05
496,2067,1,5_9,7.665e-05
496,2068,1,5_9,7.476e-05
496,2069,1,5_9,7.303e-05
496,2070,1,5_9,7.129e-05
496,2071,1,5_9,6.95e-05
496,2072,1,5_9,6.785e-05
496,2073,1,5_9,6.621e-05
496,2074,1,5_9,6.472e-05
496,2075,1,5_9,6.317e-05
496,2076,1,5_9,6.181e-05
496,2077,1,5_9,6.042e-05
496,2078,1,5_9,5.899e-05
496,2079,1,5_9,5.776e-05
496,2080,1,5_9,5.661e-05
496,2081,1,5_9,5.537e-05
496,2082,1,5_9,5.427e-05
496,2083,1,5_9,5.316e-05
496,2084,1,5_9,5.216e-05
496,2085,1,5_9,5.11e-05
496,2086,1,5_9,5.013e-05
496,2087,1,5_9,4.92e-05
496,2088,1,5_9,4.829e-05
496,2089,1,5_9,4.737e-05
496,2090,1,5_9,4.65e-05
496,2091,1,5_9,4.563e-05
496,2092,1,5_9,4.481e-05
496,2093,1,5_9,4.401e-05
496,2094,1,5_9,4.32e-05
496,2095,1,5_9,4.244e-05
496,2096,1,5_9,4.169e-05
496,2097,1,5_9,4.097e-05
496,2098,1,5_9,4.024e-05
496,2099,1,5_9,3.954e-05
496,2100,1,5_9,3.891e-05
410,2024,1,5_9,7.793e-05
410,2025,1,5_9,7.657e-05
410,2026,1,5_9,7.525e-05
410,2027,1,5_9,7.396e-05
410,2028,1,5_9,7.267e-05
410,2029,1,5_9,7.135e-05
410,2030,1,5_9,7.024e-05
410,2031,1,5_9,6.892e-05
410,2032,1,5_9,6.759e-05
410,2033,1,5_9,6.643e-05
410,2034,1,5_9,6.534e-05
410,2035,1,5_9,6.426e-05
410,2036,1,5_9,6.301e-05
410,2037,1,5_9,6.183e-05
410,2038,1,5_9,6.074e-05
410,2039,1,5_9,5.959e-05
410,2040,1,5_9,5.852e-05
410,2041,1,5_9,5.751e-05
410,2042,1,5_9,5.647e-05
410,2043,1,5_9,5.539e-05
410,2044,1,5_9,5.437e-05
410,2045,1,5_9,5.331e-05
410,2046,1,5_9,5.239e-05
410,2047,1,5_9,5.144e-05
410,2048,1,5_9,5.055e-05
410,2049,1,5_9,4.973e-05
410,2050,1,5_9,4.887e-05
410,2051,1,5_9,4.804e-05
410,2052,1,5_9,4.72e-05
410,2053,1,5_9,4.648e-05
410,2054,1,5_9,4.571e-05
410,2055,1,5_9,4.491e-05
410,2056,1,5_9,4.418e-05
410,2057,1,5_9,4.347e-05
410,2058,1,5_9,4.276e-05
410,2059,1,5_9,4.216e-05
410,2060,1,5_9,4.156e-05
410,2061,1,5_9,4.092e-05
410,2062,1,5_9,4.027e-05
410,2063,1,5_9,3.957e-05
410,2064,1,5_9,3.901e-05
410,2065,1,5_9,3.838e-05
410,2066,1,5_9,3.768e-05
410,2067,1,5_9,3.712e-05
410,2068,1,5_9,3.652e-05
410,2069,1,5_9,3.596e-05
410,2070,1,5_9,3.542e-05
410,2071,1,5_9,3.482e-05
410,2072,1,5_9,3.423e-05
410,2073,1,5_9,3.366e-05
410,2074,1,5_9,3.316e-05
410,2075,1,5_9,3.259e-05
410,2076,1,5_9,3.202e-05
410,2077,1,5_9,3.15e-05
410,2078,1,5_9,3.102e-05
410,2079,1,5_9,3.057e-05
410,2080,1,5_9,3.005e-05
410,2081,1,5_9,2.959e-05
410,2082,1,5_9,2.904e-05
410,2083,1,5_9,2.857e-05
410,2084,1,5_9,2.807e-05
410,2085,1,5_9,2.763e-05
410,2086,1,5_9,2.716e-05
410,2087,1,5_9,2.666e-05
410,2088,1,5_9,2.619e-05
410,2089,1,5_9,2.57e-05
410,2090,1,5_9,2.527e-05
410,2091,1,5_9,2.484e-05
410,2092,1,5_9,2.445e-05
410,2093,1,5_9,2.402e-05
410,2094,1,5_9,2.356e-05
410,2095,1,5_9,2.316e-05
410,2096,1,5_9,2.273e-05
410,2097,1,5_9,2.23e-05
410,2098,1,5_9,2.191e-05
410,2099,1,5_9,2.157e-05
410,2100,1,5_9,2.125e-05
4,2024,1,5_9,0.00116668
4,2025,1,5_9,0.00113343
4,2026,1,5_9,0.00110395
4,2027,1,5_9,0.00107625
4,2028,1,5_9,0.00104709
4,2029,1,5_9,0.00101941
4,2030,1,5_9,0.00099604
4,2031,1,5_9,0.00097057
4,2032,1,5_9,0.00094705
4,2033,1,5_9,0.00092456
4,2034,1,5_9,0.00090407
4,2035,1,5_9,0.00088124
4,2036,1,5_9,0.00086118
4,2037,1,5_9,0.00084222
4,2038,1,5_9,0.00082425
4,2039,1,5_9,0.00080696
4,2040,1,5_9,0.00078977
4,2041,1,5_9,0.00077316
4,2042,1,5_9,0.00075855
4,2043,1,5_9,0.00074282
4,2044,1,5_9,0.00072685
4,2045,1,5_9,0.0007122
4,2046,1,5_9,0.00069941
4,2047,1,5_9,0.00068478
4,2048,1,5_9,0.00067154
4,2049,1,5_9,0.00065696
4,2050,1,5_9,0.00064542
4,2051,1,5_9,0.00063217
4,2052,1,5_9,0.00061824
4,2053,1,5_9,0.00060462
4,2054,1,5_9,0.00059169
4,2055,1,5_9,0.00057889
4,2056,1,5_9,0.00056636
4,2057,1,5_9,0.00055313
4,2058,1,5_9,0.00054316
4,2059,1,5_9,0.00053256
4,2060,1,5_9,0.00052319
4,2061,1,5_9,0.0005131
4,2062,1,5_9,0.00050273
4,2063,1,5_9,0.00049309
4,2064,1,5_9,0.00048355
4,2065,1,5_9,0.00047572
4,2066,1,5_9,0.00046778
4,2067,1,5_9,0.00045983
4,2068,1,5_9,0.00045282
4,2069,1,5_9,0.00044482
4,2070,1,5_9,0.00043726
4,2071,1,5_9,0.00042972
4,2072,1,5_9,0.00042149
4,2073,1,5_9,0.00041267
4,2074,1,5_9,0.00040502
4,2075,1,5_9,0.0003964
4,2076,1,5_9,0.00038935
4,2077,1,5_9,0.0003818
4,2078,1,5_9,0.00037374
4,2079,1,5_9,0.00036702
4,2080,1,5_9,0.00036005
4,2081,1,5_9,0.00035278
4,2082,1,5_9,0.0003465
4,2083,1,5_9,0.00033987
4,2084,1,5_9,0.00033371
4,2085,1,5_9,0.00032722
4,2086,1,5_9,0.00032121
4,2087,1,5_9,0.00031464
4,2088,1,5_9,0.00030883
4,2089,1,5_9,0.00030219
4,2090,1,5_9,0.00029651
4,2091,1,5_9,0.00029041
4,2092,1,5_9,0.00028464
4,2093,1,5_9,0.0002785
4,2094,1,5_9,0.00027298
4,2095,1,5_9,0.00026679
4,2096,1,5_9,0.00026122
4,2097,1,5_9,0.00025474
4,2098,1,5_9,0.00025002
4,2099,1,5_9,0.00024548
4,2100,1,5_9,0.00024125
50,2024,1,5_9,0.00058078
50,2025,1,5_9,0.00056131
50,2026,1,5_9,0.00054133
50,2027,1,5_9,0.00052198
50,2028,1,5_9,0.00050401
50,2029,1,5_9,0.0004862
50,2030,1,5_9,0.00046928
50,2031,1,5_9,0.00045389
50,2032,1,5_9,0.00043885
50,2033,1,5_9,0.00042404
50,2034,1,5_9,0.00041001
50,2035,1,5_9,0.00039608
50,2036,1,5_9,0.00038305
50,2037,1,5_9,0.00036951
50,2038,1,5_9,0.00035723
50,2039,1,5_9,0.00034499
50,2040,1,5_9,0.00033343
50,2041,1,5_9,0.00032197
50,2042,1,5_9,0.00031086
50,2043,1,5_9,0.00030018
50,2044,1,5_9,0.00028986
50,2045,1,5_9,0.00027969
50,2046,1,5_9,0.00026986
50,2047,1,5_9,0.00026044
50,2048,1,5_9,0.00025155
50,2049,1,5_9,0.00024338
50,2050,1,5_9,0.00023521
50,2051,1,5_9,0.00022713
50,2052,1,5_9,0.00021967
50,2053,1,5_9,0.00021239
50,2054,1,5_9,0.00020554
50,2055,1,5_9,0.00019848
50,2056,1,5_9,0.00019198
50,2057,1,5_9,0.00018592
50,2058,1,5_9,0.00017982
50,2059,1,5_9,0.00017387
50,2060,1,5_9,0.00016852
50,2061,1,5_9,0.00016327
50,2062,1,5_9,0.00015825
50,2063,1,5_9,0.00015316
50,2064,1,5_9,0.00014825
50,2065,1,5_9,0.00014368
50,2066,1,5_9,0.0001392
50,2067,1,5_9,0.00013506
50,2068,1,5_9,0.00013091
50,2069,1,5_9,0.00012707
50,2070,1,5_9,0.00012324
50,2071,1,5_9,0.00011964
50,2072,1,5_9,0.00011659
50,2073,1,5_9,0.00011352
50,2074,1,5_9,0.00011035
50,2075,1,5_9,0.00010748
50,2076,1,5_9,0.00010443
50,2077,1,5_9,0.00010172
50,2078,1,5_9,9.897e-05
50,2079,1,5_9,9.642e-05
50,2080,1,5_9,9.419e-05
50,2081,1,5_9,9.194e-05
50,2082,1,5_9,8.971e-05
50,2083,1,5_9,8.771e-05
50,2084,1,5_9,8.574e-05
50,2085,1,5_9,8.368e-05
50,2086,1,5_9,8.176e-05
50,2087,1,5_9,7.993e-05
50,2088,1,5_9,7.819e-05
50,2089,1,5_9,7.655e-05
50,2090,1,5_9,7.488e-05
50,2091,1,5_9,7.326e-05
50,2092,1,5_9,7.173e-05
50,2093,1,5_9,7.007e-05
50,2094,1,5_9,6.845e-05
50,2095,1,5_9,6.697e-05
50,2096,1,5_9,6.569e-05
50,2097,1,5_9,6.423e-05
50,2098,1,5_9,6.298e-05
50,2099,1,5_9,6.173e-05
50,2100,1,5_9,6.045e-05
64,2024,1,5_9,0.00043398
64,2025,1,5_9,0.00042045
64,2026,1,5_9,0.00040671
64,2027,1,5_9,0.00039401
64,2028,1,5_9,0.00038117
64,2029,1,5_9,0.00036888
64,2030,1,5_9,0.00035716
64,2031,1,5_9,0.00034603
64,2032,1,5_9,0.00033459
64,2033,1,5_9,0.00032419
64,2034,1,5_9,0.00031347
64,2035,1,5_9,0.00030308
64,2036,1,5_9,0.00029265
64,2037,1,5_9,0.00028246
64,2038,1,5_9,0.00027303
64,2039,1,5_9,0.00026477
64,2040,1,5_9,0.00025619
64,2041,1,5_9,0.00024841
64,2042,1,5_9,0.00024012
64,2043,1,5_9,0.00023232
64,2044,1,5_9,0.00022465
64,2045,1,5_9,0.00021789
64,2046,1,5_9,0.00021095
64,2047,1,5_9,0.00020445
64,2048,1,5_9,0.00019769
64,2049,1,5_9,0.00019139
64,2050,1,5_9,0.00018517
64,2051,1,5_9,0.00017925
64,2052,1,5_9,0.00017359
64,2053,1,5_9,0.00016806
64,2054,1,5_9,0.00016285
64,2055,1,5_9,0.00015769
64,2056,1,5_9,0.00015265
64,2057,1,5_9,0.0001478
64,2058,1,5_9,0.00014319
64,2059,1,5_9,0.0001385
64,2060,1,5_9,0.00013385
64,2061,1,5_9,0.00012953
64,2062,1,5_9,0.00012575
64,2063,1,5_9,0.000122
64,2064,1,5_9,0.00011825
64,2065,1,5_9,0.00011476
64,2066,1,5_9,0.0001115
64,2067,1,5_9,0.00010811
64,2068,1,5_9,0.000105
64,2069,1,5_9,0.00010189
64,2070,1,5_9,9.884e-05
64,2071,1,5_9,9.612e-05
64,2072,1,5_9,9.344e-05
64,2073,1,5_9,9.063e-05
64,2074,1,5_9,8.821e-05
64,2075,1,5_9,8.575e-05
64,2076,1,5_9,8.342e-05
64,2077,1,5_9,8.129e-05
64,2078,1,5_9,7.927e-05
64,2079,1,5_9,7.73e-05
64,2080,1,5_9,7.539e-05
64,2081,1,5_9,7.348e-05
64,2082,1,5_9,7.175e-05
64,2083,1,5_9,7e-05
64,2084,1,5_9,6.825e-05
64,2085,1,5_9,6.667e-05
64,2086,1,5_9,6.51e-05
64,2087,1,5_9,6.355e-05
64,2088,1,5_9,6.208e-05
64,2089,1,5_9,6.059e-05
64,2090,1,5_9,5.931e-05
64,2091,1,5_9,5.799e-05
64,2092,1,5_9,5.674e-05
64,2093,1,5_9,5.561e-05
64,2094,1,5_9,5.446e-05
64,2095,1,5_9,5.347e-05
64,2096,1,5_9,5.241e-05
64,2097,1,5_9,5.139e-05
64,2098,1,5_9,5.036e-05
64,2099,1,5_9,4.944e-05
64,2100,1,5_9,4.852e-05
356,2024,1,5_9,0.00054394
356,2025,1,5_9,0.00052713
356,2026,1,5_9,0.00051273
356,2027,1,5_9,0.00049718
356,2028,1,5_9,0.00048346
356,2029,1,5_9,0.00047148
356,2030,1,5_9,0.00045938
356,2031,1,5_9,0.00044836
356,2032,1,5_9,0.00043678
356,2033,1,5_9,0.00042596
356,2034,1,5_9,0.00041464
356,2035,1,5_9,0.00040453
356,2036,1,5_9,0.00039394
356,2037,1,5_9,0.0003848
356,2038,1,5_9,0.0003748
356,2039,1,5_9,0.00036488
356,2040,1,5_9,0.00035478
356,2041,1,5_9,0.00034582
356,2042,1,5_9,0.00033642
356,2043,1,5_9,0.0003274
356,2044,1,5_9,0.00031838
356,2045,1,5_9,0.00030981
356,2046,1,5_9,0.00030174
356,2047,1,5_9,0.00029436
356,2048,1,5_9,0.00028711
356,2049,1,5_9,0.00027988
356,2050,1,5_9,0.00027291
356,2051,1,5_9,0.00026598
356,2052,1,5_9,0.00025927
356,2053,1,5_9,0.00025266
356,2054,1,5_9,0.00024649
356,2055,1,5_9,0.00024021
356,2056,1,5_9,0.00023376
356,2057,1,5_9,0.00022753
356,2058,1,5_9,0.00022132
356,2059,1,5_9,0.00021559
356,2060,1,5_9,0.00021
356,2061,1,5_9,0.00020467
356,2062,1,5_9,0.00019937
356,2063,1,5_9,0.00019429
356,2064,1,5_9,0.00018939
356,2065,1,5_9,0.0001849
356,2066,1,5_9,0.00017999
356,2067,1,5_9,0.00017544
356,2068,1,5_9,0.00017096
356,2069,1,5_9,0.00016654
356,2070,1,5_9,0.00016261
356,2071,1,5_9,0.0001585
356,2072,1,5_9,0.00015454
356,2073,1,5_9,0.00015065
356,2074,1,5_9,0.00014714
356,2075,1,5_9,0.00014377
356,2076,1,5_9,0.00014036
356,2077,1,5_9,0.00013699
356,2078,1,5_9,0.00013389
356,2079,1,5_9,0.00013067
356,2080,1,5_9,0.00012772
356,2081,1,5_9,0.00012468
356,2082,1,5_9,0.00012182
356,2083,1,5_9,0.00011895
356,2084,1,5_9,0.00011632
356,2085,1,5_9,0.00011384
356,2086,1,5_9,0.00011143
356,2087,1,5_9,0.00010908
356,2088,1,5_9,0.00010674
356,2089,1,5_9,0.0001046
356,2090,1,5_9,0.00010238
356,2091,1,5_9,0.00010034
356,2092,1,5_9,9.823e-05
356,2093,1,5_9,9.621e-05
356,2094,1,5_9,9.422e-05
356,2095,1,5_9,9.243e-05
356,2096,1,5_9,9.054e-05
356,2097,1,5_9,8.879e-05
356,2098,1,5_9,8.707e-05
356,2099,1,5_9,8.534e-05
356,2100,1,5_9,8.379e-05
364,2024,1,5_9,0.0004259
364,2025,1,5_9,0.00041205
364,2026,1,5_9,0.00039846
364,2027,1,5_9,0.00038477
364,2028,1,5_9,0.00037176
364,2029,1,5_9,0.00035897
364,2030,1,5_9,0.00034692
364,2031,1,5_9,0.00033401
364,2032,1,5_9,0.00032218
364,2033,1,5_9,0.00031097
364,2034,1,5_9,0.00029996
364,2035,1,5_9,0.0002893
364,2036,1,5_9,0.00027894
364,2037,1,5_9,0.00026883
364,2038,1,5_9,0.00025928
364,2039,1,5_9,0.00025028
364,2040,1,5_9,0.00024135
364,2041,1,5_9,0.00023286
364,2042,1,5_9,0.00022433
364,2043,1,5_9,0.00021632
364,2044,1,5_9,0.00020876
364,2045,1,5_9,0.00020133
364,2046,1,5_9,0.00019424
364,2047,1,5_9,0.00018727
364,2048,1,5_9,0.00018063
364,2049,1,5_9,0.00017456
364,2050,1,5_9,0.00016846
364,2051,1,5_9,0.00016291
364,2052,1,5_9,0.00015731
364,2053,1,5_9,0.00015202
364,2054,1,5_9,0.000147
364,2055,1,5_9,0.00014232
364,2056,1,5_9,0.00013762
364,2057,1,5_9,0.00013309
364,2058,1,5_9,0.00012904
364,2059,1,5_9,0.00012497
364,2060,1,5_9,0.00012141
364,2061,1,5_9,0.00011786
364,2062,1,5_9,0.00011452
364,2063,1,5_9,0.00011126
364,2064,1,5_9,0.00010811
364,2065,1,5_9,0.00010496
364,2066,1,5_9,0.00010196
364,2067,1,5_9,9.926e-05
364,2068,1,5_9,9.658e-05
364,2069,1,5_9,9.394e-05
364,2070,1,5_9,9.138e-05
364,2071,1,5_9,8.896e-05
364,2072,1,5_9,8.677e-05
364,2073,1,5_9,8.467e-05
364,2074,1,5_9,8.254e-05
364,2075,1,5_9,8.051e-05
364,2076,1,5_9,7.865e-05
364,2077,1,5_9,7.676e-05
364,2078,1,5_9,7.506e-05
364,2079,1,5_9,7.33e-05
364,2080,1,5_9,7.172e-05
364,2081,1,5_9,7.014e-05
364,2082,1,5_9,6.86e-05
364,2083,1,5_9,6.714e-05
364,2084,1,5_9,6.588e-05
364,2085,1,5_9,6.442e-05
364,2086,1,5_9,6.3e-05
364,2087,1,5_9,6.171e-05
364,2088,1,5_9,6.035e-05
364,2089,1,5_9,5.912e-05
364,2090,1,5_9,5.792e-05
364,2091,1,5_9,5.673e-05
364,2092,1,5_9,5.546e-05
364,2093,1,5_9,5.437e-05
364,2094,1,5_9,5.331e-05
364,2095,1,5_9,5.233e-05
364,2096,1,5_9,5.143e-05
364,2097,1,5_9,5.051e-05
364,2098,1,5_9,4.947e-05
364,2099,1,5_9,4.855e-05
364,2100,1,5_9,4.776e-05
462,2024,1,5_9,7.479e-05
462,2025,1,5_9,7.21e-05
462,2026,1,5_9,6.951e-05
462,2027,1,5_9,6.691e-05
462,2028,1,5_9,6.458e-05
462,2029,1,5_9,6.225e-05
462,2030,1,5_9,6.011e-05
462,2031,1,5_9,5.797e-05
462,2032,1,5_9,5.599e-05
462,2033,1,5_9,5.414e-05
462,2034,1,5_9,5.241e-05
462,2035,1,5_9,5.075e-05
462,2036,1,5_9,4.915e-05
462,2037,1,5_9,4.778e-05
462,2038,1,5_9,4.647e-05
462,2039,1,5_9,4.522e-05
462,2040,1,5_9,4.403e-05
462,2041,1,5_9,4.301e-05
462,2042,1,5_9,4.2e-05
462,2043,1,5_9,4.106e-05
462,2044,1,5_9,4.005e-05
462,2045,1,5_9,3.927e-05
462,2046,1,5_9,3.843e-05
462,2047,1,5_9,3.762e-05
462,2048,1,5_9,3.686e-05
462,2049,1,5_9,3.623e-05
462,2050,1,5_9,3.562e-05
462,2051,1,5_9,3.503e-05
462,2052,1,5_9,3.453e-05
462,2053,1,5_9,3.402e-05
462,2054,1,5_9,3.353e-05
462,2055,1,5_9,3.308e-05
462,2056,1,5_9,3.257e-05
462,2057,1,5_9,3.218e-05
462,2058,1,5_9,3.176e-05
462,2059,1,5_9,3.132e-05
462,2060,1,5_9,3.09e-05
462,2061,1,5_9,3.052e-05
462,2062,1,5_9,3.023e-05
462,2063,1,5_9,2.989e-05
462,2064,1,5_9,2.952e-05
462,2065,1,5_9,2.923e-05
462,2066,1,5_9,2.892e-05
462,2067,1,5_9,2.864e-05
462,2068,1,5_9,2.836e-05
462,2069,1,5_9,2.811e-05
462,2070,1,5_9,2.786e-05
462,2071,1,5_9,2.766e-05
462,2072,1,5_9,2.736e-05
462,2073,1,5_9,2.71e-05
462,2074,1,5_9,2.694e-05
462,2075,1,5_9,2.67e-05
462,2076,1,5_9,2.647e-05
462,2077,1,5_9,2.625e-05
462,2078,1,5_9,2.604e-05
462,2079,1,5_9,2.581e-05
462,2080,1,5_9,2.557e-05
462,2081,1,5_9,2.536e-05
462,2082,1,5_9,2.514e-05
462,2083,1,5_9,2.499e-05
462,2084,1,5_9,2.477e-05
462,2085,1,5_9,2.456e-05
462,2086,1,5_9,2.436e-05
462,2087,1,5_9,2.414e-05
462,2088,1,5_9,2.398e-05
462,2089,1,5_9,2.375e-05
462,2090,1,5_9,2.354e-05
462,2091,1,5_9,2.333e-05
462,2092,1,5_9,2.308e-05
462,2093,1,5_9,2.285e-05
462,2094,1,5_9,2.27e-05
462,2095,1,5_9,2.249e-05
462,2096,1,5_9,2.234e-05
462,2097,1,5_9,2.214e-05
462,2098,1,5_9,2.204e-05
462,2099,1,5_9,2.188e-05
462,2100,1,5_9,2.17e-05
524,2024,1,5_9,0.00069586
524,2025,1,5_9,0.00066921
524,2026,1,5_9,0.00064227
524,2027,1,5_9,0.00061736
524,2028,1,5_9,0.00059315
524,2029,1,5_9,0.00057621
524,2030,1,5_9,0.00055814
524,2031,1,5_9,0.00054135
524,2032,1,5_9,0.0005254
524,2033,1,5_9,0.00051044
524,2034,1,5_9,0.00049501
524,2035,1,5_9,0.00048046
524,2036,1,5_9,0.00046788
524,2037,1,5_9,0.00045582
524,2038,1,5_9,0.00044411
524,2039,1,5_9,0.00043266
524,2040,1,5_9,0.00042133
524,2041,1,5_9,0.00041003
524,2042,1,5_9,0.00039942
524,2043,1,5_9,0.00038886
524,2044,1,5_9,0.00037882
524,2045,1,5_9,0.00036959
524,2046,1,5_9,0.00035998
524,2047,1,5_9,0.00035106
524,2048,1,5_9,0.0003415
524,2049,1,5_9,0.00033259
524,2050,1,5_9,0.00032368
524,2051,1,5_9,0.00031468
524,2052,1,5_9,0.0003059
524,2053,1,5_9,0.00029757
524,2054,1,5_9,0.0002886
524,2055,1,5_9,0.00027977
524,2056,1,5_9,0.0002721
524,2057,1,5_9,0.00026505
524,2058,1,5_9,0.0002578
524,2059,1,5_9,0.00025101
524,2060,1,5_9,0.00024461
524,2061,1,5_9,0.00023805
524,2062,1,5_9,0.00023178
524,2063,1,5_9,0.00022559
524,2064,1,5_9,0.00021978
524,2065,1,5_9,0.00021411
524,2066,1,5_9,0.00020848
524,2067,1,5_9,0.00020336
524,2068,1,5_9,0.00019786
524,2069,1,5_9,0.00019238
524,2070,1,5_9,0.00018697
524,2071,1,5_9,0.00018243
524,2072,1,5_9,0.00017797
524,2073,1,5_9,0.00017367
524,2074,1,5_9,0.00016938
524,2075,1,5_9,0.00016515
524,2076,1,5_9,0.00016118
524,2077,1,5_9,0.00015733
524,2078,1,5_9,0.00015326
524,2079,1,5_9,0.00014954
524,2080,1,5_9,0.00014574
524,2081,1,5_9,0.00014219
524,2082,1,5_9,0.00013873
524,2083,1,5_9,0.00013554
524,2084,1,5_9,0.00013216
524,2085,1,5_9,0.00012908
524,2086,1,5_9,0.00012632
524,2087,1,5_9,0.0001235
524,2088,1,5_9,0.00012082
524,2089,1,5_9,0.00011805
524,2090,1,5_9,0.00011542
524,2091,1,5_9,0.00011284
524,2092,1,5_9,0.00011045
524,2093,1,5_9,0.00010801
524,2094,1,5_9,0.00010564
524,2095,1,5_9,0.00010338
524,2096,1,5_9,0.00010118
524,2097,1,5_9,9.913e-05
524,2098,1,5_9,9.713e-05
524,2099,1,5_9,9.503e-05
524,2100,1,5_9,9.315e-05
586,2024,1,5_9,0.00094046
586,2025,1,5_9,0.00092787
586,2026,1,5_9,0.00091728
586,2027,1,5_9,0.00090545
586,2028,1,5_9,0.00089249
586,2029,1,5_9,0.00088126
586,2030,1,5_9,0.00086822
586,2031,1,5_9,0.00085717
586,2032,1,5_9,0.00084542
586,2033,1,5_9,0.00083442
586,2034,1,5_9,0.00082151
586,2035,1,5_9,0.00080986
586,2036,1,5_9,0.00079717
586,2037,1,5_9,0.00078556
586,2038,1,5_9,0.00077343
586,2039,1,5_9,0.00076128
586,2040,1,5_9,0.00074906
586,2041,1,5_9,0.00073677
586,2042,1,5_9,0.00072674
586,2043,1,5_9,0.0007152
586,2044,1,5_9,0.00070281
586,2045,1,5_9,0.00069146
586,2046,1,5_9,0.0006798
586,2047,1,5_9,0.00067032
586,2048,1,5_9,0.00065917
586,2049,1,5_9,0.00064788
586,2050,1,5_9,0.00063615
586,2051,1,5_9,0.00062483
586,2052,1,5_9,0.00061348
586,2053,1,5_9,0.00060251
586,2054,1,5_9,0.00059264
586,2055,1,5_9,0.00058247
586,2056,1,5_9,0.0005706
586,2057,1,5_9,0.00055941
586,2058,1,5_9,0.00054936
586,2059,1,5_9,0.00053956
586,2060,1,5_9,0.00052999
586,2061,1,5_9,0.00052152
586,2062,1,5_9,0.00051341
586,2063,1,5_9,0.0005048
586,2064,1,5_9,0.00049549
586,2065,1,5_9,0.00048757
586,2066,1,5_9,0.00047865
586,2067,1,5_9,0.00047052
586,2068,1,5_9,0.00046163
586,2069,1,5_9,0.00045336
586,2070,1,5_9,0.0004441
586,2071,1,5_9,0.00043536
586,2072,1,5_9,0.00042721
586,2073,1,5_9,0.00041854
586,2074,1,5_9,0.00041069
586,2075,1,5_9,0.00040206
586,2076,1,5_9,0.00039314
586,2077,1,5_9,0.00038371
586,2078,1,5_9,0.00037483
586,2079,1,5_9,0.00036743
586,2080,1,5_9,0.00036
586,2081,1,5_9,0.00035214
586,2082,1,5_9,0.00034464
586,2083,1,5_9,0.00033749
586,2084,1,5_9,0.0003302
586,2085,1,5_9,0.00032367
586,2086,1,5_9,0.00031647
586,2087,1,5_9,0.00030879
586,2088,1,5_9,0.00030218
586,2089,1,5_9,0.00029511
586,2090,1,5_9,0.00028812
586,2091,1,5_9,0.00028077
586,2092,1,5_9,0.00027364
586,2093,1,5_9,0.00026683
586,2094,1,5_9,0.00025999
586,2095,1,5_9,0.00025353
586,2096,1,5_9,0.00024778
586,2097,1,5_9,0.00024268
586,2098,1,5_9,0.00023741
586,2099,1,5_9,0.00023231
586,2100,1,5_9,0.00022753
144,2024,1,5_9,0.00015611
144,2025,1,5_9,0.00015197
144,2026,1,5_9,0.00014814
144,2027,1,5_9,0.00014489
144,2028,1,5_9,0.00014141
144,2029,1,5_9,0.00013808
144,2030,1,5_9,0.00013485
144,2031,1,5_9,0.00013156
144,2032,1,5_9,0.0001283
144,2033,1,5_9,0.00012529
144,2034,1,5_9,0.00012218
144,2035,1,5_9,0.00011914
144,2036,1,5_9,0.000116
144,2037,1,5_9,0.00011298
144,2038,1,5_9,0.00010994
144,2039,1,5_9,0.00010707
144,2040,1,5_9,0.00010434
144,2041,1,5_9,0.00010163
144,2042,1,5_9,9.925e-05
144,2043,1,5_9,9.699e-05
144,2044,1,5_9,9.465e-05
144,2045,1,5_9,9.232e-05
144,2046,1,5_9,9.015e-05
144,2047,1,5_9,8.814e-05
144,2048,1,5_9,8.61e-05
144,2049,1,5_9,8.407e-05
144,2050,1,5_9,8.237e-05
144,2051,1,5_9,8.056e-05
144,2052,1,5_9,7.886e-05
144,2053,1,5_9,7.73e-05
144,2054,1,5_9,7.58e-05
144,2055,1,5_9,7.434e-05
144,2056,1,5_9,7.3e-05
144,2057,1,5_9,7.163e-05
144,2058,1,5_9,7.042e-05
144,2059,1,5_9,6.916e-05
144,2060,1,5_9,6.796e-05
144,2061,1,5_9,6.678e-05
144,2062,1,5_9,6.568e-05
144,2063,1,5_9,6.463e-05
144,2064,1,5_9,6.363e-05
144,2065,1,5_9,6.259e-05
144,2066,1,5_9,6.154e-05
144,2067,1,5_9,6.062e-05
144,2068,1,5_9,5.957e-05
144,2069,1,5_9,5.867e-05
144,2070,1,5_9,5.787e-05
144,2071,1,5_9,5.688e-05
144,2072,1,5_9,5.601e-05
144,2073,1,5_9,5.512e-05
144,2074,1,5_9,5.439e-05
144,2075,1,5_9,5.359e-05
144,2076,1,5_9,5.279e-05
144,2077,1,5_9,5.199e-05
144,2078,1,5_9,5.126e-05
144,2079,1,5_9,5.056e-05
144,2080,1,5_9,4.979e-05
144,2081,1,5_9,4.904e-05
144,2082,1,5_9,4.834e-05
144,2083,1,5_9,4.774e-05
144,2084,1,5_9,4.712e-05
144,2085,1,5_9,4.661e-05
144,2086,1,5_9,4.601e-05
144,2087,1,5_9,4.549e-05
144,2088,1,5_9,4.49e-05
144,2089,1,5_9,4.441e-05
144,2090,1,5_9,4.383e-05
144,2091,1,5_9,4.337e-05
144,2092,1,5_9,4.28e-05
144,2093,1,5_9,4.23e-05
144,2094,1,5_9,4.183e-05
144,2095,1,5_9,4.126e-05
144,2096,1,5_9,4.074e-05
144,2097,1,5_9,4.022e-05
144,2098,1,5_9,3.979e-05
144,2099,1,5_9,3.932e-05
144,2100,1,5_9,3.881e-05
96,2024,1,5_9,0.00021643
96,2025,1,5_9,0.00021269
96,2026,1,5_9,0.00020883
96,2027,1,5_9,0.00020537
96,2028,1,5_9,0.00020145
96,2029,1,5_9,0.00019757
96,2030,1,5_9,0.00019371
96,2031,1,5_9,0.00019027
96,2032,1,5_9,0.00018665
96,2033,1,5_9,0.00018294
96,2034,1,5_9,0.00017963
96,2035,1,5_9,0.00017663
96,2036,1,5_9,0.00017364
96,2037,1,5_9,0.00017067
96,2038,1,5_9,0.00016756
96,2039,1,5_9,0.00016491
96,2040,1,5_9,0.0001621
96,2041,1,5_9,0.0001591
96,2042,1,5_9,0.00015634
96,2043,1,5_9,0.00015378
96,2044,1,5_9,0.00015081
96,2045,1,5_9,0.00014831
96,2046,1,5_9,0.00014559
96,2047,1,5_9,0.0001431
96,2048,1,5_9,0.00014065
96,2049,1,5_9,0.00013817
96,2050,1,5_9,0.00013591
96,2051,1,5_9,0.00013337
96,2052,1,5_9,0.00013111
96,2053,1,5_9,0.00012901
96,2054,1,5_9,0.00012677
96,2055,1,5_9,0.0001247
96,2056,1,5_9,0.00012262
96,2057,1,5_9,0.00012064
96,2058,1,5_9,0.00011879
96,2059,1,5_9,0.00011679
96,2060,1,5_9,0.00011485
96,2061,1,5_9,0.00011309
96,2062,1,5_9,0.00011123
96,2063,1,5_9,0.00010954
96,2064,1,5_9,0.00010805
96,2065,1,5_9,0.0001064
96,2066,1,5_9,0.00010492
96,2067,1,5_9,0.00010345
96,2068,1,5_9,0.00010203
96,2069,1,5_9,0.00010066
96,2070,1,5_9,9.905e-05
96,2071,1,5_9,9.779e-05
96,2072,1,5_9,9.642e-05
96,2073,1,5_9,9.522e-05
96,2074,1,5_9,9.391e-05
96,2075,1,5_9,9.27e-05
96,2076,1,5_9,9.145e-05
96,2077,1,5_9,9.028e-05
96,2078,1,5_9,8.904e-05
96,2079,1,5_9,8.793e-05
96,2080,1,5_9,8.689e-05
96,2081,1,5_9,8.575e-05
96,2082,1,5_9,8.468e-05
96,2083,1,5_9,8.38e-05
96,2084,1,5_9,8.267e-05
96,2085,1,5_9,8.168e-05
96,2086,1,5_9,8.054e-05
96,2087,1,5_9,7.95e-05
96,2088,1,5_9,7.864e-05
96,2089,1,5_9,7.766e-05
96,2090,1,5_9,7.666e-05
96,2091,1,5_9,7.586e-05
96,2092,1,5_9,7.488e-05
96,2093,1,5_9,7.413e-05
96,2094,1,5_9,7.321e-05
96,2095,1,5_9,7.249e-05
96,2096,1,5_9,7.177e-05
96,2097,1,5_9,7.099e-05
96,2098,1,5_9,7.039e-05
96,2099,1,5_9,6.967e-05
96,2100,1,5_9,6.906e-05
116,2024,1,5_9,0.00166133
116,2025,1,5_9,0.0016294
116,2026,1,5_9,0.0015928
116,2027,1,5_9,0.00155767
116,2028,1,5_9,0.00152254
116,2029,1,5_9,0.00149169
116,2030,1,5_9,0.0014601
116,2031,1,5_9,0.00142695
116,2032,1,5_9,0.00139819
116,2033,1,5_9,0.00136722
116,2034,1,5_9,0.00134042
116,2035,1,5_9,0.00131416
116,2036,1,5_9,0.00128705
116,2037,1,5_9,0.001263
116,2038,1,5_9,0.00124192
116,2039,1,5_9,0.00122073
116,2040,1,5_9,0.00119981
116,2041,1,5_9,0.00117939
116,2042,1,5_9,0.00116043
116,2043,1,5_9,0.00113919
116,2044,1,5_9,0.00112061
116,2045,1,5_9,0.00109965
116,2046,1,5_9,0.00107847
116,2047,1,5_9,0.00105981
116,2048,1,5_9,0.00104123
116,2049,1,5_9,0.00102104
116,2050,1,5_9,0.00100149
116,2051,1,5_9,0.00098239
116,2052,1,5_9,0.00096473
116,2053,1,5_9,0.00094737
116,2054,1,5_9,0.00092901
116,2055,1,5_9,0.00091018
116,2056,1,5_9,0.00089183
116,2057,1,5_9,0.00087325
116,2058,1,5_9,0.00085542
116,2059,1,5_9,0.00083854
116,2060,1,5_9,0.00082053
116,2061,1,5_9,0.00080428
116,2062,1,5_9,0.00078724
116,2063,1,5_9,0.00077141
116,2064,1,5_9,0.00075487
116,2065,1,5_9,0.00073847
116,2066,1,5_9,0.00072199
116,2067,1,5_9,0.00070765
116,2068,1,5_9,0.00069218
116,2069,1,5_9,0.00067679
116,2070,1,5_9,0.00066125
116,2071,1,5_9,0.00064649
116,2072,1,5_9,0.0006336
116,2073,1,5_9,0.00062132
116,2074,1,5_9,0.00060926
116,2075,1,5_9,0.0005969
116,2076,1,5_9,0.00058516
116,2077,1,5_9,0.00057368
116,2078,1,5_9,0.00056312
116,2079,1,5_9,0.00055322
116,2080,1,5_9,0.00054232
116,2081,1,5_9,0.00053093
116,2082,1,5_9,0.00052016
116,2083,1,5_9,0.0005101
116,2084,1,5_9,0.00049951
116,2085,1,5_9,0.0004895
116,2086,1,5_9,0.00048007
116,2087,1,5_9,0.00047137
116,2088,1,5_9,0.00046191
116,2089,1,5_9,0.00045291
116,2090,1,5_9,0.00044377
116,2091,1,5_9,0.00043494
116,2092,1,5_9,0.00042608
116,2093,1,5_9,0.00041788
116,2094,1,5_9,0.00040974
116,2095,1,5_9,0.00040129
116,2096,1,5_9,0.00039353
116,2097,1,5_9,0.00038574
116,2098,1,5_9,0.00037866
116,2099,1,5_9,0.00037185
116,2100,1,5_9,0.00036435
360,2024,1,5_9,0.00045942
360,2025,1,5_9,0.00045331
360,2026,1,5_9,0.00044676
360,2027,1,5_9,0.00044016
360,2028,1,5_9,0.00043278
360,2029,1,5_9,0.0004274
360,2030,1,5_9,0.00042126
360,2031,1,5_9,0.0004175
360,2032,1,5_9,0.00041347
360,2033,1,5_9,0.00040865
360,2034,1,5_9,0.00040569
360,2035,1,5_9,0.00040237
360,2036,1,5_9,0.00039961
360,2037,1,5_9,0.00039594
360,2038,1,5_9,0.0003927
360,2039,1,5_9,0.00038909
360,2040,1,5_9,0.00038491
360,2041,1,5_9,0.00038124
360,2042,1,5_9,0.00037684
360,2043,1,5_9,0.00037229
360,2044,1,5_9,0.00036809
360,2045,1,5_9,0.0003634
360,2046,1,5_9,0.00035859
360,2047,1,5_9,0.00035381
360,2048,1,5_9,0.00034938
360,2049,1,5_9,0.00034447
360,2050,1,5_9,0.00034
360,2051,1,5_9,0.00033602
360,2052,1,5_9,0.00033214
360,2053,1,5_9,0.00032799
360,2054,1,5_9,0.00032442
360,2055,1,5_9,0.00032072
360,2056,1,5_9,0.00031667
360,2057,1,5_9,0.00031291
360,2058,1,5_9,0.00030897
360,2059,1,5_9,0.00030472
360,2060,1,5_9,0.00030098
360,2061,1,5_9,0.00029693
360,2062,1,5_9,0.00029253
360,2063,1,5_9,0.00028836
360,2064,1,5_9,0.0002842
360,2065,1,5_9,0.00027994
360,2066,1,5_9,0.00027596
360,2067,1,5_9,0.00027281
360,2068,1,5_9,0.00026996
360,2069,1,5_9,0.00026737
360,2070,1,5_9,0.00026439
360,2071,1,5_9,0.00026131
360,2072,1,5_9,0.00025874
360,2073,1,5_9,0.00025618
360,2074,1,5_9,0.00025339
360,2075,1,5_9,0.00025099
360,2076,1,5_9,0.00024836
360,2077,1,5_9,0.00024584
360,2078,1,5_9,0.00024305
360,2079,1,5_9,0.0002406
360,2080,1,5_9,0.00023803
360,2081,1,5_9,0.00023557
360,2082,1,5_9,0.00023283
360,2083,1,5_9,0.00023109
360,2084,1,5_9,0.00022892
360,2085,1,5_9,0.00022715
360,2086,1,5_9,0.00022535
360,2087,1,5_9,0.00022333
360,2088,1,5_9,0.00022134
360,2089,1,5_9,0.00021934
360,2090,1,5_9,0.00021767
360,2091,1,5_9,0.00021609
360,2092,1,5_9,0.00021452
360,2093,1,5_9,0.00021299
360,2094,1,5_9,0.00021112
360,2095,1,5_9,0.00020939
360,2096,1,5_9,0.00020768
360,2097,1,5_9,0.00020611
360,2098,1,5_9,0.00020442
360,2099,1,5_9,0.00020294
360,2100,1,5_9,0.00020121
418,2024,1,5_9,0.00089119
418,2025,1,5_9,0.00086346
418,2026,1,5_9,0.00083734
418,2027,1,5_9,0.00081267
418,2028,1,5_9,0.00078861
418,2029,1,5_9,0.00076549
418,2030,1,5_9,0.00074204
418,2031,1,5_9,0.00071981
418,2032,1,5_9,0.00069766
418,2033,1,5_9,0.00067625
418,2034,1,5_9,0.00065571
418,2035,1,5_9,0.00063505
418,2036,1,5_9,0.00061574
418,2037,1,5_9,0.00059684
418,2038,1,5_9,0.00057862
418,2039,1,5_9,0.00056073
418,2040,1,5_9,0.00054892
418,2041,1,5_9,0.00053798
418,2042,1,5_9,0.00052735
418,2043,1,5_9,0.000516
418,2044,1,5_9,0.00050565
418,2045,1,5_9,0.00049468
418,2046,1,5_9,0.00048398
418,2047,1,5_9,0.00047353
418,2048,1,5_9,0.00046448
418,2049,1,5_9,0.00045432
418,2050,1,5_9,0.00044472
418,2051,1,5_9,0.00043533
418,2052,1,5_9,0.0004262
418,2053,1,5_9,0.00041674
418,2054,1,5_9,0.0004074
418,2055,1,5_9,0.00039833
418,2056,1,5_9,0.00039003
418,2057,1,5_9,0.00038163
418,2058,1,5_9,0.00037367
418,2059,1,5_9,0.00036529
418,2060,1,5_9,0.00035728
418,2061,1,5_9,0.0003491
418,2062,1,5_9,0.00034076
418,2063,1,5_9,0.00033258
418,2064,1,5_9,0.00032445
418,2065,1,5_9,0.00031703
418,2066,1,5_9,0.00030887
418,2067,1,5_9,0.00030097
418,2068,1,5_9,0.00029373
418,2069,1,5_9,0.00028725
418,2070,1,5_9,0.00028004
418,2071,1,5_9,0.00027312
418,2072,1,5_9,0.00026688
418,2073,1,5_9,0.00026116
418,2074,1,5_9,0.00025524
418,2075,1,5_9,0.00024993
418,2076,1,5_9,0.00024437
418,2077,1,5_9,0.00023886
418,2078,1,5_9,0.00023375
418,2079,1,5_9,0.00022849
418,2080,1,5_9,0.00022278
418,2081,1,5_9,0.00021757
418,2082,1,5_9,0.00021245
418,2083,1,5_9,0.00020773
418,2084,1,5_9,0.00020302
418,2085,1,5_9,0.00019832
418,2086,1,5_9,0.00019382
418,2087,1,5_9,0.00018934
418,2088,1,5_9,0.00018507
418,2089,1,5_9,0.00018078
418,2090,1,5_9,0.00017676
418,2091,1,5_9,0.00017266
418,2092,1,5_9,0.00016882
418,2093,1,5_9,0.00016522
418,2094,1,5_9,0.00016142
418,2095,1,5_9,0.00015757
418,2096,1,5_9,0.0001541
418,2097,1,5_9,0.00015078
418,2098,1,5_9,0.00014763
418,2099,1,5_9,0.00014453
418,2100,1,5_9,0.00014111
458,2024,1,5_9,0.00020201
458,2025,1,5_9,0.00019776
458,2026,1,5_9,0.00019365
458,2027,1,5_9,0.00018971
458,2028,1,5_9,0.00018645
458,2029,1,5_9,0.00018316
458,2030,1,5_9,0.00017987
458,2031,1,5_9,0.00017667
458,2032,1,5_9,0.00017325
458,2033,1,5_9,0.00017016
458,2034,1,5_9,0.00016696
458,2035,1,5_9,0.00016372
458,2036,1,5_9,0.00016086
458,2037,1,5_9,0.0001579
458,2038,1,5_9,0.00015473
458,2039,1,5_9,0.00015143
458,2040,1,5_9,0.00014847
458,2041,1,5_9,0.00014571
458,2042,1,5_9,0.00014302
458,2043,1,5_9,0.00014047
458,2044,1,5_9,0.00013782
458,2045,1,5_9,0.00013516
458,2046,1,5_9,0.00013276
458,2047,1,5_9,0.0001304
458,2048,1,5_9,0.00012817
458,2049,1,5_9,0.00012583
458,2050,1,5_9,0.00012346
458,2051,1,5_9,0.00012129
458,2052,1,5_9,0.00011908
458,2053,1,5_9,0.00011702
458,2054,1,5_9,0.00011524
458,2055,1,5_9,0.00011345
458,2056,1,5_9,0.00011154
458,2057,1,5_9,0.0001096
458,2058,1,5_9,0.00010781
458,2059,1,5_9,0.00010608
458,2060,1,5_9,0.0001044
458,2061,1,5_9,0.00010281
458,2062,1,5_9,0.00010127
458,2063,1,5_9,9.993e-05
458,2064,1,5_9,9.849e-05
458,2065,1,5_9,9.701e-05
458,2066,1,5_9,9.572e-05
458,2067,1,5_9,9.439e-05
458,2068,1,5_9,9.304e-05
458,2069,1,5_9,9.185e-05
458,2070,1,5_9,9.07e-05
458,2071,1,5_9,8.952e-05
458,2072,1,5_9,8.837e-05
458,2073,1,5_9,8.716e-05
458,2074,1,5_9,8.605e-05
458,2075,1,5_9,8.512e-05
458,2076,1,5_9,8.399e-05
458,2077,1,5_9,8.296e-05
458,2078,1,5_9,8.185e-05
458,2079,1,5_9,8.092e-05
458,2080,1,5_9,7.983e-05
458,2081,1,5_9,7.887e-05
458,2082,1,5_9,7.808e-05
458,2083,1,5_9,7.701e-05
458,2084,1,5_9,7.619e-05
458,2085,1,5_9,7.519e-05
458,2086,1,5_9,7.444e-05
458,2087,1,5_9,7.358e-05
458,2088,1,5_9,7.288e-05
458,2089,1,5_9,7.207e-05
458,2090,1,5_9,7.142e-05
458,2091,1,5_9,7.059e-05
458,2092,1,5_9,6.993e-05
458,2093,1,5_9,6.913e-05
458,2094,1,5_9,6.841e-05
458,2095,1,5_9,6.761e-05
458,2096,1,5_9,6.704e-05
458,2097,1,5_9,6.636e-05
458,2098,1,5_9,6.577e-05
458,2099,1,5_9,6.497e-05
458,2100,1,5_9,6.434e-05
104,2024,1,5_9,0.00144372
104,2025,1,5_9,0.0014097
104,2026,1,5_9,0.00137697
104,2027,1,5_9,0.00134296
104,2028,1,5_9,0.00131059
104,2029,1,5_9,0.00128125
104,2030,1,5_9,0.00124925
104,2031,1,5_9,0.0012213
104,2032,1,5_9,0.00119158
104,2033,1,5_9,0.00116409
104,2034,1,5_9,0.00113773
104,2035,1,5_9,0.00111211
104,2036,1,5_9,0.00108704
104,2037,1,5_9,0.00106042
104,2038,1,5_9,0.0010356
104,2039,1,5_9,0.00100899
104,2040,1,5_9,0.00098564
104,2041,1,5_9,0.00096156
104,2042,1,5_9,0.00093887
104,2043,1,5_9,0.00091676
104,2044,1,5_9,0.0008959
104,2045,1,5_9,0.00087521
104,2046,1,5_9,0.00085326
104,2047,1,5_9,0.0008321
104,2048,1,5_9,0.00081322
104,2049,1,5_9,0.00079224
104,2050,1,5_9,0.0007732
104,2051,1,5_9,0.00075601
104,2052,1,5_9,0.00073863
104,2053,1,5_9,0.00072095
104,2054,1,5_9,0.00070482
104,2055,1,5_9,0.00068789
104,2056,1,5_9,0.00067234
104,2057,1,5_9,0.0006546
104,2058,1,5_9,0.00063816
104,2059,1,5_9,0.00062234
104,2060,1,5_9,0.00060639
104,2061,1,5_9,0.00059354
104,2062,1,5_9,0.00058122
104,2063,1,5_9,0.00056877
104,2064,1,5_9,0.00055598
104,2065,1,5_9,0.00054313
104,2066,1,5_9,0.00053062
104,2067,1,5_9,0.00051836
104,2068,1,5_9,0.00050738
104,2069,1,5_9,0.00049483
104,2070,1,5_9,0.00048269
104,2071,1,5_9,0.00047069
104,2072,1,5_9,0.0004587
104,2073,1,5_9,0.00044605
104,2074,1,5_9,0.0004335
104,2075,1,5_9,0.00042081
104,2076,1,5_9,0.00040923
104,2077,1,5_9,0.00039957
104,2078,1,5_9,0.00038964
104,2079,1,5_9,0.00037982
104,2080,1,5_9,0.00037086
104,2081,1,5_9,0.00036125
104,2082,1,5_9,0.00035246
104,2083,1,5_9,0.00034311
104,2084,1,5_9,0.00033414
104,2085,1,5_9,0.00032515
104,2086,1,5_9,0.00031636
104,2087,1,5_9,0.00030804
104,2088,1,5_9,0.00029945
104,2089,1,5_9,0.00029126
104,2090,1,5_9,0.00028365
104,2091,1,5_9,0.00027631
104,2092,1,5_9,0.00027018
104,2093,1,5_9,0.00026414
104,2094,1,5_9,0.00025823
104,2095,1,5_9,0.00025219
104,2096,1,5_9,0.00024614
104,2097,1,5_9,0.0002401
104,2098,1,5_9,0.00023472
104,2099,1,5_9,0.00022924
104,2100,1,5_9,0.00022368
608,2024,1,5_9,0.00049144
608,2025,1,5_9,0.00048974
608,2026,1,5_9,0.00048948
608,2027,1,5_9,0.00048758
608,2028,1,5_9,0.00048526
608,2029,1,5_9,0.00048254
608,2030,1,5_9,0.00048029
608,2031,1,5_9,0.00047781
608,2032,1,5_9,0.00047511
608,2033,1,5_9,0.00047213
608,2034,1,5_9,0.00046985
608,2035,1,5_9,0.00046727
608,2036,1,5_9,0.00046412
608,2037,1,5_9,0.00045946
608,2038,1,5_9,0.00045595
608,2039,1,5_9,0.00045368
608,2040,1,5_9,0.00045012
608,2041,1,5_9,0.00044778
608,2042,1,5_9,0.00044457
608,2043,1,5_9,0.00044081
608,2044,1,5_9,0.00043732
608,2045,1,5_9,0.00043386
608,2046,1,5_9,0.00042877
608,2047,1,5_9,0.00042532
608,2048,1,5_9,0.00041984
608,2049,1,5_9,0.00041536
608,2050,1,5_9,0.00041044
608,2051,1,5_9,0.00040737
608,2052,1,5_9,0.00040521
608,2053,1,5_9,0.00040224
608,2054,1,5_9,0.00039974
608,2055,1,5_9,0.00039607
608,2056,1,5_9,0.00039236
608,2057,1,5_9,0.0003891
608,2058,1,5_9,0.00038516
608,2059,1,5_9,0.00038128
608,2060,1,5_9,0.00037651
608,2061,1,5_9,0.00037159
608,2062,1,5_9,0.00036662
608,2063,1,5_9,0.00036289
608,2064,1,5_9,0.00035803
608,2065,1,5_9,0.00035298
608,2066,1,5_9,0.00034756
608,2067,1,5_9,0.00034201
608,2068,1,5_9,0.00033667
608,2069,1,5_9,0.00033341
608,2070,1,5_9,0.00032991
608,2071,1,5_9,0.00032545
608,2072,1,5_9,0.00032174
608,2073,1,5_9,0.00031824
608,2074,1,5_9,0.00031469
608,2075,1,5_9,0.00031088
608,2076,1,5_9,0.00030733
608,2077,1,5_9,0.0003031
608,2078,1,5_9,0.00029922
608,2079,1,5_9,0.00029546
608,2080,1,5_9,0.00029165
608,2081,1,5_9,0.00028653
608,2082,1,5_9,0.00028283
608,2083,1,5_9,0.00027879
608,2084,1,5_9,0.00027609
608,2085,1,5_9,0.00027394
608,2086,1,5_9,0.00027147
608,2087,1,5_9,0.00026882
608,2088,1,5_9,0.00026648
608,2089,1,5_9,0.00026411
608,2090,1,5_9,0.00026136
608,2091,1,5_9,0.00025905
608,2092,1,5_9,0.00025671
608,2093,1,5_9,0.00025407
608,2094,1,5_9,0.0002518
608,2095,1,5_9,0.00024966
608,2096,1,5_9,0.00024741
608,2097,1,5_9,0.00024522
608,2098,1,5_9,0.00024261
608,2099,1,5_9,0.00024089
608,2100,1,5_9,0.00023931
702,2024,1,5_9,6.591e-05
702,2025,1,5_9,6.464e-05
702,2026,1,5_9,6.35e-05
702,2027,1,5_9,6.225e-05
702,2028,1,5_9,6.112e-05
702,2029,1,5_9,6.004e-05
702,2030,1,5_9,5.906e-05
702,2031,1,5_9,5.807e-05
702,2032,1,5_9,5.71e-05
702,2033,1,5_9,5.613e-05
702,2034,1,5_9,5.518e-05
702,2035,1,5_9,5.425e-05
702,2036,1,5_9,5.323e-05
702,2037,1,5_9,5.235e-05
702,2038,1,5_9,5.159e-05
702,2039,1,5_9,5.078e-05
702,2040,1,5_9,5.007e-05
702,2041,1,5_9,4.927e-05
702,2042,1,5_9,4.853e-05
702,2043,1,5_9,4.778e-05
702,2044,1,5_9,4.702e-05
702,2045,1,5_9,4.627e-05
702,2046,1,5_9,4.549e-05
702,2047,1,5_9,4.479e-05
702,2048,1,5_9,4.407e-05
702,2049,1,5_9,4.337e-05
702,2050,1,5_9,4.275e-05
702,2051,1,5_9,4.208e-05
702,2052,1,5_9,4.152e-05
702,2053,1,5_9,4.094e-05
702,2054,1,5_9,4.036e-05
702,2055,1,5_9,3.991e-05
702,2056,1,5_9,3.941e-05
702,2057,1,5_9,3.891e-05
702,2058,1,5_9,3.838e-05
702,2059,1,5_9,3.792e-05
702,2060,1,5_9,3.738e-05
702,2061,1,5_9,3.688e-05
702,2062,1,5_9,3.642e-05
702,2063,1,5_9,3.596e-05
702,2064,1,5_9,3.551e-05
702,2065,1,5_9,3.5e-05
702,2066,1,5_9,3.453e-05
702,2067,1,5_9,3.411e-05
702,2068,1,5_9,3.364e-05
702,2069,1,5_9,3.321e-05
702,2070,1,5_9,3.276e-05
702,2071,1,5_9,3.234e-05
702,2072,1,5_9,3.194e-05
702,2073,1,5_9,3.153e-05
702,2074,1,5_9,3.107e-05
702,2075,1,5_9,3.067e-05
702,2076,1,5_9,3.027e-05
702,2077,1,5_9,2.989e-05
702,2078,1,5_9,2.952e-05
702,2079,1,5_9,2.916e-05
702,2080,1,5_9,2.878e-05
702,2081,1,5_9,2.842e-05
702,2082,1,5_9,2.807e-05
702,2083,1,5_9,2.773e-05
702,2084,1,5_9,2.738e-05
702,2085,1,5_9,2.701e-05
702,2086,1,5_9,2.666e-05
702,2087,1,5_9,2.629e-05
702,2088,1,5_9,2.594e-05
702,2089,1,5_9,2.552e-05
702,2090,1,5_9,2.516e-05
702,2091,1,5_9,2.482e-05
702,2092,1,5_9,2.447e-05
702,2093,1,5_9,2.411e-05
702,2094,1,5_9,2.375e-05
702,2095,1,5_9,2.338e-05
702,2096,1,5_9,2.303e-05
702,2097,1,5_9,2.265e-05
702,2098,1,5_9,2.237e-05
702,2099,1,5_9,2.206e-05
702,2100,1,5_9,2.178e-05
764,2024,1,5_9,0.00038523
764,2025,1,5_9,0.00037707
764,2026,1,5_9,0.00036685
764,2027,1,5_9,0.00035611
764,2028,1,5_9,0.0003453
764,2029,1,5_9,0.00033473
764,2030,1,5_9,0.00032464
764,2031,1,5_9,0.00031426
764,2032,1,5_9,0.00030441
764,2033,1,5_9,0.00029466
764,2034,1,5_9,0.00028535
764,2035,1,5_9,0.00027702
764,2036,1,5_9,0.00026876
764,2037,1,5_9,0.00026117
764,2038,1,5_9,0.00025372
764,2039,1,5_9,0.00024649
764,2040,1,5_9,0.00023955
764,2041,1,5_9,0.00023269
764,2042,1,5_9,0.00022599
764,2043,1,5_9,0.00021969
764,2044,1,5_9,0.00021353
764,2045,1,5_9,0.00020736
764,2046,1,5_9,0.00020169
764,2047,1,5_9,0.00019604
764,2048,1,5_9,0.00019077
764,2049,1,5_9,0.00018575
764,2050,1,5_9,0.00018099
764,2051,1,5_9,0.00017643
764,2052,1,5_9,0.00017232
764,2053,1,5_9,0.0001682
764,2054,1,5_9,0.00016418
764,2055,1,5_9,0.00016034
764,2056,1,5_9,0.00015668
764,2057,1,5_9,0.00015296
764,2058,1,5_9,0.00014959
764,2059,1,5_9,0.00014638
764,2060,1,5_9,0.00014325
764,2061,1,5_9,0.0001402
764,2062,1,5_9,0.00013742
764,2063,1,5_9,0.00013446
764,2064,1,5_9,0.00013173
764,2065,1,5_9,0.00012913
764,2066,1,5_9,0.00012662
764,2067,1,5_9,0.00012401
764,2068,1,5_9,0.00012158
764,2069,1,5_9,0.00011925
764,2070,1,5_9,0.00011701
764,2071,1,5_9,0.0001148
764,2072,1,5_9,0.00011259
764,2073,1,5_9,0.00011047
764,2074,1,5_9,0.00010822
764,2075,1,5_9,0.00010608
764,2076,1,5_9,0.00010412
764,2077,1,5_9,0.00010219
764,2078,1,5_9,0.00010026
764,2079,1,5_9,9.844e-05
764,2080,1,5_9,9.669e-05
764,2081,1,5_9,9.487e-05
764,2082,1,5_9,9.31e-05
764,2083,1,5_9,9.137e-05
764,2084,1,5_9,8.969e-05
764,2085,1,5_9,8.808e-05
764,2086,1,5_9,8.654e-05
764,2087,1,5_9,8.496e-05
764,2088,1,5_9,8.337e-05
764,2089,1,5_9,8.183e-05
764,2090,1,5_9,8.035e-05
764,2091,1,5_9,7.889e-05
764,2092,1,5_9,7.754e-05
764,2093,1,5_9,7.631e-05
764,2094,1,5_9,7.502e-05
764,2095,1,5_9,7.375e-05
764,2096,1,5_9,7.255e-05
764,2097,1,5_9,7.141e-05
764,2098,1,5_9,7.02e-05
764,2099,1,5_9,6.908e-05
764,2100,1,5_9,6.797e-05
626,2024,1,5_9,0.00094636
626,2025,1,5_9,0.00092477
626,2026,1,5_9,0.00090738
626,2027,1,5_9,0.0008903
626,2028,1,5_9,0.00087348
626,2029,1,5_9,0.00085594
626,2030,1,5_9,0.00084002
626,2031,1,5_9,0.00082441
626,2032,1,5_9,0.00080813
626,2033,1,5_9,0.00079405
626,2034,1,5_9,0.00078079
626,2035,1,5_9,0.00076575
626,2036,1,5_9,0.00075251
626,2037,1,5_9,0.00073921
626,2038,1,5_9,0.00072647
626,2039,1,5_9,0.00071413
626,2040,1,5_9,0.00070166
626,2041,1,5_9,0.00068743
626,2042,1,5_9,0.00067466
626,2043,1,5_9,0.0006617
626,2044,1,5_9,0.00064856
626,2045,1,5_9,0.00063733
626,2046,1,5_9,0.0006253
626,2047,1,5_9,0.000612
626,2048,1,5_9,0.00060286
626,2049,1,5_9,0.00059427
626,2050,1,5_9,0.00058507
626,2051,1,5_9,0.00057517
626,2052,1,5_9,0.00056696
626,2053,1,5_9,0.00055883
626,2054,1,5_9,0.00055056
626,2055,1,5_9,0.0005447
626,2056,1,5_9,0.00053672
626,2057,1,5_9,0.00052914
626,2058,1,5_9,0.00052264
626,2059,1,5_9,0.00051479
626,2060,1,5_9,0.00050816
626,2061,1,5_9,0.0005001
626,2062,1,5_9,0.00049176
626,2063,1,5_9,0.00048556
626,2064,1,5_9,0.00047718
626,2065,1,5_9,0.00046908
626,2066,1,5_9,0.00046192
626,2067,1,5_9,0.0004553
626,2068,1,5_9,0.00044998
626,2069,1,5_9,0.00044351
626,2070,1,5_9,0.00043686
626,2071,1,5_9,0.00043015
626,2072,1,5_9,0.000424
626,2073,1,5_9,0.00041847
626,2074,1,5_9,0.0004124
626,2075,1,5_9,0.0004069
626,2076,1,5_9,0.0004005
626,2077,1,5_9,0.00039491
626,2078,1,5_9,0.00038888
626,2079,1,5_9,0.00038249
626,2080,1,5_9,0.00037673
626,2081,1,5_9,0.0003713
626,2082,1,5_9,0.00036532
626,2083,1,5_9,0.00035939
626,2084,1,5_9,0.00035404
626,2085,1,5_9,0.00034992
626,2086,1,5_9,0.00034601
626,2087,1,5_9,0.00034163
626,2088,1,5_9,0.00033761
626,2089,1,5_9,0.00033376
626,2090,1,5_9,0.00032952
626,2091,1,5_9,0.00032576
626,2092,1,5_9,0.00032214
626,2093,1,5_9,0.00031869
626,2094,1,5_9,0.00031519
626,2095,1,5_9,0.00031143
626,2096,1,5_9,0.00030801
626,2097,1,5_9,0.00030454
626,2098,1,5_9,0.00030078
626,2099,1,5_9,0.00029717
626,2100,1,5_9,0.00029399
704,2024,1,5_9,0.00116344
704,2025,1,5_9,0.00113972
704,2026,1,5_9,0.0011132
704,2027,1,5_9,0.00108749
704,2028,1,5_9,0.00106159
704,2029,1,5_9,0.00103777
704,2030,1,5_9,0.00101374
704,2031,1,5_9,0.0009896
704,2032,1,5_9,0.0009646
704,2033,1,5_9,0.00093992
704,2034,1,5_9,0.00091662
704,2035,1,5_9,0.00089437
704,2036,1,5_9,0.0008702
704,2037,1,5_9,0.00084707
704,2038,1,5_9,0.00082447
704,2039,1,5_9,0.00080187
704,2040,1,5_9,0.00078005
704,2041,1,5_9,0.00075948
704,2042,1,5_9,0.00073902
704,2043,1,5_9,0.00071927
704,2044,1,5_9,0.00070016
704,2045,1,5_9,0.00068066
704,2046,1,5_9,0.00066188
704,2047,1,5_9,0.00064246
704,2048,1,5_9,0.00062396
704,2049,1,5_9,0.00060729
704,2050,1,5_9,0.00059251
704,2051,1,5_9,0.00057736
704,2052,1,5_9,0.00056336
704,2053,1,5_9,0.00054927
704,2054,1,5_9,0.00053488
704,2055,1,5_9,0.0005217
704,2056,1,5_9,0.00050845
704,2057,1,5_9,0.00049576
704,2058,1,5_9,0.0004843
704,2059,1,5_9,0.00047198
704,2060,1,5_9,0.00046053
704,2061,1,5_9,0.00044976
704,2062,1,5_9,0.00043865
704,2063,1,5_9,0.0004282
704,2064,1,5_9,0.0004184
704,2065,1,5_9,0.0004086
704,2066,1,5_9,0.00039961
704,2067,1,5_9,0.00039085
704,2068,1,5_9,0.00038187
704,2069,1,5_9,0.0003738
704,2070,1,5_9,0.00036553
704,2071,1,5_9,0.0003577
704,2072,1,5_9,0.00035002
704,2073,1,5_9,0.00034262
704,2074,1,5_9,0.00033533
704,2075,1,5_9,0.00032867
704,2076,1,5_9,0.00032209
704,2077,1,5_9,0.00031554
704,2078,1,5_9,0.00030942
704,2079,1,5_9,0.00030289
704,2080,1,5_9,0.00029694
704,2081,1,5_9,0.00029121
704,2082,1,5_9,0.00028572
704,2083,1,5_9,0.00028025
704,2084,1,5_9,0.00027485
704,2085,1,5_9,0.00026935
704,2086,1,5_9,0.0002648
704,2087,1,5_9,0.00026023
704,2088,1,5_9,0.00025539
704,2089,1,5_9,0.00025061
704,2090,1,5_9,0.00024646
704,2091,1,5_9,0.00024208
704,2092,1,5_9,0.00023804
704,2093,1,5_9,0.00023362
704,2094,1,5_9,0.00022944
704,2095,1,5_9,0.00022524
704,2096,1,5_9,0.00022111
704,2097,1,5_9,0.00021702
704,2098,1,5_9,0.00021309
704,2099,1,5_9,0.00020914
704,2100,1,5_9,0.00020557
51,2024,1,5_9,0.00018957
51,2025,1,5_9,0.00018619
51,2026,1,5_9,0.00018273
51,2027,1,5_9,0.00017921
51,2028,1,5_9,0.00017579
51,2029,1,5_9,0.00017225
51,2030,1,5_9,0.00016914
51,2031,1,5_9,0.00016562
51,2032,1,5_9,0.00016216
51,2033,1,5_9,0.00015917
51,2034,1,5_9,0.00015585
51,2035,1,5_9,0.00015265
51,2036,1,5_9,0.00014928
51,2037,1,5_9,0.00014621
51,2038,1,5_9,0.0001429
51,2039,1,5_9,0.00013956
51,2040,1,5_9,0.00013622
51,2041,1,5_9,0.00013311
51,2042,1,5_9,0.00013
51,2043,1,5_9,0.00012744
51,2044,1,5_9,0.0001248
51,2045,1,5_9,0.00012231
51,2046,1,5_9,0.00011996
51,2047,1,5_9,0.00011746
51,2048,1,5_9,0.00011502
51,2049,1,5_9,0.0001126
51,2050,1,5_9,0.00011023
51,2051,1,5_9,0.00010794
51,2052,1,5_9,0.00010557
51,2053,1,5_9,0.00010347
51,2054,1,5_9,0.0001014
51,2055,1,5_9,9.919e-05
51,2056,1,5_9,9.731e-05
51,2057,1,5_9,9.549e-05
51,2058,1,5_9,9.375e-05
51,2059,1,5_9,9.206e-05
51,2060,1,5_9,9.052e-05
51,2061,1,5_9,8.892e-05
51,2062,1,5_9,8.75e-05
51,2063,1,5_9,8.602e-05
51,2064,1,5_9,8.455e-05
51,2065,1,5_9,8.32e-05
51,2066,1,5_9,8.19e-05
51,2067,1,5_9,8.051e-05
51,2068,1,5_9,7.929e-05
51,2069,1,5_9,7.805e-05
51,2070,1,5_9,7.704e-05
51,2071,1,5_9,7.6e-05
51,2072,1,5_9,7.505e-05
51,2073,1,5_9,7.414e-05
51,2074,1,5_9,7.328e-05
51,2075,1,5_9,7.233e-05
51,2076,1,5_9,7.14e-05
51,2077,1,5_9,7.048e-05
51,2078,1,5_9,6.96e-05
51,2079,1,5_9,6.882e-05
51,2080,1,5_9,6.796e-05
51,2081,1,5_9,6.715e-05
51,2082,1,5_9,6.63e-05
51,2083,1,5_9,6.548e-05
51,2084,1,5_9,6.482e-05
51,2085,1,5_9,6.399e-05
51,2086,1,5_9,6.323e-05
51,2087,1,5_9,6.26e-05
51,2088,1,5_9,6.19e-05
51,2089,1,5_9,6.122e-05
51,2090,1,5_9,6.06e-05
51,2091,1,5_9,5.985e-05
51,2092,1,5_9,5.913e-05
51,2093,1,5_9,5.852e-05
51,2094,1,5_9,5.784e-05
51,2095,1,5_9,5.717e-05
51,2096,1,5_9,5.655e-05
51,2097,1,5_9,5.584e-05
51,2098,1,5_9,5.509e-05
51,2099,1,5_9,5.45e-05
51,2100,1,5_9,5.381e-05
31,2024,1,5_9,0.00026654
31,2025,1,5_9,0.00026193
31,2026,1,5_9,0.00025742
31,2027,1,5_9,0.00025311
31,2028,1,5_9,0.00024831
31,2029,1,5_9,0.00024364
31,2030,1,5_9,0.00023947
31,2031,1,5_9,0.00023428
31,2032,1,5_9,0.00023042
31,2033,1,5_9,0.00022556
31,2034,1,5_9,0.00022114
31,2035,1,5_9,0.00021671
31,2036,1,5_9,0.00021188
31,2037,1,5_9,0.00020747
31,2038,1,5_9,0.00020292
31,2039,1,5_9,0.00019834
31,2040,1,5_9,0.00019393
31,2041,1,5_9,0.00018923
31,2042,1,5_9,0.0001849
31,2043,1,5_9,0.00018047
31,2044,1,5_9,0.00017637
31,2045,1,5_9,0.00017271
31,2046,1,5_9,0.00016929
31,2047,1,5_9,0.00016569
31,2048,1,5_9,0.00016225
31,2049,1,5_9,0.00015886
31,2050,1,5_9,0.00015543
31,2051,1,5_9,0.00015208
31,2052,1,5_9,0.00014887
31,2053,1,5_9,0.00014572
31,2054,1,5_9,0.00014233
31,2055,1,5_9,0.00013914
31,2056,1,5_9,0.00013613
31,2057,1,5_9,0.00013292
31,2058,1,5_9,0.00012982
31,2059,1,5_9,0.00012697
31,2060,1,5_9,0.00012432
31,2061,1,5_9,0.00012175
31,2062,1,5_9,0.00011907
31,2063,1,5_9,0.00011671
31,2064,1,5_9,0.00011429
31,2065,1,5_9,0.00011185
31,2066,1,5_9,0.00010959
31,2067,1,5_9,0.00010744
31,2068,1,5_9,0.00010524
31,2069,1,5_9,0.00010303
31,2070,1,5_9,0.00010093
31,2071,1,5_9,9.887e-05
31,2072,1,5_9,9.704e-05
31,2073,1,5_9,9.539e-05
31,2074,1,5_9,9.356e-05
31,2075,1,5_9,9.176e-05
31,2076,1,5_9,9.012e-05
31,2077,1,5_9,8.843e-05
31,2078,1,5_9,8.684e-05
31,2079,1,5_9,8.542e-05
31,2080,1,5_9,8.389e-05
31,2081,1,5_9,8.246e-05
31,2082,1,5_9,8.109e-05
31,2083,1,5_9,7.983e-05
31,2084,1,5_9,7.866e-05
31,2085,1,5_9,7.741e-05
31,2086,1,5_9,7.624e-05
31,2087,1,5_9,7.5e-05
31,2088,1,5_9,7.374e-05
31,2089,1,5_9,7.263e-05
31,2090,1,5_9,7.157e-05
31,2091,1,5_9,7.047e-05
31,2092,1,5_9,6.951e-05
31,2093,1,5_9,6.85e-05
31,2094,1,5_9,6.752e-05
31,2095,1,5_9,6.662e-05
31,2096,1,5_9,6.557e-05
31,2097,1,5_9,6.46e-05
31,2098,1,5_9,6.359e-05
31,2099,1,5_9,6.254e-05
31,2100,1,5_9,6.169e-05
48,2024,1,5_9,0.00019141
48,2025,1,5_9,0.00018591
48,2026,1,5_9,0.00018074
48,2027,1,5_9,0.00017555
48,2028,1,5_9,0.00017075
48,2029,1,5_9,0.00016595
48,2030,1,5_9,0.00016124
48,2031,1,5_9,0.00015646
48,2032,1,5_9,0.00015188
48,2033,1,5_9,0.00014756
48,2034,1,5_9,0.00014322
48,2035,1,5_9,0.00013906
48,2036,1,5_9,0.0001353
48,2037,1,5_9,0.00013164
48,2038,1,5_9,0.00012789
48,2039,1,5_9,0.00012436
48,2040,1,5_9,0.00012084
48,2041,1,5_9,0.00011759
48,2042,1,5_9,0.00011436
48,2043,1,5_9,0.00011147
48,2044,1,5_9,0.00010858
48,2045,1,5_9,0.00010597
48,2046,1,5_9,0.00010333
48,2047,1,5_9,0.00010106
48,2048,1,5_9,9.875e-05
48,2049,1,5_9,9.657e-05
48,2050,1,5_9,9.468e-05
48,2051,1,5_9,9.279e-05
48,2052,1,5_9,9.097e-05
48,2053,1,5_9,8.92e-05
48,2054,1,5_9,8.739e-05
48,2055,1,5_9,8.575e-05
48,2056,1,5_9,8.412e-05
48,2057,1,5_9,8.262e-05
48,2058,1,5_9,8.122e-05
48,2059,1,5_9,7.958e-05
48,2060,1,5_9,7.81e-05
48,2061,1,5_9,7.662e-05
48,2062,1,5_9,7.524e-05
48,2063,1,5_9,7.385e-05
48,2064,1,5_9,7.245e-05
48,2065,1,5_9,7.115e-05
48,2066,1,5_9,6.998e-05
48,2067,1,5_9,6.867e-05
48,2068,1,5_9,6.745e-05
48,2069,1,5_9,6.624e-05
48,2070,1,5_9,6.507e-05
48,2071,1,5_9,6.399e-05
48,2072,1,5_9,6.285e-05
48,2073,1,5_9,6.177e-05
48,2074,1,5_9,6.074e-05
48,2075,1,5_9,5.981e-05
48,2076,1,5_9,5.879e-05
48,2077,1,5_9,5.775e-05
48,2078,1,5_9,5.692e-05
48,2079,1,5_9,5.593e-05
48,2080,1,5_9,5.497e-05
48,2081,1,5_9,5.407e-05
48,2082,1,5_9,5.315e-05
48,2083,1,5_9,5.229e-05
48,2084,1,5_9,5.141e-05
48,2085,1,5_9,5.05e-05
48,2086,1,5_9,4.958e-05
48,2087,1,5_9,4.868e-05
48,2088,1,5_9,4.784e-05
48,2089,1,5_9,4.702e-05
48,2090,1,5_9,4.624e-05
48,2091,1,5_9,4.548e-05
48,2092,1,5_9,4.481e-05
48,2093,1,5_9,4.41e-05
48,2094,1,5_9,4.339e-05
48,2095,1,5_9,4.27e-05
48,2096,1,5_9,4.206e-05
48,2097,1,5_9,4.144e-05
48,2098,1,5_9,4.07e-05
48,2099,1,5_9,4.003e-05
48,2100,1,5_9,3.942e-05
196,2024,1,5_9,5.4e-05
196,2025,1,5_9,5.248e-05
196,2026,1,5_9,5.101e-05
196,2027,1,5_9,4.951e-05
196,2028,1,5_9,4.806e-05
196,2029,1,5_9,4.671e-05
196,2030,1,5_9,4.552e-05
196,2031,1,5_9,4.426e-05
196,2032,1,5_9,4.303e-05
196,2033,1,5_9,4.192e-05
196,2034,1,5_9,4.099e-05
196,2035,1,5_9,4e-05
196,2036,1,5_9,3.908e-05
196,2037,1,5_9,3.823e-05
196,2038,1,5_9,3.733e-05
196,2039,1,5_9,3.651e-05
196,2040,1,5_9,3.572e-05
196,2041,1,5_9,3.503e-05
196,2042,1,5_9,3.429e-05
196,2043,1,5_9,3.36e-05
196,2044,1,5_9,3.298e-05
196,2045,1,5_9,3.233e-05
196,2046,1,5_9,3.173e-05
196,2047,1,5_9,3.115e-05
196,2048,1,5_9,3.056e-05
196,2049,1,5_9,3.005e-05
196,2050,1,5_9,2.948e-05
196,2051,1,5_9,2.897e-05
196,2052,1,5_9,2.843e-05
196,2053,1,5_9,2.79e-05
196,2054,1,5_9,2.735e-05
196,2055,1,5_9,2.698e-05
196,2056,1,5_9,2.654e-05
196,2057,1,5_9,2.617e-05
196,2058,1,5_9,2.578e-05
196,2059,1,5_9,2.544e-05
196,2060,1,5_9,2.512e-05
196,2061,1,5_9,2.476e-05
196,2062,1,5_9,2.441e-05
196,2063,1,5_9,2.401e-05
196,2064,1,5_9,2.371e-05
196,2065,1,5_9,2.34e-05
196,2066,1,5_9,2.304e-05
196,2067,1,5_9,2.276e-05
196,2068,1,5_9,2.246e-05
196,2069,1,5_9,2.211e-05
196,2070,1,5_9,2.181e-05
196,2071,1,5_9,2.154e-05
196,2072,1,5_9,2.126e-05
196,2073,1,5_9,2.095e-05
196,2074,1,5_9,2.068e-05
196,2075,1,5_9,2.041e-05
196,2076,1,5_9,2.017e-05
196,2077,1,5_9,1.993e-05
196,2078,1,5_9,1.973e-05
196,2079,1,5_9,1.948e-05
196,2080,1,5_9,1.927e-05
196,2081,1,5_9,1.901e-05
196,2082,1,5_9,1.878e-05
196,2083,1,5_9,1.858e-05
196,2084,1,5_9,1.836e-05
196,2085,1,5_9,1.816e-05
196,2086,1,5_9,1.796e-05
196,2087,1,5_9,1.775e-05
196,2088,1,5_9,1.754e-05
196,2089,1,5_9,1.734e-05
196,2090,1,5_9,1.714e-05
196,2091,1,5_9,1.694e-05
196,2092,1,5_9,1.676e-05
196,2093,1,5_9,1.662e-05
196,2094,1,5_9,1.635e-05
196,2095,1,5_9,1.622e-05
196,2096,1,5_9,1.603e-05
196,2097,1,5_9,1.582e-05
196,2098,1,5_9,1.561e-05
196,2099,1,5_9,1.54e-05
196,2100,1,5_9,1.521e-05
268,2024,1,5_9,0.00020705
268,2025,1,5_9,0.00020072
268,2026,1,5_9,0.00019609
268,2027,1,5_9,0.00019145
268,2028,1,5_9,0.00018689
268,2029,1,5_9,0.00018207
268,2030,1,5_9,0.00017757
268,2031,1,5_9,0.0001731
268,2032,1,5_9,0.00016864
268,2033,1,5_9,0.00016423
268,2034,1,5_9,0.00016022
268,2035,1,5_9,0.00015611
268,2036,1,5_9,0.00015188
268,2037,1,5_9,0.00014786
268,2038,1,5_9,0.00014411
268,2039,1,5_9,0.00014022
268,2040,1,5_9,0.00013644
268,2041,1,5_9,0.00013253
268,2042,1,5_9,0.00012891
268,2043,1,5_9,0.00012523
268,2044,1,5_9,0.00012184
268,2045,1,5_9,0.00011868
268,2046,1,5_9,0.00011513
268,2047,1,5_9,0.00011181
268,2048,1,5_9,0.00010845
268,2049,1,5_9,0.00010525
268,2050,1,5_9,0.00010217
268,2051,1,5_9,9.955e-05
268,2052,1,5_9,9.707e-05
268,2053,1,5_9,9.46e-05
268,2054,1,5_9,9.224e-05
268,2055,1,5_9,9e-05
268,2056,1,5_9,8.783e-05
268,2057,1,5_9,8.574e-05
268,2058,1,5_9,8.347e-05
268,2059,1,5_9,8.138e-05
268,2060,1,5_9,7.948e-05
268,2061,1,5_9,7.748e-05
268,2062,1,5_9,7.561e-05
268,2063,1,5_9,7.384e-05
268,2064,1,5_9,7.2e-05
268,2065,1,5_9,7.025e-05
268,2066,1,5_9,6.858e-05
268,2067,1,5_9,6.702e-05
268,2068,1,5_9,6.55e-05
268,2069,1,5_9,6.399e-05
268,2070,1,5_9,6.253e-05
268,2071,1,5_9,6.116e-05
268,2072,1,5_9,5.988e-05
268,2073,1,5_9,5.87e-05
268,2074,1,5_9,5.746e-05
268,2075,1,5_9,5.637e-05
268,2076,1,5_9,5.526e-05
268,2077,1,5_9,5.41e-05
268,2078,1,5_9,5.296e-05
268,2079,1,5_9,5.181e-05
268,2080,1,5_9,5.084e-05
268,2081,1,5_9,4.982e-05
268,2082,1,5_9,4.9e-05
268,2083,1,5_9,4.799e-05
268,2084,1,5_9,4.715e-05
268,2085,1,5_9,4.63e-05
268,2086,1,5_9,4.546e-05
268,2087,1,5_9,4.462e-05
268,2088,1,5_9,4.377e-05
268,2089,1,5_9,4.302e-05
268,2090,1,5_9,4.219e-05
268,2091,1,5_9,4.133e-05
268,2092,1,5_9,4.06e-05
268,2093,1,5_9,3.993e-05
268,2094,1,5_9,3.92e-05
268,2095,1,5_9,3.854e-05
268,2096,1,5_9,3.785e-05
268,2097,1,5_9,3.716e-05
268,2098,1,5_9,3.658e-05
268,2099,1,5_9,3.595e-05
268,2100,1,5_9,3.532e-05
368,2024,1,5_9,0.00052281
368,2025,1,5_9,0.00051635
368,2026,1,5_9,0.00051018
368,2027,1,5_9,0.00050366
368,2028,1,5_9,0.00049708
368,2029,1,5_9,0.00049089
368,2030,1,5_9,0.00048344
368,2031,1,5_9,0.00047772
368,2032,1,5_9,0.00047222
368,2033,1,5_9,0.00046634
368,2034,1,5_9,0.000461
368,2035,1,5_9,0.00045563
368,2036,1,5_9,0.00044932
368,2037,1,5_9,0.00044332
368,2038,1,5_9,0.00043746
368,2039,1,5_9,0.00043139
368,2040,1,5_9,0.00042552
368,2041,1,5_9,0.00041821
368,2042,1,5_9,0.00041234
368,2043,1,5_9,0.0004056
368,2044,1,5_9,0.00039931
368,2045,1,5_9,0.00039265
368,2046,1,5_9,0.00038743
368,2047,1,5_9,0.00038023
368,2048,1,5_9,0.00037343
368,2049,1,5_9,0.00036724
368,2050,1,5_9,0.00036045
368,2051,1,5_9,0.00035396
368,2052,1,5_9,0.00034713
368,2053,1,5_9,0.00034098
368,2054,1,5_9,0.00033443
368,2055,1,5_9,0.00032817
368,2056,1,5_9,0.0003219
368,2057,1,5_9,0.00031514
368,2058,1,5_9,0.00030878
368,2059,1,5_9,0.00030277
368,2060,1,5_9,0.00029601
368,2061,1,5_9,0.00029022
368,2062,1,5_9,0.00028377
368,2063,1,5_9,0.0002781
368,2064,1,5_9,0.00027176
368,2065,1,5_9,0.00026586
368,2066,1,5_9,0.00026064
368,2067,1,5_9,0.0002559
368,2068,1,5_9,0.00025094
368,2069,1,5_9,0.00024609
368,2070,1,5_9,0.00024097
368,2071,1,5_9,0.0002361
368,2072,1,5_9,0.00023111
368,2073,1,5_9,0.00022626
368,2074,1,5_9,0.00022126
368,2075,1,5_9,0.00021664
368,2076,1,5_9,0.00021207
368,2077,1,5_9,0.0002079
368,2078,1,5_9,0.00020357
368,2079,1,5_9,0.0001993
368,2080,1,5_9,0.00019503
368,2081,1,5_9,0.00019072
368,2082,1,5_9,0.00018652
368,2083,1,5_9,0.00018255
368,2084,1,5_9,0.0001791
368,2085,1,5_9,0.00017533
368,2086,1,5_9,0.00017177
368,2087,1,5_9,0.0001683
368,2088,1,5_9,0.0001649
368,2089,1,5_9,0.00016175
368,2090,1,5_9,0.0001586
368,2091,1,5_9,0.00015543
368,2092,1,5_9,0.00015244
368,2093,1,5_9,0.00014955
368,2094,1,5_9,0.00014669
368,2095,1,5_9,0.00014382
368,2096,1,5_9,0.00014109
368,2097,1,5_9,0.00013851
368,2098,1,5_9,0.00013607
368,2099,1,5_9,0.00013342
368,2100,1,5_9,0.00013109
376,2024,1,5_9,0.00010544
376,2025,1,5_9,0.00010544
376,2026,1,5_9,0.00010324
376,2027,1,5_9,0.00010004
376,2028,1,5_9,9.722e-05
376,2029,1,5_9,9.426e-05
376,2030,1,5_9,9.14e-05
376,2031,1,5_9,8.866e-05
376,2032,1,5_9,8.624e-05
376,2033,1,5_9,8.39e-05
376,2034,1,5_9,8.164e-05
376,2035,1,5_9,7.966e-05
376,2036,1,5_9,7.754e-05
376,2037,1,5_9,7.587e-05
376,2038,1,5_9,7.406e-05
376,2039,1,5_9,7.231e-05
376,2040,1,5_9,7.061e-05
376,2041,1,5_9,6.914e-05
376,2042,1,5_9,6.754e-05
376,2043,1,5_9,6.598e-05
376,2044,1,5_9,6.462e-05
376,2045,1,5_9,6.316e-05
376,2046,1,5_9,6.188e-05
376,2047,1,5_9,6.064e-05
376,2048,1,5_9,5.942e-05
376,2049,1,5_9,5.811e-05
376,2050,1,5_9,5.683e-05
376,2051,1,5_9,5.572e-05
376,2052,1,5_9,5.45e-05
376,2053,1,5_9,5.357e-05
376,2054,1,5_9,5.241e-05
376,2055,1,5_9,5.141e-05
376,2056,1,5_9,5.033e-05
376,2057,1,5_9,4.938e-05
376,2058,1,5_9,4.845e-05
376,2059,1,5_9,4.754e-05
376,2060,1,5_9,4.677e-05
376,2061,1,5_9,4.59e-05
376,2062,1,5_9,4.506e-05
376,2063,1,5_9,4.414e-05
376,2064,1,5_9,4.334e-05
376,2065,1,5_9,4.256e-05
376,2066,1,5_9,4.18e-05
376,2067,1,5_9,4.105e-05
376,2068,1,5_9,4.041e-05
376,2069,1,5_9,3.978e-05
376,2070,1,5_9,3.917e-05
376,2071,1,5_9,3.839e-05
376,2072,1,5_9,3.773e-05
376,2073,1,5_9,3.707e-05
376,2074,1,5_9,3.652e-05
376,2075,1,5_9,3.589e-05
376,2076,1,5_9,3.527e-05
376,2077,1,5_9,3.475e-05
376,2078,1,5_9,3.408e-05
376,2079,1,5_9,3.358e-05
376,2080,1,5_9,3.309e-05
376,2081,1,5_9,3.26e-05
376,2082,1,5_9,3.199e-05
376,2083,1,5_9,3.153e-05
376,2084,1,5_9,3.107e-05
376,2085,1,5_9,3.056e-05
376,2086,1,5_9,3.006e-05
376,2087,1,5_9,2.964e-05
376,2088,1,5_9,2.91e-05
376,2089,1,5_9,2.87e-05
376,2090,1,5_9,2.818e-05
376,2091,1,5_9,2.767e-05
376,2092,1,5_9,2.729e-05
376,2093,1,5_9,2.68e-05
376,2094,1,5_9,2.643e-05
376,2095,1,5_9,2.602e-05
376,2096,1,5_9,2.561e-05
376,2097,1,5_9,2.516e-05
376,2098,1,5_9,2.483e-05
376,2099,1,5_9,2.439e-05
376,2100,1,5_9,2.407e-05
400,2024,1,5_9,0.00021658
400,2025,1,5_9,0.00021158
400,2026,1,5_9,0.00020611
400,2027,1,5_9,0.00020097
400,2028,1,5_9,0.00019576
400,2029,1,5_9,0.0001907
400,2030,1,5_9,0.00018569
400,2031,1,5_9,0.00018075
400,2032,1,5_9,0.00017562
400,2033,1,5_9,0.00017089
400,2034,1,5_9,0.00016621
400,2035,1,5_9,0.00016183
400,2036,1,5_9,0.00015714
400,2037,1,5_9,0.0001526
400,2038,1,5_9,0.00014815
400,2039,1,5_9,0.00014393
400,2040,1,5_9,0.00013995
400,2041,1,5_9,0.00013604
400,2042,1,5_9,0.00013227
400,2043,1,5_9,0.00012872
400,2044,1,5_9,0.00012506
400,2045,1,5_9,0.00012143
400,2046,1,5_9,0.00011812
400,2047,1,5_9,0.00011488
400,2048,1,5_9,0.00011189
400,2049,1,5_9,0.00010926
400,2050,1,5_9,0.00010635
400,2051,1,5_9,0.00010356
400,2052,1,5_9,0.00010116
400,2053,1,5_9,9.835e-05
400,2054,1,5_9,9.603e-05
400,2055,1,5_9,9.363e-05
400,2056,1,5_9,9.137e-05
400,2057,1,5_9,8.912e-05
400,2058,1,5_9,8.692e-05
400,2059,1,5_9,8.475e-05
400,2060,1,5_9,8.269e-05
400,2061,1,5_9,8.077e-05
400,2062,1,5_9,7.892e-05
400,2063,1,5_9,7.722e-05
400,2064,1,5_9,7.553e-05
400,2065,1,5_9,7.4e-05
400,2066,1,5_9,7.233e-05
400,2067,1,5_9,7.088e-05
400,2068,1,5_9,6.95e-05
400,2069,1,5_9,6.817e-05
400,2070,1,5_9,6.674e-05
400,2071,1,5_9,6.534e-05
400,2072,1,5_9,6.41e-05
400,2073,1,5_9,6.289e-05
400,2074,1,5_9,6.17e-05
400,2075,1,5_9,6.048e-05
400,2076,1,5_9,5.934e-05
400,2077,1,5_9,5.832e-05
400,2078,1,5_9,5.732e-05
400,2079,1,5_9,5.636e-05
400,2080,1,5_9,5.537e-05
400,2081,1,5_9,5.44e-05
400,2082,1,5_9,5.351e-05
400,2083,1,5_9,5.259e-05
400,2084,1,5_9,5.175e-05
400,2085,1,5_9,5.085e-05
400,2086,1,5_9,5.009e-05
400,2087,1,5_9,4.941e-05
400,2088,1,5_9,4.865e-05
400,2089,1,5_9,4.788e-05
400,2090,1,5_9,4.718e-05
400,2091,1,5_9,4.65e-05
400,2092,1,5_9,4.579e-05
400,2093,1,5_9,4.518e-05
400,2094,1,5_9,4.437e-05
400,2095,1,5_9,4.368e-05
400,2096,1,5_9,4.306e-05
400,2097,1,5_9,4.235e-05
400,2098,1,5_9,4.172e-05
400,2099,1,5_9,4.11e-05
400,2100,1,5_9,4.057e-05
414,2024,1,5_9,0.00020306
414,2025,1,5_9,0.00019627
414,2026,1,5_9,0.00018946
414,2027,1,5_9,0.00018299
414,2028,1,5_9,0.00017719
414,2029,1,5_9,0.00017133
414,2030,1,5_9,0.00016557
414,2031,1,5_9,0.00015979
414,2032,1,5_9,0.00015414
414,2033,1,5_9,0.00014869
414,2034,1,5_9,0.00014351
414,2035,1,5_9,0.00013829
414,2036,1,5_9,0.00013366
414,2037,1,5_9,0.00012897
414,2038,1,5_9,0.00012449
414,2039,1,5_9,0.00012016
414,2040,1,5_9,0.00011617
414,2041,1,5_9,0.00011215
414,2042,1,5_9,0.00010845
414,2043,1,5_9,0.00010485
414,2044,1,5_9,0.0001015
414,2045,1,5_9,9.837e-05
414,2046,1,5_9,9.54e-05
414,2047,1,5_9,9.253e-05
414,2048,1,5_9,8.973e-05
414,2049,1,5_9,8.7e-05
414,2050,1,5_9,8.449e-05
414,2051,1,5_9,8.212e-05
414,2052,1,5_9,7.971e-05
414,2053,1,5_9,7.763e-05
414,2054,1,5_9,7.537e-05
414,2055,1,5_9,7.333e-05
414,2056,1,5_9,7.146e-05
414,2057,1,5_9,6.971e-05
414,2058,1,5_9,6.809e-05
414,2059,1,5_9,6.654e-05
414,2060,1,5_9,6.488e-05
414,2061,1,5_9,6.333e-05
414,2062,1,5_9,6.189e-05
414,2063,1,5_9,6.051e-05
414,2064,1,5_9,5.93e-05
414,2065,1,5_9,5.801e-05
414,2066,1,5_9,5.68e-05
414,2067,1,5_9,5.55e-05
414,2068,1,5_9,5.431e-05
414,2069,1,5_9,5.309e-05
414,2070,1,5_9,5.2e-05
414,2071,1,5_9,5.088e-05
414,2072,1,5_9,4.984e-05
414,2073,1,5_9,4.89e-05
414,2074,1,5_9,4.796e-05
414,2075,1,5_9,4.7e-05
414,2076,1,5_9,4.602e-05
414,2077,1,5_9,4.508e-05
414,2078,1,5_9,4.426e-05
414,2079,1,5_9,4.334e-05
414,2080,1,5_9,4.239e-05
414,2081,1,5_9,4.163e-05
414,2082,1,5_9,4.087e-05
414,2083,1,5_9,4.002e-05
414,2084,1,5_9,3.928e-05
414,2085,1,5_9,3.848e-05
414,2086,1,5_9,3.778e-05
414,2087,1,5_9,3.703e-05
414,2088,1,5_9,3.635e-05
414,2089,1,5_9,3.573e-05
414,2090,1,5_9,3.509e-05
414,2091,1,5_9,3.44e-05
414,2092,1,5_9,3.379e-05
414,2093,1,5_9,3.314e-05
414,2094,1,5_9,3.258e-05
414,2095,1,5_9,3.193e-05
414,2096,1,5_9,3.137e-05
414,2097,1,5_9,3.086e-05
414,2098,1,5_9,3.031e-05
414,2099,1,5_9,2.98e-05
414,2100,1,5_9,2.922e-05
422,2024,1,5_9,0.00021905
422,2025,1,5_9,0.00021468
422,2026,1,5_9,0.00021053
422,2027,1,5_9,0.0002061
422,2028,1,5_9,0.00020173
422,2029,1,5_9,0.00019764
422,2030,1,5_9,0.00019374
422,2031,1,5_9,0.00018954
422,2032,1,5_9,0.00018562
422,2033,1,5_9,0.00018203
422,2034,1,5_9,0.00017777
422,2035,1,5_9,0.00017359
422,2036,1,5_9,0.00016972
422,2037,1,5_9,0.00016604
422,2038,1,5_9,0.00016229
422,2039,1,5_9,0.00015881
422,2040,1,5_9,0.00015516
422,2041,1,5_9,0.0001517
422,2042,1,5_9,0.00014798
422,2043,1,5_9,0.00014466
422,2044,1,5_9,0.0001415
422,2045,1,5_9,0.0001381
422,2046,1,5_9,0.00013489
422,2047,1,5_9,0.00013193
422,2048,1,5_9,0.00012885
422,2049,1,5_9,0.00012584
422,2050,1,5_9,0.00012304
422,2051,1,5_9,0.00012038
422,2052,1,5_9,0.0001178
422,2053,1,5_9,0.00011517
422,2054,1,5_9,0.00011267
422,2055,1,5_9,0.00011029
422,2056,1,5_9,0.00010783
422,2057,1,5_9,0.00010531
422,2058,1,5_9,0.0001031
422,2059,1,5_9,0.00010096
422,2060,1,5_9,9.883e-05
422,2061,1,5_9,9.686e-05
422,2062,1,5_9,9.47e-05
422,2063,1,5_9,9.269e-05
422,2064,1,5_9,9.085e-05
422,2065,1,5_9,8.911e-05
422,2066,1,5_9,8.729e-05
422,2067,1,5_9,8.563e-05
422,2068,1,5_9,8.393e-05
422,2069,1,5_9,8.229e-05
422,2070,1,5_9,8.072e-05
422,2071,1,5_9,7.91e-05
422,2072,1,5_9,7.768e-05
422,2073,1,5_9,7.618e-05
422,2074,1,5_9,7.481e-05
422,2075,1,5_9,7.351e-05
422,2076,1,5_9,7.226e-05
422,2077,1,5_9,7.098e-05
422,2078,1,5_9,6.969e-05
422,2079,1,5_9,6.846e-05
422,2080,1,5_9,6.733e-05
422,2081,1,5_9,6.623e-05
422,2082,1,5_9,6.509e-05
422,2083,1,5_9,6.399e-05
422,2084,1,5_9,6.287e-05
422,2085,1,5_9,6.186e-05
422,2086,1,5_9,6.089e-05
422,2087,1,5_9,5.995e-05
422,2088,1,5_9,5.889e-05
422,2089,1,5_9,5.805e-05
422,2090,1,5_9,5.725e-05
422,2091,1,5_9,5.638e-05
422,2092,1,5_9,5.559e-05
422,2093,1,5_9,5.486e-05
422,2094,1,5_9,5.405e-05
422,2095,1,5_9,5.324e-05
422,2096,1,5_9,5.247e-05
422,2097,1,5_9,5.172e-05
422,2098,1,5_9,5.103e-05
422,2099,1,5_9,5.034e-05
422,2100,1,5_9,4.962e-05
512,2024,1,5_9,0.00033653
512,2025,1,5_9,0.00032416
512,2026,1,5_9,0.00031209
512,2027,1,5_9,0.00030056
512,2028,1,5_9,0.00028928
512,2029,1,5_9,0.00027867
512,2030,1,5_9,0.00026844
512,2031,1,5_9,0.00025878
512,2032,1,5_9,0.00024939
512,2033,1,5_9,0.00024039
512,2034,1,5_9,0.00023164
512,2035,1,5_9,0.00022296
512,2036,1,5_9,0.00021459
512,2037,1,5_9,0.00020698
512,2038,1,5_9,0.00019944
512,2039,1,5_9,0.00019237
512,2040,1,5_9,0.00018578
512,2041,1,5_9,0.00017913
512,2042,1,5_9,0.00017289
512,2043,1,5_9,0.00016707
512,2044,1,5_9,0.0001614
512,2045,1,5_9,0.00015605
512,2046,1,5_9,0.00015094
512,2047,1,5_9,0.00014619
512,2048,1,5_9,0.0001415
512,2049,1,5_9,0.00013751
512,2050,1,5_9,0.00013336
512,2051,1,5_9,0.00012969
512,2052,1,5_9,0.0001259
512,2053,1,5_9,0.00012253
512,2054,1,5_9,0.00011903
512,2055,1,5_9,0.00011605
512,2056,1,5_9,0.00011273
512,2057,1,5_9,0.00010977
512,2058,1,5_9,0.00010695
512,2059,1,5_9,0.00010441
512,2060,1,5_9,0.00010176
512,2061,1,5_9,9.934e-05
512,2062,1,5_9,9.699e-05
512,2063,1,5_9,9.476e-05
512,2064,1,5_9,9.256e-05
512,2065,1,5_9,9.055e-05
512,2066,1,5_9,8.852e-05
512,2067,1,5_9,8.675e-05
512,2068,1,5_9,8.478e-05
512,2069,1,5_9,8.302e-05
512,2070,1,5_9,8.113e-05
512,2071,1,5_9,7.959e-05
512,2072,1,5_9,7.801e-05
512,2073,1,5_9,7.649e-05
512,2074,1,5_9,7.482e-05
512,2075,1,5_9,7.34e-05
512,2076,1,5_9,7.185e-05
512,2077,1,5_9,7.031e-05
512,2078,1,5_9,6.899e-05
512,2079,1,5_9,6.775e-05
512,2080,1,5_9,6.643e-05
512,2081,1,5_9,6.506e-05
512,2082,1,5_9,6.382e-05
512,2083,1,5_9,6.258e-05
512,2084,1,5_9,6.141e-05
512,2085,1,5_9,6.026e-05
512,2086,1,5_9,5.923e-05
512,2087,1,5_9,5.814e-05
512,2088,1,5_9,5.698e-05
512,2089,1,5_9,5.594e-05
512,2090,1,5_9,5.499e-05
512,2091,1,5_9,5.405e-05
512,2092,1,5_9,5.307e-05
512,2093,1,5_9,5.213e-05
512,2094,1,5_9,5.125e-05
512,2095,1,5_9,5.034e-05
512,2096,1,5_9,4.943e-05
512,2097,1,5_9,4.852e-05
512,2098,1,5_9,4.765e-05
512,2099,1,5_9,4.682e-05
512,2100,1,5_9,4.597e-05
634,2024,1,5_9,0.00019908
634,2025,1,5_9,0.00019264
634,2026,1,5_9,0.00018624
634,2027,1,5_9,0.00018016
634,2028,1,5_9,0.00017423
634,2029,1,5_9,0.00016867
634,2030,1,5_9,0.00016337
634,2031,1,5_9,0.00015798
634,2032,1,5_9,0.00015286
634,2033,1,5_9,0.0001478
634,2034,1,5_9,0.00014318
634,2035,1,5_9,0.00013881
634,2036,1,5_9,0.00013457
634,2037,1,5_9,0.00013047
634,2038,1,5_9,0.00012677
634,2039,1,5_9,0.00012333
634,2040,1,5_9,0.0001199
634,2041,1,5_9,0.00011666
634,2042,1,5_9,0.00011357
634,2043,1,5_9,0.00011066
634,2044,1,5_9,0.00010793
634,2045,1,5_9,0.00010532
634,2046,1,5_9,0.00010282
634,2047,1,5_9,0.0001005
634,2048,1,5_9,9.812e-05
634,2049,1,5_9,9.617e-05
634,2050,1,5_9,9.404e-05
634,2051,1,5_9,9.21e-05
634,2052,1,5_9,9.009e-05
634,2053,1,5_9,8.822e-05
634,2054,1,5_9,8.649e-05
634,2055,1,5_9,8.47e-05
634,2056,1,5_9,8.299e-05
634,2057,1,5_9,8.119e-05
634,2058,1,5_9,7.963e-05
634,2059,1,5_9,7.8e-05
634,2060,1,5_9,7.651e-05
634,2061,1,5_9,7.503e-05
634,2062,1,5_9,7.36e-05
634,2063,1,5_9,7.215e-05
634,2064,1,5_9,7.077e-05
634,2065,1,5_9,6.946e-05
634,2066,1,5_9,6.809e-05
634,2067,1,5_9,6.684e-05
634,2068,1,5_9,6.565e-05
634,2069,1,5_9,6.446e-05
634,2070,1,5_9,6.322e-05
634,2071,1,5_9,6.206e-05
634,2072,1,5_9,6.098e-05
634,2073,1,5_9,5.984e-05
634,2074,1,5_9,5.877e-05
634,2075,1,5_9,5.777e-05
634,2076,1,5_9,5.684e-05
634,2077,1,5_9,5.581e-05
634,2078,1,5_9,5.476e-05
634,2079,1,5_9,5.381e-05
634,2080,1,5_9,5.288e-05
634,2081,1,5_9,5.191e-05
634,2082,1,5_9,5.099e-05
634,2083,1,5_9,5.007e-05
634,2084,1,5_9,4.917e-05
634,2085,1,5_9,4.831e-05
634,2086,1,5_9,4.757e-05
634,2087,1,5_9,4.665e-05
634,2088,1,5_9,4.583e-05
634,2089,1,5_9,4.505e-05
634,2090,1,5_9,4.429e-05
634,2091,1,5_9,4.359e-05
634,2092,1,5_9,4.288e-05
634,2093,1,5_9,4.213e-05
634,2094,1,5_9,4.138e-05
634,2095,1,5_9,4.067e-05
634,2096,1,5_9,3.998e-05
634,2097,1,5_9,3.933e-05
634,2098,1,5_9,3.875e-05
634,2099,1,5_9,3.809e-05
634,2100,1,5_9,3.746e-05
682,2024,1,5_9,0.00032737
682,2025,1,5_9,0.00031654
682,2026,1,5_9,0.00030658
682,2027,1,5_9,0.00029624
682,2028,1,5_9,0.00028615
682,2029,1,5_9,0.00027649
682,2030,1,5_9,0.00026707
682,2031,1,5_9,0.00025741
682,2032,1,5_9,0.00024882
682,2033,1,5_9,0.00023991
682,2034,1,5_9,0.00023164
682,2035,1,5_9,0.00022337
682,2036,1,5_9,0.00021597
682,2037,1,5_9,0.00020877
682,2038,1,5_9,0.00020153
682,2039,1,5_9,0.00019487
682,2040,1,5_9,0.00018844
682,2041,1,5_9,0.00018203
682,2042,1,5_9,0.00017642
682,2043,1,5_9,0.00017068
682,2044,1,5_9,0.000165
682,2045,1,5_9,0.00015991
682,2046,1,5_9,0.00015487
682,2047,1,5_9,0.00014981
682,2048,1,5_9,0.00014535
682,2049,1,5_9,0.0001414
682,2050,1,5_9,0.00013734
682,2051,1,5_9,0.0001334
682,2052,1,5_9,0.00012938
682,2053,1,5_9,0.00012576
682,2054,1,5_9,0.00012242
682,2055,1,5_9,0.00011895
682,2056,1,5_9,0.00011544
682,2057,1,5_9,0.00011252
682,2058,1,5_9,0.00010961
682,2059,1,5_9,0.00010682
682,2060,1,5_9,0.00010408
682,2061,1,5_9,0.00010142
682,2062,1,5_9,9.887e-05
682,2063,1,5_9,9.651e-05
682,2064,1,5_9,9.412e-05
682,2065,1,5_9,9.192e-05
682,2066,1,5_9,8.988e-05
682,2067,1,5_9,8.78e-05
682,2068,1,5_9,8.577e-05
682,2069,1,5_9,8.381e-05
682,2070,1,5_9,8.199e-05
682,2071,1,5_9,8.018e-05
682,2072,1,5_9,7.847e-05
682,2073,1,5_9,7.679e-05
682,2074,1,5_9,7.507e-05
682,2075,1,5_9,7.359e-05
682,2076,1,5_9,7.206e-05
682,2077,1,5_9,7.05e-05
682,2078,1,5_9,6.902e-05
682,2079,1,5_9,6.76e-05
682,2080,1,5_9,6.619e-05
682,2081,1,5_9,6.492e-05
682,2082,1,5_9,6.356e-05
682,2083,1,5_9,6.215e-05
682,2084,1,5_9,6.095e-05
682,2085,1,5_9,5.986e-05
682,2086,1,5_9,5.858e-05
682,2087,1,5_9,5.74e-05
682,2088,1,5_9,5.636e-05
682,2089,1,5_9,5.525e-05
682,2090,1,5_9,5.423e-05
682,2091,1,5_9,5.324e-05
682,2092,1,5_9,5.23e-05
682,2093,1,5_9,5.131e-05
682,2094,1,5_9,5.038e-05
682,2095,1,5_9,4.936e-05
682,2096,1,5_9,4.838e-05
682,2097,1,5_9,4.752e-05
682,2098,1,5_9,4.671e-05
682,2099,1,5_9,4.584e-05
682,2100,1,5_9,4.496e-05
275,2024,1,5_9,0.00062744
275,2025,1,5_9,0.00042907
275,2026,1,5_9,0.00025613
275,2027,1,5_9,0.00024969
275,2028,1,5_9,0.00024338
275,2029,1,5_9,0.00023738
275,2030,1,5_9,0.00023117
275,2031,1,5_9,0.00022472
275,2032,1,5_9,0.00021879
275,2033,1,5_9,0.00021315
275,2034,1,5_9,0.00020762
275,2035,1,5_9,0.00020199
275,2036,1,5_9,0.0001966
275,2037,1,5_9,0.00019121
275,2038,1,5_9,0.00018571
275,2039,1,5_9,0.00018062
275,2040,1,5_9,0.00017546
275,2041,1,5_9,0.00017066
275,2042,1,5_9,0.00016623
275,2043,1,5_9,0.0001618
275,2044,1,5_9,0.00015715
275,2045,1,5_9,0.00015273
275,2046,1,5_9,0.00014837
275,2047,1,5_9,0.00014414
275,2048,1,5_9,0.00014015
275,2049,1,5_9,0.00013643
275,2050,1,5_9,0.00013248
275,2051,1,5_9,0.00012888
275,2052,1,5_9,0.00012546
275,2053,1,5_9,0.00012222
275,2054,1,5_9,0.00011903
275,2055,1,5_9,0.00011607
275,2056,1,5_9,0.00011338
275,2057,1,5_9,0.00011059
275,2058,1,5_9,0.00010797
275,2059,1,5_9,0.00010548
275,2060,1,5_9,0.00010292
275,2061,1,5_9,0.00010035
275,2062,1,5_9,9.794e-05
275,2063,1,5_9,9.563e-05
275,2064,1,5_9,9.344e-05
275,2065,1,5_9,9.13e-05
275,2066,1,5_9,8.923e-05
275,2067,1,5_9,8.744e-05
275,2068,1,5_9,8.565e-05
275,2069,1,5_9,8.389e-05
275,2070,1,5_9,8.215e-05
275,2071,1,5_9,8.048e-05
275,2072,1,5_9,7.891e-05
275,2073,1,5_9,7.742e-05
275,2074,1,5_9,7.588e-05
275,2075,1,5_9,7.434e-05
275,2076,1,5_9,7.288e-05
275,2077,1,5_9,7.144e-05
275,2078,1,5_9,7.021e-05
275,2079,1,5_9,6.884e-05
275,2080,1,5_9,6.766e-05
275,2081,1,5_9,6.647e-05
275,2082,1,5_9,6.535e-05
275,2083,1,5_9,6.414e-05
275,2084,1,5_9,6.304e-05
275,2085,1,5_9,6.189e-05
275,2086,1,5_9,6.082e-05
275,2087,1,5_9,5.98e-05
275,2088,1,5_9,5.886e-05
275,2089,1,5_9,5.796e-05
275,2090,1,5_9,5.712e-05
275,2091,1,5_9,5.624e-05
275,2092,1,5_9,5.546e-05
275,2093,1,5_9,5.464e-05
275,2094,1,5_9,5.387e-05
275,2095,1,5_9,5.314e-05
275,2096,1,5_9,5.244e-05
275,2097,1,5_9,5.167e-05
275,2098,1,5_9,5.097e-05
275,2099,1,5_9,5.031e-05
275,2100,1,5_9,4.957e-05
760,2024,1,5_9,0.00067114
760,2025,1,5_9,0.00064098
760,2026,1,5_9,0.00061029
760,2027,1,5_9,0.000599
760,2028,1,5_9,0.00058746
760,2029,1,5_9,0.00057574
760,2030,1,5_9,0.00056373
760,2031,1,5_9,0.0005526
760,2032,1,5_9,0.00054045
760,2033,1,5_9,0.00052875
760,2034,1,5_9,0.00051751
760,2035,1,5_9,0.0005059
760,2036,1,5_9,0.00049512
760,2037,1,5_9,0.00048464
760,2038,1,5_9,0.00047359
760,2039,1,5_9,0.0004625
760,2040,1,5_9,0.00045195
760,2041,1,5_9,0.00044113
760,2042,1,5_9,0.00043037
760,2043,1,5_9,0.00042047
760,2044,1,5_9,0.00041025
760,2045,1,5_9,0.00040039
760,2046,1,5_9,0.00038992
760,2047,1,5_9,0.00038021
760,2048,1,5_9,0.00037093
760,2049,1,5_9,0.00036146
760,2050,1,5_9,0.00035255
760,2051,1,5_9,0.00034294
760,2052,1,5_9,0.00033335
760,2053,1,5_9,0.00032519
760,2054,1,5_9,0.00031716
760,2055,1,5_9,0.00030987
760,2056,1,5_9,0.00030231
760,2057,1,5_9,0.00029512
760,2058,1,5_9,0.0002883
760,2059,1,5_9,0.00028145
760,2060,1,5_9,0.00027456
760,2061,1,5_9,0.00026774
760,2062,1,5_9,0.00026098
760,2063,1,5_9,0.00025415
760,2064,1,5_9,0.00024776
760,2065,1,5_9,0.00024129
760,2066,1,5_9,0.00023497
760,2067,1,5_9,0.00022861
760,2068,1,5_9,0.00022268
760,2069,1,5_9,0.00021701
760,2070,1,5_9,0.00021177
760,2071,1,5_9,0.00020641
760,2072,1,5_9,0.00020109
760,2073,1,5_9,0.00019577
760,2074,1,5_9,0.00019075
760,2075,1,5_9,0.000186
760,2076,1,5_9,0.0001813
760,2077,1,5_9,0.00017671
760,2078,1,5_9,0.00017234
760,2079,1,5_9,0.00016795
760,2080,1,5_9,0.00016364
760,2081,1,5_9,0.00015967
760,2082,1,5_9,0.00015578
760,2083,1,5_9,0.00015211
760,2084,1,5_9,0.00014875
760,2085,1,5_9,0.00014532
760,2086,1,5_9,0.00014197
760,2087,1,5_9,0.00013884
760,2088,1,5_9,0.00013571
760,2089,1,5_9,0.00013254
760,2090,1,5_9,0.00012975
760,2091,1,5_9,0.0001268
760,2092,1,5_9,0.00012395
760,2093,1,5_9,0.00012117
760,2094,1,5_9,0.00011845
760,2095,1,5_9,0.00011583
760,2096,1,5_9,0.00011336
760,2097,1,5_9,0.00011114
760,2098,1,5_9,0.0001089
760,2099,1,5_9,0.00010666
760,2100,1,5_9,0.00010474
792,2024,1,5_9,7.535e-05
792,2025,1,5_9,7.283e-05
792,2026,1,5_9,6.821e-05
792,2027,1,5_9,6.718e-05
792,2028,1,5_9,6.608e-05
792,2029,1,5_9,6.499e-05
792,2030,1,5_9,6.391e-05
792,2031,1,5_9,6.285e-05
792,2032,1,5_9,6.179e-05
792,2033,1,5_9,6.076e-05
792,2034,1,5_9,5.97e-05
792,2035,1,5_9,5.865e-05
792,2036,1,5_9,5.762e-05
792,2037,1,5_9,5.67e-05
792,2038,1,5_9,5.586e-05
792,2039,1,5_9,5.49e-05
792,2040,1,5_9,5.417e-05
792,2041,1,5_9,5.339e-05
792,2042,1,5_9,5.259e-05
792,2043,1,5_9,5.183e-05
792,2044,1,5_9,5.1e-05
792,2045,1,5_9,5.025e-05
792,2046,1,5_9,4.947e-05
792,2047,1,5_9,4.875e-05
792,2048,1,5_9,4.814e-05
792,2049,1,5_9,4.769e-05
792,2050,1,5_9,4.717e-05
792,2051,1,5_9,4.666e-05
792,2052,1,5_9,4.61e-05
792,2053,1,5_9,4.567e-05
792,2054,1,5_9,4.521e-05
792,2055,1,5_9,4.471e-05
792,2056,1,5_9,4.431e-05
792,2057,1,5_9,4.392e-05
792,2058,1,5_9,4.354e-05
792,2059,1,5_9,4.316e-05
792,2060,1,5_9,4.283e-05
792,2061,1,5_9,4.246e-05
792,2062,1,5_9,4.208e-05
792,2063,1,5_9,4.175e-05
792,2064,1,5_9,4.135e-05
792,2065,1,5_9,4.105e-05
792,2066,1,5_9,4.074e-05
792,2067,1,5_9,4.042e-05
792,2068,1,5_9,4.014e-05
792,2069,1,5_9,3.993e-05
792,2070,1,5_9,3.962e-05
792,2071,1,5_9,3.929e-05
792,2072,1,5_9,3.893e-05
792,2073,1,5_9,3.857e-05
792,2074,1,5_9,3.833e-05
792,2075,1,5_9,3.799e-05
792,2076,1,5_9,3.78e-05
792,2077,1,5_9,3.746e-05
792,2078,1,5_9,3.714e-05
792,2079,1,5_9,3.69e-05
792,2080,1,5_9,3.669e-05
792,2081,1,5_9,3.635e-05
792,2082,1,5_9,3.618e-05
792,2083,1,5_9,3.592e-05
792,2084,1,5_9,3.575e-05
792,2085,1,5_9,3.558e-05
792,2086,1,5_9,3.532e-05
792,2087,1,5_9,3.514e-05
792,2088,1,5_9,3.494e-05
792,2089,1,5_9,3.468e-05
792,2090,1,5_9,3.448e-05
792,2091,1,5_9,3.428e-05
792,2092,1,5_9,3.397e-05
792,2093,1,5_9,3.377e-05
792,2094,1,5_9,3.355e-05
792,2095,1,5_9,3.334e-05
792,2096,1,5_9,3.317e-05
792,2097,1,5_9,3.298e-05
792,2098,1,5_9,3.278e-05
792,2099,1,5_9,3.258e-05
792,2100,1,5_9,3.24e-05
784,2024,1,5_9,0.00012332
784,2025,1,5_9,0.00011853
784,2026,1,5_9,0.00011407
784,2027,1,5_9,0.00010975
784,2028,1,5_9,0.00010561
784,2029,1,5_9,0.00010187
784,2030,1,5_9,9.835e-05
784,2031,1,5_9,9.514e-05
784,2032,1,5_9,9.203e-05
784,2033,1,5_9,8.894e-05
784,2034,1,5_9,8.62e-05
784,2035,1,5_9,8.362e-05
784,2036,1,5_9,8.112e-05
784,2037,1,5_9,7.863e-05
784,2038,1,5_9,7.64e-05
784,2039,1,5_9,7.416e-05
784,2040,1,5_9,7.209e-05
784,2041,1,5_9,7.014e-05
784,2042,1,5_9,6.829e-05
784,2043,1,5_9,6.659e-05
784,2044,1,5_9,6.492e-05
784,2045,1,5_9,6.335e-05
784,2046,1,5_9,6.176e-05
784,2047,1,5_9,6.034e-05
784,2048,1,5_9,5.895e-05
784,2049,1,5_9,5.774e-05
784,2050,1,5_9,5.643e-05
784,2051,1,5_9,5.513e-05
784,2052,1,5_9,5.411e-05
784,2053,1,5_9,5.296e-05
784,2054,1,5_9,5.179e-05
784,2055,1,5_9,5.074e-05
784,2056,1,5_9,4.962e-05
784,2057,1,5_9,4.867e-05
784,2058,1,5_9,4.765e-05
784,2059,1,5_9,4.671e-05
784,2060,1,5_9,4.579e-05
784,2061,1,5_9,4.493e-05
784,2062,1,5_9,4.406e-05
784,2063,1,5_9,4.314e-05
784,2064,1,5_9,4.234e-05
784,2065,1,5_9,4.145e-05
784,2066,1,5_9,4.071e-05
784,2067,1,5_9,3.99e-05
784,2068,1,5_9,3.912e-05
784,2069,1,5_9,3.841e-05
784,2070,1,5_9,3.763e-05
784,2071,1,5_9,3.697e-05
784,2072,1,5_9,3.626e-05
784,2073,1,5_9,3.56e-05
784,2074,1,5_9,3.499e-05
784,2075,1,5_9,3.431e-05
784,2076,1,5_9,3.373e-05
784,2077,1,5_9,3.315e-05
784,2078,1,5_9,3.26e-05
784,2079,1,5_9,3.202e-05
784,2080,1,5_9,3.144e-05
784,2081,1,5_9,3.084e-05
784,2082,1,5_9,3.029e-05
784,2083,1,5_9,2.971e-05
784,2084,1,5_9,2.922e-05
784,2085,1,5_9,2.866e-05
784,2086,1,5_9,2.816e-05
784,2087,1,5_9,2.761e-05
784,2088,1,5_9,2.72e-05
784,2089,1,5_9,2.67e-05
784,2090,1,5_9,2.623e-05
784,2091,1,5_9,2.578e-05
784,2092,1,5_9,2.541e-05
784,2093,1,5_9,2.501e-05
784,2094,1,5_9,2.454e-05
784,2095,1,5_9,2.421e-05
784,2096,1,5_9,2.379e-05
784,2097,1,5_9,2.341e-05
784,2098,1,5_9,2.307e-05
784,2099,1,5_9,2.269e-05
784,2100,1,5_9,2.232e-05
887,2024,1,5_9,0.00078488
887,2025,1,5_9,0.00077141
887,2026,1,5_9,0.00075751
887,2027,1,5_9,0.00074409
887,2028,1,5_9,0.00073173
887,2029,1,5_9,0.00071863
887,2030,1,5_9,0.00070655
887,2031,1,5_9,0.00069443
887,2032,1,5_9,0.00068272
887,2033,1,5_9,0.00067244
887,2034,1,5_9,0.00066077
887,2035,1,5_9,0.00064981
887,2036,1,5_9,0.00063875
887,2037,1,5_9,0.00062846
887,2038,1,5_9,0.0006175
887,2039,1,5_9,0.00060727
887,2040,1,5_9,0.00059629
887,2041,1,5_9,0.00058594
887,2042,1,5_9,0.00057597
887,2043,1,5_9,0.0005645
887,2044,1,5_9,0.00055363
887,2045,1,5_9,0.0005425
887,2046,1,5_9,0.00053188
887,2047,1,5_9,0.00052355
887,2048,1,5_9,0.00051542
887,2049,1,5_9,0.00050839
887,2050,1,5_9,0.00050082
887,2051,1,5_9,0.00049357
887,2052,1,5_9,0.00048578
887,2053,1,5_9,0.00047864
887,2054,1,5_9,0.00047136
887,2055,1,5_9,0.00046406
887,2056,1,5_9,0.00045779
887,2057,1,5_9,0.00045066
887,2058,1,5_9,0.00044367
887,2059,1,5_9,0.00043676
887,2060,1,5_9,0.00043012
887,2061,1,5_9,0.00042288
887,2062,1,5_9,0.00041471
887,2063,1,5_9,0.00040785
887,2064,1,5_9,0.00040004
887,2065,1,5_9,0.00039281
887,2066,1,5_9,0.00038468
887,2067,1,5_9,0.00037741
887,2068,1,5_9,0.00036992
887,2069,1,5_9,0.00036383
887,2070,1,5_9,0.00035714
887,2071,1,5_9,0.0003505
887,2072,1,5_9,0.00034367
887,2073,1,5_9,0.00033694
887,2074,1,5_9,0.00033064
887,2075,1,5_9,0.00032394
887,2076,1,5_9,0.00031753
887,2077,1,5_9,0.00031164
887,2078,1,5_9,0.00030483
887,2079,1,5_9,0.00029901
887,2080,1,5_9,0.00029291
887,2081,1,5_9,0.00028641
887,2082,1,5_9,0.00028061
887,2083,1,5_9,0.00027458
887,2084,1,5_9,0.00026861
887,2085,1,5_9,0.00026256
887,2086,1,5_9,0.00025644
887,2087,1,5_9,0.00025143
887,2088,1,5_9,0.00024662
887,2089,1,5_9,0.00024152
887,2090,1,5_9,0.00023652
887,2091,1,5_9,0.00023166
887,2092,1,5_9,0.00022738
887,2093,1,5_9,0.00022313
887,2094,1,5_9,0.00021881
887,2095,1,5_9,0.00021452
887,2096,1,5_9,0.00021033
887,2097,1,5_9,0.00020642
887,2098,1,5_9,0.00020241
887,2099,1,5_9,0.00019841
887,2100,1,5_9,0.0001942
112,2024,1,5_9,0.0001222
112,2025,1,5_9,0.00011793
112,2026,1,5_9,0.00011505
112,2027,1,5_9,0.0001122
112,2028,1,5_9,0.00010925
112,2029,1,5_9,0.00010662
112,2030,1,5_9,0.00010403
112,2031,1,5_9,0.00010154
112,2032,1,5_9,9.892e-05
112,2033,1,5_9,9.651e-05
112,2034,1,5_9,9.395e-05
112,2035,1,5_9,9.151e-05
112,2036,1,5_9,8.905e-05
112,2037,1,5_9,8.672e-05
112,2038,1,5_9,8.434e-05
112,2039,1,5_9,8.212e-05
112,2040,1,5_9,8.003e-05
112,2041,1,5_9,7.782e-05
112,2042,1,5_9,7.573e-05
112,2043,1,5_9,7.37e-05
112,2044,1,5_9,7.17e-05
112,2045,1,5_9,6.97e-05
112,2046,1,5_9,6.778e-05
112,2047,1,5_9,6.595e-05
112,2048,1,5_9,6.419e-05
112,2049,1,5_9,6.238e-05
112,2050,1,5_9,6.092e-05
112,2051,1,5_9,5.952e-05
112,2052,1,5_9,5.817e-05
112,2053,1,5_9,5.678e-05
112,2054,1,5_9,5.557e-05
112,2055,1,5_9,5.432e-05
112,2056,1,5_9,5.301e-05
112,2057,1,5_9,5.185e-05
112,2058,1,5_9,5.065e-05
112,2059,1,5_9,4.947e-05
112,2060,1,5_9,4.843e-05
112,2061,1,5_9,4.732e-05
112,2062,1,5_9,4.624e-05
112,2063,1,5_9,4.516e-05
112,2064,1,5_9,4.42e-05
112,2065,1,5_9,4.324e-05
112,2066,1,5_9,4.24e-05
112,2067,1,5_9,4.157e-05
112,2068,1,5_9,4.071e-05
112,2069,1,5_9,3.99e-05
112,2070,1,5_9,3.92e-05
112,2071,1,5_9,3.85e-05
112,2072,1,5_9,3.779e-05
112,2073,1,5_9,3.715e-05
112,2074,1,5_9,3.65e-05
112,2075,1,5_9,3.581e-05
112,2076,1,5_9,3.517e-05
112,2077,1,5_9,3.457e-05
112,2078,1,5_9,3.403e-05
112,2079,1,5_9,3.35e-05
112,2080,1,5_9,3.302e-05
112,2081,1,5_9,3.245e-05
112,2082,1,5_9,3.197e-05
112,2083,1,5_9,3.143e-05
112,2084,1,5_9,3.095e-05
112,2085,1,5_9,3.053e-05
112,2086,1,5_9,3.007e-05
112,2087,1,5_9,2.961e-05
112,2088,1,5_9,2.916e-05
112,2089,1,5_9,2.876e-05
112,2090,1,5_9,2.83e-05
112,2091,1,5_9,2.789e-05
112,2092,1,5_9,2.751e-05
112,2093,1,5_9,2.709e-05
112,2094,1,5_9,2.665e-05
112,2095,1,5_9,2.631e-05
112,2096,1,5_9,2.593e-05
112,2097,1,5_9,2.559e-05
112,2098,1,5_9,2.52e-05
112,2099,1,5_9,2.483e-05
112,2100,1,5_9,2.451e-05
100,2024,1,5_9,0.000162
100,2025,1,5_9,0.00015844
100,2026,1,5_9,0.00015469
100,2027,1,5_9,0.00015146
100,2028,1,5_9,0.00014812
100,2029,1,5_9,0.00014499
100,2030,1,5_9,0.00014163
100,2031,1,5_9,0.00013858
100,2032,1,5_9,0.00013528
100,2033,1,5_9,0.00013217
100,2034,1,5_9,0.00012902
100,2035,1,5_9,0.00012611
100,2036,1,5_9,0.00012296
100,2037,1,5_9,0.00011992
100,2038,1,5_9,0.00011699
100,2039,1,5_9,0.00011429
100,2040,1,5_9,0.00011175
100,2041,1,5_9,0.00010937
100,2042,1,5_9,0.00010697
100,2043,1,5_9,0.0001047
100,2044,1,5_9,0.00010242
100,2045,1,5_9,0.00010023
100,2046,1,5_9,9.801e-05
100,2047,1,5_9,9.577e-05
100,2048,1,5_9,9.362e-05
100,2049,1,5_9,9.163e-05
100,2050,1,5_9,8.952e-05
100,2051,1,5_9,8.754e-05
100,2052,1,5_9,8.563e-05
100,2053,1,5_9,8.36e-05
100,2054,1,5_9,8.202e-05
100,2055,1,5_9,8.026e-05
100,2056,1,5_9,7.845e-05
100,2057,1,5_9,7.682e-05
100,2058,1,5_9,7.53e-05
100,2059,1,5_9,7.375e-05
100,2060,1,5_9,7.23e-05
100,2061,1,5_9,7.09e-05
100,2062,1,5_9,6.942e-05
100,2063,1,5_9,6.795e-05
100,2064,1,5_9,6.663e-05
100,2065,1,5_9,6.536e-05
100,2066,1,5_9,6.398e-05
100,2067,1,5_9,6.285e-05
100,2068,1,5_9,6.175e-05
100,2069,1,5_9,6.073e-05
100,2070,1,5_9,5.968e-05
100,2071,1,5_9,5.872e-05
100,2072,1,5_9,5.782e-05
100,2073,1,5_9,5.681e-05
100,2074,1,5_9,5.59e-05
100,2075,1,5_9,5.502e-05
100,2076,1,5_9,5.403e-05
100,2077,1,5_9,5.315e-05
100,2078,1,5_9,5.23e-05
100,2079,1,5_9,5.142e-05
100,2080,1,5_9,5.071e-05
100,2081,1,5_9,4.993e-05
100,2082,1,5_9,4.918e-05
100,2083,1,5_9,4.84e-05
100,2084,1,5_9,4.771e-05
100,2085,1,5_9,4.702e-05
100,2086,1,5_9,4.632e-05
100,2087,1,5_9,4.568e-05
100,2088,1,5_9,4.5e-05
100,2089,1,5_9,4.431e-05
100,2090,1,5_9,4.373e-05
100,2091,1,5_9,4.306e-05
100,2092,1,5_9,4.24e-05
100,2093,1,5_9,4.189e-05
100,2094,1,5_9,4.135e-05
100,2095,1,5_9,4.076e-05
100,2096,1,5_9,4.024e-05
100,2097,1,5_9,3.963e-05
100,2098,1,5_9,3.908e-05
100,2099,1,5_9,3.843e-05
100,2100,1,5_9,3.794e-05
203,2024,1,5_9,7.608e-05
203,2025,1,5_9,7.413e-05
203,2026,1,5_9,7.223e-05
203,2027,1,5_9,7.027e-05
203,2028,1,5_9,6.844e-05
203,2029,1,5_9,6.657e-05
203,2030,1,5_9,6.492e-05
203,2031,1,5_9,6.319e-05
203,2032,1,5_9,6.15e-05
203,2033,1,5_9,5.986e-05
203,2034,1,5_9,5.836e-05
203,2035,1,5_9,5.681e-05
203,2036,1,5_9,5.528e-05
203,2037,1,5_9,5.381e-05
203,2038,1,5_9,5.24e-05
203,2039,1,5_9,5.106e-05
203,2040,1,5_9,4.976e-05
203,2041,1,5_9,4.857e-05
203,2042,1,5_9,4.736e-05
203,2043,1,5_9,4.628e-05
203,2044,1,5_9,4.523e-05
203,2045,1,5_9,4.425e-05
203,2046,1,5_9,4.34e-05
203,2047,1,5_9,4.241e-05
203,2048,1,5_9,4.148e-05
203,2049,1,5_9,4.064e-05
203,2050,1,5_9,3.983e-05
203,2051,1,5_9,3.903e-05
203,2052,1,5_9,3.821e-05
203,2053,1,5_9,3.742e-05
203,2054,1,5_9,3.667e-05
203,2055,1,5_9,3.591e-05
203,2056,1,5_9,3.514e-05
203,2057,1,5_9,3.447e-05
203,2058,1,5_9,3.382e-05
203,2059,1,5_9,3.325e-05
203,2060,1,5_9,3.261e-05
203,2061,1,5_9,3.194e-05
203,2062,1,5_9,3.137e-05
203,2063,1,5_9,3.075e-05
203,2064,1,5_9,3.015e-05
203,2065,1,5_9,2.961e-05
203,2066,1,5_9,2.902e-05
203,2067,1,5_9,2.849e-05
203,2068,1,5_9,2.796e-05
203,2069,1,5_9,2.743e-05
203,2070,1,5_9,2.69e-05
203,2071,1,5_9,2.634e-05
203,2072,1,5_9,2.584e-05
203,2073,1,5_9,2.535e-05
203,2074,1,5_9,2.486e-05
203,2075,1,5_9,2.444e-05
203,2076,1,5_9,2.402e-05
203,2077,1,5_9,2.361e-05
203,2078,1,5_9,2.325e-05
203,2079,1,5_9,2.284e-05
203,2080,1,5_9,2.246e-05
203,2081,1,5_9,2.208e-05
203,2082,1,5_9,2.172e-05
203,2083,1,5_9,2.133e-05
203,2084,1,5_9,2.101e-05
203,2085,1,5_9,2.066e-05
203,2086,1,5_9,2.028e-05
203,2087,1,5_9,1.995e-05
203,2088,1,5_9,1.964e-05
203,2089,1,5_9,1.933e-05
203,2090,1,5_9,1.902e-05
203,2091,1,5_9,1.875e-05
203,2092,1,5_9,1.844e-05
203,2093,1,5_9,1.816e-05
203,2094,1,5_9,1.789e-05
203,2095,1,5_9,1.762e-05
203,2096,1,5_9,1.732e-05
203,2097,1,5_9,1.706e-05
203,2098,1,5_9,1.681e-05
203,2099,1,5_9,1.656e-05
203,2100,1,5_9,1.632e-05
348,2024,1,5_9,9.208e-05
348,2025,1,5_9,8.982e-05
348,2026,1,5_9,8.75e-05
348,2027,1,5_9,8.527e-05
348,2028,1,5_9,8.314e-05
348,2029,1,5_9,8.099e-05
348,2030,1,5_9,7.91e-05
348,2031,1,5_9,7.733e-05
348,2032,1,5_9,7.553e-05
348,2033,1,5_9,7.368e-05
348,2034,1,5_9,7.195e-05
348,2035,1,5_9,7.027e-05
348,2036,1,5_9,6.848e-05
348,2037,1,5_9,6.687e-05
348,2038,1,5_9,6.52e-05
348,2039,1,5_9,6.36e-05
348,2040,1,5_9,6.198e-05
348,2041,1,5_9,6.04e-05
348,2042,1,5_9,5.893e-05
348,2043,1,5_9,5.746e-05
348,2044,1,5_9,5.607e-05
348,2045,1,5_9,5.466e-05
348,2046,1,5_9,5.324e-05
348,2047,1,5_9,5.191e-05
348,2048,1,5_9,5.054e-05
348,2049,1,5_9,4.928e-05
348,2050,1,5_9,4.805e-05
348,2051,1,5_9,4.694e-05
348,2052,1,5_9,4.579e-05
348,2053,1,5_9,4.468e-05
348,2054,1,5_9,4.368e-05
348,2055,1,5_9,4.266e-05
348,2056,1,5_9,4.164e-05
348,2057,1,5_9,4.081e-05
348,2058,1,5_9,3.992e-05
348,2059,1,5_9,3.904e-05
348,2060,1,5_9,3.823e-05
348,2061,1,5_9,3.751e-05
348,2062,1,5_9,3.678e-05
348,2063,1,5_9,3.608e-05
348,2064,1,5_9,3.533e-05
348,2065,1,5_9,3.463e-05
348,2066,1,5_9,3.401e-05
348,2067,1,5_9,3.333e-05
348,2068,1,5_9,3.268e-05
348,2069,1,5_9,3.207e-05
348,2070,1,5_9,3.144e-05
348,2071,1,5_9,3.08e-05
348,2072,1,5_9,3.022e-05
348,2073,1,5_9,2.959e-05
348,2074,1,5_9,2.902e-05
348,2075,1,5_9,2.854e-05
348,2076,1,5_9,2.801e-05
348,2077,1,5_9,2.75e-05
348,2078,1,5_9,2.698e-05
348,2079,1,5_9,2.65e-05
348,2080,1,5_9,2.603e-05
348,2081,1,5_9,2.56e-05
348,2082,1,5_9,2.512e-05
348,2083,1,5_9,2.469e-05
348,2084,1,5_9,2.431e-05
348,2085,1,5_9,2.39e-05
348,2086,1,5_9,2.346e-05
348,2087,1,5_9,2.304e-05
348,2088,1,5_9,2.264e-05
348,2089,1,5_9,2.226e-05
348,2090,1,5_9,2.189e-05
348,2091,1,5_9,2.153e-05
348,2092,1,5_9,2.12e-05
348,2093,1,5_9,2.084e-05
348,2094,1,5_9,2.053e-05
348,2095,1,5_9,2.02e-05
348,2096,1,5_9,1.99e-05
348,2097,1,5_9,1.957e-05
348,2098,1,5_9,1.928e-05
348,2099,1,5_9,1.894e-05
348,2100,1,5_9,1.865e-05
616,2024,1,5_9,8.168e-05
616,2025,1,5_9,7.966e-05
616,2026,1,5_9,7.757e-05
616,2027,1,5_9,7.543e-05
616,2028,1,5_9,7.346e-05
616,2029,1,5_9,7.15e-05
616,2030,1,5_9,6.95e-05
616,2031,1,5_9,6.762e-05
616,2032,1,5_9,6.581e-05
616,2033,1,5_9,6.396e-05
616,2034,1,5_9,6.222e-05
616,2035,1,5_9,6.056e-05
616,2036,1,5_9,5.896e-05
616,2037,1,5_9,5.743e-05
616,2038,1,5_9,5.594e-05
616,2039,1,5_9,5.458e-05
616,2040,1,5_9,5.318e-05
616,2041,1,5_9,5.178e-05
616,2042,1,5_9,5.045e-05
616,2043,1,5_9,4.916e-05
616,2044,1,5_9,4.792e-05
616,2045,1,5_9,4.686e-05
616,2046,1,5_9,4.58e-05
616,2047,1,5_9,4.476e-05
616,2048,1,5_9,4.375e-05
616,2049,1,5_9,4.283e-05
616,2050,1,5_9,4.195e-05
616,2051,1,5_9,4.116e-05
616,2052,1,5_9,4.032e-05
616,2053,1,5_9,3.955e-05
616,2054,1,5_9,3.883e-05
616,2055,1,5_9,3.815e-05
616,2056,1,5_9,3.745e-05
616,2057,1,5_9,3.679e-05
616,2058,1,5_9,3.616e-05
616,2059,1,5_9,3.553e-05
616,2060,1,5_9,3.49e-05
616,2061,1,5_9,3.434e-05
616,2062,1,5_9,3.373e-05
616,2063,1,5_9,3.314e-05
616,2064,1,5_9,3.253e-05
616,2065,1,5_9,3.204e-05
616,2066,1,5_9,3.151e-05
616,2067,1,5_9,3.102e-05
616,2068,1,5_9,3.048e-05
616,2069,1,5_9,2.998e-05
616,2070,1,5_9,2.952e-05
616,2071,1,5_9,2.902e-05
616,2072,1,5_9,2.853e-05
616,2073,1,5_9,2.806e-05
616,2074,1,5_9,2.756e-05
616,2075,1,5_9,2.706e-05
616,2076,1,5_9,2.665e-05
616,2077,1,5_9,2.621e-05
616,2078,1,5_9,2.577e-05
616,2079,1,5_9,2.537e-05
616,2080,1,5_9,2.499e-05
616,2081,1,5_9,2.455e-05
616,2082,1,5_9,2.419e-05
616,2083,1,5_9,2.383e-05
616,2084,1,5_9,2.349e-05
616,2085,1,5_9,2.316e-05
616,2086,1,5_9,2.287e-05
616,2087,1,5_9,2.258e-05
616,2088,1,5_9,2.23e-05
616,2089,1,5_9,2.198e-05
616,2090,1,5_9,2.168e-05
616,2091,1,5_9,2.141e-05
616,2092,1,5_9,2.114e-05
616,2093,1,5_9,2.085e-05
616,2094,1,5_9,2.058e-05
616,2095,1,5_9,2.026e-05
616,2096,1,5_9,2.001e-05
616,2097,1,5_9,1.976e-05
616,2098,1,5_9,1.95e-05
616,2099,1,5_9,1.925e-05
616,2100,1,5_9,1.897e-05
498,2024,1,5_9,0.00023792
498,2025,1,5_9,0.00023503
498,2026,1,5_9,0.00023217
498,2027,1,5_9,0.00022867
498,2028,1,5_9,0.00022509
498,2029,1,5_9,0.0002212
498,2030,1,5_9,0.00021733
498,2031,1,5_9,0.00021402
498,2032,1,5_9,0.00021076
498,2033,1,5_9,0.00020729
498,2034,1,5_9,0.00020356
498,2035,1,5_9,0.00020005
498,2036,1,5_9,0.00019631
498,2037,1,5_9,0.0001927
498,2038,1,5_9,0.00018945
498,2039,1,5_9,0.00018587
498,2040,1,5_9,0.00018229
498,2041,1,5_9,0.00017845
498,2042,1,5_9,0.00017451
498,2043,1,5_9,0.00017099
498,2044,1,5_9,0.00016731
498,2045,1,5_9,0.00016348
498,2046,1,5_9,0.00016082
498,2047,1,5_9,0.00015857
498,2048,1,5_9,0.00015584
498,2049,1,5_9,0.00015337
498,2050,1,5_9,0.00015104
498,2051,1,5_9,0.00014856
498,2052,1,5_9,0.00014583
498,2053,1,5_9,0.00014329
498,2054,1,5_9,0.00014066
498,2055,1,5_9,0.0001378
498,2056,1,5_9,0.00013535
498,2057,1,5_9,0.00013278
498,2058,1,5_9,0.00012988
498,2059,1,5_9,0.0001273
498,2060,1,5_9,0.00012432
498,2061,1,5_9,0.00012204
498,2062,1,5_9,0.00012005
498,2063,1,5_9,0.00011768
498,2064,1,5_9,0.00011581
498,2065,1,5_9,0.00011375
498,2066,1,5_9,0.00011126
498,2067,1,5_9,0.00010919
498,2068,1,5_9,0.00010676
498,2069,1,5_9,0.00010481
498,2070,1,5_9,0.00010291
498,2071,1,5_9,0.00010049
498,2072,1,5_9,9.839e-05
498,2073,1,5_9,9.597e-05
498,2074,1,5_9,9.394e-05
498,2075,1,5_9,9.189e-05
498,2076,1,5_9,9.049e-05
498,2077,1,5_9,8.913e-05
498,2078,1,5_9,8.781e-05
498,2079,1,5_9,8.627e-05
498,2080,1,5_9,8.493e-05
498,2081,1,5_9,8.354e-05
498,2082,1,5_9,8.218e-05
498,2083,1,5_9,8.09e-05
498,2084,1,5_9,7.964e-05
498,2085,1,5_9,7.808e-05
498,2086,1,5_9,7.678e-05
498,2087,1,5_9,7.549e-05
498,2088,1,5_9,7.421e-05
498,2089,1,5_9,7.298e-05
498,2090,1,5_9,7.169e-05
498,2091,1,5_9,7.065e-05
498,2092,1,5_9,6.978e-05
498,2093,1,5_9,6.887e-05
498,2094,1,5_9,6.787e-05
498,2095,1,5_9,6.696e-05
498,2096,1,5_9,6.607e-05
498,2097,1,5_9,6.525e-05
498,2098,1,5_9,6.427e-05
498,2099,1,5_9,6.362e-05
498,2100,1,5_9,6.267e-05
642,2024,1,5_9,0.00016436
642,2025,1,5_9,0.00016087
642,2026,1,5_9,0.00015743
642,2027,1,5_9,0.00015415
642,2028,1,5_9,0.00015087
642,2029,1,5_9,0.00014766
642,2030,1,5_9,0.00014442
642,2031,1,5_9,0.00014106
642,2032,1,5_9,0.00013789
642,2033,1,5_9,0.00013465
642,2034,1,5_9,0.00013177
642,2035,1,5_9,0.00012854
642,2036,1,5_9,0.00012556
642,2037,1,5_9,0.00012245
642,2038,1,5_9,0.00011971
642,2039,1,5_9,0.0001173
642,2040,1,5_9,0.00011474
642,2041,1,5_9,0.00011222
642,2042,1,5_9,0.00010977
642,2043,1,5_9,0.00010731
642,2044,1,5_9,0.00010502
642,2045,1,5_9,0.00010261
642,2046,1,5_9,0.00010034
642,2047,1,5_9,9.799e-05
642,2048,1,5_9,9.574e-05
642,2049,1,5_9,9.361e-05
642,2050,1,5_9,9.147e-05
642,2051,1,5_9,8.94e-05
642,2052,1,5_9,8.742e-05
642,2053,1,5_9,8.537e-05
642,2054,1,5_9,8.356e-05
642,2055,1,5_9,8.168e-05
642,2056,1,5_9,7.995e-05
642,2057,1,5_9,7.839e-05
642,2058,1,5_9,7.67e-05
642,2059,1,5_9,7.502e-05
642,2060,1,5_9,7.349e-05
642,2061,1,5_9,7.203e-05
642,2062,1,5_9,7.053e-05
642,2063,1,5_9,6.9e-05
642,2064,1,5_9,6.76e-05
642,2065,1,5_9,6.619e-05
642,2066,1,5_9,6.493e-05
642,2067,1,5_9,6.379e-05
642,2068,1,5_9,6.274e-05
642,2069,1,5_9,6.153e-05
642,2070,1,5_9,6.041e-05
642,2071,1,5_9,5.939e-05
642,2072,1,5_9,5.838e-05
642,2073,1,5_9,5.744e-05
642,2074,1,5_9,5.645e-05
642,2075,1,5_9,5.55e-05
642,2076,1,5_9,5.458e-05
642,2077,1,5_9,5.366e-05
642,2078,1,5_9,5.287e-05
642,2079,1,5_9,5.197e-05
642,2080,1,5_9,5.11e-05
642,2081,1,5_9,5.021e-05
642,2082,1,5_9,4.941e-05
642,2083,1,5_9,4.866e-05
642,2084,1,5_9,4.798e-05
642,2085,1,5_9,4.722e-05
642,2086,1,5_9,4.649e-05
642,2087,1,5_9,4.572e-05
642,2088,1,5_9,4.502e-05
642,2089,1,5_9,4.428e-05
642,2090,1,5_9,4.36e-05
642,2091,1,5_9,4.284e-05
642,2092,1,5_9,4.228e-05
642,2093,1,5_9,4.161e-05
642,2094,1,5_9,4.092e-05
642,2095,1,5_9,4.038e-05
642,2096,1,5_9,3.971e-05
642,2097,1,5_9,3.911e-05
642,2098,1,5_9,3.849e-05
642,2099,1,5_9,3.795e-05
642,2100,1,5_9,3.735e-05
643,2024,1,5_9,0.00022168
643,2025,1,5_9,0.00021504
643,2026,1,5_9,0.0002081
643,2027,1,5_9,0.00020176
643,2028,1,5_9,0.00019532
643,2029,1,5_9,0.00018892
643,2030,1,5_9,0.00018264
643,2031,1,5_9,0.00017682
643,2032,1,5_9,0.0001711
643,2033,1,5_9,0.00016542
643,2034,1,5_9,0.00015954
643,2035,1,5_9,0.00015422
643,2036,1,5_9,0.00015012
643,2037,1,5_9,0.00014634
643,2038,1,5_9,0.00014262
643,2039,1,5_9,0.00013901
643,2040,1,5_9,0.00013547
643,2041,1,5_9,0.00013193
643,2042,1,5_9,0.00012843
643,2043,1,5_9,0.00012495
643,2044,1,5_9,0.00012143
643,2045,1,5_9,0.00011814
643,2046,1,5_9,0.00011501
643,2047,1,5_9,0.00011205
643,2048,1,5_9,0.00010907
643,2049,1,5_9,0.00010628
643,2050,1,5_9,0.00010362
643,2051,1,5_9,0.00010094
643,2052,1,5_9,9.829e-05
643,2053,1,5_9,9.575e-05
643,2054,1,5_9,9.329e-05
643,2055,1,5_9,9.071e-05
643,2056,1,5_9,8.837e-05
643,2057,1,5_9,8.612e-05
643,2058,1,5_9,8.388e-05
643,2059,1,5_9,8.194e-05
643,2060,1,5_9,8.01e-05
643,2061,1,5_9,7.842e-05
643,2062,1,5_9,7.678e-05
643,2063,1,5_9,7.515e-05
643,2064,1,5_9,7.355e-05
643,2065,1,5_9,7.187e-05
643,2066,1,5_9,7.043e-05
643,2067,1,5_9,6.894e-05
643,2068,1,5_9,6.753e-05
643,2069,1,5_9,6.609e-05
643,2070,1,5_9,6.477e-05
643,2071,1,5_9,6.349e-05
643,2072,1,5_9,6.218e-05
643,2073,1,5_9,6.108e-05
643,2074,1,5_9,6.004e-05
643,2075,1,5_9,5.895e-05
643,2076,1,5_9,5.789e-05
643,2077,1,5_9,5.688e-05
643,2078,1,5_9,5.593e-05
643,2079,1,5_9,5.498e-05
643,2080,1,5_9,5.407e-05
643,2081,1,5_9,5.316e-05
643,2082,1,5_9,5.229e-05
643,2083,1,5_9,5.145e-05
643,2084,1,5_9,5.059e-05
643,2085,1,5_9,4.974e-05
643,2086,1,5_9,4.891e-05
643,2087,1,5_9,4.805e-05
643,2088,1,5_9,4.723e-05
643,2089,1,5_9,4.655e-05
643,2090,1,5_9,4.585e-05
643,2091,1,5_9,4.518e-05
643,2092,1,5_9,4.447e-05
643,2093,1,5_9,4.387e-05
643,2094,1,5_9,4.327e-05
643,2095,1,5_9,4.271e-05
643,2096,1,5_9,4.208e-05
643,2097,1,5_9,4.146e-05
643,2098,1,5_9,4.09e-05
643,2099,1,5_9,4.03e-05
643,2100,1,5_9,3.968e-05
703,2024,1,5_9,9.497e-05
703,2025,1,5_9,9.279e-05
703,2026,1,5_9,9.077e-05
703,2027,1,5_9,8.861e-05
703,2028,1,5_9,8.666e-05
703,2029,1,5_9,8.464e-05
703,2030,1,5_9,8.254e-05
703,2031,1,5_9,8.051e-05
703,2032,1,5_9,7.855e-05
703,2033,1,5_9,7.665e-05
703,2034,1,5_9,7.461e-05
703,2035,1,5_9,7.282e-05
703,2036,1,5_9,7.113e-05
703,2037,1,5_9,6.949e-05
703,2038,1,5_9,6.792e-05
703,2039,1,5_9,6.643e-05
703,2040,1,5_9,6.488e-05
703,2041,1,5_9,6.341e-05
703,2042,1,5_9,6.195e-05
703,2043,1,5_9,6.055e-05
703,2044,1,5_9,5.922e-05
703,2045,1,5_9,5.789e-05
703,2046,1,5_9,5.662e-05
703,2047,1,5_9,5.541e-05
703,2048,1,5_9,5.417e-05
703,2049,1,5_9,5.309e-05
703,2050,1,5_9,5.21e-05
703,2051,1,5_9,5.12e-05
703,2052,1,5_9,5.03e-05
703,2053,1,5_9,4.943e-05
703,2054,1,5_9,4.855e-05
703,2055,1,5_9,4.775e-05
703,2056,1,5_9,4.691e-05
703,2057,1,5_9,4.615e-05
703,2058,1,5_9,4.543e-05
703,2059,1,5_9,4.469e-05
703,2060,1,5_9,4.401e-05
703,2061,1,5_9,4.332e-05
703,2062,1,5_9,4.258e-05
703,2063,1,5_9,4.2e-05
703,2064,1,5_9,4.134e-05
703,2065,1,5_9,4.072e-05
703,2066,1,5_9,4.009e-05
703,2067,1,5_9,3.958e-05
703,2068,1,5_9,3.908e-05
703,2069,1,5_9,3.852e-05
703,2070,1,5_9,3.807e-05
703,2071,1,5_9,3.748e-05
703,2072,1,5_9,3.695e-05
703,2073,1,5_9,3.651e-05
703,2074,1,5_9,3.599e-05
703,2075,1,5_9,3.555e-05
703,2076,1,5_9,3.502e-05
703,2077,1,5_9,3.459e-05
703,2078,1,5_9,3.408e-05
703,2079,1,5_9,3.364e-05
703,2080,1,5_9,3.314e-05
703,2081,1,5_9,3.271e-05
703,2082,1,5_9,3.223e-05
703,2083,1,5_9,3.182e-05
703,2084,1,5_9,3.138e-05
703,2085,1,5_9,3.103e-05
703,2086,1,5_9,3.062e-05
703,2087,1,5_9,3.028e-05
703,2088,1,5_9,2.994e-05
703,2089,1,5_9,2.951e-05
703,2090,1,5_9,2.92e-05
703,2091,1,5_9,2.891e-05
703,2092,1,5_9,2.861e-05
703,2093,1,5_9,2.83e-05
703,2094,1,5_9,2.791e-05
703,2095,1,5_9,2.764e-05
703,2096,1,5_9,2.734e-05
703,2097,1,5_9,2.703e-05
703,2098,1,5_9,2.672e-05
703,2099,1,5_9,2.644e-05
703,2100,1,5_9,2.608e-05
804,2024,1,5_9,0.0001438
804,2025,1,5_9,0.0001393
804,2026,1,5_9,0.00013637
804,2027,1,5_9,0.00013354
804,2028,1,5_9,0.00013065
804,2029,1,5_9,0.00012784
804,2030,1,5_9,0.00012513
804,2031,1,5_9,0.00012243
804,2032,1,5_9,0.0001198
804,2033,1,5_9,0.00011725
804,2034,1,5_9,0.00011464
804,2035,1,5_9,0.00011214
804,2036,1,5_9,0.00010952
804,2037,1,5_9,0.00010684
804,2038,1,5_9,0.00010428
804,2039,1,5_9,0.00010179
804,2040,1,5_9,9.955e-05
804,2041,1,5_9,9.73e-05
804,2042,1,5_9,9.49e-05
804,2043,1,5_9,9.272e-05
804,2044,1,5_9,9.045e-05
804,2045,1,5_9,8.831e-05
804,2046,1,5_9,8.62e-05
804,2047,1,5_9,8.417e-05
804,2048,1,5_9,8.201e-05
804,2049,1,5_9,8.007e-05
804,2050,1,5_9,7.809e-05
804,2051,1,5_9,7.649e-05
804,2052,1,5_9,7.49e-05
804,2053,1,5_9,7.346e-05
804,2054,1,5_9,7.191e-05
804,2055,1,5_9,7.04e-05
804,2056,1,5_9,6.902e-05
804,2057,1,5_9,6.761e-05
804,2058,1,5_9,6.618e-05
804,2059,1,5_9,6.491e-05
804,2060,1,5_9,6.358e-05
804,2061,1,5_9,6.23e-05
804,2062,1,5_9,6.106e-05
804,2063,1,5_9,5.982e-05
804,2064,1,5_9,5.862e-05
804,2065,1,5_9,5.743e-05
804,2066,1,5_9,5.644e-05
804,2067,1,5_9,5.541e-05
804,2068,1,5_9,5.435e-05
804,2069,1,5_9,5.334e-05
804,2070,1,5_9,5.231e-05
804,2071,1,5_9,5.135e-05
804,2072,1,5_9,5.044e-05
804,2073,1,5_9,4.953e-05
804,2074,1,5_9,4.873e-05
804,2075,1,5_9,4.781e-05
804,2076,1,5_9,4.697e-05
804,2077,1,5_9,4.623e-05
804,2078,1,5_9,4.543e-05
804,2079,1,5_9,4.469e-05
804,2080,1,5_9,4.398e-05
804,2081,1,5_9,4.329e-05
804,2082,1,5_9,4.263e-05
804,2083,1,5_9,4.194e-05
804,2084,1,5_9,4.131e-05
804,2085,1,5_9,4.068e-05
804,2086,1,5_9,4.005e-05
804,2087,1,5_9,3.944e-05
804,2088,1,5_9,3.879e-05
804,2089,1,5_9,3.825e-05
804,2090,1,5_9,3.769e-05
804,2091,1,5_9,3.712e-05
804,2092,1,5_9,3.663e-05
804,2093,1,5_9,3.609e-05
804,2094,1,5_9,3.554e-05
804,2095,1,5_9,3.502e-05
804,2096,1,5_9,3.452e-05
804,2097,1,5_9,3.407e-05
804,2098,1,5_9,3.357e-05
804,2099,1,5_9,3.313e-05
804,2100,1,5_9,3.263e-05
208,2024,1,5_9,4.383e-05
208,2025,1,5_9,4.211e-05
208,2026,1,5_9,4.048e-05
208,2027,1,5_9,3.893e-05
208,2028,1,5_9,3.734e-05
208,2029,1,5_9,3.605e-05
208,2030,1,5_9,3.471e-05
208,2031,1,5_9,3.344e-05
208,2032,1,5_9,3.232e-05
208,2033,1,5_9,3.125e-05
208,2034,1,5_9,3.022e-05
208,2035,1,5_9,2.925e-05
208,2036,1,5_9,2.831e-05
208,2037,1,5_9,2.749e-05
208,2038,1,5_9,2.67e-05
208,2039,1,5_9,2.587e-05
208,2040,1,5_9,2.522e-05
208,2041,1,5_9,2.458e-05
208,2042,1,5_9,2.39e-05
208,2043,1,5_9,2.325e-05
208,2044,1,5_9,2.269e-05
208,2045,1,5_9,2.214e-05
208,2046,1,5_9,2.161e-05
208,2047,1,5_9,2.11e-05
208,2048,1,5_9,2.061e-05
208,2049,1,5_9,2.012e-05
208,2050,1,5_9,1.966e-05
208,2051,1,5_9,1.926e-05
208,2052,1,5_9,1.888e-05
208,2053,1,5_9,1.845e-05
208,2054,1,5_9,1.804e-05
208,2055,1,5_9,1.765e-05
208,2056,1,5_9,1.736e-05
208,2057,1,5_9,1.698e-05
208,2058,1,5_9,1.662e-05
208,2059,1,5_9,1.635e-05
208,2060,1,5_9,1.6e-05
208,2061,1,5_9,1.575e-05
208,2062,1,5_9,1.543e-05
208,2063,1,5_9,1.511e-05
208,2064,1,5_9,1.488e-05
208,2065,1,5_9,1.458e-05
208,2066,1,5_9,1.436e-05
208,2067,1,5_9,1.414e-05
208,2068,1,5_9,1.389e-05
208,2069,1,5_9,1.365e-05
208,2070,1,5_9,1.345e-05
208,2071,1,5_9,1.326e-05
208,2072,1,5_9,1.301e-05
208,2073,1,5_9,1.283e-05
208,2074,1,5_9,1.259e-05
208,2075,1,5_9,1.242e-05
208,2076,1,5_9,1.221e-05
208,2077,1,5_9,1.202e-05
208,2078,1,5_9,1.18e-05
208,2079,1,5_9,1.164e-05
208,2080,1,5_9,1.143e-05
208,2081,1,5_9,1.129e-05
208,2082,1,5_9,1.113e-05
208,2083,1,5_9,1.094e-05
208,2084,1,5_9,1.08e-05
208,2085,1,5_9,1.065e-05
208,2086,1,5_9,1.048e-05
208,2087,1,5_9,1.03e-05
208,2088,1,5_9,1.017e-05
208,2089,1,5_9,1e-05
208,2090,1,5_9,9.88e-06
208,2091,1,5_9,9.67e-06
208,2092,1,5_9,9.56e-06
208,2093,1,5_9,9.4e-06
208,2094,1,5_9,9.25e-06
208,2095,1,5_9,9.1e-06
208,2096,1,5_9,8.99e-06
208,2097,1,5_9,8.85e-06
208,2098,1,5_9,8.71e-06
208,2099,1,5_9,8.57e-06
208,2100,1,5_9,8.44e-06
233,2024,1,5_9,0.00012298
233,2025,1,5_9,0.00011982
233,2026,1,5_9,0.00011639
233,2027,1,5_9,0.00011311
233,2028,1,5_9,0.00010974
233,2029,1,5_9,0.00010651
233,2030,1,5_9,0.00010335
233,2031,1,5_9,0.00010048
233,2032,1,5_9,9.753e-05
233,2033,1,5_9,9.462e-05
233,2034,1,5_9,9.203e-05
233,2035,1,5_9,8.948e-05
233,2036,1,5_9,8.704e-05
233,2037,1,5_9,8.464e-05
233,2038,1,5_9,8.248e-05
233,2039,1,5_9,8.025e-05
233,2040,1,5_9,7.826e-05
233,2041,1,5_9,7.632e-05
233,2042,1,5_9,7.448e-05
233,2043,1,5_9,7.268e-05
233,2044,1,5_9,7.098e-05
233,2045,1,5_9,6.936e-05
233,2046,1,5_9,6.791e-05
233,2047,1,5_9,6.632e-05
233,2048,1,5_9,6.49e-05
233,2049,1,5_9,6.356e-05
233,2050,1,5_9,6.227e-05
233,2051,1,5_9,6.102e-05
233,2052,1,5_9,5.983e-05
233,2053,1,5_9,5.859e-05
233,2054,1,5_9,5.745e-05
233,2055,1,5_9,5.635e-05
233,2056,1,5_9,5.534e-05
233,2057,1,5_9,5.428e-05
233,2058,1,5_9,5.321e-05
233,2059,1,5_9,5.225e-05
233,2060,1,5_9,5.134e-05
233,2061,1,5_9,5.046e-05
233,2062,1,5_9,4.946e-05
233,2063,1,5_9,4.851e-05
233,2064,1,5_9,4.768e-05
233,2065,1,5_9,4.679e-05
233,2066,1,5_9,4.595e-05
233,2067,1,5_9,4.522e-05
233,2068,1,5_9,4.445e-05
233,2069,1,5_9,4.374e-05
233,2070,1,5_9,4.3e-05
233,2071,1,5_9,4.222e-05
233,2072,1,5_9,4.145e-05
233,2073,1,5_9,4.075e-05
233,2074,1,5_9,4.002e-05
233,2075,1,5_9,3.931e-05
233,2076,1,5_9,3.866e-05
233,2077,1,5_9,3.805e-05
233,2078,1,5_9,3.735e-05
233,2079,1,5_9,3.667e-05
233,2080,1,5_9,3.6e-05
233,2081,1,5_9,3.541e-05
233,2082,1,5_9,3.481e-05
233,2083,1,5_9,3.425e-05
233,2084,1,5_9,3.37e-05
233,2085,1,5_9,3.315e-05
233,2086,1,5_9,3.261e-05
233,2087,1,5_9,3.21e-05
233,2088,1,5_9,3.161e-05
233,2089,1,5_9,3.114e-05
233,2090,1,5_9,3.068e-05
233,2091,1,5_9,3.019e-05
233,2092,1,5_9,2.976e-05
233,2093,1,5_9,2.934e-05
233,2094,1,5_9,2.891e-05
233,2095,1,5_9,2.846e-05
233,2096,1,5_9,2.806e-05
233,2097,1,5_9,2.76e-05
233,2098,1,5_9,2.717e-05
233,2099,1,5_9,2.677e-05
233,2100,1,5_9,2.64e-05
234,2024,1,5_9,0.00011731
234,2025,1,5_9,0.00011329
234,2026,1,5_9,0.00010926
234,2027,1,5_9,0.00010513
234,2028,1,5_9,0.0001015
234,2029,1,5_9,9.796e-05
234,2030,1,5_9,9.453e-05
234,2031,1,5_9,9.139e-05
234,2032,1,5_9,8.854e-05
234,2033,1,5_9,8.583e-05
234,2034,1,5_9,8.311e-05
234,2035,1,5_9,8.05e-05
234,2036,1,5_9,7.818e-05
234,2037,1,5_9,7.583e-05
234,2038,1,5_9,7.368e-05
234,2039,1,5_9,7.17e-05
234,2040,1,5_9,6.99e-05
234,2041,1,5_9,6.805e-05
234,2042,1,5_9,6.626e-05
234,2043,1,5_9,6.459e-05
234,2044,1,5_9,6.3e-05
234,2045,1,5_9,6.151e-05
234,2046,1,5_9,6.004e-05
234,2047,1,5_9,5.861e-05
234,2048,1,5_9,5.73e-05
234,2049,1,5_9,5.605e-05
234,2050,1,5_9,5.48e-05
234,2051,1,5_9,5.363e-05
234,2052,1,5_9,5.248e-05
234,2053,1,5_9,5.149e-05
234,2054,1,5_9,5.053e-05
234,2055,1,5_9,4.947e-05
234,2056,1,5_9,4.847e-05
234,2057,1,5_9,4.747e-05
234,2058,1,5_9,4.655e-05
234,2059,1,5_9,4.578e-05
234,2060,1,5_9,4.494e-05
234,2061,1,5_9,4.415e-05
234,2062,1,5_9,4.338e-05
234,2063,1,5_9,4.269e-05
234,2064,1,5_9,4.201e-05
234,2065,1,5_9,4.13e-05
234,2066,1,5_9,4.063e-05
234,2067,1,5_9,3.999e-05
234,2068,1,5_9,3.942e-05
234,2069,1,5_9,3.879e-05
234,2070,1,5_9,3.823e-05
234,2071,1,5_9,3.756e-05
234,2072,1,5_9,3.704e-05
234,2073,1,5_9,3.649e-05
234,2074,1,5_9,3.595e-05
234,2075,1,5_9,3.548e-05
234,2076,1,5_9,3.491e-05
234,2077,1,5_9,3.442e-05
234,2078,1,5_9,3.395e-05
234,2079,1,5_9,3.341e-05
234,2080,1,5_9,3.301e-05
234,2081,1,5_9,3.265e-05
234,2082,1,5_9,3.229e-05
234,2083,1,5_9,3.181e-05
234,2084,1,5_9,3.142e-05
234,2085,1,5_9,3.104e-05
234,2086,1,5_9,3.066e-05
234,2087,1,5_9,3.031e-05
234,2088,1,5_9,2.996e-05
234,2089,1,5_9,2.962e-05
234,2090,1,5_9,2.92e-05
234,2091,1,5_9,2.879e-05
234,2092,1,5_9,2.845e-05
234,2093,1,5_9,2.81e-05
234,2094,1,5_9,2.772e-05
234,2095,1,5_9,2.738e-05
234,2096,1,5_9,2.695e-05
234,2097,1,5_9,2.658e-05
234,2098,1,5_9,2.624e-05
234,2099,1,5_9,2.59e-05
234,2100,1,5_9,2.554e-05
246,2024,1,5_9,4.002e-05
246,2025,1,5_9,3.831e-05
246,2026,1,5_9,3.682e-05
246,2027,1,5_9,3.528e-05
246,2028,1,5_9,3.394e-05
246,2029,1,5_9,3.278e-05
246,2030,1,5_9,3.156e-05
246,2031,1,5_9,3.05e-05
246,2032,1,5_9,2.949e-05
246,2033,1,5_9,2.853e-05
246,2034,1,5_9,2.769e-05
246,2035,1,5_9,2.689e-05
246,2036,1,5_9,2.612e-05
246,2037,1,5_9,2.538e-05
246,2038,1,5_9,2.466e-05
246,2039,1,5_9,2.398e-05
246,2040,1,5_9,2.339e-05
246,2041,1,5_9,2.283e-05
246,2042,1,5_9,2.228e-05
246,2043,1,5_9,2.181e-05
246,2044,1,5_9,2.129e-05
246,2045,1,5_9,2.08e-05
246,2046,1,5_9,2.032e-05
246,2047,1,5_9,1.986e-05
246,2048,1,5_9,1.941e-05
246,2049,1,5_9,1.903e-05
246,2050,1,5_9,1.861e-05
246,2051,1,5_9,1.82e-05
246,2052,1,5_9,1.786e-05
246,2053,1,5_9,1.748e-05
246,2054,1,5_9,1.715e-05
246,2055,1,5_9,1.684e-05
246,2056,1,5_9,1.648e-05
246,2057,1,5_9,1.619e-05
246,2058,1,5_9,1.582e-05
246,2059,1,5_9,1.555e-05
246,2060,1,5_9,1.52e-05
246,2061,1,5_9,1.491e-05
246,2062,1,5_9,1.465e-05
246,2063,1,5_9,1.437e-05
246,2064,1,5_9,1.409e-05
246,2065,1,5_9,1.386e-05
246,2066,1,5_9,1.36e-05
246,2067,1,5_9,1.338e-05
246,2068,1,5_9,1.316e-05
246,2069,1,5_9,1.296e-05
246,2070,1,5_9,1.275e-05
246,2071,1,5_9,1.249e-05
246,2072,1,5_9,1.23e-05
246,2073,1,5_9,1.209e-05
246,2074,1,5_9,1.19e-05
246,2075,1,5_9,1.17e-05
246,2076,1,5_9,1.153e-05
246,2077,1,5_9,1.13e-05
246,2078,1,5_9,1.114e-05
246,2079,1,5_9,1.098e-05
246,2080,1,5_9,1.08e-05
246,2081,1,5_9,1.062e-05
246,2082,1,5_9,1.047e-05
246,2083,1,5_9,1.028e-05
246,2084,1,5_9,1.014e-05
246,2085,1,5_9,1e-05
246,2086,1,5_9,9.82e-06
246,2087,1,5_9,9.69e-06
246,2088,1,5_9,9.51e-06
246,2089,1,5_9,9.39e-06
246,2090,1,5_9,9.23e-06
246,2091,1,5_9,9.12e-06
246,2092,1,5_9,8.96e-06
246,2093,1,5_9,8.8e-06
246,2094,1,5_9,8.66e-06
246,2095,1,5_9,8.55e-06
246,2096,1,5_9,8.41e-06
246,2097,1,5_9,8.3e-06
246,2098,1,5_9,8.17e-06
246,2099,1,5_9,8.04e-06
246,2100,1,5_9,7.92e-06
831,2024,1,5_9,0.00011866
831,2025,1,5_9,0.00011663
831,2026,1,5_9,0.0001146
831,2027,1,5_9,0.00011257
831,2028,1,5_9,0.00011054
831,2029,1,5_9,0.0001085
831,2030,1,5_9,0.00010647
831,2031,1,5_9,0.00010444
831,2032,1,5_9,0.00010309
831,2033,1,5_9,0.00010118
831,2034,1,5_9,9.952e-05
831,2035,1,5_9,9.842e-05
831,2036,1,5_9,9.676e-05
831,2037,1,5_9,9.565e-05
831,2038,1,5_9,9.399e-05
831,2039,1,5_9,9.289e-05
831,2040,1,5_9,9.123e-05
831,2041,1,5_9,9.012e-05
831,2042,1,5_9,8.846e-05
831,2043,1,5_9,8.736e-05
831,2044,1,5_9,8.57e-05
831,2045,1,5_9,8.459e-05
831,2046,1,5_9,8.349e-05
831,2047,1,5_9,8.183e-05
831,2048,1,5_9,8.072e-05
831,2049,1,5_9,7.962e-05
831,2050,1,5_9,7.796e-05
831,2051,1,5_9,7.685e-05
831,2052,1,5_9,7.575e-05
831,2053,1,5_9,7.464e-05
831,2054,1,5_9,7.377e-05
831,2055,1,5_9,7.289e-05
831,2056,1,5_9,7.157e-05
831,2057,1,5_9,7.07e-05
831,2058,1,5_9,6.982e-05
831,2059,1,5_9,6.894e-05
831,2060,1,5_9,6.807e-05
831,2061,1,5_9,6.719e-05
831,2062,1,5_9,6.631e-05
831,2063,1,5_9,6.544e-05
831,2064,1,5_9,6.412e-05
831,2065,1,5_9,6.324e-05
831,2066,1,5_9,6.237e-05
831,2067,1,5_9,6.149e-05
831,2068,1,5_9,6.061e-05
831,2069,1,5_9,5.974e-05
831,2070,1,5_9,5.886e-05
831,2071,1,5_9,5.798e-05
831,2072,1,5_9,5.711e-05
831,2073,1,5_9,5.623e-05
831,2074,1,5_9,5.535e-05
831,2075,1,5_9,5.448e-05
831,2076,1,5_9,5.36e-05
831,2077,1,5_9,5.282e-05
831,2078,1,5_9,5.215e-05
831,2079,1,5_9,5.147e-05
831,2080,1,5_9,5.08e-05
831,2081,1,5_9,5.013e-05
831,2082,1,5_9,4.945e-05
831,2083,1,5_9,4.878e-05
831,2084,1,5_9,4.844e-05
831,2085,1,5_9,4.743e-05
831,2086,1,5_9,4.675e-05
831,2087,1,5_9,4.641e-05
831,2088,1,5_9,4.574e-05
831,2089,1,5_9,4.507e-05
831,2090,1,5_9,4.439e-05
831,2091,1,5_9,4.372e-05
831,2092,1,5_9,4.304e-05
831,2093,1,5_9,4.237e-05
831,2094,1,5_9,4.169e-05
831,2095,1,5_9,4.102e-05
831,2096,1,5_9,4.034e-05
831,2097,1,5_9,3.967e-05
831,2098,1,5_9,3.899e-05
831,2099,1,5_9,3.866e-05
831,2100,1,5_9,3.798e-05
352,2024,1,5_9,2.861e-05
352,2025,1,5_9,2.748e-05
352,2026,1,5_9,2.641e-05
352,2027,1,5_9,2.538e-05
352,2028,1,5_9,2.441e-05
352,2029,1,5_9,2.348e-05
352,2030,1,5_9,2.265e-05
352,2031,1,5_9,2.186e-05
352,2032,1,5_9,2.105e-05
352,2033,1,5_9,2.033e-05
352,2034,1,5_9,1.974e-05
352,2035,1,5_9,1.902e-05
352,2036,1,5_9,1.844e-05
352,2037,1,5_9,1.787e-05
352,2038,1,5_9,1.732e-05
352,2039,1,5_9,1.689e-05
352,2040,1,5_9,1.638e-05
352,2041,1,5_9,1.581e-05
352,2042,1,5_9,1.542e-05
352,2043,1,5_9,1.497e-05
352,2044,1,5_9,1.453e-05
352,2045,1,5_9,1.418e-05
352,2046,1,5_9,1.377e-05
352,2047,1,5_9,1.345e-05
352,2048,1,5_9,1.307e-05
352,2049,1,5_9,1.269e-05
352,2050,1,5_9,1.234e-05
352,2051,1,5_9,1.2e-05
352,2052,1,5_9,1.173e-05
352,2053,1,5_9,1.14e-05
352,2054,1,5_9,1.115e-05
352,2055,1,5_9,1.084e-05
352,2056,1,5_9,1.055e-05
352,2057,1,5_9,1.032e-05
352,2058,1,5_9,1.004e-05
352,2059,1,5_9,9.78e-06
352,2060,1,5_9,9.52e-06
352,2061,1,5_9,9.32e-06
352,2062,1,5_9,9.03e-06
352,2063,1,5_9,8.84e-06
352,2064,1,5_9,8.62e-06
352,2065,1,5_9,8.4e-06
352,2066,1,5_9,8.14e-06
352,2067,1,5_9,7.98e-06
352,2068,1,5_9,7.78e-06
352,2069,1,5_9,7.58e-06
352,2070,1,5_9,7.39e-06
352,2071,1,5_9,7.21e-06
352,2072,1,5_9,7e-06
352,2073,1,5_9,6.83e-06
352,2074,1,5_9,6.67e-06
352,2075,1,5_9,6.48e-06
352,2076,1,5_9,6.32e-06
352,2077,1,5_9,6.17e-06
352,2078,1,5_9,5.97e-06
352,2079,1,5_9,5.83e-06
352,2080,1,5_9,5.65e-06
352,2081,1,5_9,5.51e-06
352,2082,1,5_9,5.36e-06
352,2083,1,5_9,5.22e-06
352,2084,1,5_9,5.07e-06
352,2085,1,5_9,4.94e-06
352,2086,1,5_9,4.81e-06
352,2087,1,5_9,4.66e-06
352,2088,1,5_9,4.53e-06
352,2089,1,5_9,4.39e-06
352,2090,1,5_9,4.26e-06
352,2091,1,5_9,4.13e-06
352,2092,1,5_9,4e-06
352,2093,1,5_9,3.88e-06
352,2094,1,5_9,3.76e-06
352,2095,1,5_9,3.65e-06
352,2096,1,5_9,3.54e-06
352,2097,1,5_9,3.43e-06
352,2098,1,5_9,3.3e-06
352,2099,1,5_9,3.21e-06
352,2100,1,5_9,3.09e-06
372,2024,1,5_9,4.876e-05
372,2025,1,5_9,4.691e-05
372,2026,1,5_9,4.501e-05
372,2027,1,5_9,4.334e-05
372,2028,1,5_9,4.199e-05
372,2029,1,5_9,4.047e-05
372,2030,1,5_9,3.924e-05
372,2031,1,5_9,3.795e-05
372,2032,1,5_9,3.672e-05
372,2033,1,5_9,3.574e-05
372,2034,1,5_9,3.46e-05
372,2035,1,5_9,3.37e-05
372,2036,1,5_9,3.274e-05
372,2037,1,5_9,3.181e-05
372,2038,1,5_9,3.101e-05
372,2039,1,5_9,3.023e-05
372,2040,1,5_9,2.948e-05
372,2041,1,5_9,2.876e-05
372,2042,1,5_9,2.805e-05
372,2043,1,5_9,2.737e-05
372,2044,1,5_9,2.672e-05
372,2045,1,5_9,2.615e-05
372,2046,1,5_9,2.553e-05
372,2047,1,5_9,2.5e-05
372,2048,1,5_9,2.448e-05
372,2049,1,5_9,2.398e-05
372,2050,1,5_9,2.344e-05
372,2051,1,5_9,2.291e-05
372,2052,1,5_9,2.251e-05
372,2053,1,5_9,2.197e-05
372,2054,1,5_9,2.154e-05
372,2055,1,5_9,2.106e-05
372,2056,1,5_9,2.072e-05
372,2057,1,5_9,2.028e-05
372,2058,1,5_9,1.984e-05
372,2059,1,5_9,1.943e-05
372,2060,1,5_9,1.911e-05
372,2061,1,5_9,1.872e-05
372,2062,1,5_9,1.842e-05
372,2063,1,5_9,1.804e-05
372,2064,1,5_9,1.776e-05
372,2065,1,5_9,1.741e-05
372,2066,1,5_9,1.714e-05
372,2067,1,5_9,1.688e-05
372,2068,1,5_9,1.655e-05
372,2069,1,5_9,1.622e-05
372,2070,1,5_9,1.591e-05
372,2071,1,5_9,1.567e-05
372,2072,1,5_9,1.541e-05
372,2073,1,5_9,1.509e-05
372,2074,1,5_9,1.48e-05
372,2075,1,5_9,1.459e-05
372,2076,1,5_9,1.433e-05
372,2077,1,5_9,1.406e-05
372,2078,1,5_9,1.386e-05
372,2079,1,5_9,1.361e-05
372,2080,1,5_9,1.336e-05
372,2081,1,5_9,1.318e-05
372,2082,1,5_9,1.294e-05
372,2083,1,5_9,1.271e-05
372,2084,1,5_9,1.249e-05
372,2085,1,5_9,1.227e-05
372,2086,1,5_9,1.206e-05
372,2087,1,5_9,1.185e-05
372,2088,1,5_9,1.165e-05
372,2089,1,5_9,1.145e-05
372,2090,1,5_9,1.126e-05
372,2091,1,5_9,1.107e-05
372,2092,1,5_9,1.088e-05
372,2093,1,5_9,1.07e-05
372,2094,1,5_9,1.052e-05
372,2095,1,5_9,1.035e-05
372,2096,1,5_9,1.018e-05
372,2097,1,5_9,9.97e-06
372,2098,1,5_9,9.81e-06
372,2099,1,5_9,9.65e-06
372,2100,1,5_9,9.46e-06
833,2024,1,5_9,0.00034795
833,2025,1,5_9,0.00034359
833,2026,1,5_9,0.00033778
833,2027,1,5_9,0.00033343
833,2028,1,5_9,0.00032762
833,2029,1,5_9,0.00032326
833,2030,1,5_9,0.00031766
833,2031,1,5_9,0.0003135
833,2032,1,5_9,0.00030796
833,2033,1,5_9,0.00030381
833,2034,1,5_9,0.00029827
833,2035,1,5_9,0.00029273
833,2036,1,5_9,0.00028857
833,2037,1,5_9,0.00028442
833,2038,1,5_9,0.00027888
833,2039,1,5_9,0.00027472
833,2040,1,5_9,0.00027057
833,2041,1,5_9,0.00026503
833,2042,1,5_9,0.00026088
833,2043,1,5_9,0.00025672
833,2044,1,5_9,0.00025264
833,2045,1,5_9,0.00024873
833,2046,1,5_9,0.00024481
833,2047,1,5_9,0.00024219
833,2048,1,5_9,0.00023827
833,2049,1,5_9,0.00023435
833,2050,1,5_9,0.00023043
833,2051,1,5_9,0.00022782
833,2052,1,5_9,0.0002239
833,2053,1,5_9,0.00022129
833,2054,1,5_9,0.00021737
833,2055,1,5_9,0.00021345
833,2056,1,5_9,0.00021084
833,2057,1,5_9,0.00020692
833,2058,1,5_9,0.00020431
833,2059,1,5_9,0.00020039
833,2060,1,5_9,0.00019777
833,2061,1,5_9,0.00019386
833,2062,1,5_9,0.00019124
833,2063,1,5_9,0.00018785
833,2064,1,5_9,0.00018577
833,2065,1,5_9,0.00018265
833,2066,1,5_9,0.00018057
833,2067,1,5_9,0.00017848
833,2068,1,5_9,0.00017536
833,2069,1,5_9,0.00017328
833,2070,1,5_9,0.0001712
833,2071,1,5_9,0.00016807
833,2072,1,5_9,0.00016599
833,2073,1,5_9,0.00016391
833,2074,1,5_9,0.00016183
833,2075,1,5_9,0.00015975
833,2076,1,5_9,0.00015662
833,2077,1,5_9,0.00015454
833,2078,1,5_9,0.00015246
833,2079,1,5_9,0.00015038
833,2080,1,5_9,0.00014829
833,2081,1,5_9,0.00014621
833,2082,1,5_9,0.00014413
833,2083,1,5_9,0.00014101
833,2084,1,5_9,0.00013892
833,2085,1,5_9,0.00013722
833,2086,1,5_9,0.00013552
833,2087,1,5_9,0.00013467
833,2088,1,5_9,0.00013297
833,2089,1,5_9,0.00013127
833,2090,1,5_9,0.00012957
833,2091,1,5_9,0.00012787
833,2092,1,5_9,0.00012617
833,2093,1,5_9,0.00012447
833,2094,1,5_9,0.00012277
833,2095,1,5_9,0.00012107
833,2096,1,5_9,0.00011937
833,2097,1,5_9,0.00011767
833,2098,1,5_9,0.00011597
833,2099,1,5_9,0.00011427
833,2100,1,5_9,0.00011257
832,2024,1,5_9,0.0001692
832,2025,1,5_9,0.00016601
832,2026,1,5_9,0.00016362
832,2027,1,5_9,0.00016043
832,2028,1,5_9,0.00015804
832,2029,1,5_9,0.00015485
832,2030,1,5_9,0.00015166
832,2031,1,5_9,0.00014927
832,2032,1,5_9,0.00014608
832,2033,1,5_9,0.00014289
832,2034,1,5_9,0.0001405
832,2035,1,5_9,0.00013731
832,2036,1,5_9,0.00013491
832,2037,1,5_9,0.00013221
832,2038,1,5_9,0.00013017
832,2039,1,5_9,0.00012747
832,2040,1,5_9,0.00012543
832,2041,1,5_9,0.00012273
832,2042,1,5_9,0.00012069
832,2043,1,5_9,0.00011866
832,2044,1,5_9,0.00011595
832,2045,1,5_9,0.00011392
832,2046,1,5_9,0.00011189
832,2047,1,5_9,0.00010918
832,2048,1,5_9,0.00010715
832,2049,1,5_9,0.00010512
832,2050,1,5_9,0.00010309
832,2051,1,5_9,0.00010118
832,2052,1,5_9,9.952e-05
832,2053,1,5_9,9.786e-05
832,2054,1,5_9,9.62e-05
832,2055,1,5_9,9.455e-05
832,2056,1,5_9,9.289e-05
832,2057,1,5_9,9.123e-05
832,2058,1,5_9,8.957e-05
832,2059,1,5_9,8.791e-05
832,2060,1,5_9,8.625e-05
832,2061,1,5_9,8.459e-05
832,2062,1,5_9,8.349e-05
832,2063,1,5_9,8.183e-05
832,2064,1,5_9,8.017e-05
832,2065,1,5_9,7.851e-05
832,2066,1,5_9,7.741e-05
832,2067,1,5_9,7.575e-05
832,2068,1,5_9,7.42e-05
832,2069,1,5_9,7.333e-05
832,2070,1,5_9,7.201e-05
832,2071,1,5_9,7.114e-05
832,2072,1,5_9,6.982e-05
832,2073,1,5_9,6.894e-05
832,2074,1,5_9,6.763e-05
832,2075,1,5_9,6.675e-05
832,2076,1,5_9,6.587e-05
832,2077,1,5_9,6.456e-05
832,2078,1,5_9,6.368e-05
832,2079,1,5_9,6.237e-05
832,2080,1,5_9,6.149e-05
832,2081,1,5_9,6.061e-05
832,2082,1,5_9,5.93e-05
832,2083,1,5_9,5.842e-05
832,2084,1,5_9,5.755e-05
832,2085,1,5_9,5.667e-05
832,2086,1,5_9,5.535e-05
832,2087,1,5_9,5.448e-05
832,2088,1,5_9,5.36e-05
832,2089,1,5_9,5.282e-05
832,2090,1,5_9,5.215e-05
832,2091,1,5_9,5.147e-05
832,2092,1,5_9,5.08e-05
832,2093,1,5_9,4.979e-05
832,2094,1,5_9,4.911e-05
832,2095,1,5_9,4.844e-05
832,2096,1,5_9,4.776e-05
832,2097,1,5_9,4.709e-05
832,2098,1,5_9,4.641e-05
832,2099,1,5_9,4.574e-05
832,2100,1,5_9,4.507e-05
428,2024,1,5_9,0.00010967
428,2025,1,5_9,0.00010737
428,2026,1,5_9,0.0001049
428,2027,1,5_9,0.00010245
428,2028,1,5_9,9.999e-05
428,2029,1,5_9,9.777e-05
428,2030,1,5_9,9.554e-05
428,2031,1,5_9,9.333e-05
428,2032,1,5_9,9.109e-05
428,2033,1,5_9,8.889e-05
428,2034,1,5_9,8.673e-05
428,2035,1,5_9,8.456e-05
428,2036,1,5_9,8.245e-05
428,2037,1,5_9,8.031e-05
428,2038,1,5_9,7.828e-05
428,2039,1,5_9,7.637e-05
428,2040,1,5_9,7.438e-05
428,2041,1,5_9,7.274e-05
428,2042,1,5_9,7.109e-05
428,2043,1,5_9,6.954e-05
428,2044,1,5_9,6.805e-05
428,2045,1,5_9,6.652e-05
428,2046,1,5_9,6.503e-05
428,2047,1,5_9,6.356e-05
428,2048,1,5_9,6.223e-05
428,2049,1,5_9,6.084e-05
428,2050,1,5_9,5.945e-05
428,2051,1,5_9,5.813e-05
428,2052,1,5_9,5.689e-05
428,2053,1,5_9,5.571e-05
428,2054,1,5_9,5.453e-05
428,2055,1,5_9,5.336e-05
428,2056,1,5_9,5.234e-05
428,2057,1,5_9,5.126e-05
428,2058,1,5_9,5.025e-05
428,2059,1,5_9,4.918e-05
428,2060,1,5_9,4.817e-05
428,2061,1,5_9,4.719e-05
428,2062,1,5_9,4.631e-05
428,2063,1,5_9,4.547e-05
428,2064,1,5_9,4.467e-05
428,2065,1,5_9,4.385e-05
428,2066,1,5_9,4.307e-05
428,2067,1,5_9,4.228e-05
428,2068,1,5_9,4.146e-05
428,2069,1,5_9,4.072e-05
428,2070,1,5_9,4.007e-05
428,2071,1,5_9,3.943e-05
428,2072,1,5_9,3.884e-05
428,2073,1,5_9,3.82e-05
428,2074,1,5_9,3.766e-05
428,2075,1,5_9,3.702e-05
428,2076,1,5_9,3.639e-05
428,2077,1,5_9,3.584e-05
428,2078,1,5_9,3.527e-05
428,2079,1,5_9,3.475e-05
428,2080,1,5_9,3.422e-05
428,2081,1,5_9,3.37e-05
428,2082,1,5_9,3.322e-05
428,2083,1,5_9,3.271e-05
428,2084,1,5_9,3.225e-05
428,2085,1,5_9,3.174e-05
428,2086,1,5_9,3.128e-05
428,2087,1,5_9,3.081e-05
428,2088,1,5_9,3.033e-05
428,2089,1,5_9,2.991e-05
428,2090,1,5_9,2.946e-05
428,2091,1,5_9,2.907e-05
428,2092,1,5_9,2.866e-05
428,2093,1,5_9,2.828e-05
428,2094,1,5_9,2.791e-05
428,2095,1,5_9,2.747e-05
428,2096,1,5_9,2.71e-05
428,2097,1,5_9,2.67e-05
428,2098,1,5_9,2.634e-05
428,2099,1,5_9,2.593e-05
428,2100,1,5_9,2.558e-05
440,2024,1,5_9,0.0001095
440,2025,1,5_9,0.0001071
440,2026,1,5_9,0.00010468
440,2027,1,5_9,0.0001022
440,2028,1,5_9,9.982e-05
440,2029,1,5_9,9.751e-05
440,2030,1,5_9,9.516e-05
440,2031,1,5_9,9.28e-05
440,2032,1,5_9,9.053e-05
440,2033,1,5_9,8.831e-05
440,2034,1,5_9,8.606e-05
440,2035,1,5_9,8.387e-05
440,2036,1,5_9,8.174e-05
440,2037,1,5_9,7.957e-05
440,2038,1,5_9,7.761e-05
440,2039,1,5_9,7.562e-05
440,2040,1,5_9,7.356e-05
440,2041,1,5_9,7.164e-05
440,2042,1,5_9,6.997e-05
440,2043,1,5_9,6.835e-05
440,2044,1,5_9,6.681e-05
440,2045,1,5_9,6.515e-05
440,2046,1,5_9,6.368e-05
440,2047,1,5_9,6.226e-05
440,2048,1,5_9,6.102e-05
440,2049,1,5_9,5.962e-05
440,2050,1,5_9,5.818e-05
440,2051,1,5_9,5.69e-05
440,2052,1,5_9,5.566e-05
440,2053,1,5_9,5.442e-05
440,2054,1,5_9,5.324e-05
440,2055,1,5_9,5.211e-05
440,2056,1,5_9,5.102e-05
440,2057,1,5_9,4.991e-05
440,2058,1,5_9,4.896e-05
440,2059,1,5_9,4.795e-05
440,2060,1,5_9,4.705e-05
440,2061,1,5_9,4.616e-05
440,2062,1,5_9,4.531e-05
440,2063,1,5_9,4.448e-05
440,2064,1,5_9,4.371e-05
440,2065,1,5_9,4.291e-05
440,2066,1,5_9,4.208e-05
440,2067,1,5_9,4.126e-05
440,2068,1,5_9,4.056e-05
440,2069,1,5_9,3.986e-05
440,2070,1,5_9,3.921e-05
440,2071,1,5_9,3.859e-05
440,2072,1,5_9,3.799e-05
440,2073,1,5_9,3.737e-05
440,2074,1,5_9,3.679e-05
440,2075,1,5_9,3.617e-05
440,2076,1,5_9,3.566e-05
440,2077,1,5_9,3.512e-05
440,2078,1,5_9,3.459e-05
440,2079,1,5_9,3.409e-05
440,2080,1,5_9,3.355e-05
440,2081,1,5_9,3.3e-05
440,2082,1,5_9,3.252e-05
440,2083,1,5_9,3.204e-05
440,2084,1,5_9,3.155e-05
440,2085,1,5_9,3.108e-05
440,2086,1,5_9,3.061e-05
440,2087,1,5_9,3.012e-05
440,2088,1,5_9,2.967e-05
440,2089,1,5_9,2.923e-05
440,2090,1,5_9,2.885e-05
440,2091,1,5_9,2.843e-05
440,2092,1,5_9,2.804e-05
440,2093,1,5_9,2.76e-05
440,2094,1,5_9,2.718e-05
440,2095,1,5_9,2.679e-05
440,2096,1,5_9,2.639e-05
440,2097,1,5_9,2.605e-05
440,2098,1,5_9,2.567e-05
440,2099,1,5_9,2.528e-05
440,2100,1,5_9,2.494e-05
578,2024,1,5_9,3.835e-05
578,2025,1,5_9,3.669e-05
578,2026,1,5_9,3.501e-05
578,2027,1,5_9,3.365e-05
578,2028,1,5_9,3.225e-05
578,2029,1,5_9,3.103e-05
578,2030,1,5_9,2.996e-05
578,2031,1,5_9,2.885e-05
578,2032,1,5_9,2.779e-05
578,2033,1,5_9,2.687e-05
578,2034,1,5_9,2.599e-05
578,2035,1,5_9,2.523e-05
578,2036,1,5_9,2.434e-05
578,2037,1,5_9,2.365e-05
578,2038,1,5_9,2.284e-05
578,2039,1,5_9,2.22e-05
578,2040,1,5_9,2.158e-05
578,2041,1,5_9,2.099e-05
578,2042,1,5_9,2.042e-05
578,2043,1,5_9,1.987e-05
578,2044,1,5_9,1.935e-05
578,2045,1,5_9,1.884e-05
578,2046,1,5_9,1.835e-05
578,2047,1,5_9,1.793e-05
578,2048,1,5_9,1.748e-05
578,2049,1,5_9,1.704e-05
578,2050,1,5_9,1.667e-05
578,2051,1,5_9,1.625e-05
578,2052,1,5_9,1.585e-05
578,2053,1,5_9,1.556e-05
578,2054,1,5_9,1.519e-05
578,2055,1,5_9,1.483e-05
578,2056,1,5_9,1.448e-05
578,2057,1,5_9,1.422e-05
578,2058,1,5_9,1.389e-05
578,2059,1,5_9,1.365e-05
578,2060,1,5_9,1.333e-05
578,2061,1,5_9,1.311e-05
578,2062,1,5_9,1.281e-05
578,2063,1,5_9,1.26e-05
578,2064,1,5_9,1.232e-05
578,2065,1,5_9,1.212e-05
578,2066,1,5_9,1.186e-05
578,2067,1,5_9,1.167e-05
578,2068,1,5_9,1.143e-05
578,2069,1,5_9,1.119e-05
578,2070,1,5_9,1.096e-05
578,2071,1,5_9,1.074e-05
578,2072,1,5_9,1.058e-05
578,2073,1,5_9,1.036e-05
578,2074,1,5_9,1.021e-05
578,2075,1,5_9,1.001e-05
578,2076,1,5_9,9.81e-06
578,2077,1,5_9,9.62e-06
578,2078,1,5_9,9.49e-06
578,2079,1,5_9,9.26e-06
578,2080,1,5_9,9.13e-06
578,2081,1,5_9,8.91e-06
578,2082,1,5_9,8.76e-06
578,2083,1,5_9,8.6e-06
578,2084,1,5_9,8.44e-06
578,2085,1,5_9,8.29e-06
578,2086,1,5_9,8.1e-06
578,2087,1,5_9,7.96e-06
578,2088,1,5_9,7.83e-06
578,2089,1,5_9,7.65e-06
578,2090,1,5_9,7.52e-06
578,2091,1,5_9,7.36e-06
578,2092,1,5_9,7.21e-06
578,2093,1,5_9,7.09e-06
578,2094,1,5_9,6.94e-06
578,2095,1,5_9,6.8e-06
578,2096,1,5_9,6.69e-06
578,2097,1,5_9,6.55e-06
578,2098,1,5_9,6.42e-06
578,2099,1,5_9,6.32e-06
578,2100,1,5_9,6.19e-06
752,2024,1,5_9,4.149e-05
752,2025,1,5_9,3.986e-05
752,2026,1,5_9,3.831e-05
752,2027,1,5_9,3.707e-05
752,2028,1,5_9,3.577e-05
752,2029,1,5_9,3.463e-05
752,2030,1,5_9,3.354e-05
752,2031,1,5_9,3.259e-05
752,2032,1,5_9,3.158e-05
752,2033,1,5_9,3.071e-05
752,2034,1,5_9,2.987e-05
752,2035,1,5_9,2.906e-05
752,2036,1,5_9,2.828e-05
752,2037,1,5_9,2.753e-05
752,2038,1,5_9,2.673e-05
752,2039,1,5_9,2.611e-05
752,2040,1,5_9,2.536e-05
752,2041,1,5_9,2.471e-05
752,2042,1,5_9,2.409e-05
752,2043,1,5_9,2.349e-05
752,2044,1,5_9,2.296e-05
752,2045,1,5_9,2.246e-05
752,2046,1,5_9,2.197e-05
752,2047,1,5_9,2.144e-05
752,2048,1,5_9,2.093e-05
752,2049,1,5_9,2.043e-05
752,2050,1,5_9,2.006e-05
752,2051,1,5_9,1.969e-05
752,2052,1,5_9,1.923e-05
752,2053,1,5_9,1.889e-05
752,2054,1,5_9,1.846e-05
752,2055,1,5_9,1.804e-05
752,2056,1,5_9,1.764e-05
752,2057,1,5_9,1.734e-05
752,2058,1,5_9,1.696e-05
752,2059,1,5_9,1.659e-05
752,2060,1,5_9,1.627e-05
752,2061,1,5_9,1.597e-05
752,2062,1,5_9,1.563e-05
752,2063,1,5_9,1.537e-05
752,2064,1,5_9,1.505e-05
752,2065,1,5_9,1.478e-05
752,2066,1,5_9,1.452e-05
752,2067,1,5_9,1.422e-05
752,2068,1,5_9,1.393e-05
752,2069,1,5_9,1.365e-05
752,2070,1,5_9,1.342e-05
752,2071,1,5_9,1.313e-05
752,2072,1,5_9,1.288e-05
752,2073,1,5_9,1.263e-05
752,2074,1,5_9,1.245e-05
752,2075,1,5_9,1.221e-05
752,2076,1,5_9,1.198e-05
752,2077,1,5_9,1.175e-05
752,2078,1,5_9,1.154e-05
752,2079,1,5_9,1.132e-05
752,2080,1,5_9,1.117e-05
752,2081,1,5_9,1.096e-05
752,2082,1,5_9,1.077e-05
752,2083,1,5_9,1.057e-05
752,2084,1,5_9,1.038e-05
752,2085,1,5_9,1.019e-05
752,2086,1,5_9,1.002e-05
752,2087,1,5_9,9.81e-06
752,2088,1,5_9,9.64e-06
752,2089,1,5_9,9.48e-06
752,2090,1,5_9,9.27e-06
752,2091,1,5_9,9.11e-06
752,2092,1,5_9,9e-06
752,2093,1,5_9,8.84e-06
752,2094,1,5_9,8.66e-06
752,2095,1,5_9,8.52e-06
752,2096,1,5_9,8.34e-06
752,2097,1,5_9,8.21e-06
752,2098,1,5_9,8.07e-06
752,2099,1,5_9,7.87e-06
752,2100,1,5_9,7.74e-06
826,2024,1,5_9,7.14e-05
826,2025,1,5_9,6.92e-05
826,2026,1,5_9,6.709e-05
826,2027,1,5_9,6.506e-05
826,2028,1,5_9,6.312e-05
826,2029,1,5_9,6.106e-05
826,2030,1,5_9,5.909e-05
826,2031,1,5_9,5.738e-05
826,2032,1,5_9,5.556e-05
826,2033,1,5_9,5.398e-05
826,2034,1,5_9,5.246e-05
826,2035,1,5_9,5.084e-05
826,2036,1,5_9,4.945e-05
826,2037,1,5_9,4.809e-05
826,2038,1,5_9,4.678e-05
826,2039,1,5_9,4.565e-05
826,2040,1,5_9,4.432e-05
826,2041,1,5_9,4.327e-05
826,2042,1,5_9,4.214e-05
826,2043,1,5_9,4.105e-05
826,2044,1,5_9,4.011e-05
826,2045,1,5_9,3.908e-05
826,2046,1,5_9,3.82e-05
826,2047,1,5_9,3.735e-05
826,2048,1,5_9,3.652e-05
826,2049,1,5_9,3.572e-05
826,2050,1,5_9,3.486e-05
826,2051,1,5_9,3.401e-05
826,2052,1,5_9,3.329e-05
826,2053,1,5_9,3.258e-05
826,2054,1,5_9,3.189e-05
826,2055,1,5_9,3.123e-05
826,2056,1,5_9,3.051e-05
826,2057,1,5_9,2.996e-05
826,2058,1,5_9,2.935e-05
826,2059,1,5_9,2.876e-05
826,2060,1,5_9,2.826e-05
826,2061,1,5_9,2.77e-05
826,2062,1,5_9,2.715e-05
826,2063,1,5_9,2.669e-05
826,2064,1,5_9,2.61e-05
826,2065,1,5_9,2.566e-05
826,2066,1,5_9,2.524e-05
826,2067,1,5_9,2.482e-05
826,2068,1,5_9,2.441e-05
826,2069,1,5_9,2.395e-05
826,2070,1,5_9,2.356e-05
826,2071,1,5_9,2.312e-05
826,2072,1,5_9,2.276e-05
826,2073,1,5_9,2.229e-05
826,2074,1,5_9,2.194e-05
826,2075,1,5_9,2.16e-05
826,2076,1,5_9,2.126e-05
826,2077,1,5_9,2.084e-05
826,2078,1,5_9,2.053e-05
826,2079,1,5_9,2.017e-05
826,2080,1,5_9,1.981e-05
826,2081,1,5_9,1.952e-05
826,2082,1,5_9,1.924e-05
826,2083,1,5_9,1.891e-05
826,2084,1,5_9,1.858e-05
826,2085,1,5_9,1.831e-05
826,2086,1,5_9,1.805e-05
826,2087,1,5_9,1.779e-05
826,2088,1,5_9,1.753e-05
826,2089,1,5_9,1.72e-05
826,2090,1,5_9,1.697e-05
826,2091,1,5_9,1.665e-05
826,2092,1,5_9,1.639e-05
826,2093,1,5_9,1.613e-05
826,2094,1,5_9,1.584e-05
826,2095,1,5_9,1.562e-05
826,2096,1,5_9,1.534e-05
826,2097,1,5_9,1.507e-05
826,2098,1,5_9,1.487e-05
826,2099,1,5_9,1.461e-05
826,2100,1,5_9,1.442e-05
8,2024,1,5_9,0.00018432
8,2025,1,5_9,0.00017912
8,2026,1,5_9,0.0001738
8,2027,1,5_9,0.00016837
8,2028,1,5_9,0.00016332
8,2029,1,5_9,0.00015842
8,2030,1,5_9,0.00015381
8,2031,1,5_9,0.00014906
8,2032,1,5_9,0.00014449
8,2033,1,5_9,0.00013997
8,2034,1,5_9,0.00013554
8,2035,1,5_9,0.00013149
8,2036,1,5_9,0.00012764
8,2037,1,5_9,0.0001238
8,2038,1,5_9,0.0001203
8,2039,1,5_9,0.00011682
8,2040,1,5_9,0.00011335
8,2041,1,5_9,0.00011014
8,2042,1,5_9,0.00010709
8,2043,1,5_9,0.00010406
8,2044,1,5_9,0.00010113
8,2045,1,5_9,9.824e-05
8,2046,1,5_9,9.547e-05
8,2047,1,5_9,9.284e-05
8,2048,1,5_9,9.037e-05
8,2049,1,5_9,8.81e-05
8,2050,1,5_9,8.584e-05
8,2051,1,5_9,8.371e-05
8,2052,1,5_9,8.164e-05
8,2053,1,5_9,7.973e-05
8,2054,1,5_9,7.794e-05
8,2055,1,5_9,7.622e-05
8,2056,1,5_9,7.456e-05
8,2057,1,5_9,7.278e-05
8,2058,1,5_9,7.117e-05
8,2059,1,5_9,6.959e-05
8,2060,1,5_9,6.819e-05
8,2061,1,5_9,6.673e-05
8,2062,1,5_9,6.534e-05
8,2063,1,5_9,6.392e-05
8,2064,1,5_9,6.273e-05
8,2065,1,5_9,6.15e-05
8,2066,1,5_9,6.028e-05
8,2067,1,5_9,5.914e-05
8,2068,1,5_9,5.811e-05
8,2069,1,5_9,5.712e-05
8,2070,1,5_9,5.613e-05
8,2071,1,5_9,5.516e-05
8,2072,1,5_9,5.421e-05
8,2073,1,5_9,5.324e-05
8,2074,1,5_9,5.234e-05
8,2075,1,5_9,5.147e-05
8,2076,1,5_9,5.064e-05
8,2077,1,5_9,4.983e-05
8,2078,1,5_9,4.899e-05
8,2079,1,5_9,4.826e-05
8,2080,1,5_9,4.748e-05
8,2081,1,5_9,4.669e-05
8,2082,1,5_9,4.591e-05
8,2083,1,5_9,4.513e-05
8,2084,1,5_9,4.44e-05
8,2085,1,5_9,4.367e-05
8,2086,1,5_9,4.303e-05
8,2087,1,5_9,4.245e-05
8,2088,1,5_9,4.186e-05
8,2089,1,5_9,4.125e-05
8,2090,1,5_9,4.067e-05
8,2091,1,5_9,4.008e-05
8,2092,1,5_9,3.952e-05
8,2093,1,5_9,3.895e-05
8,2094,1,5_9,3.842e-05
8,2095,1,5_9,3.784e-05
8,2096,1,5_9,3.736e-05
8,2097,1,5_9,3.679e-05
8,2098,1,5_9,3.628e-05
8,2099,1,5_9,3.579e-05
8,2100,1,5_9,3.528e-05
20,2024,1,5_9,0.00010393
20,2025,1,5_9,0.00010137
20,2026,1,5_9,9.912e-05
20,2027,1,5_9,9.671e-05
20,2028,1,5_9,9.45e-05
20,2029,1,5_9,9.242e-05
20,2030,1,5_9,9.018e-05
20,2031,1,5_9,8.818e-05
20,2032,1,5_9,8.615e-05
20,2033,1,5_9,8.422e-05
20,2034,1,5_9,8.233e-05
20,2035,1,5_9,8.036e-05
20,2036,1,5_9,7.858e-05
20,2037,1,5_9,7.694e-05
20,2038,1,5_9,7.526e-05
20,2039,1,5_9,7.372e-05
20,2040,1,5_9,7.187e-05
20,2041,1,5_9,7.038e-05
20,2042,1,5_9,6.887e-05
20,2043,1,5_9,6.738e-05
20,2044,1,5_9,6.593e-05
20,2045,1,5_9,6.456e-05
20,2046,1,5_9,6.334e-05
20,2047,1,5_9,6.206e-05
20,2048,1,5_9,6.077e-05
20,2049,1,5_9,5.95e-05
20,2050,1,5_9,5.818e-05
20,2051,1,5_9,5.696e-05
20,2052,1,5_9,5.575e-05
20,2053,1,5_9,5.468e-05
20,2054,1,5_9,5.352e-05
20,2055,1,5_9,5.255e-05
20,2056,1,5_9,5.149e-05
20,2057,1,5_9,5.05e-05
20,2058,1,5_9,4.959e-05
20,2059,1,5_9,4.868e-05
20,2060,1,5_9,4.773e-05
20,2061,1,5_9,4.678e-05
20,2062,1,5_9,4.589e-05
20,2063,1,5_9,4.5e-05
20,2064,1,5_9,4.413e-05
20,2065,1,5_9,4.336e-05
20,2066,1,5_9,4.254e-05
20,2067,1,5_9,4.174e-05
20,2068,1,5_9,4.092e-05
20,2069,1,5_9,4.02e-05
20,2070,1,5_9,3.942e-05
20,2071,1,5_9,3.874e-05
20,2072,1,5_9,3.802e-05
20,2073,1,5_9,3.73e-05
20,2074,1,5_9,3.655e-05
20,2075,1,5_9,3.583e-05
20,2076,1,5_9,3.517e-05
20,2077,1,5_9,3.451e-05
20,2078,1,5_9,3.39e-05
20,2079,1,5_9,3.32e-05
20,2080,1,5_9,3.255e-05
20,2081,1,5_9,3.194e-05
20,2082,1,5_9,3.132e-05
20,2083,1,5_9,3.069e-05
20,2084,1,5_9,3.007e-05
20,2085,1,5_9,2.953e-05
20,2086,1,5_9,2.891e-05
20,2087,1,5_9,2.834e-05
20,2088,1,5_9,2.78e-05
20,2089,1,5_9,2.723e-05
20,2090,1,5_9,2.673e-05
20,2091,1,5_9,2.62e-05
20,2092,1,5_9,2.572e-05
20,2093,1,5_9,2.524e-05
20,2094,1,5_9,2.478e-05
20,2095,1,5_9,2.431e-05
20,2096,1,5_9,2.387e-05
20,2097,1,5_9,2.34e-05
20,2098,1,5_9,2.298e-05
20,2099,1,5_9,2.251e-05
20,2100,1,5_9,2.208e-05
70,2024,1,5_9,8.217e-05
70,2025,1,5_9,7.972e-05
70,2026,1,5_9,7.77e-05
70,2027,1,5_9,7.573e-05
70,2028,1,5_9,7.387e-05
70,2029,1,5_9,7.205e-05
70,2030,1,5_9,7.008e-05
70,2031,1,5_9,6.828e-05
70,2032,1,5_9,6.65e-05
70,2033,1,5_9,6.48e-05
70,2034,1,5_9,6.307e-05
70,2035,1,5_9,6.139e-05
70,2036,1,5_9,5.969e-05
70,2037,1,5_9,5.803e-05
70,2038,1,5_9,5.658e-05
70,2039,1,5_9,5.519e-05
70,2040,1,5_9,5.384e-05
70,2041,1,5_9,5.255e-05
70,2042,1,5_9,5.129e-05
70,2043,1,5_9,5e-05
70,2044,1,5_9,4.874e-05
70,2045,1,5_9,4.759e-05
70,2046,1,5_9,4.652e-05
70,2047,1,5_9,4.548e-05
70,2048,1,5_9,4.441e-05
70,2049,1,5_9,4.342e-05
70,2050,1,5_9,4.25e-05
70,2051,1,5_9,4.168e-05
70,2052,1,5_9,4.081e-05
70,2053,1,5_9,4.012e-05
70,2054,1,5_9,3.939e-05
70,2055,1,5_9,3.871e-05
70,2056,1,5_9,3.797e-05
70,2057,1,5_9,3.737e-05
70,2058,1,5_9,3.678e-05
70,2059,1,5_9,3.613e-05
70,2060,1,5_9,3.55e-05
70,2061,1,5_9,3.497e-05
70,2062,1,5_9,3.448e-05
70,2063,1,5_9,3.392e-05
70,2064,1,5_9,3.34e-05
70,2065,1,5_9,3.289e-05
70,2066,1,5_9,3.242e-05
70,2067,1,5_9,3.195e-05
70,2068,1,5_9,3.149e-05
70,2069,1,5_9,3.109e-05
70,2070,1,5_9,3.067e-05
70,2071,1,5_9,3.029e-05
70,2072,1,5_9,2.991e-05
70,2073,1,5_9,2.947e-05
70,2074,1,5_9,2.905e-05
70,2075,1,5_9,2.871e-05
70,2076,1,5_9,2.83e-05
70,2077,1,5_9,2.79e-05
70,2078,1,5_9,2.749e-05
70,2079,1,5_9,2.718e-05
70,2080,1,5_9,2.68e-05
70,2081,1,5_9,2.636e-05
70,2082,1,5_9,2.609e-05
70,2083,1,5_9,2.579e-05
70,2084,1,5_9,2.556e-05
70,2085,1,5_9,2.533e-05
70,2086,1,5_9,2.501e-05
70,2087,1,5_9,2.477e-05
70,2088,1,5_9,2.445e-05
70,2089,1,5_9,2.42e-05
70,2090,1,5_9,2.398e-05
70,2091,1,5_9,2.368e-05
70,2092,1,5_9,2.345e-05
70,2093,1,5_9,2.321e-05
70,2094,1,5_9,2.292e-05
70,2095,1,5_9,2.268e-05
70,2096,1,5_9,2.246e-05
70,2097,1,5_9,2.223e-05
70,2098,1,5_9,2.194e-05
70,2099,1,5_9,2.172e-05
70,2100,1,5_9,2.15e-05
191,2024,1,5_9,9.64e-05
191,2025,1,5_9,9.375e-05
191,2026,1,5_9,9.092e-05
191,2027,1,5_9,8.839e-05
191,2028,1,5_9,8.57e-05
191,2029,1,5_9,8.331e-05
191,2030,1,5_9,8.079e-05
191,2031,1,5_9,7.839e-05
191,2032,1,5_9,7.608e-05
191,2033,1,5_9,7.388e-05
191,2034,1,5_9,7.17e-05
191,2035,1,5_9,6.969e-05
191,2036,1,5_9,6.763e-05
191,2037,1,5_9,6.583e-05
191,2038,1,5_9,6.385e-05
191,2039,1,5_9,6.196e-05
191,2040,1,5_9,6.008e-05
191,2041,1,5_9,5.821e-05
191,2042,1,5_9,5.65e-05
191,2043,1,5_9,5.474e-05
191,2044,1,5_9,5.33e-05
191,2045,1,5_9,5.171e-05
191,2046,1,5_9,5.022e-05
191,2047,1,5_9,4.885e-05
191,2048,1,5_9,4.76e-05
191,2049,1,5_9,4.641e-05
191,2050,1,5_9,4.531e-05
191,2051,1,5_9,4.429e-05
191,2052,1,5_9,4.327e-05
191,2053,1,5_9,4.22e-05
191,2054,1,5_9,4.119e-05
191,2055,1,5_9,4.028e-05
191,2056,1,5_9,3.943e-05
191,2057,1,5_9,3.86e-05
191,2058,1,5_9,3.777e-05
191,2059,1,5_9,3.692e-05
191,2060,1,5_9,3.609e-05
191,2061,1,5_9,3.53e-05
191,2062,1,5_9,3.453e-05
191,2063,1,5_9,3.388e-05
191,2064,1,5_9,3.318e-05
191,2065,1,5_9,3.255e-05
191,2066,1,5_9,3.189e-05
191,2067,1,5_9,3.129e-05
191,2068,1,5_9,3.068e-05
191,2069,1,5_9,3.009e-05
191,2070,1,5_9,2.949e-05
191,2071,1,5_9,2.896e-05
191,2072,1,5_9,2.845e-05
191,2073,1,5_9,2.789e-05
191,2074,1,5_9,2.741e-05
191,2075,1,5_9,2.689e-05
191,2076,1,5_9,2.639e-05
191,2077,1,5_9,2.592e-05
191,2078,1,5_9,2.54e-05
191,2079,1,5_9,2.495e-05
191,2080,1,5_9,2.445e-05
191,2081,1,5_9,2.402e-05
191,2082,1,5_9,2.36e-05
191,2083,1,5_9,2.32e-05
191,2084,1,5_9,2.277e-05
191,2085,1,5_9,2.24e-05
191,2086,1,5_9,2.204e-05
191,2087,1,5_9,2.17e-05
191,2088,1,5_9,2.132e-05
191,2089,1,5_9,2.098e-05
191,2090,1,5_9,2.066e-05
191,2091,1,5_9,2.032e-05
191,2092,1,5_9,1.995e-05
191,2093,1,5_9,1.967e-05
191,2094,1,5_9,1.934e-05
191,2095,1,5_9,1.899e-05
191,2096,1,5_9,1.868e-05
191,2097,1,5_9,1.838e-05
191,2098,1,5_9,1.81e-05
191,2099,1,5_9,1.779e-05
191,2100,1,5_9,1.751e-05
292,2024,1,5_9,0.00029273
292,2025,1,5_9,0.00028857
292,2026,1,5_9,0.00028442
292,2027,1,5_9,0.00028026
292,2028,1,5_9,0.00027611
292,2029,1,5_9,0.00027334
292,2030,1,5_9,0.00026918
292,2031,1,5_9,0.00026503
292,2032,1,5_9,0.00026088
292,2033,1,5_9,0.00025811
292,2034,1,5_9,0.00025395
292,2035,1,5_9,0.00025134
292,2036,1,5_9,0.00024742
292,2037,1,5_9,0.00024481
292,2038,1,5_9,0.00024089
292,2039,1,5_9,0.00023827
292,2040,1,5_9,0.00023435
292,2041,1,5_9,0.00023174
292,2042,1,5_9,0.00022782
292,2043,1,5_9,0.00022521
292,2044,1,5_9,0.0002226
292,2045,1,5_9,0.00021998
292,2046,1,5_9,0.00021606
292,2047,1,5_9,0.00021345
292,2048,1,5_9,0.00021084
292,2049,1,5_9,0.00020692
292,2050,1,5_9,0.00020431
292,2051,1,5_9,0.00020169
292,2052,1,5_9,0.00019908
292,2053,1,5_9,0.00019516
292,2054,1,5_9,0.00019255
292,2055,1,5_9,0.00018994
292,2056,1,5_9,0.00018681
292,2057,1,5_9,0.00018473
292,2058,1,5_9,0.00018265
292,2059,1,5_9,0.00017953
292,2060,1,5_9,0.00017744
292,2061,1,5_9,0.00017536
292,2062,1,5_9,0.00017224
292,2063,1,5_9,0.00017016
292,2064,1,5_9,0.00016807
292,2065,1,5_9,0.00016599
292,2066,1,5_9,0.00016287
292,2067,1,5_9,0.00016079
292,2068,1,5_9,0.0001587
292,2069,1,5_9,0.00015662
292,2070,1,5_9,0.00015454
292,2071,1,5_9,0.00015246
292,2072,1,5_9,0.00014933
292,2073,1,5_9,0.00014725
292,2074,1,5_9,0.00014517
292,2075,1,5_9,0.00014309
292,2076,1,5_9,0.00014101
292,2077,1,5_9,0.00013892
292,2078,1,5_9,0.00013722
292,2079,1,5_9,0.00013552
292,2080,1,5_9,0.00013382
292,2081,1,5_9,0.00013212
292,2082,1,5_9,0.00012957
292,2083,1,5_9,0.00012787
292,2084,1,5_9,0.00012617
292,2085,1,5_9,0.00012447
292,2086,1,5_9,0.00012277
292,2087,1,5_9,0.00012107
292,2088,1,5_9,0.00011937
292,2089,1,5_9,0.00011767
292,2090,1,5_9,0.00011597
292,2091,1,5_9,0.00011427
292,2092,1,5_9,0.00011257
292,2093,1,5_9,0.00011087
292,2094,1,5_9,0.00010917
292,2095,1,5_9,0.00010747
292,2096,1,5_9,0.00010576
292,2097,1,5_9,0.00010406
292,2098,1,5_9,0.00010236
292,2099,1,5_9,0.00010066
292,2100,1,5_9,9.896e-05
300,2024,1,5_9,4.059e-05
300,2025,1,5_9,3.823e-05
300,2026,1,5_9,3.629e-05
300,2027,1,5_9,3.447e-05
300,2028,1,5_9,3.276e-05
300,2029,1,5_9,3.117e-05
300,2030,1,5_9,2.966e-05
300,2031,1,5_9,2.844e-05
300,2032,1,5_9,2.727e-05
300,2033,1,5_9,2.618e-05
300,2034,1,5_9,2.529e-05
300,2035,1,5_9,2.437e-05
300,2036,1,5_9,2.349e-05
300,2037,1,5_9,2.272e-05
300,2038,1,5_9,2.199e-05
300,2039,1,5_9,2.136e-05
300,2040,1,5_9,2.075e-05
300,2041,1,5_9,2.016e-05
300,2042,1,5_9,1.96e-05
300,2043,1,5_9,1.912e-05
300,2044,1,5_9,1.854e-05
300,2045,1,5_9,1.809e-05
300,2046,1,5_9,1.766e-05
300,2047,1,5_9,1.729e-05
300,2048,1,5_9,1.694e-05
300,2049,1,5_9,1.654e-05
300,2050,1,5_9,1.616e-05
300,2051,1,5_9,1.58e-05
300,2052,1,5_9,1.549e-05
300,2053,1,5_9,1.519e-05
300,2054,1,5_9,1.486e-05
300,2055,1,5_9,1.458e-05
300,2056,1,5_9,1.431e-05
300,2057,1,5_9,1.401e-05
300,2058,1,5_9,1.379e-05
300,2059,1,5_9,1.35e-05
300,2060,1,5_9,1.33e-05
300,2061,1,5_9,1.307e-05
300,2062,1,5_9,1.284e-05
300,2063,1,5_9,1.262e-05
300,2064,1,5_9,1.241e-05
300,2065,1,5_9,1.223e-05
300,2066,1,5_9,1.205e-05
300,2067,1,5_9,1.188e-05
300,2068,1,5_9,1.172e-05
300,2069,1,5_9,1.156e-05
300,2070,1,5_9,1.14e-05
300,2071,1,5_9,1.124e-05
300,2072,1,5_9,1.109e-05
300,2073,1,5_9,1.094e-05
300,2074,1,5_9,1.083e-05
300,2075,1,5_9,1.066e-05
300,2076,1,5_9,1.052e-05
300,2077,1,5_9,1.039e-05
300,2078,1,5_9,1.026e-05
300,2079,1,5_9,1.016e-05
300,2080,1,5_9,1.005e-05
300,2081,1,5_9,9.92e-06
300,2082,1,5_9,9.8e-06
300,2083,1,5_9,9.69e-06
300,2084,1,5_9,9.62e-06
300,2085,1,5_9,9.5e-06
300,2086,1,5_9,9.39e-06
300,2087,1,5_9,9.28e-06
300,2088,1,5_9,9.17e-06
300,2089,1,5_9,9.07e-06
300,2090,1,5_9,8.97e-06
300,2091,1,5_9,8.87e-06
300,2092,1,5_9,8.77e-06
300,2093,1,5_9,8.69e-06
300,2094,1,5_9,8.58e-06
300,2095,1,5_9,8.49e-06
300,2096,1,5_9,8.41e-06
300,2097,1,5_9,8.34e-06
300,2098,1,5_9,8.25e-06
300,2099,1,5_9,8.16e-06
300,2100,1,5_9,8.08e-06
336,2024,1,5_9,0.00012137
336,2025,1,5_9,0.00011866
336,2026,1,5_9,0.00011663
336,2027,1,5_9,0.00011392
336,2028,1,5_9,0.00011189
336,2029,1,5_9,0.00010986
336,2030,1,5_9,0.00010715
336,2031,1,5_9,0.00010512
336,2032,1,5_9,0.00010309
336,2033,1,5_9,0.00010118
336,2034,1,5_9,9.952e-05
336,2035,1,5_9,9.786e-05
336,2036,1,5_9,9.62e-05
336,2037,1,5_9,9.455e-05
336,2038,1,5_9,9.289e-05
336,2039,1,5_9,9.123e-05
336,2040,1,5_9,9.012e-05
336,2041,1,5_9,8.846e-05
336,2042,1,5_9,8.681e-05
336,2043,1,5_9,8.57e-05
336,2044,1,5_9,8.404e-05
336,2045,1,5_9,8.294e-05
336,2046,1,5_9,8.128e-05
336,2047,1,5_9,8.017e-05
336,2048,1,5_9,7.851e-05
336,2049,1,5_9,7.685e-05
336,2050,1,5_9,7.575e-05
336,2051,1,5_9,7.42e-05
336,2052,1,5_9,7.333e-05
336,2053,1,5_9,7.245e-05
336,2054,1,5_9,7.114e-05
336,2055,1,5_9,7.026e-05
336,2056,1,5_9,6.938e-05
336,2057,1,5_9,6.807e-05
336,2058,1,5_9,6.719e-05
336,2059,1,5_9,6.631e-05
336,2060,1,5_9,6.544e-05
336,2061,1,5_9,6.412e-05
336,2062,1,5_9,6.324e-05
336,2063,1,5_9,6.237e-05
336,2064,1,5_9,6.149e-05
336,2065,1,5_9,6.018e-05
336,2066,1,5_9,5.93e-05
336,2067,1,5_9,5.842e-05
336,2068,1,5_9,5.755e-05
336,2069,1,5_9,5.667e-05
336,2070,1,5_9,5.579e-05
336,2071,1,5_9,5.448e-05
336,2072,1,5_9,5.36e-05
336,2073,1,5_9,5.282e-05
336,2074,1,5_9,5.215e-05
336,2075,1,5_9,5.147e-05
336,2076,1,5_9,5.08e-05
336,2077,1,5_9,5.013e-05
336,2078,1,5_9,4.945e-05
336,2079,1,5_9,4.878e-05
336,2080,1,5_9,4.81e-05
336,2081,1,5_9,4.709e-05
336,2082,1,5_9,4.675e-05
336,2083,1,5_9,4.608e-05
336,2084,1,5_9,4.54e-05
336,2085,1,5_9,4.473e-05
336,2086,1,5_9,4.405e-05
336,2087,1,5_9,4.338e-05
336,2088,1,5_9,4.27e-05
336,2089,1,5_9,4.203e-05
336,2090,1,5_9,4.135e-05
336,2091,1,5_9,4.068e-05
336,2092,1,5_9,4.001e-05
336,2093,1,5_9,3.967e-05
336,2094,1,5_9,3.866e-05
336,2095,1,5_9,3.832e-05
336,2096,1,5_9,3.764e-05
336,2097,1,5_9,3.697e-05
336,2098,1,5_9,3.638e-05
336,2099,1,5_9,3.588e-05
336,2100,1,5_9,3.538e-05
380,2024,1,5_9,5.866e-05
380,2025,1,5_9,5.671e-05
380,2026,1,5_9,5.484e-05
380,2027,1,5_9,5.332e-05
380,2028,1,5_9,5.172e-05
380,2029,1,5_9,5.045e-05
380,2030,1,5_9,4.895e-05
380,2031,1,5_9,4.776e-05
380,2032,1,5_9,4.661e-05
380,2033,1,5_9,4.538e-05
380,2034,1,5_9,4.419e-05
380,2035,1,5_9,4.315e-05
380,2036,1,5_9,4.213e-05
380,2037,1,5_9,4.115e-05
380,2038,1,5_9,4.02e-05
380,2039,1,5_9,3.918e-05
380,2040,1,5_9,3.82e-05
380,2041,1,5_9,3.733e-05
380,2042,1,5_9,3.649e-05
380,2043,1,5_9,3.585e-05
380,2044,1,5_9,3.489e-05
380,2045,1,5_9,3.412e-05
380,2046,1,5_9,3.354e-05
380,2047,1,5_9,3.281e-05
380,2048,1,5_9,3.21e-05
380,2049,1,5_9,3.141e-05
380,2050,1,5_9,3.074e-05
380,2051,1,5_9,3.009e-05
380,2052,1,5_9,2.946e-05
380,2053,1,5_9,2.884e-05
380,2054,1,5_9,2.824e-05
380,2055,1,5_9,2.766e-05
380,2056,1,5_9,2.709e-05
380,2057,1,5_9,2.66e-05
380,2058,1,5_9,2.611e-05
380,2059,1,5_9,2.558e-05
380,2060,1,5_9,2.512e-05
380,2061,1,5_9,2.468e-05
380,2062,1,5_9,2.418e-05
380,2063,1,5_9,2.37e-05
380,2064,1,5_9,2.324e-05
380,2065,1,5_9,2.289e-05
380,2066,1,5_9,2.244e-05
380,2067,1,5_9,2.201e-05
380,2068,1,5_9,2.158e-05
380,2069,1,5_9,2.117e-05
380,2070,1,5_9,2.077e-05
380,2071,1,5_9,2.029e-05
380,2072,1,5_9,1.991e-05
380,2073,1,5_9,1.954e-05
380,2074,1,5_9,1.917e-05
380,2075,1,5_9,1.882e-05
380,2076,1,5_9,1.847e-05
380,2077,1,5_9,1.805e-05
380,2078,1,5_9,1.773e-05
380,2079,1,5_9,1.741e-05
380,2080,1,5_9,1.709e-05
380,2081,1,5_9,1.671e-05
380,2082,1,5_9,1.641e-05
380,2083,1,5_9,1.605e-05
380,2084,1,5_9,1.571e-05
380,2085,1,5_9,1.543e-05
380,2086,1,5_9,1.515e-05
380,2087,1,5_9,1.494e-05
380,2088,1,5_9,1.468e-05
380,2089,1,5_9,1.437e-05
380,2090,1,5_9,1.406e-05
380,2091,1,5_9,1.376e-05
380,2092,1,5_9,1.352e-05
380,2093,1,5_9,1.324e-05
380,2094,1,5_9,1.301e-05
380,2095,1,5_9,1.274e-05
380,2096,1,5_9,1.252e-05
380,2097,1,5_9,1.221e-05
380,2098,1,5_9,1.196e-05
380,2099,1,5_9,1.171e-05
380,2100,1,5_9,1.147e-05
412,2024,1,5_9,8.988e-05
412,2025,1,5_9,8.714e-05
412,2026,1,5_9,8.468e-05
412,2027,1,5_9,8.218e-05
412,2028,1,5_9,7.989e-05
412,2029,1,5_9,7.759e-05
412,2030,1,5_9,7.543e-05
412,2031,1,5_9,7.316e-05
412,2032,1,5_9,7.115e-05
412,2033,1,5_9,6.902e-05
412,2034,1,5_9,6.704e-05
412,2035,1,5_9,6.503e-05
412,2036,1,5_9,6.303e-05
412,2037,1,5_9,6.112e-05
412,2038,1,5_9,5.921e-05
412,2039,1,5_9,5.739e-05
412,2040,1,5_9,5.569e-05
412,2041,1,5_9,5.402e-05
412,2042,1,5_9,5.24e-05
412,2043,1,5_9,5.077e-05
412,2044,1,5_9,4.928e-05
412,2045,1,5_9,4.786e-05
412,2046,1,5_9,4.655e-05
412,2047,1,5_9,4.525e-05
412,2048,1,5_9,4.401e-05
412,2049,1,5_9,4.278e-05
412,2050,1,5_9,4.161e-05
412,2051,1,5_9,4.045e-05
412,2052,1,5_9,3.935e-05
412,2053,1,5_9,3.826e-05
412,2054,1,5_9,3.724e-05
412,2055,1,5_9,3.623e-05
412,2056,1,5_9,3.534e-05
412,2057,1,5_9,3.447e-05
412,2058,1,5_9,3.355e-05
412,2059,1,5_9,3.275e-05
412,2060,1,5_9,3.203e-05
412,2061,1,5_9,3.128e-05
412,2062,1,5_9,3.056e-05
412,2063,1,5_9,2.988e-05
412,2064,1,5_9,2.92e-05
412,2065,1,5_9,2.853e-05
412,2066,1,5_9,2.793e-05
412,2067,1,5_9,2.731e-05
412,2068,1,5_9,2.672e-05
412,2069,1,5_9,2.619e-05
412,2070,1,5_9,2.563e-05
412,2071,1,5_9,2.509e-05
412,2072,1,5_9,2.461e-05
412,2073,1,5_9,2.408e-05
412,2074,1,5_9,2.364e-05
412,2075,1,5_9,2.319e-05
412,2076,1,5_9,2.278e-05
412,2077,1,5_9,2.236e-05
412,2078,1,5_9,2.196e-05
412,2079,1,5_9,2.155e-05
412,2080,1,5_9,2.118e-05
412,2081,1,5_9,2.082e-05
412,2082,1,5_9,2.049e-05
412,2083,1,5_9,2.012e-05
412,2084,1,5_9,1.981e-05
412,2085,1,5_9,1.948e-05
412,2086,1,5_9,1.918e-05
412,2087,1,5_9,1.89e-05
412,2088,1,5_9,1.862e-05
412,2089,1,5_9,1.833e-05
412,2090,1,5_9,1.806e-05
412,2091,1,5_9,1.774e-05
412,2092,1,5_9,1.747e-05
412,2093,1,5_9,1.721e-05
412,2094,1,5_9,1.694e-05
412,2095,1,5_9,1.669e-05
412,2096,1,5_9,1.644e-05
412,2097,1,5_9,1.622e-05
412,2098,1,5_9,1.599e-05
412,2099,1,5_9,1.575e-05
412,2100,1,5_9,1.547e-05
470,2024,1,5_9,7.455e-05
470,2025,1,5_9,7.361e-05
470,2026,1,5_9,7.283e-05
470,2027,1,5_9,7.216e-05
470,2028,1,5_9,7.156e-05
470,2029,1,5_9,7.104e-05
470,2030,1,5_9,7.054e-05
470,2031,1,5_9,7.007e-05
470,2032,1,5_9,6.978e-05
470,2033,1,5_9,6.941e-05
470,2034,1,5_9,6.906e-05
470,2035,1,5_9,6.867e-05
470,2036,1,5_9,6.838e-05
470,2037,1,5_9,6.817e-05
470,2038,1,5_9,6.784e-05
470,2039,1,5_9,6.754e-05
470,2040,1,5_9,6.729e-05
470,2041,1,5_9,6.7e-05
470,2042,1,5_9,6.671e-05
470,2043,1,5_9,6.639e-05
470,2044,1,5_9,6.621e-05
470,2045,1,5_9,6.585e-05
470,2046,1,5_9,6.544e-05
470,2047,1,5_9,6.521e-05
470,2048,1,5_9,6.505e-05
470,2049,1,5_9,6.477e-05
470,2050,1,5_9,6.461e-05
470,2051,1,5_9,6.433e-05
470,2052,1,5_9,6.418e-05
470,2053,1,5_9,6.397e-05
470,2054,1,5_9,6.382e-05
470,2055,1,5_9,6.369e-05
470,2056,1,5_9,6.341e-05
470,2057,1,5_9,6.32e-05
470,2058,1,5_9,6.3e-05
470,2059,1,5_9,6.268e-05
470,2060,1,5_9,6.244e-05
470,2061,1,5_9,6.23e-05
470,2062,1,5_9,6.19e-05
470,2063,1,5_9,6.165e-05
470,2064,1,5_9,6.149e-05
470,2065,1,5_9,6.131e-05
470,2066,1,5_9,6.091e-05
470,2067,1,5_9,6.064e-05
470,2068,1,5_9,6.046e-05
470,2069,1,5_9,6.022e-05
470,2070,1,5_9,6.003e-05
470,2071,1,5_9,5.984e-05
470,2072,1,5_9,5.961e-05
470,2073,1,5_9,5.925e-05
470,2074,1,5_9,5.903e-05
470,2075,1,5_9,5.884e-05
470,2076,1,5_9,5.865e-05
470,2077,1,5_9,5.839e-05
470,2078,1,5_9,5.816e-05
470,2079,1,5_9,5.793e-05
470,2080,1,5_9,5.759e-05
470,2081,1,5_9,5.737e-05
470,2082,1,5_9,5.71e-05
470,2083,1,5_9,5.683e-05
470,2084,1,5_9,5.651e-05
470,2085,1,5_9,5.617e-05
470,2086,1,5_9,5.585e-05
470,2087,1,5_9,5.574e-05
470,2088,1,5_9,5.545e-05
470,2089,1,5_9,5.506e-05
470,2090,1,5_9,5.469e-05
470,2091,1,5_9,5.43e-05
470,2092,1,5_9,5.369e-05
470,2093,1,5_9,5.352e-05
470,2094,1,5_9,5.305e-05
470,2095,1,5_9,5.294e-05
470,2096,1,5_9,5.249e-05
470,2097,1,5_9,5.221e-05
470,2098,1,5_9,5.188e-05
470,2099,1,5_9,5.154e-05
470,2100,1,5_9,5.123e-05
499,2024,1,5_9,0.00025349
499,2025,1,5_9,0.0002455
499,2026,1,5_9,0.0002383
499,2027,1,5_9,0.00023033
499,2028,1,5_9,0.00022297
499,2029,1,5_9,0.00021605
499,2030,1,5_9,0.00021002
499,2031,1,5_9,0.00020394
499,2032,1,5_9,0.00019793
499,2033,1,5_9,0.00019226
499,2034,1,5_9,0.00018669
499,2035,1,5_9,0.00018105
499,2036,1,5_9,0.00017578
499,2037,1,5_9,0.00017059
499,2038,1,5_9,0.00016557
499,2039,1,5_9,0.00016056
499,2040,1,5_9,0.00015564
499,2041,1,5_9,0.00015069
499,2042,1,5_9,0.00014608
499,2043,1,5_9,0.00014185
499,2044,1,5_9,0.00013754
499,2045,1,5_9,0.00013314
499,2046,1,5_9,0.00012924
499,2047,1,5_9,0.00012532
499,2048,1,5_9,0.00012141
499,2049,1,5_9,0.0001178
499,2050,1,5_9,0.00011429
499,2051,1,5_9,0.00011097
499,2052,1,5_9,0.00010755
499,2053,1,5_9,0.0001043
499,2054,1,5_9,0.00010146
499,2055,1,5_9,9.852e-05
499,2056,1,5_9,9.591e-05
499,2057,1,5_9,9.342e-05
499,2058,1,5_9,9.077e-05
499,2059,1,5_9,8.847e-05
499,2060,1,5_9,8.622e-05
499,2061,1,5_9,8.397e-05
499,2062,1,5_9,8.204e-05
499,2063,1,5_9,8.002e-05
499,2064,1,5_9,7.813e-05
499,2065,1,5_9,7.628e-05
499,2066,1,5_9,7.451e-05
499,2067,1,5_9,7.277e-05
499,2068,1,5_9,7.111e-05
499,2069,1,5_9,6.965e-05
499,2070,1,5_9,6.795e-05
499,2071,1,5_9,6.63e-05
499,2072,1,5_9,6.487e-05
499,2073,1,5_9,6.345e-05
499,2074,1,5_9,6.213e-05
499,2075,1,5_9,6.079e-05
499,2076,1,5_9,5.94e-05
499,2077,1,5_9,5.806e-05
499,2078,1,5_9,5.688e-05
499,2079,1,5_9,5.565e-05
499,2080,1,5_9,5.446e-05
499,2081,1,5_9,5.327e-05
499,2082,1,5_9,5.212e-05
499,2083,1,5_9,5.097e-05
499,2084,1,5_9,4.986e-05
499,2085,1,5_9,4.891e-05
499,2086,1,5_9,4.78e-05
499,2087,1,5_9,4.687e-05
499,2088,1,5_9,4.591e-05
499,2089,1,5_9,4.494e-05
499,2090,1,5_9,4.402e-05
499,2091,1,5_9,4.318e-05
499,2092,1,5_9,4.234e-05
499,2093,1,5_9,4.155e-05
499,2094,1,5_9,4.075e-05
499,2095,1,5_9,3.998e-05
499,2096,1,5_9,3.935e-05
499,2097,1,5_9,3.865e-05
499,2098,1,5_9,3.795e-05
499,2099,1,5_9,3.726e-05
499,2100,1,5_9,3.664e-05
807,2024,1,5_9,0.00011977
807,2025,1,5_9,0.00011733
807,2026,1,5_9,0.00011481
807,2027,1,5_9,0.0001125
807,2028,1,5_9,0.00011021
807,2029,1,5_9,0.00010786
807,2030,1,5_9,0.00010566
807,2031,1,5_9,0.0001034
807,2032,1,5_9,0.00010106
807,2033,1,5_9,9.881e-05
807,2034,1,5_9,9.674e-05
807,2035,1,5_9,9.456e-05
807,2036,1,5_9,9.238e-05
807,2037,1,5_9,9.029e-05
807,2038,1,5_9,8.826e-05
807,2039,1,5_9,8.634e-05
807,2040,1,5_9,8.428e-05
807,2041,1,5_9,8.221e-05
807,2042,1,5_9,8.038e-05
807,2043,1,5_9,7.846e-05
807,2044,1,5_9,7.662e-05
807,2045,1,5_9,7.489e-05
807,2046,1,5_9,7.31e-05
807,2047,1,5_9,7.14e-05
807,2048,1,5_9,6.95e-05
807,2049,1,5_9,6.785e-05
807,2050,1,5_9,6.619e-05
807,2051,1,5_9,6.46e-05
807,2052,1,5_9,6.313e-05
807,2053,1,5_9,6.176e-05
807,2054,1,5_9,6.044e-05
807,2055,1,5_9,5.915e-05
807,2056,1,5_9,5.793e-05
807,2057,1,5_9,5.678e-05
807,2058,1,5_9,5.56e-05
807,2059,1,5_9,5.453e-05
807,2060,1,5_9,5.344e-05
807,2061,1,5_9,5.239e-05
807,2062,1,5_9,5.135e-05
807,2063,1,5_9,5.032e-05
807,2064,1,5_9,4.937e-05
807,2065,1,5_9,4.842e-05
807,2066,1,5_9,4.753e-05
807,2067,1,5_9,4.666e-05
807,2068,1,5_9,4.581e-05
807,2069,1,5_9,4.496e-05
807,2070,1,5_9,4.413e-05
807,2071,1,5_9,4.335e-05
807,2072,1,5_9,4.258e-05
807,2073,1,5_9,4.179e-05
807,2074,1,5_9,4.105e-05
807,2075,1,5_9,4.034e-05
807,2076,1,5_9,3.966e-05
807,2077,1,5_9,3.903e-05
807,2078,1,5_9,3.837e-05
807,2079,1,5_9,3.773e-05
807,2080,1,5_9,3.718e-05
807,2081,1,5_9,3.66e-05
807,2082,1,5_9,3.606e-05
807,2083,1,5_9,3.543e-05
807,2084,1,5_9,3.492e-05
807,2085,1,5_9,3.432e-05
807,2086,1,5_9,3.382e-05
807,2087,1,5_9,3.326e-05
807,2088,1,5_9,3.283e-05
807,2089,1,5_9,3.242e-05
807,2090,1,5_9,3.194e-05
807,2091,1,5_9,3.152e-05
807,2092,1,5_9,3.105e-05
807,2093,1,5_9,3.065e-05
807,2094,1,5_9,3.029e-05
807,2095,1,5_9,2.992e-05
807,2096,1,5_9,2.947e-05
807,2097,1,5_9,2.909e-05
807,2098,1,5_9,2.873e-05
807,2099,1,5_9,2.838e-05
807,2100,1,5_9,2.795e-05
620,2024,1,5_9,5.758e-05
620,2025,1,5_9,5.511e-05
620,2026,1,5_9,5.278e-05
620,2027,1,5_9,5.058e-05
620,2028,1,5_9,4.88e-05
620,2029,1,5_9,4.71e-05
620,2030,1,5_9,4.549e-05
620,2031,1,5_9,4.395e-05
620,2032,1,5_9,4.261e-05
620,2033,1,5_9,4.145e-05
620,2034,1,5_9,4.033e-05
620,2035,1,5_9,3.914e-05
620,2036,1,5_9,3.811e-05
620,2037,1,5_9,3.712e-05
620,2038,1,5_9,3.627e-05
620,2039,1,5_9,3.545e-05
620,2040,1,5_9,3.457e-05
620,2041,1,5_9,3.371e-05
620,2042,1,5_9,3.308e-05
620,2043,1,5_9,3.227e-05
620,2044,1,5_9,3.168e-05
620,2045,1,5_9,3.093e-05
620,2046,1,5_9,3.037e-05
620,2047,1,5_9,2.983e-05
620,2048,1,5_9,2.922e-05
620,2049,1,5_9,2.863e-05
620,2050,1,5_9,2.815e-05
620,2051,1,5_9,2.76e-05
620,2052,1,5_9,2.72e-05
620,2053,1,5_9,2.668e-05
620,2054,1,5_9,2.624e-05
620,2055,1,5_9,2.581e-05
620,2056,1,5_9,2.54e-05
620,2057,1,5_9,2.5e-05
620,2058,1,5_9,2.46e-05
620,2059,1,5_9,2.422e-05
620,2060,1,5_9,2.391e-05
620,2061,1,5_9,2.355e-05
620,2062,1,5_9,2.32e-05
620,2063,1,5_9,2.286e-05
620,2064,1,5_9,2.252e-05
620,2065,1,5_9,2.219e-05
620,2066,1,5_9,2.188e-05
620,2067,1,5_9,2.157e-05
620,2068,1,5_9,2.127e-05
620,2069,1,5_9,2.102e-05
620,2070,1,5_9,2.073e-05
620,2071,1,5_9,2.05e-05
620,2072,1,5_9,2.018e-05
620,2073,1,5_9,1.991e-05
620,2074,1,5_9,1.97e-05
620,2075,1,5_9,1.944e-05
620,2076,1,5_9,1.919e-05
620,2077,1,5_9,1.894e-05
620,2078,1,5_9,1.871e-05
620,2079,1,5_9,1.849e-05
620,2080,1,5_9,1.826e-05
620,2081,1,5_9,1.804e-05
620,2082,1,5_9,1.782e-05
620,2083,1,5_9,1.76e-05
620,2084,1,5_9,1.747e-05
620,2085,1,5_9,1.727e-05
620,2086,1,5_9,1.707e-05
620,2087,1,5_9,1.688e-05
620,2088,1,5_9,1.667e-05
620,2089,1,5_9,1.649e-05
620,2090,1,5_9,1.63e-05
620,2091,1,5_9,1.612e-05
620,2092,1,5_9,1.595e-05
620,2093,1,5_9,1.577e-05
620,2094,1,5_9,1.567e-05
620,2095,1,5_9,1.544e-05
620,2096,1,5_9,1.528e-05
620,2097,1,5_9,1.512e-05
620,2098,1,5_9,1.491e-05
620,2099,1,5_9,1.478e-05
620,2100,1,5_9,1.46e-05
674,2024,1,5_9,3.362e-05
674,2025,1,5_9,3.321e-05
674,2026,1,5_9,3.282e-05
674,2027,1,5_9,3.24e-05
674,2028,1,5_9,3.196e-05
674,2029,1,5_9,3.16e-05
674,2030,1,5_9,3.12e-05
674,2031,1,5_9,3.089e-05
674,2032,1,5_9,3.058e-05
674,2033,1,5_9,3.029e-05
674,2034,1,5_9,2.988e-05
674,2035,1,5_9,2.958e-05
674,2036,1,5_9,2.929e-05
674,2037,1,5_9,2.898e-05
674,2038,1,5_9,2.865e-05
674,2039,1,5_9,2.837e-05
674,2040,1,5_9,2.811e-05
674,2041,1,5_9,2.779e-05
674,2042,1,5_9,2.749e-05
674,2043,1,5_9,2.721e-05
674,2044,1,5_9,2.695e-05
674,2045,1,5_9,2.669e-05
674,2046,1,5_9,2.639e-05
674,2047,1,5_9,2.606e-05
674,2048,1,5_9,2.58e-05
674,2049,1,5_9,2.556e-05
674,2050,1,5_9,2.533e-05
674,2051,1,5_9,2.512e-05
674,2052,1,5_9,2.487e-05
674,2053,1,5_9,2.461e-05
674,2054,1,5_9,2.439e-05
674,2055,1,5_9,2.409e-05
674,2056,1,5_9,2.387e-05
674,2057,1,5_9,2.369e-05
674,2058,1,5_9,2.347e-05
674,2059,1,5_9,2.328e-05
674,2060,1,5_9,2.305e-05
674,2061,1,5_9,2.285e-05
674,2062,1,5_9,2.264e-05
674,2063,1,5_9,2.239e-05
674,2064,1,5_9,2.218e-05
674,2065,1,5_9,2.198e-05
674,2066,1,5_9,2.177e-05
674,2067,1,5_9,2.156e-05
674,2068,1,5_9,2.138e-05
674,2069,1,5_9,2.117e-05
674,2070,1,5_9,2.097e-05
674,2071,1,5_9,2.075e-05
674,2072,1,5_9,2.054e-05
674,2073,1,5_9,2.033e-05
674,2074,1,5_9,2.011e-05
674,2075,1,5_9,1.99e-05
674,2076,1,5_9,1.969e-05
674,2077,1,5_9,1.951e-05
674,2078,1,5_9,1.936e-05
674,2079,1,5_9,1.917e-05
674,2080,1,5_9,1.9e-05
674,2081,1,5_9,1.886e-05
674,2082,1,5_9,1.87e-05
674,2083,1,5_9,1.853e-05
674,2084,1,5_9,1.836e-05
674,2085,1,5_9,1.819e-05
674,2086,1,5_9,1.807e-05
674,2087,1,5_9,1.789e-05
674,2088,1,5_9,1.773e-05
674,2089,1,5_9,1.756e-05
674,2090,1,5_9,1.738e-05
674,2091,1,5_9,1.722e-05
674,2092,1,5_9,1.704e-05
674,2093,1,5_9,1.687e-05
674,2094,1,5_9,1.669e-05
674,2095,1,5_9,1.651e-05
674,2096,1,5_9,1.641e-05
674,2097,1,5_9,1.623e-05
674,2098,1,5_9,1.605e-05
674,2099,1,5_9,1.586e-05
674,2100,1,5_9,1.568e-05
688,2024,1,5_9,0.00011352
688,2025,1,5_9,0.00011012
688,2026,1,5_9,0.00010689
688,2027,1,5_9,0.00010399
688,2028,1,5_9,0.00010094
688,2029,1,5_9,9.795e-05
688,2030,1,5_9,9.495e-05
688,2031,1,5_9,9.231e-05
688,2032,1,5_9,8.964e-05
688,2033,1,5_9,8.722e-05
688,2034,1,5_9,8.486e-05
688,2035,1,5_9,8.253e-05
688,2036,1,5_9,8.027e-05
688,2037,1,5_9,7.791e-05
688,2038,1,5_9,7.577e-05
688,2039,1,5_9,7.36e-05
688,2040,1,5_9,7.136e-05
688,2041,1,5_9,6.94e-05
688,2042,1,5_9,6.737e-05
688,2043,1,5_9,6.541e-05
688,2044,1,5_9,6.359e-05
688,2045,1,5_9,6.176e-05
688,2046,1,5_9,5.998e-05
688,2047,1,5_9,5.823e-05
688,2048,1,5_9,5.654e-05
688,2049,1,5_9,5.498e-05
688,2050,1,5_9,5.341e-05
688,2051,1,5_9,5.201e-05
688,2052,1,5_9,5.055e-05
688,2053,1,5_9,4.915e-05
688,2054,1,5_9,4.783e-05
688,2055,1,5_9,4.658e-05
688,2056,1,5_9,4.536e-05
688,2057,1,5_9,4.429e-05
688,2058,1,5_9,4.316e-05
688,2059,1,5_9,4.215e-05
688,2060,1,5_9,4.123e-05
688,2061,1,5_9,4.031e-05
688,2062,1,5_9,3.941e-05
688,2063,1,5_9,3.852e-05
688,2064,1,5_9,3.768e-05
688,2065,1,5_9,3.691e-05
688,2066,1,5_9,3.608e-05
688,2067,1,5_9,3.53e-05
688,2068,1,5_9,3.455e-05
688,2069,1,5_9,3.386e-05
688,2070,1,5_9,3.318e-05
688,2071,1,5_9,3.25e-05
688,2072,1,5_9,3.187e-05
688,2073,1,5_9,3.12e-05
688,2074,1,5_9,3.061e-05
688,2075,1,5_9,3.004e-05
688,2076,1,5_9,2.944e-05
688,2077,1,5_9,2.888e-05
688,2078,1,5_9,2.831e-05
688,2079,1,5_9,2.776e-05
688,2080,1,5_9,2.72e-05
688,2081,1,5_9,2.666e-05
688,2082,1,5_9,2.615e-05
688,2083,1,5_9,2.565e-05
688,2084,1,5_9,2.513e-05
688,2085,1,5_9,2.462e-05
688,2086,1,5_9,2.421e-05
688,2087,1,5_9,2.371e-05
688,2088,1,5_9,2.329e-05
688,2089,1,5_9,2.292e-05
688,2090,1,5_9,2.251e-05
688,2091,1,5_9,2.213e-05
688,2092,1,5_9,2.174e-05
688,2093,1,5_9,2.134e-05
688,2094,1,5_9,2.1e-05
688,2095,1,5_9,2.063e-05
688,2096,1,5_9,2.029e-05
688,2097,1,5_9,1.993e-05
688,2098,1,5_9,1.961e-05
688,2099,1,5_9,1.931e-05
688,2100,1,5_9,1.896e-05
705,2024,1,5_9,4.469e-05
705,2025,1,5_9,4.281e-05
705,2026,1,5_9,4.103e-05
705,2027,1,5_9,3.934e-05
705,2028,1,5_9,3.786e-05
705,2029,1,5_9,3.634e-05
705,2030,1,5_9,3.52e-05
705,2031,1,5_9,3.391e-05
705,2032,1,5_9,3.287e-05
705,2033,1,5_9,3.169e-05
705,2034,1,5_9,3.074e-05
705,2035,1,5_9,2.983e-05
705,2036,1,5_9,2.895e-05
705,2037,1,5_9,2.811e-05
705,2038,1,5_9,2.73e-05
705,2039,1,5_9,2.667e-05
705,2040,1,5_9,2.598e-05
705,2041,1,5_9,2.531e-05
705,2042,1,5_9,2.474e-05
705,2043,1,5_9,2.418e-05
705,2044,1,5_9,2.364e-05
705,2045,1,5_9,2.312e-05
705,2046,1,5_9,2.262e-05
705,2047,1,5_9,2.218e-05
705,2048,1,5_9,2.171e-05
705,2049,1,5_9,2.13e-05
705,2050,1,5_9,2.09e-05
705,2051,1,5_9,2.051e-05
705,2052,1,5_9,2.009e-05
705,2053,1,5_9,1.972e-05
705,2054,1,5_9,1.937e-05
705,2055,1,5_9,1.898e-05
705,2056,1,5_9,1.869e-05
705,2057,1,5_9,1.841e-05
705,2058,1,5_9,1.808e-05
705,2059,1,5_9,1.777e-05
705,2060,1,5_9,1.751e-05
705,2061,1,5_9,1.718e-05
705,2062,1,5_9,1.693e-05
705,2063,1,5_9,1.669e-05
705,2064,1,5_9,1.645e-05
705,2065,1,5_9,1.618e-05
705,2066,1,5_9,1.592e-05
705,2067,1,5_9,1.571e-05
705,2068,1,5_9,1.549e-05
705,2069,1,5_9,1.524e-05
705,2070,1,5_9,1.507e-05
705,2071,1,5_9,1.486e-05
705,2072,1,5_9,1.467e-05
705,2073,1,5_9,1.447e-05
705,2074,1,5_9,1.429e-05
705,2075,1,5_9,1.41e-05
705,2076,1,5_9,1.392e-05
705,2077,1,5_9,1.375e-05
705,2078,1,5_9,1.357e-05
705,2079,1,5_9,1.337e-05
705,2080,1,5_9,1.321e-05
705,2081,1,5_9,1.305e-05
705,2082,1,5_9,1.291e-05
705,2083,1,5_9,1.276e-05
705,2084,1,5_9,1.26e-05
705,2085,1,5_9,1.245e-05
705,2086,1,5_9,1.228e-05
705,2087,1,5_9,1.216e-05
705,2088,1,5_9,1.202e-05
705,2089,1,5_9,1.187e-05
705,2090,1,5_9,1.174e-05
705,2091,1,5_9,1.16e-05
705,2092,1,5_9,1.147e-05
705,2093,1,5_9,1.134e-05
705,2094,1,5_9,1.123e-05
705,2095,1,5_9,1.113e-05
705,2096,1,5_9,1.1e-05
705,2097,1,5_9,1.088e-05
705,2098,1,5_9,1.076e-05
705,2099,1,5_9,1.064e-05
705,2100,1,5_9,1.056e-05
724,2024,1,5_9,6.181e-05
724,2025,1,5_9,6.001e-05
724,2026,1,5_9,5.86e-05
724,2027,1,5_9,5.693e-05
724,2028,1,5_9,5.562e-05
724,2029,1,5_9,5.421e-05
724,2030,1,5_9,5.285e-05
724,2031,1,5_9,5.167e-05
724,2032,1,5_9,5.053e-05
724,2033,1,5_9,4.93e-05
724,2034,1,5_9,4.835e-05
724,2035,1,5_9,4.743e-05
724,2036,1,5_9,4.642e-05
724,2037,1,5_9,4.543e-05
724,2038,1,5_9,4.46e-05
724,2039,1,5_9,4.367e-05
724,2040,1,5_9,4.278e-05
724,2041,1,5_9,4.201e-05
724,2042,1,5_9,4.107e-05
724,2043,1,5_9,4.035e-05
724,2044,1,5_9,3.964e-05
724,2045,1,5_9,3.877e-05
724,2046,1,5_9,3.811e-05
724,2047,1,5_9,3.746e-05
724,2048,1,5_9,3.684e-05
724,2049,1,5_9,3.614e-05
724,2050,1,5_9,3.554e-05
724,2051,1,5_9,3.487e-05
724,2052,1,5_9,3.432e-05
724,2053,1,5_9,3.369e-05
724,2054,1,5_9,3.308e-05
724,2055,1,5_9,3.256e-05
724,2056,1,5_9,3.199e-05
724,2057,1,5_9,3.142e-05
724,2058,1,5_9,3.094e-05
724,2059,1,5_9,3.046e-05
724,2060,1,5_9,3.001e-05
724,2061,1,5_9,2.955e-05
724,2062,1,5_9,2.905e-05
724,2063,1,5_9,2.869e-05
724,2064,1,5_9,2.814e-05
724,2065,1,5_9,2.774e-05
724,2066,1,5_9,2.734e-05
724,2067,1,5_9,2.695e-05
724,2068,1,5_9,2.657e-05
724,2069,1,5_9,2.614e-05
724,2070,1,5_9,2.577e-05
724,2071,1,5_9,2.536e-05
724,2072,1,5_9,2.497e-05
724,2073,1,5_9,2.458e-05
724,2074,1,5_9,2.424e-05
724,2075,1,5_9,2.391e-05
724,2076,1,5_9,2.36e-05
724,2077,1,5_9,2.319e-05
724,2078,1,5_9,2.289e-05
724,2079,1,5_9,2.259e-05
724,2080,1,5_9,2.229e-05
724,2081,1,5_9,2.201e-05
724,2082,1,5_9,2.163e-05
724,2083,1,5_9,2.136e-05
724,2084,1,5_9,2.101e-05
724,2085,1,5_9,2.075e-05
724,2086,1,5_9,2.041e-05
724,2087,1,5_9,2.008e-05
724,2088,1,5_9,1.983e-05
724,2089,1,5_9,1.959e-05
724,2090,1,5_9,1.934e-05
724,2091,1,5_9,1.903e-05
724,2092,1,5_9,1.873e-05
724,2093,1,5_9,1.85e-05
724,2094,1,5_9,1.821e-05
724,2095,1,5_9,1.8e-05
724,2096,1,5_9,1.771e-05
724,2097,1,5_9,1.75e-05
724,2098,1,5_9,1.724e-05
724,2099,1,5_9,1.698e-05
724,2100,1,5_9,1.672e-05
40,2024,1,5_9,6.141e-05
40,2025,1,5_9,5.891e-05
40,2026,1,5_9,5.671e-05
40,2027,1,5_9,5.446e-05
40,2028,1,5_9,5.232e-05
40,2029,1,5_9,5.043e-05
40,2030,1,5_9,4.863e-05
40,2031,1,5_9,4.705e-05
40,2032,1,5_9,4.553e-05
40,2033,1,5_9,4.408e-05
40,2034,1,5_9,4.293e-05
40,2035,1,5_9,4.158e-05
40,2036,1,5_9,4.041e-05
40,2037,1,5_9,3.928e-05
40,2038,1,5_9,3.818e-05
40,2039,1,5_9,3.723e-05
40,2040,1,5_9,3.622e-05
40,2041,1,5_9,3.533e-05
40,2042,1,5_9,3.447e-05
40,2043,1,5_9,3.374e-05
40,2044,1,5_9,3.302e-05
40,2045,1,5_9,3.223e-05
40,2046,1,5_9,3.148e-05
40,2047,1,5_9,3.084e-05
40,2048,1,5_9,3.013e-05
40,2049,1,5_9,2.953e-05
40,2050,1,5_9,2.886e-05
40,2051,1,5_9,2.828e-05
40,2052,1,5_9,2.772e-05
40,2053,1,5_9,2.712e-05
40,2054,1,5_9,2.666e-05
40,2055,1,5_9,2.608e-05
40,2056,1,5_9,2.565e-05
40,2057,1,5_9,2.51e-05
40,2058,1,5_9,2.469e-05
40,2059,1,5_9,2.428e-05
40,2060,1,5_9,2.378e-05
40,2061,1,5_9,2.329e-05
40,2062,1,5_9,2.292e-05
40,2063,1,5_9,2.256e-05
40,2064,1,5_9,2.22e-05
40,2065,1,5_9,2.181e-05
40,2066,1,5_9,2.143e-05
40,2067,1,5_9,2.111e-05
40,2068,1,5_9,2.069e-05
40,2069,1,5_9,2.038e-05
40,2070,1,5_9,1.998e-05
40,2071,1,5_9,1.969e-05
40,2072,1,5_9,1.94e-05
40,2073,1,5_9,1.903e-05
40,2074,1,5_9,1.876e-05
40,2075,1,5_9,1.842e-05
40,2076,1,5_9,1.815e-05
40,2077,1,5_9,1.786e-05
40,2078,1,5_9,1.757e-05
40,2079,1,5_9,1.733e-05
40,2080,1,5_9,1.708e-05
40,2081,1,5_9,1.677e-05
40,2082,1,5_9,1.652e-05
40,2083,1,5_9,1.625e-05
40,2084,1,5_9,1.604e-05
40,2085,1,5_9,1.576e-05
40,2086,1,5_9,1.555e-05
40,2087,1,5_9,1.534e-05
40,2088,1,5_9,1.508e-05
40,2089,1,5_9,1.488e-05
40,2090,1,5_9,1.469e-05
40,2091,1,5_9,1.45e-05
40,2092,1,5_9,1.425e-05
40,2093,1,5_9,1.407e-05
40,2094,1,5_9,1.383e-05
40,2095,1,5_9,1.364e-05
40,2096,1,5_9,1.344e-05
40,2097,1,5_9,1.322e-05
40,2098,1,5_9,1.3e-05
40,2099,1,5_9,1.279e-05
40,2100,1,5_9,1.264e-05
56,2024,1,5_9,6.966e-05
56,2025,1,5_9,6.743e-05
56,2026,1,5_9,6.528e-05
56,2027,1,5_9,6.322e-05
56,2028,1,5_9,6.125e-05
56,2029,1,5_9,5.936e-05
56,2030,1,5_9,5.754e-05
56,2031,1,5_9,5.595e-05
56,2032,1,5_9,5.441e-05
56,2033,1,5_9,5.307e-05
56,2034,1,5_9,5.177e-05
56,2035,1,5_9,5.052e-05
56,2036,1,5_9,4.931e-05
56,2037,1,5_9,4.801e-05
56,2038,1,5_9,4.688e-05
56,2039,1,5_9,4.59e-05
56,2040,1,5_9,4.483e-05
56,2041,1,5_9,4.392e-05
56,2042,1,5_9,4.302e-05
56,2043,1,5_9,4.215e-05
56,2044,1,5_9,4.131e-05
56,2045,1,5_9,4.039e-05
56,2046,1,5_9,3.969e-05
56,2047,1,5_9,3.901e-05
56,2048,1,5_9,3.824e-05
56,2049,1,5_9,3.751e-05
56,2050,1,5_9,3.68e-05
56,2051,1,5_9,3.619e-05
56,2052,1,5_9,3.559e-05
56,2053,1,5_9,3.493e-05
56,2054,1,5_9,3.436e-05
56,2055,1,5_9,3.381e-05
56,2056,1,5_9,3.327e-05
56,2057,1,5_9,3.274e-05
56,2058,1,5_9,3.222e-05
56,2059,1,5_9,3.173e-05
56,2060,1,5_9,3.116e-05
56,2061,1,5_9,3.075e-05
56,2062,1,5_9,3.028e-05
56,2063,1,5_9,2.982e-05
56,2064,1,5_9,2.937e-05
56,2065,1,5_9,2.894e-05
56,2066,1,5_9,2.85e-05
56,2067,1,5_9,2.814e-05
56,2068,1,5_9,2.773e-05
56,2069,1,5_9,2.733e-05
56,2070,1,5_9,2.694e-05
56,2071,1,5_9,2.65e-05
56,2072,1,5_9,2.618e-05
56,2073,1,5_9,2.581e-05
56,2074,1,5_9,2.549e-05
56,2075,1,5_9,2.514e-05
56,2076,1,5_9,2.479e-05
56,2077,1,5_9,2.445e-05
56,2078,1,5_9,2.411e-05
56,2079,1,5_9,2.379e-05
56,2080,1,5_9,2.347e-05
56,2081,1,5_9,2.315e-05
56,2082,1,5_9,2.284e-05
56,2083,1,5_9,2.254e-05
56,2084,1,5_9,2.225e-05
56,2085,1,5_9,2.187e-05
56,2086,1,5_9,2.159e-05
56,2087,1,5_9,2.131e-05
56,2088,1,5_9,2.104e-05
56,2089,1,5_9,2.077e-05
56,2090,1,5_9,2.051e-05
56,2091,1,5_9,2.024e-05
56,2092,1,5_9,1.999e-05
56,2093,1,5_9,1.974e-05
56,2094,1,5_9,1.949e-05
56,2095,1,5_9,1.918e-05
56,2096,1,5_9,1.894e-05
56,2097,1,5_9,1.864e-05
56,2098,1,5_9,1.848e-05
56,2099,1,5_9,1.822e-05
56,2100,1,5_9,1.797e-05
250,2024,1,5_9,6.817e-05
250,2025,1,5_9,6.684e-05
250,2026,1,5_9,6.555e-05
250,2027,1,5_9,6.429e-05
250,2028,1,5_9,6.306e-05
250,2029,1,5_9,6.187e-05
250,2030,1,5_9,6.07e-05
250,2031,1,5_9,5.972e-05
250,2032,1,5_9,5.861e-05
250,2033,1,5_9,5.768e-05
250,2034,1,5_9,5.676e-05
250,2035,1,5_9,5.587e-05
250,2036,1,5_9,5.488e-05
250,2037,1,5_9,5.39e-05
250,2038,1,5_9,5.295e-05
250,2039,1,5_9,5.215e-05
250,2040,1,5_9,5.137e-05
250,2041,1,5_9,5.048e-05
250,2042,1,5_9,4.973e-05
250,2043,1,5_9,4.9e-05
250,2044,1,5_9,4.829e-05
250,2045,1,5_9,4.759e-05
250,2046,1,5_9,4.69e-05
250,2047,1,5_9,4.624e-05
250,2048,1,5_9,4.549e-05
250,2049,1,5_9,4.485e-05
250,2050,1,5_9,4.423e-05
250,2051,1,5_9,4.362e-05
250,2052,1,5_9,4.303e-05
250,2053,1,5_9,4.245e-05
250,2054,1,5_9,4.188e-05
250,2055,1,5_9,4.123e-05
250,2056,1,5_9,4.069e-05
250,2057,1,5_9,4.015e-05
250,2058,1,5_9,3.971e-05
250,2059,1,5_9,3.911e-05
250,2060,1,5_9,3.862e-05
250,2061,1,5_9,3.812e-05
250,2062,1,5_9,3.764e-05
250,2063,1,5_9,3.717e-05
250,2064,1,5_9,3.663e-05
250,2065,1,5_9,3.626e-05
250,2066,1,5_9,3.573e-05
250,2067,1,5_9,3.538e-05
250,2068,1,5_9,3.488e-05
250,2069,1,5_9,3.439e-05
250,2070,1,5_9,3.405e-05
250,2071,1,5_9,3.359e-05
250,2072,1,5_9,3.319e-05
250,2073,1,5_9,3.28e-05
250,2074,1,5_9,3.242e-05
250,2075,1,5_9,3.204e-05
250,2076,1,5_9,3.167e-05
250,2077,1,5_9,3.131e-05
250,2078,1,5_9,3.095e-05
250,2079,1,5_9,3.06e-05
250,2080,1,5_9,3.031e-05
250,2081,1,5_9,2.992e-05
250,2082,1,5_9,2.959e-05
250,2083,1,5_9,2.927e-05
250,2084,1,5_9,2.889e-05
250,2085,1,5_9,2.858e-05
250,2086,1,5_9,2.827e-05
250,2087,1,5_9,2.791e-05
250,2088,1,5_9,2.767e-05
250,2089,1,5_9,2.733e-05
250,2090,1,5_9,2.699e-05
250,2091,1,5_9,2.671e-05
250,2092,1,5_9,2.643e-05
250,2093,1,5_9,2.611e-05
250,2094,1,5_9,2.579e-05
250,2095,1,5_9,2.553e-05
250,2096,1,5_9,2.527e-05
250,2097,1,5_9,2.497e-05
250,2098,1,5_9,2.467e-05
250,2099,1,5_9,2.438e-05
250,2100,1,5_9,2.409e-05
276,2024,1,5_9,7.613e-05
276,2025,1,5_9,7.336e-05
276,2026,1,5_9,7.072e-05
276,2027,1,5_9,6.84e-05
276,2028,1,5_9,6.599e-05
276,2029,1,5_9,6.387e-05
276,2030,1,5_9,6.183e-05
276,2031,1,5_9,5.989e-05
276,2032,1,5_9,5.802e-05
276,2033,1,5_9,5.623e-05
276,2034,1,5_9,5.465e-05
276,2035,1,5_9,5.313e-05
276,2036,1,5_9,5.168e-05
276,2037,1,5_9,5.027e-05
276,2038,1,5_9,4.905e-05
276,2039,1,5_9,4.786e-05
276,2040,1,5_9,4.672e-05
276,2041,1,5_9,4.561e-05
276,2042,1,5_9,4.454e-05
276,2043,1,5_9,4.35e-05
276,2044,1,5_9,4.26e-05
276,2045,1,5_9,4.174e-05
276,2046,1,5_9,4.089e-05
276,2047,1,5_9,4.007e-05
276,2048,1,5_9,3.918e-05
276,2049,1,5_9,3.841e-05
276,2050,1,5_9,3.767e-05
276,2051,1,5_9,3.684e-05
276,2052,1,5_9,3.622e-05
276,2053,1,5_9,3.562e-05
276,2054,1,5_9,3.504e-05
276,2055,1,5_9,3.43e-05
276,2056,1,5_9,3.367e-05
276,2057,1,5_9,3.305e-05
276,2058,1,5_9,3.252e-05
276,2059,1,5_9,3.201e-05
276,2060,1,5_9,3.151e-05
276,2061,1,5_9,3.102e-05
276,2062,1,5_9,3.054e-05
276,2063,1,5_9,3.007e-05
276,2064,1,5_9,2.962e-05
276,2065,1,5_9,2.911e-05
276,2066,1,5_9,2.868e-05
276,2067,1,5_9,2.831e-05
276,2068,1,5_9,2.79e-05
276,2069,1,5_9,2.749e-05
276,2070,1,5_9,2.709e-05
276,2071,1,5_9,2.671e-05
276,2072,1,5_9,2.633e-05
276,2073,1,5_9,2.595e-05
276,2074,1,5_9,2.554e-05
276,2075,1,5_9,2.524e-05
276,2076,1,5_9,2.489e-05
276,2077,1,5_9,2.454e-05
276,2078,1,5_9,2.421e-05
276,2079,1,5_9,2.388e-05
276,2080,1,5_9,2.362e-05
276,2081,1,5_9,2.33e-05
276,2082,1,5_9,2.304e-05
276,2083,1,5_9,2.274e-05
276,2084,1,5_9,2.243e-05
276,2085,1,5_9,2.214e-05
276,2086,1,5_9,2.186e-05
276,2087,1,5_9,2.162e-05
276,2088,1,5_9,2.134e-05
276,2089,1,5_9,2.103e-05
276,2090,1,5_9,2.085e-05
276,2091,1,5_9,2.06e-05
276,2092,1,5_9,2.025e-05
276,2093,1,5_9,2.009e-05
276,2094,1,5_9,1.984e-05
276,2095,1,5_9,1.959e-05
276,2096,1,5_9,1.935e-05
276,2097,1,5_9,1.911e-05
276,2098,1,5_9,1.889e-05
276,2099,1,5_9,1.866e-05
276,2100,1,5_9,1.843e-05
438,2024,1,5_9,0.00010783
438,2025,1,5_9,0.00010512
438,2026,1,5_9,0.00010309
438,2027,1,5_9,0.00010063
438,2028,1,5_9,9.897e-05
438,2029,1,5_9,9.676e-05
438,2030,1,5_9,9.51e-05
438,2031,1,5_9,9.344e-05
438,2032,1,5_9,9.178e-05
438,2033,1,5_9,9.012e-05
438,2034,1,5_9,8.846e-05
438,2035,1,5_9,8.681e-05
438,2036,1,5_9,8.515e-05
438,2037,1,5_9,8.404e-05
438,2038,1,5_9,8.238e-05
438,2039,1,5_9,8.072e-05
438,2040,1,5_9,7.907e-05
438,2041,1,5_9,7.741e-05
438,2042,1,5_9,7.63e-05
438,2043,1,5_9,7.464e-05
438,2044,1,5_9,7.377e-05
438,2045,1,5_9,7.245e-05
438,2046,1,5_9,7.114e-05
438,2047,1,5_9,7.026e-05
438,2048,1,5_9,6.894e-05
438,2049,1,5_9,6.807e-05
438,2050,1,5_9,6.719e-05
438,2051,1,5_9,6.587e-05
438,2052,1,5_9,6.5e-05
438,2053,1,5_9,6.412e-05
438,2054,1,5_9,6.281e-05
438,2055,1,5_9,6.193e-05
438,2056,1,5_9,6.061e-05
438,2057,1,5_9,5.974e-05
438,2058,1,5_9,5.886e-05
438,2059,1,5_9,5.755e-05
438,2060,1,5_9,5.667e-05
438,2061,1,5_9,5.579e-05
438,2062,1,5_9,5.491e-05
438,2063,1,5_9,5.404e-05
438,2064,1,5_9,5.282e-05
438,2065,1,5_9,5.215e-05
438,2066,1,5_9,5.147e-05
438,2067,1,5_9,5.046e-05
438,2068,1,5_9,4.979e-05
438,2069,1,5_9,4.911e-05
438,2070,1,5_9,4.844e-05
438,2071,1,5_9,4.776e-05
438,2072,1,5_9,4.675e-05
438,2073,1,5_9,4.608e-05
438,2074,1,5_9,4.54e-05
438,2075,1,5_9,4.473e-05
438,2076,1,5_9,4.405e-05
438,2077,1,5_9,4.338e-05
438,2078,1,5_9,4.27e-05
438,2079,1,5_9,4.203e-05
438,2080,1,5_9,4.102e-05
438,2081,1,5_9,4.034e-05
438,2082,1,5_9,3.967e-05
438,2083,1,5_9,3.899e-05
438,2084,1,5_9,3.832e-05
438,2085,1,5_9,3.764e-05
438,2086,1,5_9,3.697e-05
438,2087,1,5_9,3.638e-05
438,2088,1,5_9,3.588e-05
438,2089,1,5_9,3.538e-05
438,2090,1,5_9,3.487e-05
438,2091,1,5_9,3.437e-05
438,2092,1,5_9,3.387e-05
438,2093,1,5_9,3.337e-05
438,2094,1,5_9,3.286e-05
438,2095,1,5_9,3.236e-05
438,2096,1,5_9,3.186e-05
438,2097,1,5_9,3.136e-05
438,2098,1,5_9,3.085e-05
438,2099,1,5_9,3.035e-05
438,2100,1,5_9,2.985e-05
442,2024,1,5_9,4.508e-05
442,2025,1,5_9,4.402e-05
442,2026,1,5_9,4.288e-05
442,2027,1,5_9,4.178e-05
442,2028,1,5_9,4.062e-05
442,2029,1,5_9,3.968e-05
442,2030,1,5_9,3.868e-05
442,2031,1,5_9,3.772e-05
442,2032,1,5_9,3.669e-05
442,2033,1,5_9,3.587e-05
442,2034,1,5_9,3.499e-05
442,2035,1,5_9,3.414e-05
442,2036,1,5_9,3.339e-05
442,2037,1,5_9,3.259e-05
442,2038,1,5_9,3.18e-05
442,2039,1,5_9,3.119e-05
442,2040,1,5_9,3.052e-05
442,2041,1,5_9,2.98e-05
442,2042,1,5_9,2.923e-05
442,2043,1,5_9,2.862e-05
442,2044,1,5_9,2.808e-05
442,2045,1,5_9,2.749e-05
442,2046,1,5_9,2.704e-05
442,2047,1,5_9,2.647e-05
442,2048,1,5_9,2.598e-05
442,2049,1,5_9,2.551e-05
442,2050,1,5_9,2.504e-05
442,2051,1,5_9,2.458e-05
442,2052,1,5_9,2.419e-05
442,2053,1,5_9,2.37e-05
442,2054,1,5_9,2.333e-05
442,2055,1,5_9,2.296e-05
442,2056,1,5_9,2.251e-05
442,2057,1,5_9,2.216e-05
442,2058,1,5_9,2.182e-05
442,2059,1,5_9,2.139e-05
442,2060,1,5_9,2.106e-05
442,2061,1,5_9,2.074e-05
442,2062,1,5_9,2.042e-05
442,2063,1,5_9,2.006e-05
442,2064,1,5_9,1.972e-05
442,2065,1,5_9,1.942e-05
442,2066,1,5_9,1.913e-05
442,2067,1,5_9,1.881e-05
442,2068,1,5_9,1.853e-05
442,2069,1,5_9,1.829e-05
442,2070,1,5_9,1.795e-05
442,2071,1,5_9,1.768e-05
442,2072,1,5_9,1.743e-05
442,2073,1,5_9,1.717e-05
442,2074,1,5_9,1.693e-05
442,2075,1,5_9,1.665e-05
442,2076,1,5_9,1.641e-05
442,2077,1,5_9,1.614e-05
442,2078,1,5_9,1.591e-05
442,2079,1,5_9,1.568e-05
442,2080,1,5_9,1.546e-05
442,2081,1,5_9,1.518e-05
442,2082,1,5_9,1.497e-05
442,2083,1,5_9,1.476e-05
442,2084,1,5_9,1.455e-05
442,2085,1,5_9,1.435e-05
442,2086,1,5_9,1.415e-05
442,2087,1,5_9,1.39e-05
442,2088,1,5_9,1.366e-05
442,2089,1,5_9,1.347e-05
442,2090,1,5_9,1.329e-05
442,2091,1,5_9,1.308e-05
442,2092,1,5_9,1.287e-05
442,2093,1,5_9,1.27e-05
442,2094,1,5_9,1.253e-05
442,2095,1,5_9,1.231e-05
442,2096,1,5_9,1.215e-05
442,2097,1,5_9,1.198e-05
442,2098,1,5_9,1.178e-05
442,2099,1,5_9,1.158e-05
442,2100,1,5_9,1.142e-05
492,2024,1,5_9,7.849e-05
492,2025,1,5_9,7.706e-05
492,2026,1,5_9,7.545e-05
492,2027,1,5_9,7.417e-05
492,2028,1,5_9,7.276e-05
492,2029,1,5_9,7.14e-05
492,2030,1,5_9,7.022e-05
492,2031,1,5_9,6.896e-05
492,2032,1,5_9,6.777e-05
492,2033,1,5_9,6.659e-05
492,2034,1,5_9,6.54e-05
492,2035,1,5_9,6.424e-05
492,2036,1,5_9,6.312e-05
492,2037,1,5_9,6.194e-05
492,2038,1,5_9,6.073e-05
492,2039,1,5_9,5.968e-05
492,2040,1,5_9,5.867e-05
492,2041,1,5_9,5.761e-05
492,2042,1,5_9,5.661e-05
492,2043,1,5_9,5.57e-05
492,2044,1,5_9,5.473e-05
492,2045,1,5_9,5.381e-05
492,2046,1,5_9,5.291e-05
492,2047,1,5_9,5.194e-05
492,2048,1,5_9,5.106e-05
492,2049,1,5_9,5.015e-05
492,2050,1,5_9,4.922e-05
492,2051,1,5_9,4.838e-05
492,2052,1,5_9,4.758e-05
492,2053,1,5_9,4.674e-05
492,2054,1,5_9,4.597e-05
492,2055,1,5_9,4.523e-05
492,2056,1,5_9,4.45e-05
492,2057,1,5_9,4.378e-05
492,2058,1,5_9,4.306e-05
492,2059,1,5_9,4.237e-05
492,2060,1,5_9,4.167e-05
492,2061,1,5_9,4.098e-05
492,2062,1,5_9,4.026e-05
492,2063,1,5_9,3.961e-05
492,2064,1,5_9,3.886e-05
492,2065,1,5_9,3.818e-05
492,2066,1,5_9,3.753e-05
492,2067,1,5_9,3.689e-05
492,2068,1,5_9,3.625e-05
492,2069,1,5_9,3.564e-05
492,2070,1,5_9,3.504e-05
492,2071,1,5_9,3.442e-05
492,2072,1,5_9,3.385e-05
492,2073,1,5_9,3.33e-05
492,2074,1,5_9,3.273e-05
492,2075,1,5_9,3.217e-05
492,2076,1,5_9,3.16e-05
492,2077,1,5_9,3.108e-05
492,2078,1,5_9,3.058e-05
492,2079,1,5_9,3.009e-05
492,2080,1,5_9,2.962e-05
492,2081,1,5_9,2.918e-05
492,2082,1,5_9,2.873e-05
492,2083,1,5_9,2.829e-05
492,2084,1,5_9,2.786e-05
492,2085,1,5_9,2.74e-05
492,2086,1,5_9,2.695e-05
492,2087,1,5_9,2.653e-05
492,2088,1,5_9,2.614e-05
492,2089,1,5_9,2.571e-05
492,2090,1,5_9,2.529e-05
492,2091,1,5_9,2.489e-05
492,2092,1,5_9,2.447e-05
492,2093,1,5_9,2.41e-05
492,2094,1,5_9,2.37e-05
492,2095,1,5_9,2.33e-05
492,2096,1,5_9,2.291e-05
492,2097,1,5_9,2.254e-05
492,2098,1,5_9,2.214e-05
492,2099,1,5_9,2.176e-05
492,2100,1,5_9,2.137e-05
528,2024,1,5_9,5.15e-05
528,2025,1,5_9,4.948e-05
528,2026,1,5_9,4.723e-05
528,2027,1,5_9,4.542e-05
528,2028,1,5_9,4.355e-05
528,2029,1,5_9,4.177e-05
528,2030,1,5_9,4.023e-05
528,2031,1,5_9,3.875e-05
528,2032,1,5_9,3.723e-05
528,2033,1,5_9,3.578e-05
528,2034,1,5_9,3.452e-05
528,2035,1,5_9,3.331e-05
528,2036,1,5_9,3.216e-05
528,2037,1,5_9,3.116e-05
528,2038,1,5_9,3.001e-05
528,2039,1,5_9,2.919e-05
528,2040,1,5_9,2.823e-05
528,2041,1,5_9,2.73e-05
528,2042,1,5_9,2.658e-05
528,2043,1,5_9,2.588e-05
528,2044,1,5_9,2.506e-05
528,2045,1,5_9,2.442e-05
528,2046,1,5_9,2.38e-05
528,2047,1,5_9,2.307e-05
528,2048,1,5_9,2.25e-05
528,2049,1,5_9,2.195e-05
528,2050,1,5_9,2.142e-05
528,2051,1,5_9,2.085e-05
528,2052,1,5_9,2.029e-05
528,2053,1,5_9,1.982e-05
528,2054,1,5_9,1.936e-05
528,2055,1,5_9,1.897e-05
528,2056,1,5_9,1.859e-05
528,2057,1,5_9,1.812e-05
528,2058,1,5_9,1.776e-05
528,2059,1,5_9,1.736e-05
528,2060,1,5_9,1.708e-05
528,2061,1,5_9,1.671e-05
528,2062,1,5_9,1.635e-05
528,2063,1,5_9,1.6e-05
528,2064,1,5_9,1.567e-05
528,2065,1,5_9,1.535e-05
528,2066,1,5_9,1.507e-05
528,2067,1,5_9,1.48e-05
528,2068,1,5_9,1.45e-05
528,2069,1,5_9,1.421e-05
528,2070,1,5_9,1.393e-05
528,2071,1,5_9,1.366e-05
528,2072,1,5_9,1.339e-05
528,2073,1,5_9,1.32e-05
528,2074,1,5_9,1.295e-05
528,2075,1,5_9,1.27e-05
528,2076,1,5_9,1.253e-05
528,2077,1,5_9,1.229e-05
528,2078,1,5_9,1.206e-05
528,2079,1,5_9,1.184e-05
528,2080,1,5_9,1.169e-05
528,2081,1,5_9,1.148e-05
528,2082,1,5_9,1.122e-05
528,2083,1,5_9,1.102e-05
528,2084,1,5_9,1.083e-05
528,2085,1,5_9,1.065e-05
528,2086,1,5_9,1.046e-05
528,2087,1,5_9,1.024e-05
528,2088,1,5_9,1.011e-05
528,2089,1,5_9,9.9e-06
528,2090,1,5_9,9.74e-06
528,2091,1,5_9,9.54e-06
528,2092,1,5_9,9.34e-06
528,2093,1,5_9,9.15e-06
528,2094,1,5_9,8.97e-06
528,2095,1,5_9,8.84e-06
528,2096,1,5_9,8.66e-06
528,2097,1,5_9,8.49e-06
528,2098,1,5_9,8.32e-06
528,2099,1,5_9,8.16e-06
528,2100,1,5_9,8e-06
756,2024,1,5_9,5.321e-05
756,2025,1,5_9,5.157e-05
756,2026,1,5_9,5.026e-05
756,2027,1,5_9,4.874e-05
756,2028,1,5_9,4.752e-05
756,2029,1,5_9,4.634e-05
756,2030,1,5_9,4.497e-05
756,2031,1,5_9,4.387e-05
756,2032,1,5_9,4.281e-05
756,2033,1,5_9,4.188e-05
756,2034,1,5_9,4.098e-05
756,2035,1,5_9,4.001e-05
756,2036,1,5_9,3.906e-05
756,2037,1,5_9,3.814e-05
756,2038,1,5_9,3.735e-05
756,2039,1,5_9,3.658e-05
756,2040,1,5_9,3.573e-05
756,2041,1,5_9,3.509e-05
756,2042,1,5_9,3.429e-05
756,2043,1,5_9,3.351e-05
756,2044,1,5_9,3.292e-05
756,2045,1,5_9,3.219e-05
756,2046,1,5_9,3.148e-05
756,2047,1,5_9,3.094e-05
756,2048,1,5_9,3.026e-05
756,2049,1,5_9,2.967e-05
756,2050,1,5_9,2.903e-05
756,2051,1,5_9,2.848e-05
756,2052,1,5_9,2.787e-05
756,2053,1,5_9,2.728e-05
756,2054,1,5_9,2.677e-05
756,2055,1,5_9,2.627e-05
756,2056,1,5_9,2.572e-05
756,2057,1,5_9,2.525e-05
756,2058,1,5_9,2.479e-05
756,2059,1,5_9,2.428e-05
756,2060,1,5_9,2.39e-05
756,2061,1,5_9,2.346e-05
756,2062,1,5_9,2.305e-05
756,2063,1,5_9,2.259e-05
756,2064,1,5_9,2.219e-05
756,2065,1,5_9,2.179e-05
756,2066,1,5_9,2.136e-05
756,2067,1,5_9,2.095e-05
756,2068,1,5_9,2.063e-05
756,2069,1,5_9,2.023e-05
756,2070,1,5_9,1.984e-05
756,2071,1,5_9,1.954e-05
756,2072,1,5_9,1.917e-05
756,2073,1,5_9,1.881e-05
756,2074,1,5_9,1.845e-05
756,2075,1,5_9,1.811e-05
756,2076,1,5_9,1.777e-05
756,2077,1,5_9,1.744e-05
756,2078,1,5_9,1.711e-05
756,2079,1,5_9,1.68e-05
756,2080,1,5_9,1.649e-05
756,2081,1,5_9,1.619e-05
756,2082,1,5_9,1.59e-05
756,2083,1,5_9,1.562e-05
756,2084,1,5_9,1.533e-05
756,2085,1,5_9,1.5e-05
756,2086,1,5_9,1.473e-05
756,2087,1,5_9,1.447e-05
756,2088,1,5_9,1.416e-05
756,2089,1,5_9,1.391e-05
756,2090,1,5_9,1.367e-05
756,2091,1,5_9,1.337e-05
756,2092,1,5_9,1.314e-05
756,2093,1,5_9,1.286e-05
756,2094,1,5_9,1.259e-05
756,2095,1,5_9,1.237e-05
756,2096,1,5_9,1.211e-05
756,2097,1,5_9,1.19e-05
756,2098,1,5_9,1.165e-05
756,2099,1,5_9,1.141e-05
756,2100,1,5_9,1.121e-05
660,2024,1,5_9,0.00014381
660,2025,1,5_9,0.00013969
660,2026,1,5_9,0.00013552
660,2027,1,5_9,0.00013147
660,2028,1,5_9,0.00012767
660,2029,1,5_9,0.00012418
660,2030,1,5_9,0.00012033
660,2031,1,5_9,0.00011683
660,2032,1,5_9,0.00011354
660,2033,1,5_9,0.00011042
660,2034,1,5_9,0.00010735
660,2035,1,5_9,0.00010438
660,2036,1,5_9,0.00010147
660,2037,1,5_9,9.874e-05
660,2038,1,5_9,9.625e-05
660,2039,1,5_9,9.373e-05
660,2040,1,5_9,9.132e-05
660,2041,1,5_9,8.903e-05
660,2042,1,5_9,8.691e-05
660,2043,1,5_9,8.508e-05
660,2044,1,5_9,8.33e-05
660,2045,1,5_9,8.152e-05
660,2046,1,5_9,7.989e-05
660,2047,1,5_9,7.829e-05
660,2048,1,5_9,7.685e-05
660,2049,1,5_9,7.543e-05
660,2050,1,5_9,7.408e-05
660,2051,1,5_9,7.266e-05
660,2052,1,5_9,7.133e-05
660,2053,1,5_9,7.006e-05
660,2054,1,5_9,6.884e-05
660,2055,1,5_9,6.782e-05
660,2056,1,5_9,6.662e-05
660,2057,1,5_9,6.554e-05
660,2058,1,5_9,6.443e-05
660,2059,1,5_9,6.337e-05
660,2060,1,5_9,6.233e-05
660,2061,1,5_9,6.141e-05
660,2062,1,5_9,6.042e-05
660,2063,1,5_9,5.953e-05
660,2064,1,5_9,5.864e-05
660,2065,1,5_9,5.775e-05
660,2066,1,5_9,5.685e-05
660,2067,1,5_9,5.595e-05
660,2068,1,5_9,5.517e-05
660,2069,1,5_9,5.435e-05
660,2070,1,5_9,5.359e-05
660,2071,1,5_9,5.282e-05
660,2072,1,5_9,5.216e-05
660,2073,1,5_9,5.147e-05
660,2074,1,5_9,5.073e-05
660,2075,1,5_9,5.008e-05
660,2076,1,5_9,4.939e-05
660,2077,1,5_9,4.87e-05
660,2078,1,5_9,4.805e-05
660,2079,1,5_9,4.748e-05
660,2080,1,5_9,4.692e-05
660,2081,1,5_9,4.627e-05
660,2082,1,5_9,4.573e-05
660,2083,1,5_9,4.521e-05
660,2084,1,5_9,4.463e-05
660,2085,1,5_9,4.409e-05
660,2086,1,5_9,4.361e-05
660,2087,1,5_9,4.318e-05
660,2088,1,5_9,4.268e-05
660,2089,1,5_9,4.215e-05
660,2090,1,5_9,4.169e-05
660,2091,1,5_9,4.127e-05
660,2092,1,5_9,4.082e-05
660,2093,1,5_9,4.036e-05
660,2094,1,5_9,3.99e-05
660,2095,1,5_9,3.934e-05
660,2096,1,5_9,3.89e-05
660,2097,1,5_9,3.84e-05
660,2098,1,5_9,3.795e-05
660,2099,1,5_9,3.741e-05
660,2100,1,5_9,3.697e-05
28,2024,1,5_9,0.00011992
28,2025,1,5_9,0.00011704
28,2026,1,5_9,0.00011457
28,2027,1,5_9,0.00011196
28,2028,1,5_9,0.0001095
28,2029,1,5_9,0.00010713
28,2030,1,5_9,0.00010464
28,2031,1,5_9,0.0001023
28,2032,1,5_9,9.986e-05
28,2033,1,5_9,9.754e-05
28,2034,1,5_9,9.52e-05
28,2035,1,5_9,9.292e-05
28,2036,1,5_9,9.065e-05
28,2037,1,5_9,8.844e-05
28,2038,1,5_9,8.611e-05
28,2039,1,5_9,8.397e-05
28,2040,1,5_9,8.19e-05
28,2041,1,5_9,7.991e-05
28,2042,1,5_9,7.8e-05
28,2043,1,5_9,7.621e-05
28,2044,1,5_9,7.434e-05
28,2045,1,5_9,7.248e-05
28,2046,1,5_9,7.08e-05
28,2047,1,5_9,6.904e-05
28,2048,1,5_9,6.735e-05
28,2049,1,5_9,6.588e-05
28,2050,1,5_9,6.422e-05
28,2051,1,5_9,6.276e-05
28,2052,1,5_9,6.145e-05
28,2053,1,5_9,6.016e-05
28,2054,1,5_9,5.892e-05
28,2055,1,5_9,5.767e-05
28,2056,1,5_9,5.653e-05
28,2057,1,5_9,5.537e-05
28,2058,1,5_9,5.43e-05
28,2059,1,5_9,5.328e-05
28,2060,1,5_9,5.232e-05
28,2061,1,5_9,5.141e-05
28,2062,1,5_9,5.051e-05
28,2063,1,5_9,4.959e-05
28,2064,1,5_9,4.868e-05
28,2065,1,5_9,4.782e-05
28,2066,1,5_9,4.695e-05
28,2067,1,5_9,4.609e-05
28,2068,1,5_9,4.53e-05
28,2069,1,5_9,4.45e-05
28,2070,1,5_9,4.379e-05
28,2071,1,5_9,4.303e-05
28,2072,1,5_9,4.235e-05
28,2073,1,5_9,4.164e-05
28,2074,1,5_9,4.101e-05
28,2075,1,5_9,4.038e-05
28,2076,1,5_9,3.975e-05
28,2077,1,5_9,3.91e-05
28,2078,1,5_9,3.847e-05
28,2079,1,5_9,3.788e-05
28,2080,1,5_9,3.73e-05
28,2081,1,5_9,3.671e-05
28,2082,1,5_9,3.617e-05
28,2083,1,5_9,3.557e-05
28,2084,1,5_9,3.504e-05
28,2085,1,5_9,3.451e-05
28,2086,1,5_9,3.395e-05
28,2087,1,5_9,3.352e-05
28,2088,1,5_9,3.308e-05
28,2089,1,5_9,3.263e-05
28,2090,1,5_9,3.22e-05
28,2091,1,5_9,3.18e-05
28,2092,1,5_9,3.135e-05
28,2093,1,5_9,3.097e-05
28,2094,1,5_9,3.056e-05
28,2095,1,5_9,3.011e-05
28,2096,1,5_9,2.971e-05
28,2097,1,5_9,2.933e-05
28,2098,1,5_9,2.893e-05
28,2099,1,5_9,2.848e-05
28,2100,1,5_9,2.812e-05
533,2024,1,5_9,0.00026462
533,2025,1,5_9,0.00025894
533,2026,1,5_9,0.00025327
533,2027,1,5_9,0.0002474
533,2028,1,5_9,0.00024132
533,2029,1,5_9,0.0002359
533,2030,1,5_9,0.00022978
533,2031,1,5_9,0.00022403
533,2032,1,5_9,0.00021901
533,2033,1,5_9,0.00021422
533,2034,1,5_9,0.00020959
533,2035,1,5_9,0.00020485
533,2036,1,5_9,0.00020003
533,2037,1,5_9,0.00019532
533,2038,1,5_9,0.00019065
533,2039,1,5_9,0.00018603
533,2040,1,5_9,0.00018173
533,2041,1,5_9,0.00017726
533,2042,1,5_9,0.00017307
533,2043,1,5_9,0.00016872
533,2044,1,5_9,0.00016428
533,2045,1,5_9,0.00016022
533,2046,1,5_9,0.00015605
533,2047,1,5_9,0.00015197
533,2048,1,5_9,0.00014792
533,2049,1,5_9,0.0001443
533,2050,1,5_9,0.00014062
533,2051,1,5_9,0.00013706
533,2052,1,5_9,0.00013369
533,2053,1,5_9,0.00013024
533,2054,1,5_9,0.00012701
533,2055,1,5_9,0.00012404
533,2056,1,5_9,0.00012103
533,2057,1,5_9,0.00011812
533,2058,1,5_9,0.00011531
533,2059,1,5_9,0.00011267
533,2060,1,5_9,0.00010981
533,2061,1,5_9,0.00010723
533,2062,1,5_9,0.0001047
533,2063,1,5_9,0.00010228
533,2064,1,5_9,0.00010008
533,2065,1,5_9,9.803e-05
533,2066,1,5_9,9.596e-05
533,2067,1,5_9,9.401e-05
533,2068,1,5_9,9.194e-05
533,2069,1,5_9,9.015e-05
533,2070,1,5_9,8.824e-05
533,2071,1,5_9,8.645e-05
533,2072,1,5_9,8.49e-05
533,2073,1,5_9,8.319e-05
533,2074,1,5_9,8.153e-05
533,2075,1,5_9,7.993e-05
533,2076,1,5_9,7.844e-05
533,2077,1,5_9,7.706e-05
533,2078,1,5_9,7.573e-05
533,2079,1,5_9,7.43e-05
533,2080,1,5_9,7.292e-05
533,2081,1,5_9,7.157e-05
533,2082,1,5_9,7.026e-05
533,2083,1,5_9,6.906e-05
533,2084,1,5_9,6.787e-05
533,2085,1,5_9,6.668e-05
533,2086,1,5_9,6.558e-05
533,2087,1,5_9,6.449e-05
533,2088,1,5_9,6.331e-05
533,2089,1,5_9,6.231e-05
533,2090,1,5_9,6.128e-05
533,2091,1,5_9,6.032e-05
533,2092,1,5_9,5.943e-05
533,2093,1,5_9,5.856e-05
533,2094,1,5_9,5.759e-05
533,2095,1,5_9,5.665e-05
533,2096,1,5_9,5.568e-05
533,2097,1,5_9,5.492e-05
533,2098,1,5_9,5.421e-05
533,2099,1,5_9,5.346e-05
533,2100,1,5_9,5.278e-05
44,2024,1,5_9,0.0002881
44,2025,1,5_9,0.00028332
44,2026,1,5_9,0.00027864
44,2027,1,5_9,0.00027358
44,2028,1,5_9,0.00026935
44,2029,1,5_9,0.00026397
44,2030,1,5_9,0.00025927
44,2031,1,5_9,0.00025443
44,2032,1,5_9,0.00024964
44,2033,1,5_9,0.00024486
44,2034,1,5_9,0.00023993
44,2035,1,5_9,0.00023532
44,2036,1,5_9,0.0002308
44,2037,1,5_9,0.00022653
44,2038,1,5_9,0.00022234
44,2039,1,5_9,0.0002178
44,2040,1,5_9,0.0002133
44,2041,1,5_9,0.00020897
44,2042,1,5_9,0.00020433
44,2043,1,5_9,0.0002001
44,2044,1,5_9,0.00019597
44,2045,1,5_9,0.00019146
44,2046,1,5_9,0.00018716
44,2047,1,5_9,0.00018299
44,2048,1,5_9,0.00017939
44,2049,1,5_9,0.00017566
44,2050,1,5_9,0.00017238
44,2051,1,5_9,0.00016917
44,2052,1,5_9,0.00016584
44,2053,1,5_9,0.00016262
44,2054,1,5_9,0.00015933
44,2055,1,5_9,0.000156
44,2056,1,5_9,0.00015269
44,2057,1,5_9,0.00014956
44,2058,1,5_9,0.00014644
44,2059,1,5_9,0.00014347
44,2060,1,5_9,0.00014036
44,2061,1,5_9,0.00013743
44,2062,1,5_9,0.00013457
44,2063,1,5_9,0.00013201
44,2064,1,5_9,0.00012938
44,2065,1,5_9,0.00012685
44,2066,1,5_9,0.00012427
44,2067,1,5_9,0.00012192
44,2068,1,5_9,0.00011947
44,2069,1,5_9,0.00011727
44,2070,1,5_9,0.00011496
44,2071,1,5_9,0.00011273
44,2072,1,5_9,0.00011056
44,2073,1,5_9,0.00010858
44,2074,1,5_9,0.00010643
44,2075,1,5_9,0.0001045
44,2076,1,5_9,0.00010247
44,2077,1,5_9,0.00010071
44,2078,1,5_9,9.894e-05
44,2079,1,5_9,9.718e-05
44,2080,1,5_9,9.553e-05
44,2081,1,5_9,9.397e-05
44,2082,1,5_9,9.24e-05
44,2083,1,5_9,9.091e-05
44,2084,1,5_9,8.947e-05
44,2085,1,5_9,8.8e-05
44,2086,1,5_9,8.647e-05
44,2087,1,5_9,8.51e-05
44,2088,1,5_9,8.371e-05
44,2089,1,5_9,8.231e-05
44,2090,1,5_9,8.095e-05
44,2091,1,5_9,7.96e-05
44,2092,1,5_9,7.829e-05
44,2093,1,5_9,7.699e-05
44,2094,1,5_9,7.58e-05
44,2095,1,5_9,7.459e-05
44,2096,1,5_9,7.344e-05
44,2097,1,5_9,7.228e-05
44,2098,1,5_9,7.106e-05
44,2099,1,5_9,6.999e-05
44,2100,1,5_9,6.891e-05
52,2024,1,5_9,0.0001311
52,2025,1,5_9,0.00013024
52,2026,1,5_9,0.00012898
52,2027,1,5_9,0.0001272
52,2028,1,5_9,0.00012523
52,2029,1,5_9,0.00012325
52,2030,1,5_9,0.00012121
52,2031,1,5_9,0.00011917
52,2032,1,5_9,0.00011752
52,2033,1,5_9,0.00011578
52,2034,1,5_9,0.00011415
52,2035,1,5_9,0.00011227
52,2036,1,5_9,0.00011058
52,2037,1,5_9,0.00010875
52,2038,1,5_9,0.00010708
52,2039,1,5_9,0.00010539
52,2040,1,5_9,0.00010356
52,2041,1,5_9,0.00010189
52,2042,1,5_9,0.00010026
52,2043,1,5_9,9.821e-05
52,2044,1,5_9,9.64e-05
52,2045,1,5_9,9.45e-05
52,2046,1,5_9,9.274e-05
52,2047,1,5_9,9.102e-05
52,2048,1,5_9,8.951e-05
52,2049,1,5_9,8.793e-05
52,2050,1,5_9,8.643e-05
52,2051,1,5_9,8.493e-05
52,2052,1,5_9,8.353e-05
52,2053,1,5_9,8.209e-05
52,2054,1,5_9,8.075e-05
52,2055,1,5_9,7.941e-05
52,2056,1,5_9,7.811e-05
52,2057,1,5_9,7.672e-05
52,2058,1,5_9,7.543e-05
52,2059,1,5_9,7.409e-05
52,2060,1,5_9,7.292e-05
52,2061,1,5_9,7.179e-05
52,2062,1,5_9,7.08e-05
52,2063,1,5_9,6.974e-05
52,2064,1,5_9,6.875e-05
52,2065,1,5_9,6.78e-05
52,2066,1,5_9,6.693e-05
52,2067,1,5_9,6.601e-05
52,2068,1,5_9,6.514e-05
52,2069,1,5_9,6.423e-05
52,2070,1,5_9,6.331e-05
52,2071,1,5_9,6.244e-05
52,2072,1,5_9,6.155e-05
52,2073,1,5_9,6.082e-05
52,2074,1,5_9,6.003e-05
52,2075,1,5_9,5.921e-05
52,2076,1,5_9,5.841e-05
52,2077,1,5_9,5.77e-05
52,2078,1,5_9,5.697e-05
52,2079,1,5_9,5.642e-05
52,2080,1,5_9,5.57e-05
52,2081,1,5_9,5.501e-05
52,2082,1,5_9,5.43e-05
52,2083,1,5_9,5.358e-05
52,2084,1,5_9,5.293e-05
52,2085,1,5_9,5.237e-05
52,2086,1,5_9,5.172e-05
52,2087,1,5_9,5.109e-05
52,2088,1,5_9,5.058e-05
52,2089,1,5_9,5e-05
52,2090,1,5_9,4.946e-05
52,2091,1,5_9,4.887e-05
52,2092,1,5_9,4.842e-05
52,2093,1,5_9,4.78e-05
52,2094,1,5_9,4.733e-05
52,2095,1,5_9,4.674e-05
52,2096,1,5_9,4.632e-05
52,2097,1,5_9,4.592e-05
52,2098,1,5_9,4.547e-05
52,2099,1,5_9,4.507e-05
52,2100,1,5_9,4.469e-05
535,2024,1,5_9,0.00023211
535,2025,1,5_9,0.00022639
535,2026,1,5_9,0.00022094
535,2027,1,5_9,0.00021597
535,2028,1,5_9,0.00021069
535,2029,1,5_9,0.00020587
535,2030,1,5_9,0.00020105
535,2031,1,5_9,0.00019612
535,2032,1,5_9,0.00019098
535,2033,1,5_9,0.0001861
535,2034,1,5_9,0.00018136
535,2035,1,5_9,0.00017663
535,2036,1,5_9,0.00017213
535,2037,1,5_9,0.00016757
535,2038,1,5_9,0.00016283
535,2039,1,5_9,0.00015871
535,2040,1,5_9,0.00015453
535,2041,1,5_9,0.00015061
535,2042,1,5_9,0.00014689
535,2043,1,5_9,0.00014312
535,2044,1,5_9,0.00013951
535,2045,1,5_9,0.00013577
535,2046,1,5_9,0.00013245
535,2047,1,5_9,0.00012888
535,2048,1,5_9,0.00012558
535,2049,1,5_9,0.00012236
535,2050,1,5_9,0.00011933
535,2051,1,5_9,0.00011636
535,2052,1,5_9,0.00011386
535,2053,1,5_9,0.00011109
535,2054,1,5_9,0.00010871
535,2055,1,5_9,0.0001063
535,2056,1,5_9,0.00010386
535,2057,1,5_9,0.00010159
535,2058,1,5_9,9.929e-05
535,2059,1,5_9,9.723e-05
535,2060,1,5_9,9.504e-05
535,2061,1,5_9,9.312e-05
535,2062,1,5_9,9.111e-05
535,2063,1,5_9,8.932e-05
535,2064,1,5_9,8.75e-05
535,2065,1,5_9,8.573e-05
535,2066,1,5_9,8.399e-05
535,2067,1,5_9,8.239e-05
535,2068,1,5_9,8.079e-05
535,2069,1,5_9,7.913e-05
535,2070,1,5_9,7.756e-05
535,2071,1,5_9,7.613e-05
535,2072,1,5_9,7.472e-05
535,2073,1,5_9,7.326e-05
535,2074,1,5_9,7.206e-05
535,2075,1,5_9,7.068e-05
535,2076,1,5_9,6.946e-05
535,2077,1,5_9,6.833e-05
535,2078,1,5_9,6.699e-05
535,2079,1,5_9,6.584e-05
535,2080,1,5_9,6.464e-05
535,2081,1,5_9,6.36e-05
535,2082,1,5_9,6.263e-05
535,2083,1,5_9,6.158e-05
535,2084,1,5_9,6.062e-05
535,2085,1,5_9,5.966e-05
535,2086,1,5_9,5.869e-05
535,2087,1,5_9,5.788e-05
535,2088,1,5_9,5.702e-05
535,2089,1,5_9,5.623e-05
535,2090,1,5_9,5.548e-05
535,2091,1,5_9,5.468e-05
535,2092,1,5_9,5.382e-05
535,2093,1,5_9,5.311e-05
535,2094,1,5_9,5.238e-05
535,2095,1,5_9,5.163e-05
535,2096,1,5_9,5.091e-05
535,2097,1,5_9,5.011e-05
535,2098,1,5_9,4.941e-05
535,2099,1,5_9,4.868e-05
535,2100,1,5_9,4.808e-05
92,2024,1,5_9,0.00022392
92,2025,1,5_9,0.00021723
92,2026,1,5_9,0.00021186
92,2027,1,5_9,0.00020627
92,2028,1,5_9,0.00020067
92,2029,1,5_9,0.00019493
92,2030,1,5_9,0.00018949
92,2031,1,5_9,0.00018399
92,2032,1,5_9,0.00017872
92,2033,1,5_9,0.00017376
92,2034,1,5_9,0.00016865
92,2035,1,5_9,0.0001638
92,2036,1,5_9,0.00015892
92,2037,1,5_9,0.00015431
92,2038,1,5_9,0.00015001
92,2039,1,5_9,0.00014556
92,2040,1,5_9,0.0001412
92,2041,1,5_9,0.000137
92,2042,1,5_9,0.0001328
92,2043,1,5_9,0.00012883
92,2044,1,5_9,0.00012486
92,2045,1,5_9,0.00012107
92,2046,1,5_9,0.00011737
92,2047,1,5_9,0.00011407
92,2048,1,5_9,0.00011068
92,2049,1,5_9,0.00010732
92,2050,1,5_9,0.00010411
92,2051,1,5_9,0.00010106
92,2052,1,5_9,9.815e-05
92,2053,1,5_9,9.542e-05
92,2054,1,5_9,9.28e-05
92,2055,1,5_9,9.027e-05
92,2056,1,5_9,8.778e-05
92,2057,1,5_9,8.545e-05
92,2058,1,5_9,8.313e-05
92,2059,1,5_9,8.098e-05
92,2060,1,5_9,7.884e-05
92,2061,1,5_9,7.684e-05
92,2062,1,5_9,7.475e-05
92,2063,1,5_9,7.285e-05
92,2064,1,5_9,7.111e-05
92,2065,1,5_9,6.931e-05
92,2066,1,5_9,6.765e-05
92,2067,1,5_9,6.6e-05
92,2068,1,5_9,6.429e-05
92,2069,1,5_9,6.277e-05
92,2070,1,5_9,6.139e-05
92,2071,1,5_9,5.998e-05
92,2072,1,5_9,5.86e-05
92,2073,1,5_9,5.723e-05
92,2074,1,5_9,5.593e-05
92,2075,1,5_9,5.47e-05
92,2076,1,5_9,5.357e-05
92,2077,1,5_9,5.241e-05
92,2078,1,5_9,5.133e-05
92,2079,1,5_9,5.023e-05
92,2080,1,5_9,4.916e-05
92,2081,1,5_9,4.816e-05
92,2082,1,5_9,4.718e-05
92,2083,1,5_9,4.626e-05
92,2084,1,5_9,4.536e-05
92,2085,1,5_9,4.448e-05
92,2086,1,5_9,4.357e-05
92,2087,1,5_9,4.271e-05
92,2088,1,5_9,4.197e-05
92,2089,1,5_9,4.124e-05
92,2090,1,5_9,4.048e-05
92,2091,1,5_9,3.977e-05
92,2092,1,5_9,3.906e-05
92,2093,1,5_9,3.84e-05
92,2094,1,5_9,3.774e-05
92,2095,1,5_9,3.705e-05
92,2096,1,5_9,3.637e-05
92,2097,1,5_9,3.58e-05
92,2098,1,5_9,3.524e-05
92,2099,1,5_9,3.468e-05
92,2100,1,5_9,3.408e-05
136,2024,1,5_9,7.716e-05
136,2025,1,5_9,7.545e-05
136,2026,1,5_9,7.362e-05
136,2027,1,5_9,7.2e-05
136,2028,1,5_9,7.039e-05
136,2029,1,5_9,6.874e-05
136,2030,1,5_9,6.722e-05
136,2031,1,5_9,6.565e-05
136,2032,1,5_9,6.421e-05
136,2033,1,5_9,6.28e-05
136,2034,1,5_9,6.149e-05
136,2035,1,5_9,6.019e-05
136,2036,1,5_9,5.902e-05
136,2037,1,5_9,5.788e-05
136,2038,1,5_9,5.685e-05
136,2039,1,5_9,5.575e-05
136,2040,1,5_9,5.47e-05
136,2041,1,5_9,5.379e-05
136,2042,1,5_9,5.282e-05
136,2043,1,5_9,5.196e-05
136,2044,1,5_9,5.109e-05
136,2045,1,5_9,5.03e-05
136,2046,1,5_9,4.956e-05
136,2047,1,5_9,4.887e-05
136,2048,1,5_9,4.819e-05
136,2049,1,5_9,4.748e-05
136,2050,1,5_9,4.679e-05
136,2051,1,5_9,4.607e-05
136,2052,1,5_9,4.543e-05
136,2053,1,5_9,4.479e-05
136,2054,1,5_9,4.433e-05
136,2055,1,5_9,4.38e-05
136,2056,1,5_9,4.318e-05
136,2057,1,5_9,4.26e-05
136,2058,1,5_9,4.205e-05
136,2059,1,5_9,4.15e-05
136,2060,1,5_9,4.101e-05
136,2061,1,5_9,4.049e-05
136,2062,1,5_9,4.004e-05
136,2063,1,5_9,3.951e-05
136,2064,1,5_9,3.907e-05
136,2065,1,5_9,3.872e-05
136,2066,1,5_9,3.837e-05
136,2067,1,5_9,3.793e-05
136,2068,1,5_9,3.746e-05
136,2069,1,5_9,3.711e-05
136,2070,1,5_9,3.669e-05
136,2071,1,5_9,3.633e-05
136,2072,1,5_9,3.599e-05
136,2073,1,5_9,3.558e-05
136,2074,1,5_9,3.525e-05
136,2075,1,5_9,3.49e-05
136,2076,1,5_9,3.45e-05
136,2077,1,5_9,3.419e-05
136,2078,1,5_9,3.389e-05
136,2079,1,5_9,3.354e-05
136,2080,1,5_9,3.323e-05
136,2081,1,5_9,3.283e-05
136,2082,1,5_9,3.252e-05
136,2083,1,5_9,3.221e-05
136,2084,1,5_9,3.187e-05
136,2085,1,5_9,3.157e-05
136,2086,1,5_9,3.123e-05
136,2087,1,5_9,3.098e-05
136,2088,1,5_9,3.068e-05
136,2089,1,5_9,3.043e-05
136,2090,1,5_9,3.013e-05
136,2091,1,5_9,2.986e-05
136,2092,1,5_9,2.951e-05
136,2093,1,5_9,2.932e-05
136,2094,1,5_9,2.899e-05
136,2095,1,5_9,2.871e-05
136,2096,1,5_9,2.845e-05
136,2097,1,5_9,2.819e-05
136,2098,1,5_9,2.79e-05
136,2099,1,5_9,2.765e-05
136,2100,1,5_9,2.735e-05
192,2024,1,5_9,0.00017995
192,2025,1,5_9,0.0001755
192,2026,1,5_9,0.00017121
192,2027,1,5_9,0.0001669
192,2028,1,5_9,0.00016281
192,2029,1,5_9,0.00015886
192,2030,1,5_9,0.00015494
192,2031,1,5_9,0.00015096
192,2032,1,5_9,0.00014687
192,2033,1,5_9,0.00014324
192,2034,1,5_9,0.00013981
192,2035,1,5_9,0.00013612
192,2036,1,5_9,0.00013268
192,2037,1,5_9,0.00012929
192,2038,1,5_9,0.00012612
192,2039,1,5_9,0.00012286
192,2040,1,5_9,0.00011985
192,2041,1,5_9,0.00011696
192,2042,1,5_9,0.00011403
192,2043,1,5_9,0.00011123
192,2044,1,5_9,0.00010865
192,2045,1,5_9,0.00010593
192,2046,1,5_9,0.00010349
192,2047,1,5_9,0.00010106
192,2048,1,5_9,9.875e-05
192,2049,1,5_9,9.649e-05
192,2050,1,5_9,9.461e-05
192,2051,1,5_9,9.263e-05
192,2052,1,5_9,9.052e-05
192,2053,1,5_9,8.864e-05
192,2054,1,5_9,8.663e-05
192,2055,1,5_9,8.471e-05
192,2056,1,5_9,8.302e-05
192,2057,1,5_9,8.146e-05
192,2058,1,5_9,7.988e-05
192,2059,1,5_9,7.845e-05
192,2060,1,5_9,7.708e-05
192,2061,1,5_9,7.564e-05
192,2062,1,5_9,7.418e-05
192,2063,1,5_9,7.281e-05
192,2064,1,5_9,7.14e-05
192,2065,1,5_9,7.012e-05
192,2066,1,5_9,6.898e-05
192,2067,1,5_9,6.783e-05
192,2068,1,5_9,6.658e-05
192,2069,1,5_9,6.547e-05
192,2070,1,5_9,6.425e-05
192,2071,1,5_9,6.326e-05
192,2072,1,5_9,6.226e-05
192,2073,1,5_9,6.11e-05
192,2074,1,5_9,6.025e-05
192,2075,1,5_9,5.925e-05
192,2076,1,5_9,5.831e-05
192,2077,1,5_9,5.732e-05
192,2078,1,5_9,5.646e-05
192,2079,1,5_9,5.565e-05
192,2080,1,5_9,5.482e-05
192,2081,1,5_9,5.403e-05
192,2082,1,5_9,5.33e-05
192,2083,1,5_9,5.251e-05
192,2084,1,5_9,5.185e-05
192,2085,1,5_9,5.103e-05
192,2086,1,5_9,5.032e-05
192,2087,1,5_9,4.961e-05
192,2088,1,5_9,4.89e-05
192,2089,1,5_9,4.825e-05
192,2090,1,5_9,4.747e-05
192,2091,1,5_9,4.684e-05
192,2092,1,5_9,4.624e-05
192,2093,1,5_9,4.569e-05
192,2094,1,5_9,4.515e-05
192,2095,1,5_9,4.455e-05
192,2096,1,5_9,4.395e-05
192,2097,1,5_9,4.337e-05
192,2098,1,5_9,4.282e-05
192,2099,1,5_9,4.229e-05
192,2100,1,5_9,4.169e-05
531,2024,1,5_9,0.00038562
531,2025,1,5_9,0.00037371
531,2026,1,5_9,0.00036296
531,2027,1,5_9,0.00035245
531,2028,1,5_9,0.00034189
531,2029,1,5_9,0.0003315
531,2030,1,5_9,0.00032101
531,2031,1,5_9,0.00031068
531,2032,1,5_9,0.00030112
531,2033,1,5_9,0.00029112
531,2034,1,5_9,0.00028184
531,2035,1,5_9,0.00027312
531,2036,1,5_9,0.00026453
531,2037,1,5_9,0.00025665
531,2038,1,5_9,0.000249
531,2039,1,5_9,0.00024168
531,2040,1,5_9,0.00023454
531,2041,1,5_9,0.00022721
531,2042,1,5_9,0.00022039
531,2043,1,5_9,0.000214
531,2044,1,5_9,0.00020747
531,2045,1,5_9,0.00020146
531,2046,1,5_9,0.00019541
531,2047,1,5_9,0.00018976
531,2048,1,5_9,0.00018387
531,2049,1,5_9,0.00017857
531,2050,1,5_9,0.00017356
531,2051,1,5_9,0.00016868
531,2052,1,5_9,0.00016409
531,2053,1,5_9,0.00015959
531,2054,1,5_9,0.00015544
531,2055,1,5_9,0.00015127
531,2056,1,5_9,0.00014755
531,2057,1,5_9,0.00014358
531,2058,1,5_9,0.00014027
531,2059,1,5_9,0.00013692
531,2060,1,5_9,0.00013336
531,2061,1,5_9,0.00013009
531,2062,1,5_9,0.00012708
531,2063,1,5_9,0.00012428
531,2064,1,5_9,0.00012154
531,2065,1,5_9,0.0001188
531,2066,1,5_9,0.00011627
531,2067,1,5_9,0.00011361
531,2068,1,5_9,0.00011114
531,2069,1,5_9,0.0001088
531,2070,1,5_9,0.00010652
531,2071,1,5_9,0.00010444
531,2072,1,5_9,0.00010228
531,2073,1,5_9,0.00010013
531,2074,1,5_9,9.826e-05
531,2075,1,5_9,9.633e-05
531,2076,1,5_9,9.439e-05
531,2077,1,5_9,9.262e-05
531,2078,1,5_9,9.095e-05
531,2079,1,5_9,8.925e-05
531,2080,1,5_9,8.769e-05
531,2081,1,5_9,8.612e-05
531,2082,1,5_9,8.45e-05
531,2083,1,5_9,8.299e-05
531,2084,1,5_9,8.159e-05
531,2085,1,5_9,8e-05
531,2086,1,5_9,7.852e-05
531,2087,1,5_9,7.716e-05
531,2088,1,5_9,7.574e-05
531,2089,1,5_9,7.445e-05
531,2090,1,5_9,7.313e-05
531,2091,1,5_9,7.186e-05
531,2092,1,5_9,7.058e-05
531,2093,1,5_9,6.948e-05
531,2094,1,5_9,6.822e-05
531,2095,1,5_9,6.711e-05
531,2096,1,5_9,6.601e-05
531,2097,1,5_9,6.493e-05
531,2098,1,5_9,6.392e-05
531,2099,1,5_9,6.287e-05
531,2100,1,5_9,6.196e-05
212,2024,1,5_9,0.000617
212,2025,1,5_9,0.0006032
212,2026,1,5_9,0.00058995
212,2027,1,5_9,0.0005773
212,2028,1,5_9,0.00056434
212,2029,1,5_9,0.00055187
212,2030,1,5_9,0.00053939
212,2031,1,5_9,0.00052641
212,2032,1,5_9,0.00051365
212,2033,1,5_9,0.00050146
212,2034,1,5_9,0.00048919
212,2035,1,5_9,0.00047711
212,2036,1,5_9,0.00046707
212,2037,1,5_9,0.00045769
212,2038,1,5_9,0.00044768
212,2039,1,5_9,0.00043828
212,2040,1,5_9,0.00042919
212,2041,1,5_9,0.00041982
212,2042,1,5_9,0.00041109
212,2043,1,5_9,0.0004013
212,2044,1,5_9,0.00039243
212,2045,1,5_9,0.00038383
212,2046,1,5_9,0.00037569
212,2047,1,5_9,0.00036659
212,2048,1,5_9,0.0003583
212,2049,1,5_9,0.00034938
212,2050,1,5_9,0.00034028
212,2051,1,5_9,0.0003313
212,2052,1,5_9,0.00032252
212,2053,1,5_9,0.00031427
212,2054,1,5_9,0.00030617
212,2055,1,5_9,0.00029748
212,2056,1,5_9,0.00029005
212,2057,1,5_9,0.00028268
212,2058,1,5_9,0.00027562
212,2059,1,5_9,0.00026796
212,2060,1,5_9,0.0002609
212,2061,1,5_9,0.0002544
212,2062,1,5_9,0.00024734
212,2063,1,5_9,0.00024022
212,2064,1,5_9,0.00023378
212,2065,1,5_9,0.00022693
212,2066,1,5_9,0.00022036
212,2067,1,5_9,0.00021475
212,2068,1,5_9,0.00020912
212,2069,1,5_9,0.00020351
212,2070,1,5_9,0.00019821
212,2071,1,5_9,0.00019297
212,2072,1,5_9,0.00018759
212,2073,1,5_9,0.00018249
212,2074,1,5_9,0.00017766
212,2075,1,5_9,0.00017297
212,2076,1,5_9,0.0001683
212,2077,1,5_9,0.00016352
212,2078,1,5_9,0.00015917
212,2079,1,5_9,0.0001548
212,2080,1,5_9,0.00015037
212,2081,1,5_9,0.00014606
212,2082,1,5_9,0.00014234
212,2083,1,5_9,0.00013868
212,2084,1,5_9,0.00013507
212,2085,1,5_9,0.00013148
212,2086,1,5_9,0.00012817
212,2087,1,5_9,0.00012479
212,2088,1,5_9,0.00012166
212,2089,1,5_9,0.00011875
212,2090,1,5_9,0.00011571
212,2091,1,5_9,0.00011285
212,2092,1,5_9,0.00010994
212,2093,1,5_9,0.00010712
212,2094,1,5_9,0.00010443
212,2095,1,5_9,0.00010181
212,2096,1,5_9,9.936e-05
212,2097,1,5_9,9.705e-05
212,2098,1,5_9,9.468e-05
212,2099,1,5_9,9.25e-05
212,2100,1,5_9,9.043e-05
214,2024,1,5_9,0.00016365
214,2025,1,5_9,0.00016369
214,2026,1,5_9,0.00016354
214,2027,1,5_9,0.00016309
214,2028,1,5_9,0.00016271
214,2029,1,5_9,0.00016233
214,2030,1,5_9,0.00016164
214,2031,1,5_9,0.00016096
214,2032,1,5_9,0.0001602
214,2033,1,5_9,0.00015914
214,2034,1,5_9,0.00015804
214,2035,1,5_9,0.00015684
214,2036,1,5_9,0.00015568
214,2037,1,5_9,0.00015431
214,2038,1,5_9,0.00015302
214,2039,1,5_9,0.00015172
214,2040,1,5_9,0.00015039
214,2041,1,5_9,0.00014908
214,2042,1,5_9,0.00014795
214,2043,1,5_9,0.00014641
214,2044,1,5_9,0.00014496
214,2045,1,5_9,0.00014329
214,2046,1,5_9,0.00014181
214,2047,1,5_9,0.00014015
214,2048,1,5_9,0.0001384
214,2049,1,5_9,0.00013665
214,2050,1,5_9,0.00013485
214,2051,1,5_9,0.00013311
214,2052,1,5_9,0.00013128
214,2053,1,5_9,0.00012933
214,2054,1,5_9,0.00012725
214,2055,1,5_9,0.00012618
214,2056,1,5_9,0.00012486
214,2057,1,5_9,0.00012351
214,2058,1,5_9,0.00012214
214,2059,1,5_9,0.00012077
214,2060,1,5_9,0.00011937
214,2061,1,5_9,0.00011796
214,2062,1,5_9,0.00011653
214,2063,1,5_9,0.0001151
214,2064,1,5_9,0.00011358
214,2065,1,5_9,0.00011219
214,2066,1,5_9,0.00011067
214,2067,1,5_9,0.00010912
214,2068,1,5_9,0.00010756
214,2069,1,5_9,0.00010595
214,2070,1,5_9,0.00010438
214,2071,1,5_9,0.00010297
214,2072,1,5_9,0.00010203
214,2073,1,5_9,0.00010101
214,2074,1,5_9,9.989e-05
214,2075,1,5_9,9.874e-05
214,2076,1,5_9,9.759e-05
214,2077,1,5_9,9.652e-05
214,2078,1,5_9,9.545e-05
214,2079,1,5_9,9.446e-05
214,2080,1,5_9,9.342e-05
214,2081,1,5_9,9.245e-05
214,2082,1,5_9,9.149e-05
214,2083,1,5_9,9.048e-05
214,2084,1,5_9,8.949e-05
214,2085,1,5_9,8.844e-05
214,2086,1,5_9,8.757e-05
214,2087,1,5_9,8.663e-05
214,2088,1,5_9,8.59e-05
214,2089,1,5_9,8.5e-05
214,2090,1,5_9,8.416e-05
214,2091,1,5_9,8.348e-05
214,2092,1,5_9,8.264e-05
214,2093,1,5_9,8.19e-05
214,2094,1,5_9,8.109e-05
214,2095,1,5_9,8.027e-05
214,2096,1,5_9,7.965e-05
214,2097,1,5_9,7.876e-05
214,2098,1,5_9,7.803e-05
214,2099,1,5_9,7.724e-05
214,2100,1,5_9,7.653e-05
308,2024,1,5_9,0.00024227
308,2025,1,5_9,0.00023803
308,2026,1,5_9,0.00023386
308,2027,1,5_9,0.00022936
308,2028,1,5_9,0.00022549
308,2029,1,5_9,0.00022106
308,2030,1,5_9,0.00021725
308,2031,1,5_9,0.00021286
308,2032,1,5_9,0.00020857
308,2033,1,5_9,0.00020444
308,2034,1,5_9,0.00020029
308,2035,1,5_9,0.000196
308,2036,1,5_9,0.00019215
308,2037,1,5_9,0.00018767
308,2038,1,5_9,0.00018334
308,2039,1,5_9,0.00017919
308,2040,1,5_9,0.0001755
308,2041,1,5_9,0.0001719
308,2042,1,5_9,0.00016844
308,2043,1,5_9,0.00016506
308,2044,1,5_9,0.00016176
308,2045,1,5_9,0.00015856
308,2046,1,5_9,0.00015554
308,2047,1,5_9,0.00015222
308,2048,1,5_9,0.00014895
308,2049,1,5_9,0.00014585
308,2050,1,5_9,0.00014282
308,2051,1,5_9,0.00013982
308,2052,1,5_9,0.00013676
308,2053,1,5_9,0.0001339
308,2054,1,5_9,0.00013085
308,2055,1,5_9,0.00012807
308,2056,1,5_9,0.0001255
308,2057,1,5_9,0.00012293
308,2058,1,5_9,0.00012044
308,2059,1,5_9,0.00011787
308,2060,1,5_9,0.0001154
308,2061,1,5_9,0.00011296
308,2062,1,5_9,0.00011044
308,2063,1,5_9,0.00010813
308,2064,1,5_9,0.00010588
308,2065,1,5_9,0.00010351
308,2066,1,5_9,0.00010137
308,2067,1,5_9,9.93e-05
308,2068,1,5_9,9.711e-05
308,2069,1,5_9,9.53e-05
308,2070,1,5_9,9.362e-05
308,2071,1,5_9,9.187e-05
308,2072,1,5_9,9.023e-05
308,2073,1,5_9,8.854e-05
308,2074,1,5_9,8.676e-05
308,2075,1,5_9,8.502e-05
308,2076,1,5_9,8.345e-05
308,2077,1,5_9,8.197e-05
308,2078,1,5_9,8.068e-05
308,2079,1,5_9,7.921e-05
308,2080,1,5_9,7.786e-05
308,2081,1,5_9,7.65e-05
308,2082,1,5_9,7.514e-05
308,2083,1,5_9,7.382e-05
308,2084,1,5_9,7.261e-05
308,2085,1,5_9,7.141e-05
308,2086,1,5_9,7.013e-05
308,2087,1,5_9,6.898e-05
308,2088,1,5_9,6.789e-05
308,2089,1,5_9,6.669e-05
308,2090,1,5_9,6.565e-05
308,2091,1,5_9,6.455e-05
308,2092,1,5_9,6.354e-05
308,2093,1,5_9,6.254e-05
308,2094,1,5_9,6.154e-05
308,2095,1,5_9,6.043e-05
308,2096,1,5_9,5.946e-05
308,2097,1,5_9,5.846e-05
308,2098,1,5_9,5.757e-05
308,2099,1,5_9,5.657e-05
308,2100,1,5_9,5.574e-05
312,2024,1,5_9,0.00010586
312,2025,1,5_9,0.00010351
312,2026,1,5_9,0.00010141
312,2027,1,5_9,9.954e-05
312,2028,1,5_9,9.779e-05
312,2029,1,5_9,9.608e-05
312,2030,1,5_9,9.443e-05
312,2031,1,5_9,9.288e-05
312,2032,1,5_9,9.139e-05
312,2033,1,5_9,8.996e-05
312,2034,1,5_9,8.869e-05
312,2035,1,5_9,8.741e-05
312,2036,1,5_9,8.603e-05
312,2037,1,5_9,8.483e-05
312,2038,1,5_9,8.377e-05
312,2039,1,5_9,8.263e-05
312,2040,1,5_9,8.156e-05
312,2041,1,5_9,8.057e-05
312,2042,1,5_9,7.954e-05
312,2043,1,5_9,7.853e-05
312,2044,1,5_9,7.749e-05
312,2045,1,5_9,7.654e-05
312,2046,1,5_9,7.563e-05
312,2047,1,5_9,7.455e-05
312,2048,1,5_9,7.36e-05
312,2049,1,5_9,7.278e-05
312,2050,1,5_9,7.19e-05
312,2051,1,5_9,7.108e-05
312,2052,1,5_9,7.012e-05
312,2053,1,5_9,6.938e-05
312,2054,1,5_9,6.855e-05
312,2055,1,5_9,6.779e-05
312,2056,1,5_9,6.701e-05
312,2057,1,5_9,6.621e-05
312,2058,1,5_9,6.538e-05
312,2059,1,5_9,6.461e-05
312,2060,1,5_9,6.389e-05
312,2061,1,5_9,6.311e-05
312,2062,1,5_9,6.235e-05
312,2063,1,5_9,6.162e-05
312,2064,1,5_9,6.084e-05
312,2065,1,5_9,6.016e-05
312,2066,1,5_9,5.946e-05
312,2067,1,5_9,5.885e-05
312,2068,1,5_9,5.815e-05
312,2069,1,5_9,5.751e-05
312,2070,1,5_9,5.683e-05
312,2071,1,5_9,5.614e-05
312,2072,1,5_9,5.541e-05
312,2073,1,5_9,5.48e-05
312,2074,1,5_9,5.418e-05
312,2075,1,5_9,5.362e-05
312,2076,1,5_9,5.305e-05
312,2077,1,5_9,5.248e-05
312,2078,1,5_9,5.196e-05
312,2079,1,5_9,5.136e-05
312,2080,1,5_9,5.087e-05
312,2081,1,5_9,5.036e-05
312,2082,1,5_9,4.98e-05
312,2083,1,5_9,4.924e-05
312,2084,1,5_9,4.871e-05
312,2085,1,5_9,4.821e-05
312,2086,1,5_9,4.771e-05
312,2087,1,5_9,4.723e-05
312,2088,1,5_9,4.671e-05
312,2089,1,5_9,4.617e-05
312,2090,1,5_9,4.567e-05
312,2091,1,5_9,4.518e-05
312,2092,1,5_9,4.458e-05
312,2093,1,5_9,4.418e-05
312,2094,1,5_9,4.357e-05
312,2095,1,5_9,4.308e-05
312,2096,1,5_9,4.259e-05
312,2097,1,5_9,4.208e-05
312,2098,1,5_9,4.163e-05
312,2099,1,5_9,4.114e-05
312,2100,1,5_9,4.071e-05
332,2024,1,5_9,0.00171077
332,2025,1,5_9,0.00167932
332,2026,1,5_9,0.00165216
332,2027,1,5_9,0.0016234
332,2028,1,5_9,0.00159397
332,2029,1,5_9,0.00156682
332,2030,1,5_9,0.00153894
332,2031,1,5_9,0.00151283
332,2032,1,5_9,0.00148767
332,2033,1,5_9,0.00146394
332,2034,1,5_9,0.00143926
332,2035,1,5_9,0.00141698
332,2036,1,5_9,0.00139389
332,2037,1,5_9,0.00137328
332,2038,1,5_9,0.00135122
332,2039,1,5_9,0.00132918
332,2040,1,5_9,0.00131075
332,2041,1,5_9,0.00128844
332,2042,1,5_9,0.00126694
332,2043,1,5_9,0.00124599
332,2044,1,5_9,0.00122595
332,2045,1,5_9,0.00120547
332,2046,1,5_9,0.00118448
332,2047,1,5_9,0.00116521
332,2048,1,5_9,0.00114805
332,2049,1,5_9,0.00113032
332,2050,1,5_9,0.00110984
332,2051,1,5_9,0.00109273
332,2052,1,5_9,0.00107306
332,2053,1,5_9,0.0010551
332,2054,1,5_9,0.00103749
332,2055,1,5_9,0.00102029
332,2056,1,5_9,0.00100195
332,2057,1,5_9,0.00098426
332,2058,1,5_9,0.00096645
332,2059,1,5_9,0.00095091
332,2060,1,5_9,0.00093491
332,2061,1,5_9,0.00091979
332,2062,1,5_9,0.00090287
332,2063,1,5_9,0.00088566
332,2064,1,5_9,0.00086972
332,2065,1,5_9,0.00085248
332,2066,1,5_9,0.0008372
332,2067,1,5_9,0.00082224
332,2068,1,5_9,0.00080525
332,2069,1,5_9,0.00079049
332,2070,1,5_9,0.00077377
332,2071,1,5_9,0.00075991
332,2072,1,5_9,0.00074658
332,2073,1,5_9,0.00073162
332,2074,1,5_9,0.00071785
332,2075,1,5_9,0.00070468
332,2076,1,5_9,0.00069094
332,2077,1,5_9,0.00067729
332,2078,1,5_9,0.00066302
332,2079,1,5_9,0.00065
332,2080,1,5_9,0.00063574
332,2081,1,5_9,0.00062165
332,2082,1,5_9,0.00060911
332,2083,1,5_9,0.00059516
332,2084,1,5_9,0.00058186
332,2085,1,5_9,0.00057108
332,2086,1,5_9,0.00056035
332,2087,1,5_9,0.00054911
332,2088,1,5_9,0.00053845
332,2089,1,5_9,0.00052837
332,2090,1,5_9,0.00051783
332,2091,1,5_9,0.00050706
332,2092,1,5_9,0.00049617
332,2093,1,5_9,0.00048623
332,2094,1,5_9,0.00047615
332,2095,1,5_9,0.00046526
332,2096,1,5_9,0.00045502
332,2097,1,5_9,0.0004454
332,2098,1,5_9,0.00043441
332,2099,1,5_9,0.0004242
332,2100,1,5_9,0.00041413
388,2024,1,5_9,0.00037897
388,2025,1,5_9,0.0003741
388,2026,1,5_9,0.00036917
388,2027,1,5_9,0.00036407
388,2028,1,5_9,0.00035947
388,2029,1,5_9,0.00035322
388,2030,1,5_9,0.00034862
388,2031,1,5_9,0.0003436
388,2032,1,5_9,0.00033918
388,2033,1,5_9,0.00033559
388,2034,1,5_9,0.00033155
388,2035,1,5_9,0.00032764
388,2036,1,5_9,0.00032423
388,2037,1,5_9,0.00032054
388,2038,1,5_9,0.00031682
388,2039,1,5_9,0.00031265
388,2040,1,5_9,0.00030896
388,2041,1,5_9,0.00030489
388,2042,1,5_9,0.0003007
388,2043,1,5_9,0.00029711
388,2044,1,5_9,0.00029279
388,2045,1,5_9,0.00028869
388,2046,1,5_9,0.00028401
388,2047,1,5_9,0.00027941
388,2048,1,5_9,0.00027485
388,2049,1,5_9,0.00027037
388,2050,1,5_9,0.00026552
388,2051,1,5_9,0.00026128
388,2052,1,5_9,0.00025673
388,2053,1,5_9,0.00025288
388,2054,1,5_9,0.00024888
388,2055,1,5_9,0.0002446
388,2056,1,5_9,0.00024028
388,2057,1,5_9,0.00023599
388,2058,1,5_9,0.00023229
388,2059,1,5_9,0.00022791
388,2060,1,5_9,0.00022365
388,2061,1,5_9,0.00021956
388,2062,1,5_9,0.00021555
388,2063,1,5_9,0.00021173
388,2064,1,5_9,0.00020773
388,2065,1,5_9,0.00020363
388,2066,1,5_9,0.00019937
388,2067,1,5_9,0.00019536
388,2068,1,5_9,0.00019203
388,2069,1,5_9,0.00018782
388,2070,1,5_9,0.0001842
388,2071,1,5_9,0.00018111
388,2072,1,5_9,0.0001781
388,2073,1,5_9,0.00017497
388,2074,1,5_9,0.000172
388,2075,1,5_9,0.00016907
388,2076,1,5_9,0.00016591
388,2077,1,5_9,0.00016288
388,2078,1,5_9,0.00016006
388,2079,1,5_9,0.00015727
388,2080,1,5_9,0.00015479
388,2081,1,5_9,0.00015185
388,2082,1,5_9,0.00014912
388,2083,1,5_9,0.00014625
388,2084,1,5_9,0.00014349
388,2085,1,5_9,0.0001409
388,2086,1,5_9,0.00013814
388,2087,1,5_9,0.00013602
388,2088,1,5_9,0.00013402
388,2089,1,5_9,0.00013201
388,2090,1,5_9,0.00012996
388,2091,1,5_9,0.00012809
388,2092,1,5_9,0.00012598
388,2093,1,5_9,0.00012413
388,2094,1,5_9,0.00012242
388,2095,1,5_9,0.00012042
388,2096,1,5_9,0.00011866
388,2097,1,5_9,0.00011695
388,2098,1,5_9,0.00011513
388,2099,1,5_9,0.00011342
388,2100,1,5_9,0.00011164
474,2024,1,5_9,0.00010966
474,2025,1,5_9,0.00010727
474,2026,1,5_9,0.00010487
474,2027,1,5_9,0.00010273
474,2028,1,5_9,0.00010089
474,2029,1,5_9,9.908e-05
474,2030,1,5_9,9.735e-05
474,2031,1,5_9,9.558e-05
474,2032,1,5_9,9.394e-05
474,2033,1,5_9,9.24e-05
474,2034,1,5_9,9.087e-05
474,2035,1,5_9,8.93e-05
474,2036,1,5_9,8.788e-05
474,2037,1,5_9,8.636e-05
474,2038,1,5_9,8.504e-05
474,2039,1,5_9,8.368e-05
474,2040,1,5_9,8.239e-05
474,2041,1,5_9,8.118e-05
474,2042,1,5_9,8.009e-05
474,2043,1,5_9,7.892e-05
474,2044,1,5_9,7.781e-05
474,2045,1,5_9,7.664e-05
474,2046,1,5_9,7.558e-05
474,2047,1,5_9,7.45e-05
474,2048,1,5_9,7.353e-05
474,2049,1,5_9,7.247e-05
474,2050,1,5_9,7.146e-05
474,2051,1,5_9,7.04e-05
474,2052,1,5_9,6.941e-05
474,2053,1,5_9,6.847e-05
474,2054,1,5_9,6.756e-05
474,2055,1,5_9,6.662e-05
474,2056,1,5_9,6.563e-05
474,2057,1,5_9,6.474e-05
474,2058,1,5_9,6.383e-05
474,2059,1,5_9,6.301e-05
474,2060,1,5_9,6.209e-05
474,2061,1,5_9,6.129e-05
474,2062,1,5_9,6.044e-05
474,2063,1,5_9,5.964e-05
474,2064,1,5_9,5.878e-05
474,2065,1,5_9,5.795e-05
474,2066,1,5_9,5.721e-05
474,2067,1,5_9,5.641e-05
474,2068,1,5_9,5.574e-05
474,2069,1,5_9,5.511e-05
474,2070,1,5_9,5.44e-05
474,2071,1,5_9,5.38e-05
474,2072,1,5_9,5.315e-05
474,2073,1,5_9,5.254e-05
474,2074,1,5_9,5.193e-05
474,2075,1,5_9,5.134e-05
474,2076,1,5_9,5.07e-05
474,2077,1,5_9,5.003e-05
474,2078,1,5_9,4.945e-05
474,2079,1,5_9,4.88e-05
474,2080,1,5_9,4.82e-05
474,2081,1,5_9,4.758e-05
474,2082,1,5_9,4.699e-05
474,2083,1,5_9,4.647e-05
474,2084,1,5_9,4.591e-05
474,2085,1,5_9,4.528e-05
474,2086,1,5_9,4.472e-05
474,2087,1,5_9,4.417e-05
474,2088,1,5_9,4.362e-05
474,2089,1,5_9,4.306e-05
474,2090,1,5_9,4.243e-05
474,2091,1,5_9,4.191e-05
474,2092,1,5_9,4.141e-05
474,2093,1,5_9,4.091e-05
474,2094,1,5_9,4.042e-05
474,2095,1,5_9,3.995e-05
474,2096,1,5_9,3.944e-05
474,2097,1,5_9,3.897e-05
474,2098,1,5_9,3.856e-05
474,2099,1,5_9,3.813e-05
474,2100,1,5_9,3.769e-05
500,2024,1,5_9,0.00028742
500,2025,1,5_9,0.0002795
500,2026,1,5_9,0.00027113
500,2027,1,5_9,0.000263
500,2028,1,5_9,0.00025515
500,2029,1,5_9,0.00024778
500,2030,1,5_9,0.00024098
500,2031,1,5_9,0.0002345
500,2032,1,5_9,0.00022798
500,2033,1,5_9,0.00022196
500,2034,1,5_9,0.00021577
500,2035,1,5_9,0.00020973
500,2036,1,5_9,0.00020408
500,2037,1,5_9,0.0001982
500,2038,1,5_9,0.00019257
500,2039,1,5_9,0.00018658
500,2040,1,5_9,0.00018076
500,2041,1,5_9,0.00017545
500,2042,1,5_9,0.00016993
500,2043,1,5_9,0.00016489
500,2044,1,5_9,0.00015961
500,2045,1,5_9,0.00015491
500,2046,1,5_9,0.00015029
500,2047,1,5_9,0.00014538
500,2048,1,5_9,0.00014088
500,2049,1,5_9,0.00013655
500,2050,1,5_9,0.00013243
500,2051,1,5_9,0.00012837
500,2052,1,5_9,0.00012438
500,2053,1,5_9,0.00012086
500,2054,1,5_9,0.000117
500,2055,1,5_9,0.00011348
500,2056,1,5_9,0.00011008
500,2057,1,5_9,0.00010669
500,2058,1,5_9,0.00010326
500,2059,1,5_9,0.0001002
500,2060,1,5_9,9.737e-05
500,2061,1,5_9,9.451e-05
500,2062,1,5_9,9.182e-05
500,2063,1,5_9,8.921e-05
500,2064,1,5_9,8.673e-05
500,2065,1,5_9,8.428e-05
500,2066,1,5_9,8.198e-05
500,2067,1,5_9,7.974e-05
500,2068,1,5_9,7.774e-05
500,2069,1,5_9,7.58e-05
500,2070,1,5_9,7.374e-05
500,2071,1,5_9,7.186e-05
500,2072,1,5_9,7.001e-05
500,2073,1,5_9,6.828e-05
500,2074,1,5_9,6.668e-05
500,2075,1,5_9,6.496e-05
500,2076,1,5_9,6.34e-05
500,2077,1,5_9,6.197e-05
500,2078,1,5_9,6.049e-05
500,2079,1,5_9,5.908e-05
500,2080,1,5_9,5.764e-05
500,2081,1,5_9,5.631e-05
500,2082,1,5_9,5.501e-05
500,2083,1,5_9,5.38e-05
500,2084,1,5_9,5.262e-05
500,2085,1,5_9,5.149e-05
500,2086,1,5_9,5.038e-05
500,2087,1,5_9,4.932e-05
500,2088,1,5_9,4.832e-05
500,2089,1,5_9,4.732e-05
500,2090,1,5_9,4.637e-05
500,2091,1,5_9,4.553e-05
500,2092,1,5_9,4.46e-05
500,2093,1,5_9,4.371e-05
500,2094,1,5_9,4.289e-05
500,2095,1,5_9,4.213e-05
500,2096,1,5_9,4.138e-05
500,2097,1,5_9,4.064e-05
500,2098,1,5_9,3.988e-05
500,2099,1,5_9,3.916e-05
500,2100,1,5_9,3.847e-05
630,2024,1,5_9,0.00018115
630,2025,1,5_9,0.00017601
630,2026,1,5_9,0.00017117
630,2027,1,5_9,0.0001668
630,2028,1,5_9,0.00016293
630,2029,1,5_9,0.00015908
630,2030,1,5_9,0.00015526
630,2031,1,5_9,0.00015152
630,2032,1,5_9,0.00014822
630,2033,1,5_9,0.00014512
630,2034,1,5_9,0.00014207
630,2035,1,5_9,0.00013932
630,2036,1,5_9,0.00013647
630,2037,1,5_9,0.00013388
630,2038,1,5_9,0.00013129
630,2039,1,5_9,0.00012886
630,2040,1,5_9,0.00012641
630,2041,1,5_9,0.00012406
630,2042,1,5_9,0.00012192
630,2043,1,5_9,0.00011957
630,2044,1,5_9,0.00011736
630,2045,1,5_9,0.00011521
630,2046,1,5_9,0.00011316
630,2047,1,5_9,0.00011107
630,2048,1,5_9,0.00010914
630,2049,1,5_9,0.00010718
630,2050,1,5_9,0.00010526
630,2051,1,5_9,0.0001035
630,2052,1,5_9,0.00010161
630,2053,1,5_9,9.984e-05
630,2054,1,5_9,9.823e-05
630,2055,1,5_9,9.644e-05
630,2056,1,5_9,9.482e-05
630,2057,1,5_9,9.311e-05
630,2058,1,5_9,9.153e-05
630,2059,1,5_9,8.987e-05
630,2060,1,5_9,8.85e-05
630,2061,1,5_9,8.697e-05
630,2062,1,5_9,8.545e-05
630,2063,1,5_9,8.386e-05
630,2064,1,5_9,8.241e-05
630,2065,1,5_9,8.11e-05
630,2066,1,5_9,7.964e-05
630,2067,1,5_9,7.836e-05
630,2068,1,5_9,7.701e-05
630,2069,1,5_9,7.575e-05
630,2070,1,5_9,7.451e-05
630,2071,1,5_9,7.319e-05
630,2072,1,5_9,7.21e-05
630,2073,1,5_9,7.097e-05
630,2074,1,5_9,6.981e-05
630,2075,1,5_9,6.856e-05
630,2076,1,5_9,6.749e-05
630,2077,1,5_9,6.642e-05
630,2078,1,5_9,6.542e-05
630,2079,1,5_9,6.437e-05
630,2080,1,5_9,6.335e-05
630,2081,1,5_9,6.23e-05
630,2082,1,5_9,6.126e-05
630,2083,1,5_9,6.023e-05
630,2084,1,5_9,5.927e-05
630,2085,1,5_9,5.838e-05
630,2086,1,5_9,5.737e-05
630,2087,1,5_9,5.649e-05
630,2088,1,5_9,5.555e-05
630,2089,1,5_9,5.463e-05
630,2090,1,5_9,5.376e-05
630,2091,1,5_9,5.285e-05
630,2092,1,5_9,5.204e-05
630,2093,1,5_9,5.11e-05
630,2094,1,5_9,5.032e-05
630,2095,1,5_9,4.948e-05
630,2096,1,5_9,4.866e-05
630,2097,1,5_9,4.788e-05
630,2098,1,5_9,4.705e-05
630,2099,1,5_9,4.633e-05
630,2100,1,5_9,4.557e-05
652,2024,1,5_9,0.00011266
652,2025,1,5_9,0.00011054
652,2026,1,5_9,0.0001085
652,2027,1,5_9,0.00010658
652,2028,1,5_9,0.00010456
652,2029,1,5_9,0.00010263
652,2030,1,5_9,0.00010059
652,2031,1,5_9,9.895e-05
652,2032,1,5_9,9.724e-05
652,2033,1,5_9,9.555e-05
652,2034,1,5_9,9.395e-05
652,2035,1,5_9,9.212e-05
652,2036,1,5_9,9.042e-05
652,2037,1,5_9,8.88e-05
652,2038,1,5_9,8.707e-05
652,2039,1,5_9,8.565e-05
652,2040,1,5_9,8.416e-05
652,2041,1,5_9,8.267e-05
652,2042,1,5_9,8.132e-05
652,2043,1,5_9,7.985e-05
652,2044,1,5_9,7.836e-05
652,2045,1,5_9,7.702e-05
652,2046,1,5_9,7.568e-05
652,2047,1,5_9,7.431e-05
652,2048,1,5_9,7.304e-05
652,2049,1,5_9,7.17e-05
652,2050,1,5_9,7.064e-05
652,2051,1,5_9,6.943e-05
652,2052,1,5_9,6.826e-05
652,2053,1,5_9,6.715e-05
652,2054,1,5_9,6.612e-05
652,2055,1,5_9,6.512e-05
652,2056,1,5_9,6.42e-05
652,2057,1,5_9,6.322e-05
652,2058,1,5_9,6.226e-05
652,2059,1,5_9,6.137e-05
652,2060,1,5_9,6.036e-05
652,2061,1,5_9,5.939e-05
652,2062,1,5_9,5.849e-05
652,2063,1,5_9,5.769e-05
652,2064,1,5_9,5.678e-05
652,2065,1,5_9,5.59e-05
652,2066,1,5_9,5.501e-05
652,2067,1,5_9,5.416e-05
652,2068,1,5_9,5.341e-05
652,2069,1,5_9,5.261e-05
652,2070,1,5_9,5.185e-05
652,2071,1,5_9,5.112e-05
652,2072,1,5_9,5.041e-05
652,2073,1,5_9,4.959e-05
652,2074,1,5_9,4.884e-05
652,2075,1,5_9,4.809e-05
652,2076,1,5_9,4.731e-05
652,2077,1,5_9,4.654e-05
652,2078,1,5_9,4.582e-05
652,2079,1,5_9,4.512e-05
652,2080,1,5_9,4.444e-05
652,2081,1,5_9,4.386e-05
652,2082,1,5_9,4.315e-05
652,2083,1,5_9,4.256e-05
652,2084,1,5_9,4.196e-05
652,2085,1,5_9,4.134e-05
652,2086,1,5_9,4.069e-05
652,2087,1,5_9,4.015e-05
652,2088,1,5_9,3.957e-05
652,2089,1,5_9,3.897e-05
652,2090,1,5_9,3.838e-05
652,2091,1,5_9,3.776e-05
652,2092,1,5_9,3.721e-05
652,2093,1,5_9,3.667e-05
652,2094,1,5_9,3.61e-05
652,2095,1,5_9,3.559e-05
652,2096,1,5_9,3.504e-05
652,2097,1,5_9,3.446e-05
652,2098,1,5_9,3.393e-05
652,2099,1,5_9,3.344e-05
652,2100,1,5_9,3.289e-05
659,2024,1,5_9,0.0004007
659,2025,1,5_9,0.00039289
659,2026,1,5_9,0.00038469
659,2027,1,5_9,0.00037678
659,2028,1,5_9,0.000369
659,2029,1,5_9,0.00036053
659,2030,1,5_9,0.00035277
659,2031,1,5_9,0.000345
659,2032,1,5_9,0.0003369
659,2033,1,5_9,0.00032898
659,2034,1,5_9,0.00032303
659,2035,1,5_9,0.00031664
659,2036,1,5_9,0.00031097
659,2037,1,5_9,0.00030546
659,2038,1,5_9,0.00029917
659,2039,1,5_9,0.00029303
659,2040,1,5_9,0.0002874
659,2041,1,5_9,0.00028146
659,2042,1,5_9,0.00027585
659,2043,1,5_9,0.00027048
659,2044,1,5_9,0.00026489
659,2045,1,5_9,0.00025919
659,2046,1,5_9,0.00025365
659,2047,1,5_9,0.00024739
659,2048,1,5_9,0.00024194
659,2049,1,5_9,0.00023617
659,2050,1,5_9,0.00023098
659,2051,1,5_9,0.00022549
659,2052,1,5_9,0.00022018
659,2053,1,5_9,0.00021483
659,2054,1,5_9,0.00021012
659,2055,1,5_9,0.00020562
659,2056,1,5_9,0.00020112
659,2057,1,5_9,0.00019635
659,2058,1,5_9,0.00019166
659,2059,1,5_9,0.00018703
659,2060,1,5_9,0.00018233
659,2061,1,5_9,0.00017781
659,2062,1,5_9,0.00017349
659,2063,1,5_9,0.00016885
659,2064,1,5_9,0.00016468
659,2065,1,5_9,0.00016116
659,2066,1,5_9,0.00015747
659,2067,1,5_9,0.00015396
659,2068,1,5_9,0.00015051
659,2069,1,5_9,0.00014714
659,2070,1,5_9,0.00014405
659,2071,1,5_9,0.00014087
659,2072,1,5_9,0.00013769
659,2073,1,5_9,0.00013454
659,2074,1,5_9,0.00013156
659,2075,1,5_9,0.00012858
659,2076,1,5_9,0.00012556
659,2077,1,5_9,0.0001226
659,2078,1,5_9,0.00011965
659,2079,1,5_9,0.00011696
659,2080,1,5_9,0.00011425
659,2081,1,5_9,0.00011166
659,2082,1,5_9,0.00010928
659,2083,1,5_9,0.00010689
659,2084,1,5_9,0.0001046
659,2085,1,5_9,0.00010243
659,2086,1,5_9,0.00010022
659,2087,1,5_9,9.793e-05
659,2088,1,5_9,9.576e-05
659,2089,1,5_9,9.371e-05
659,2090,1,5_9,9.178e-05
659,2091,1,5_9,8.992e-05
659,2092,1,5_9,8.791e-05
659,2093,1,5_9,8.595e-05
659,2094,1,5_9,8.414e-05
659,2095,1,5_9,8.25e-05
659,2096,1,5_9,8.084e-05
659,2097,1,5_9,7.925e-05
659,2098,1,5_9,7.769e-05
659,2099,1,5_9,7.618e-05
659,2100,1,5_9,7.47e-05
662,2024,1,5_9,0.00040692
662,2025,1,5_9,0.00039853
662,2026,1,5_9,0.00039018
662,2027,1,5_9,0.00038281
662,2028,1,5_9,0.00037703
662,2029,1,5_9,0.00037061
662,2030,1,5_9,0.0003648
662,2031,1,5_9,0.00035863
662,2032,1,5_9,0.00035241
662,2033,1,5_9,0.00034645
662,2034,1,5_9,0.00034
662,2035,1,5_9,0.000334
662,2036,1,5_9,0.00032716
662,2037,1,5_9,0.00032102
662,2038,1,5_9,0.0003152
662,2039,1,5_9,0.00030862
662,2040,1,5_9,0.00030234
662,2041,1,5_9,0.00029571
662,2042,1,5_9,0.00028902
662,2043,1,5_9,0.00028289
662,2044,1,5_9,0.00027707
662,2045,1,5_9,0.00027104
662,2046,1,5_9,0.00026486
662,2047,1,5_9,0.00025912
662,2048,1,5_9,0.00025337
662,2049,1,5_9,0.00024813
662,2050,1,5_9,0.00024241
662,2051,1,5_9,0.00023671
662,2052,1,5_9,0.00023145
662,2053,1,5_9,0.00022571
662,2054,1,5_9,0.0002205
662,2055,1,5_9,0.00021535
662,2056,1,5_9,0.0002102
662,2057,1,5_9,0.00020498
662,2058,1,5_9,0.00019988
662,2059,1,5_9,0.00019535
662,2060,1,5_9,0.00019122
662,2061,1,5_9,0.00018748
662,2062,1,5_9,0.00018374
662,2063,1,5_9,0.00017995
662,2064,1,5_9,0.0001762
662,2065,1,5_9,0.00017252
662,2066,1,5_9,0.0001689
662,2067,1,5_9,0.00016518
662,2068,1,5_9,0.00016169
662,2069,1,5_9,0.00015823
662,2070,1,5_9,0.0001547
662,2071,1,5_9,0.00015151
662,2072,1,5_9,0.00014787
662,2073,1,5_9,0.00014468
662,2074,1,5_9,0.00014159
662,2075,1,5_9,0.00013894
662,2076,1,5_9,0.00013646
662,2077,1,5_9,0.00013411
662,2078,1,5_9,0.00013159
662,2079,1,5_9,0.00012915
662,2080,1,5_9,0.00012664
662,2081,1,5_9,0.00012416
662,2082,1,5_9,0.00012187
662,2083,1,5_9,0.00011971
662,2084,1,5_9,0.00011762
662,2085,1,5_9,0.00011544
662,2086,1,5_9,0.00011328
662,2087,1,5_9,0.00011124
662,2088,1,5_9,0.00010927
662,2089,1,5_9,0.00010737
662,2090,1,5_9,0.00010545
662,2091,1,5_9,0.00010347
662,2092,1,5_9,0.00010171
662,2093,1,5_9,0.00010018
662,2094,1,5_9,9.86e-05
662,2095,1,5_9,9.706e-05
662,2096,1,5_9,9.547e-05
662,2097,1,5_9,9.405e-05
662,2098,1,5_9,9.264e-05
662,2099,1,5_9,9.115e-05
662,2100,1,5_9,8.977e-05
663,2024,1,5_9,0.00018823
663,2025,1,5_9,0.00018204
663,2026,1,5_9,0.0001761
663,2027,1,5_9,0.00017045
663,2028,1,5_9,0.00016494
663,2029,1,5_9,0.00015941
663,2030,1,5_9,0.00015428
663,2031,1,5_9,0.00014972
663,2032,1,5_9,0.00014509
663,2033,1,5_9,0.00014102
663,2034,1,5_9,0.000137
663,2035,1,5_9,0.00013317
663,2036,1,5_9,0.00012954
663,2037,1,5_9,0.00012608
663,2038,1,5_9,0.00012273
663,2039,1,5_9,0.0001194
663,2040,1,5_9,0.0001166
663,2041,1,5_9,0.00011393
663,2042,1,5_9,0.00011131
663,2043,1,5_9,0.00010875
663,2044,1,5_9,0.0001063
663,2045,1,5_9,0.00010401
663,2046,1,5_9,0.00010169
663,2047,1,5_9,9.949e-05
663,2048,1,5_9,9.755e-05
663,2049,1,5_9,9.542e-05
663,2050,1,5_9,9.339e-05
663,2051,1,5_9,9.15e-05
663,2052,1,5_9,8.967e-05
663,2053,1,5_9,8.795e-05
663,2054,1,5_9,8.631e-05
663,2055,1,5_9,8.467e-05
663,2056,1,5_9,8.316e-05
663,2057,1,5_9,8.166e-05
663,2058,1,5_9,8.016e-05
663,2059,1,5_9,7.861e-05
663,2060,1,5_9,7.709e-05
663,2061,1,5_9,7.57e-05
663,2062,1,5_9,7.426e-05
663,2063,1,5_9,7.286e-05
663,2064,1,5_9,7.149e-05
663,2065,1,5_9,7.018e-05
663,2066,1,5_9,6.9e-05
663,2067,1,5_9,6.783e-05
663,2068,1,5_9,6.673e-05
663,2069,1,5_9,6.563e-05
663,2070,1,5_9,6.445e-05
663,2071,1,5_9,6.334e-05
663,2072,1,5_9,6.222e-05
663,2073,1,5_9,6.116e-05
663,2074,1,5_9,6.002e-05
663,2075,1,5_9,5.913e-05
663,2076,1,5_9,5.818e-05
663,2077,1,5_9,5.737e-05
663,2078,1,5_9,5.647e-05
663,2079,1,5_9,5.568e-05
663,2080,1,5_9,5.493e-05
663,2081,1,5_9,5.412e-05
663,2082,1,5_9,5.333e-05
663,2083,1,5_9,5.26e-05
663,2084,1,5_9,5.191e-05
663,2085,1,5_9,5.115e-05
663,2086,1,5_9,5.029e-05
663,2087,1,5_9,4.956e-05
663,2088,1,5_9,4.893e-05
663,2089,1,5_9,4.826e-05
663,2090,1,5_9,4.754e-05
663,2091,1,5_9,4.687e-05
663,2092,1,5_9,4.613e-05
663,2093,1,5_9,4.552e-05
663,2094,1,5_9,4.487e-05
663,2095,1,5_9,4.426e-05
663,2096,1,5_9,4.364e-05
663,2097,1,5_9,4.305e-05
663,2098,1,5_9,4.244e-05
663,2099,1,5_9,4.185e-05
663,2100,1,5_9,4.123e-05
670,2024,1,5_9,0.00033089
670,2025,1,5_9,0.00032434
670,2026,1,5_9,0.00031818
670,2027,1,5_9,0.0003114
670,2028,1,5_9,0.00030577
670,2029,1,5_9,0.00030004
670,2030,1,5_9,0.00029508
670,2031,1,5_9,0.00028862
670,2032,1,5_9,0.00028315
670,2033,1,5_9,0.00027776
670,2034,1,5_9,0.00027276
670,2035,1,5_9,0.00026916
670,2036,1,5_9,0.00026479
670,2037,1,5_9,0.00026103
670,2038,1,5_9,0.00025672
670,2039,1,5_9,0.00025232
670,2040,1,5_9,0.00024823
670,2041,1,5_9,0.00024391
670,2042,1,5_9,0.00023968
670,2043,1,5_9,0.00023522
670,2044,1,5_9,0.00023118
670,2045,1,5_9,0.0002272
670,2046,1,5_9,0.0002229
670,2047,1,5_9,0.00021843
670,2048,1,5_9,0.00021431
670,2049,1,5_9,0.00021036
670,2050,1,5_9,0.00020603
670,2051,1,5_9,0.00020243
670,2052,1,5_9,0.00019864
670,2053,1,5_9,0.00019471
670,2054,1,5_9,0.00019068
670,2055,1,5_9,0.00018689
670,2056,1,5_9,0.0001828
670,2057,1,5_9,0.0001788
670,2058,1,5_9,0.00017526
670,2059,1,5_9,0.0001715
670,2060,1,5_9,0.00016751
670,2061,1,5_9,0.00016392
670,2062,1,5_9,0.00016062
670,2063,1,5_9,0.00015724
670,2064,1,5_9,0.00015364
670,2065,1,5_9,0.00015035
670,2066,1,5_9,0.00014664
670,2067,1,5_9,0.00014345
670,2068,1,5_9,0.00014035
670,2069,1,5_9,0.00013724
670,2070,1,5_9,0.00013481
670,2071,1,5_9,0.00013228
670,2072,1,5_9,0.00012968
670,2073,1,5_9,0.0001272
670,2074,1,5_9,0.00012462
670,2075,1,5_9,0.00012225
670,2076,1,5_9,0.0001197
670,2077,1,5_9,0.00011723
670,2078,1,5_9,0.00011495
670,2079,1,5_9,0.00011233
670,2080,1,5_9,0.00011008
670,2081,1,5_9,0.00010781
670,2082,1,5_9,0.00010536
670,2083,1,5_9,0.00010314
670,2084,1,5_9,0.00010103
670,2085,1,5_9,9.883e-05
670,2086,1,5_9,9.692e-05
670,2087,1,5_9,9.498e-05
670,2088,1,5_9,9.299e-05
670,2089,1,5_9,9.114e-05
670,2090,1,5_9,8.929e-05
670,2091,1,5_9,8.737e-05
670,2092,1,5_9,8.558e-05
670,2093,1,5_9,8.384e-05
670,2094,1,5_9,8.208e-05
670,2095,1,5_9,8.042e-05
670,2096,1,5_9,7.883e-05
670,2097,1,5_9,7.721e-05
670,2098,1,5_9,7.564e-05
670,2099,1,5_9,7.416e-05
670,2100,1,5_9,7.258e-05
534,2024,1,5_9,0.00029585
534,2025,1,5_9,0.00028919
534,2026,1,5_9,0.00028274
534,2027,1,5_9,0.00027636
534,2028,1,5_9,0.00026967
534,2029,1,5_9,0.00026365
534,2030,1,5_9,0.00025714
534,2031,1,5_9,0.00025123
534,2032,1,5_9,0.00024559
534,2033,1,5_9,0.00023993
534,2034,1,5_9,0.00023457
534,2035,1,5_9,0.00022894
534,2036,1,5_9,0.00022339
534,2037,1,5_9,0.00021787
534,2038,1,5_9,0.00021274
534,2039,1,5_9,0.00020784
534,2040,1,5_9,0.00020308
534,2041,1,5_9,0.00019796
534,2042,1,5_9,0.00019293
534,2043,1,5_9,0.00018799
534,2044,1,5_9,0.00018306
534,2045,1,5_9,0.00017834
534,2046,1,5_9,0.00017395
534,2047,1,5_9,0.00016949
534,2048,1,5_9,0.00016495
534,2049,1,5_9,0.00016085
534,2050,1,5_9,0.00015692
534,2051,1,5_9,0.00015308
534,2052,1,5_9,0.00014935
534,2053,1,5_9,0.00014553
534,2054,1,5_9,0.00014194
534,2055,1,5_9,0.00013841
534,2056,1,5_9,0.00013506
534,2057,1,5_9,0.00013188
534,2058,1,5_9,0.00012872
534,2059,1,5_9,0.00012548
534,2060,1,5_9,0.00012238
534,2061,1,5_9,0.00011985
534,2062,1,5_9,0.00011709
534,2063,1,5_9,0.0001145
534,2064,1,5_9,0.00011204
534,2065,1,5_9,0.00010954
534,2066,1,5_9,0.00010719
534,2067,1,5_9,0.00010491
534,2068,1,5_9,0.00010274
534,2069,1,5_9,0.0001007
534,2070,1,5_9,9.873e-05
534,2071,1,5_9,9.675e-05
534,2072,1,5_9,9.503e-05
534,2073,1,5_9,9.316e-05
534,2074,1,5_9,9.135e-05
534,2075,1,5_9,8.971e-05
534,2076,1,5_9,8.797e-05
534,2077,1,5_9,8.635e-05
534,2078,1,5_9,8.47e-05
534,2079,1,5_9,8.307e-05
534,2080,1,5_9,8.165e-05
534,2081,1,5_9,8.008e-05
534,2082,1,5_9,7.856e-05
534,2083,1,5_9,7.726e-05
534,2084,1,5_9,7.596e-05
534,2085,1,5_9,7.469e-05
534,2086,1,5_9,7.352e-05
534,2087,1,5_9,7.215e-05
534,2088,1,5_9,7.089e-05
534,2089,1,5_9,6.975e-05
534,2090,1,5_9,6.851e-05
534,2091,1,5_9,6.739e-05
534,2092,1,5_9,6.621e-05
534,2093,1,5_9,6.52e-05
534,2094,1,5_9,6.415e-05
534,2095,1,5_9,6.312e-05
534,2096,1,5_9,6.207e-05
534,2097,1,5_9,6.107e-05
534,2098,1,5_9,6.021e-05
534,2099,1,5_9,5.93e-05
534,2100,1,5_9,5.837e-05
780,2024,1,5_9,0.00022731
780,2025,1,5_9,0.00022567
780,2026,1,5_9,0.00022354
780,2027,1,5_9,0.00022161
780,2028,1,5_9,0.00021949
780,2029,1,5_9,0.00021727
780,2030,1,5_9,0.00021473
780,2031,1,5_9,0.00021243
780,2032,1,5_9,0.00021029
780,2033,1,5_9,0.00020753
780,2034,1,5_9,0.0002048
780,2035,1,5_9,0.00020186
780,2036,1,5_9,0.00019922
780,2037,1,5_9,0.00019641
780,2038,1,5_9,0.00019328
780,2039,1,5_9,0.00019035
780,2040,1,5_9,0.00018748
780,2041,1,5_9,0.00018513
780,2042,1,5_9,0.00018258
780,2043,1,5_9,0.00017975
780,2044,1,5_9,0.00017683
780,2045,1,5_9,0.00017386
780,2046,1,5_9,0.0001706
780,2047,1,5_9,0.00016766
780,2048,1,5_9,0.00016451
780,2049,1,5_9,0.00016163
780,2050,1,5_9,0.00015858
780,2051,1,5_9,0.00015529
780,2052,1,5_9,0.00015219
780,2053,1,5_9,0.00014908
780,2054,1,5_9,0.000146
780,2055,1,5_9,0.0001439
780,2056,1,5_9,0.00014157
780,2057,1,5_9,0.00013929
780,2058,1,5_9,0.000137
780,2059,1,5_9,0.00013482
780,2060,1,5_9,0.00013238
780,2061,1,5_9,0.00013019
780,2062,1,5_9,0.00012804
780,2063,1,5_9,0.00012595
780,2064,1,5_9,0.00012398
780,2065,1,5_9,0.00012178
780,2066,1,5_9,0.00011964
780,2067,1,5_9,0.00011724
780,2068,1,5_9,0.00011516
780,2069,1,5_9,0.00011296
780,2070,1,5_9,0.00011113
780,2071,1,5_9,0.00010938
780,2072,1,5_9,0.0001077
780,2073,1,5_9,0.00010616
780,2074,1,5_9,0.00010453
780,2075,1,5_9,0.00010299
780,2076,1,5_9,0.00010147
780,2077,1,5_9,0.00010006
780,2078,1,5_9,9.841e-05
780,2079,1,5_9,9.696e-05
780,2080,1,5_9,9.553e-05
780,2081,1,5_9,9.426e-05
780,2082,1,5_9,9.273e-05
780,2083,1,5_9,9.137e-05
780,2084,1,5_9,8.997e-05
780,2085,1,5_9,8.875e-05
780,2086,1,5_9,8.758e-05
780,2087,1,5_9,8.654e-05
780,2088,1,5_9,8.542e-05
780,2089,1,5_9,8.447e-05
780,2090,1,5_9,8.341e-05
780,2091,1,5_9,8.232e-05
780,2092,1,5_9,8.128e-05
780,2093,1,5_9,8.024e-05
780,2094,1,5_9,7.942e-05
780,2095,1,5_9,7.852e-05
780,2096,1,5_9,7.746e-05
780,2097,1,5_9,7.649e-05
780,2098,1,5_9,7.564e-05
780,2099,1,5_9,7.476e-05
780,2100,1,5_9,7.394e-05
796,2024,1,5_9,0.00013955
796,2025,1,5_9,0.00013662
796,2026,1,5_9,0.00013363
796,2027,1,5_9,0.00013055
796,2028,1,5_9,0.00012766
796,2029,1,5_9,0.00012478
796,2030,1,5_9,0.0001218
796,2031,1,5_9,0.00011887
796,2032,1,5_9,0.00011579
796,2033,1,5_9,0.00011294
796,2034,1,5_9,0.0001103
796,2035,1,5_9,0.0001076
796,2036,1,5_9,0.00010498
796,2037,1,5_9,0.00010236
796,2038,1,5_9,9.99e-05
796,2039,1,5_9,9.74e-05
796,2040,1,5_9,9.527e-05
796,2041,1,5_9,9.29e-05
796,2042,1,5_9,9.074e-05
796,2043,1,5_9,8.85e-05
796,2044,1,5_9,8.634e-05
796,2045,1,5_9,8.432e-05
796,2046,1,5_9,8.245e-05
796,2047,1,5_9,8.072e-05
796,2048,1,5_9,7.902e-05
796,2049,1,5_9,7.732e-05
796,2050,1,5_9,7.576e-05
796,2051,1,5_9,7.427e-05
796,2052,1,5_9,7.278e-05
796,2053,1,5_9,7.122e-05
796,2054,1,5_9,6.984e-05
796,2055,1,5_9,6.841e-05
796,2056,1,5_9,6.708e-05
796,2057,1,5_9,6.586e-05
796,2058,1,5_9,6.457e-05
796,2059,1,5_9,6.343e-05
796,2060,1,5_9,6.226e-05
796,2061,1,5_9,6.132e-05
796,2062,1,5_9,6.034e-05
796,2063,1,5_9,5.925e-05
796,2064,1,5_9,5.835e-05
796,2065,1,5_9,5.727e-05
796,2066,1,5_9,5.631e-05
796,2067,1,5_9,5.54e-05
796,2068,1,5_9,5.459e-05
796,2069,1,5_9,5.38e-05
796,2070,1,5_9,5.303e-05
796,2071,1,5_9,5.226e-05
796,2072,1,5_9,5.144e-05
796,2073,1,5_9,5.071e-05
796,2074,1,5_9,5.009e-05
796,2075,1,5_9,4.937e-05
796,2076,1,5_9,4.868e-05
796,2077,1,5_9,4.796e-05
796,2078,1,5_9,4.734e-05
796,2079,1,5_9,4.673e-05
796,2080,1,5_9,4.619e-05
796,2081,1,5_9,4.562e-05
796,2082,1,5_9,4.516e-05
796,2083,1,5_9,4.467e-05
796,2084,1,5_9,4.404e-05
796,2085,1,5_9,4.353e-05
796,2086,1,5_9,4.304e-05
796,2087,1,5_9,4.251e-05
796,2088,1,5_9,4.202e-05
796,2089,1,5_9,4.157e-05
796,2090,1,5_9,4.11e-05
796,2091,1,5_9,4.058e-05
796,2092,1,5_9,4.012e-05
796,2093,1,5_9,3.965e-05
796,2094,1,5_9,3.919e-05
796,2095,1,5_9,3.866e-05
796,2096,1,5_9,3.826e-05
796,2097,1,5_9,3.787e-05
796,2098,1,5_9,3.744e-05
796,2099,1,5_9,3.704e-05
796,2100,1,5_9,3.663e-05
850,2024,1,5_9,0.0005948
850,2025,1,5_9,0.00057599
850,2026,1,5_9,0.00055707
850,2027,1,5_9,0.00053856
850,2028,1,5_9,0.00052025
850,2029,1,5_9,0.00050261
850,2030,1,5_9,0.00048502
850,2031,1,5_9,0.00046775
850,2032,1,5_9,0.00045175
850,2033,1,5_9,0.00043512
850,2034,1,5_9,0.00041943
850,2035,1,5_9,0.00040481
850,2036,1,5_9,0.00039013
850,2037,1,5_9,0.00037694
850,2038,1,5_9,0.00036357
850,2039,1,5_9,0.00035021
850,2040,1,5_9,0.00033693
850,2041,1,5_9,0.00032482
850,2042,1,5_9,0.00031284
850,2043,1,5_9,0.00030235
850,2044,1,5_9,0.00029293
850,2045,1,5_9,0.00028347
850,2046,1,5_9,0.00027462
850,2047,1,5_9,0.00026634
850,2048,1,5_9,0.00025843
850,2049,1,5_9,0.00025068
850,2050,1,5_9,0.00024277
850,2051,1,5_9,0.00023551
850,2052,1,5_9,0.00022842
850,2053,1,5_9,0.00022179
850,2054,1,5_9,0.00021512
850,2055,1,5_9,0.00020889
850,2056,1,5_9,0.00020294
850,2057,1,5_9,0.00019783
850,2058,1,5_9,0.00019258
850,2059,1,5_9,0.00018748
850,2060,1,5_9,0.00018282
850,2061,1,5_9,0.0001782
850,2062,1,5_9,0.00017377
850,2063,1,5_9,0.00016932
850,2064,1,5_9,0.00016536
850,2065,1,5_9,0.00016134
850,2066,1,5_9,0.00015739
850,2067,1,5_9,0.00015389
850,2068,1,5_9,0.00015027
850,2069,1,5_9,0.00014688
850,2070,1,5_9,0.00014345
850,2071,1,5_9,0.00014042
850,2072,1,5_9,0.00013729
850,2073,1,5_9,0.00013441
850,2074,1,5_9,0.00013168
850,2075,1,5_9,0.00012905
850,2076,1,5_9,0.00012623
850,2077,1,5_9,0.00012392
850,2078,1,5_9,0.00012141
850,2079,1,5_9,0.0001189
850,2080,1,5_9,0.0001164
850,2081,1,5_9,0.00011407
850,2082,1,5_9,0.00011179
850,2083,1,5_9,0.00010964
850,2084,1,5_9,0.00010763
850,2085,1,5_9,0.00010563
850,2086,1,5_9,0.00010367
850,2087,1,5_9,0.00010185
850,2088,1,5_9,9.984e-05
850,2089,1,5_9,9.794e-05
850,2090,1,5_9,9.623e-05
850,2091,1,5_9,9.437e-05
850,2092,1,5_9,9.264e-05
850,2093,1,5_9,9.101e-05
850,2094,1,5_9,8.943e-05
850,2095,1,5_9,8.796e-05
850,2096,1,5_9,8.641e-05
850,2097,1,5_9,8.488e-05
850,2098,1,5_9,8.335e-05
850,2099,1,5_9,8.192e-05
850,2100,1,5_9,8.048e-05
84,2024,1,5_9,0.00021752
84,2025,1,5_9,0.00021496
84,2026,1,5_9,0.0002118
84,2027,1,5_9,0.00020884
84,2028,1,5_9,0.00020594
84,2029,1,5_9,0.00020291
84,2030,1,5_9,0.00019994
84,2031,1,5_9,0.00019664
84,2032,1,5_9,0.00019349
84,2033,1,5_9,0.00019026
84,2034,1,5_9,0.00018715
84,2035,1,5_9,0.00018397
84,2036,1,5_9,0.00018078
84,2037,1,5_9,0.00017776
84,2038,1,5_9,0.00017424
84,2039,1,5_9,0.00017111
84,2040,1,5_9,0.00016775
84,2041,1,5_9,0.00016461
84,2042,1,5_9,0.00016168
84,2043,1,5_9,0.00015848
84,2044,1,5_9,0.00015516
84,2045,1,5_9,0.00015202
84,2046,1,5_9,0.00014855
84,2047,1,5_9,0.00014547
84,2048,1,5_9,0.00014269
84,2049,1,5_9,0.0001403
84,2050,1,5_9,0.00013781
84,2051,1,5_9,0.00013531
84,2052,1,5_9,0.00013288
84,2053,1,5_9,0.00013018
84,2054,1,5_9,0.0001276
84,2055,1,5_9,0.00012537
84,2056,1,5_9,0.00012303
84,2057,1,5_9,0.00012057
84,2058,1,5_9,0.0001182
84,2059,1,5_9,0.00011559
84,2060,1,5_9,0.00011306
84,2061,1,5_9,0.00011075
84,2062,1,5_9,0.00010847
84,2063,1,5_9,0.00010659
84,2064,1,5_9,0.00010487
84,2065,1,5_9,0.00010306
84,2066,1,5_9,0.00010139
84,2067,1,5_9,9.958e-05
84,2068,1,5_9,9.776e-05
84,2069,1,5_9,9.612e-05
84,2070,1,5_9,9.448e-05
84,2071,1,5_9,9.288e-05
84,2072,1,5_9,9.132e-05
84,2073,1,5_9,8.966e-05
84,2074,1,5_9,8.823e-05
84,2075,1,5_9,8.665e-05
84,2076,1,5_9,8.539e-05
84,2077,1,5_9,8.398e-05
84,2078,1,5_9,8.272e-05
84,2079,1,5_9,8.149e-05
84,2080,1,5_9,8.023e-05
84,2081,1,5_9,7.896e-05
84,2082,1,5_9,7.784e-05
84,2083,1,5_9,7.663e-05
84,2084,1,5_9,7.555e-05
84,2085,1,5_9,7.454e-05
84,2086,1,5_9,7.344e-05
84,2087,1,5_9,7.249e-05
84,2088,1,5_9,7.145e-05
84,2089,1,5_9,7.035e-05
84,2090,1,5_9,6.934e-05
84,2091,1,5_9,6.834e-05
84,2092,1,5_9,6.742e-05
84,2093,1,5_9,6.653e-05
84,2094,1,5_9,6.566e-05
84,2095,1,5_9,6.482e-05
84,2096,1,5_9,6.387e-05
84,2097,1,5_9,6.302e-05
84,2098,1,5_9,6.217e-05
84,2099,1,5_9,6.141e-05
84,2100,1,5_9,6.057e-05
188,2024,1,5_9,0.00015812
188,2025,1,5_9,0.00015317
188,2026,1,5_9,0.0001483
188,2027,1,5_9,0.00014367
188,2028,1,5_9,0.00013912
188,2029,1,5_9,0.00013474
188,2030,1,5_9,0.00013066
188,2031,1,5_9,0.00012663
188,2032,1,5_9,0.000123
188,2033,1,5_9,0.00011938
188,2034,1,5_9,0.00011604
188,2035,1,5_9,0.0001129
188,2036,1,5_9,0.00010993
188,2037,1,5_9,0.00010722
188,2038,1,5_9,0.00010456
188,2039,1,5_9,0.00010199
188,2040,1,5_9,9.954e-05
188,2041,1,5_9,9.724e-05
188,2042,1,5_9,9.497e-05
188,2043,1,5_9,9.289e-05
188,2044,1,5_9,9.072e-05
188,2045,1,5_9,8.875e-05
188,2046,1,5_9,8.685e-05
188,2047,1,5_9,8.498e-05
188,2048,1,5_9,8.317e-05
188,2049,1,5_9,8.137e-05
188,2050,1,5_9,7.966e-05
188,2051,1,5_9,7.8e-05
188,2052,1,5_9,7.654e-05
188,2053,1,5_9,7.5e-05
188,2054,1,5_9,7.346e-05
188,2055,1,5_9,7.192e-05
188,2056,1,5_9,7.053e-05
188,2057,1,5_9,6.911e-05
188,2058,1,5_9,6.768e-05
188,2059,1,5_9,6.637e-05
188,2060,1,5_9,6.516e-05
188,2061,1,5_9,6.399e-05
188,2062,1,5_9,6.289e-05
188,2063,1,5_9,6.18e-05
188,2064,1,5_9,6.081e-05
188,2065,1,5_9,5.973e-05
188,2066,1,5_9,5.868e-05
188,2067,1,5_9,5.771e-05
188,2068,1,5_9,5.67e-05
188,2069,1,5_9,5.572e-05
188,2070,1,5_9,5.479e-05
188,2071,1,5_9,5.387e-05
188,2072,1,5_9,5.299e-05
188,2073,1,5_9,5.215e-05
188,2074,1,5_9,5.128e-05
188,2075,1,5_9,5.047e-05
188,2076,1,5_9,4.965e-05
188,2077,1,5_9,4.883e-05
188,2078,1,5_9,4.805e-05
188,2079,1,5_9,4.728e-05
188,2080,1,5_9,4.648e-05
188,2081,1,5_9,4.578e-05
188,2082,1,5_9,4.504e-05
188,2083,1,5_9,4.436e-05
188,2084,1,5_9,4.374e-05
188,2085,1,5_9,4.308e-05
188,2086,1,5_9,4.248e-05
188,2087,1,5_9,4.189e-05
188,2088,1,5_9,4.121e-05
188,2089,1,5_9,4.058e-05
188,2090,1,5_9,4e-05
188,2091,1,5_9,3.942e-05
188,2092,1,5_9,3.876e-05
188,2093,1,5_9,3.823e-05
188,2094,1,5_9,3.763e-05
188,2095,1,5_9,3.7e-05
188,2096,1,5_9,3.653e-05
188,2097,1,5_9,3.594e-05
188,2098,1,5_9,3.548e-05
188,2099,1,5_9,3.498e-05
188,2100,1,5_9,3.447e-05
222,2024,1,5_9,0.00025997
222,2025,1,5_9,0.00025483
222,2026,1,5_9,0.00024965
222,2027,1,5_9,0.00024489
222,2028,1,5_9,0.00023988
222,2029,1,5_9,0.00023497
222,2030,1,5_9,0.00023002
222,2031,1,5_9,0.00022505
222,2032,1,5_9,0.00021983
222,2033,1,5_9,0.00021424
222,2034,1,5_9,0.0002106
222,2035,1,5_9,0.00020688
222,2036,1,5_9,0.0002028
222,2037,1,5_9,0.00019865
222,2038,1,5_9,0.00019481
222,2039,1,5_9,0.00019091
222,2040,1,5_9,0.00018666
222,2041,1,5_9,0.00018269
222,2042,1,5_9,0.00017828
222,2043,1,5_9,0.00017418
222,2044,1,5_9,0.00016963
222,2045,1,5_9,0.00016575
222,2046,1,5_9,0.00016241
222,2047,1,5_9,0.00015869
222,2048,1,5_9,0.00015539
222,2049,1,5_9,0.00015199
222,2050,1,5_9,0.00014839
222,2051,1,5_9,0.00014496
222,2052,1,5_9,0.00014124
222,2053,1,5_9,0.00013783
222,2054,1,5_9,0.00013438
222,2055,1,5_9,0.00013098
222,2056,1,5_9,0.0001272
222,2057,1,5_9,0.00012473
222,2058,1,5_9,0.00012243
222,2059,1,5_9,0.00012
222,2060,1,5_9,0.00011747
222,2061,1,5_9,0.00011517
222,2062,1,5_9,0.0001128
222,2063,1,5_9,0.00011048
222,2064,1,5_9,0.00010816
222,2065,1,5_9,0.00010586
222,2066,1,5_9,0.00010356
222,2067,1,5_9,0.00010134
222,2068,1,5_9,9.912e-05
222,2069,1,5_9,9.739e-05
222,2070,1,5_9,9.586e-05
222,2071,1,5_9,9.439e-05
222,2072,1,5_9,9.287e-05
222,2073,1,5_9,9.143e-05
222,2074,1,5_9,8.998e-05
222,2075,1,5_9,8.859e-05
222,2076,1,5_9,8.708e-05
222,2077,1,5_9,8.57e-05
222,2078,1,5_9,8.445e-05
222,2079,1,5_9,8.307e-05
222,2080,1,5_9,8.175e-05
222,2081,1,5_9,8.065e-05
222,2082,1,5_9,7.952e-05
222,2083,1,5_9,7.851e-05
222,2084,1,5_9,7.739e-05
222,2085,1,5_9,7.642e-05
222,2086,1,5_9,7.544e-05
222,2087,1,5_9,7.45e-05
222,2088,1,5_9,7.358e-05
222,2089,1,5_9,7.256e-05
222,2090,1,5_9,7.165e-05
222,2091,1,5_9,7.08e-05
222,2092,1,5_9,6.992e-05
222,2093,1,5_9,6.908e-05
222,2094,1,5_9,6.835e-05
222,2095,1,5_9,6.75e-05
222,2096,1,5_9,6.664e-05
222,2097,1,5_9,6.584e-05
222,2098,1,5_9,6.503e-05
222,2099,1,5_9,6.432e-05
222,2100,1,5_9,6.353e-05
320,2024,1,5_9,0.00034158
320,2025,1,5_9,0.00033737
320,2026,1,5_9,0.00033336
320,2027,1,5_9,0.00032925
320,2028,1,5_9,0.00032505
320,2029,1,5_9,0.00032043
320,2030,1,5_9,0.00031589
320,2031,1,5_9,0.00031148
320,2032,1,5_9,0.00030697
320,2033,1,5_9,0.00030272
320,2034,1,5_9,0.00029823
320,2035,1,5_9,0.00029332
320,2036,1,5_9,0.00028864
320,2037,1,5_9,0.00028403
320,2038,1,5_9,0.00027944
320,2039,1,5_9,0.00027478
320,2040,1,5_9,0.00027069
320,2041,1,5_9,0.00026635
320,2042,1,5_9,0.00026188
320,2043,1,5_9,0.0002579
320,2044,1,5_9,0.00025362
320,2045,1,5_9,0.00024953
320,2046,1,5_9,0.00024527
320,2047,1,5_9,0.00024085
320,2048,1,5_9,0.00023625
320,2049,1,5_9,0.00023165
320,2050,1,5_9,0.00022769
320,2051,1,5_9,0.00022321
320,2052,1,5_9,0.00021869
320,2053,1,5_9,0.00021374
320,2054,1,5_9,0.00020914
320,2055,1,5_9,0.00020456
320,2056,1,5_9,0.00020068
320,2057,1,5_9,0.00019716
320,2058,1,5_9,0.00019358
320,2059,1,5_9,0.0001899
320,2060,1,5_9,0.00018657
320,2061,1,5_9,0.00018344
320,2062,1,5_9,0.0001801
320,2063,1,5_9,0.0001767
320,2064,1,5_9,0.00017324
320,2065,1,5_9,0.00017002
320,2066,1,5_9,0.0001667
320,2067,1,5_9,0.00016376
320,2068,1,5_9,0.00016059
320,2069,1,5_9,0.00015753
320,2070,1,5_9,0.00015438
320,2071,1,5_9,0.00015129
320,2072,1,5_9,0.00014823
320,2073,1,5_9,0.00014556
320,2074,1,5_9,0.00014289
320,2075,1,5_9,0.0001403
320,2076,1,5_9,0.00013795
320,2077,1,5_9,0.00013554
320,2078,1,5_9,0.00013311
320,2079,1,5_9,0.00013082
320,2080,1,5_9,0.00012841
320,2081,1,5_9,0.00012624
320,2082,1,5_9,0.00012403
320,2083,1,5_9,0.00012184
320,2084,1,5_9,0.00011978
320,2085,1,5_9,0.00011791
320,2086,1,5_9,0.00011592
320,2087,1,5_9,0.00011389
320,2088,1,5_9,0.00011185
320,2089,1,5_9,0.00011005
320,2090,1,5_9,0.0001083
320,2091,1,5_9,0.00010661
320,2092,1,5_9,0.00010496
320,2093,1,5_9,0.00010322
320,2094,1,5_9,0.00010158
320,2095,1,5_9,0.00010006
320,2096,1,5_9,9.847e-05
320,2097,1,5_9,9.701e-05
320,2098,1,5_9,9.549e-05
320,2099,1,5_9,9.401e-05
320,2100,1,5_9,9.253e-05
340,2024,1,5_9,0.00035872
340,2025,1,5_9,0.00035241
340,2026,1,5_9,0.00034609
340,2027,1,5_9,0.00034039
340,2028,1,5_9,0.00033399
340,2029,1,5_9,0.00032796
340,2030,1,5_9,0.00032143
340,2031,1,5_9,0.00031569
340,2032,1,5_9,0.00030965
340,2033,1,5_9,0.00030323
340,2034,1,5_9,0.00029696
340,2035,1,5_9,0.00029074
340,2036,1,5_9,0.00028445
340,2037,1,5_9,0.00027839
340,2038,1,5_9,0.00027262
340,2039,1,5_9,0.00026688
340,2040,1,5_9,0.00026078
340,2041,1,5_9,0.00025487
340,2042,1,5_9,0.00024925
340,2043,1,5_9,0.00024334
340,2044,1,5_9,0.00023768
340,2045,1,5_9,0.00023163
340,2046,1,5_9,0.00022619
340,2047,1,5_9,0.00022031
340,2048,1,5_9,0.00021499
340,2049,1,5_9,0.00020917
340,2050,1,5_9,0.00020389
340,2051,1,5_9,0.00019839
340,2052,1,5_9,0.00019364
340,2053,1,5_9,0.00018927
340,2054,1,5_9,0.00018524
340,2055,1,5_9,0.00018115
340,2056,1,5_9,0.00017727
340,2057,1,5_9,0.0001733
340,2058,1,5_9,0.00016918
340,2059,1,5_9,0.00016541
340,2060,1,5_9,0.00016151
340,2061,1,5_9,0.00015763
340,2062,1,5_9,0.00015417
340,2063,1,5_9,0.00015038
340,2064,1,5_9,0.00014681
340,2065,1,5_9,0.00014311
340,2066,1,5_9,0.00013976
340,2067,1,5_9,0.00013665
340,2068,1,5_9,0.00013349
340,2069,1,5_9,0.00013055
340,2070,1,5_9,0.0001277
340,2071,1,5_9,0.00012501
340,2072,1,5_9,0.00012257
340,2073,1,5_9,0.00011999
340,2074,1,5_9,0.00011768
340,2075,1,5_9,0.00011517
340,2076,1,5_9,0.00011285
340,2077,1,5_9,0.00011034
340,2078,1,5_9,0.00010821
340,2079,1,5_9,0.00010598
340,2080,1,5_9,0.00010397
340,2081,1,5_9,0.00010182
340,2082,1,5_9,9.987e-05
340,2083,1,5_9,9.788e-05
340,2084,1,5_9,9.615e-05
340,2085,1,5_9,9.445e-05
340,2086,1,5_9,9.271e-05
340,2087,1,5_9,9.107e-05
340,2088,1,5_9,8.948e-05
340,2089,1,5_9,8.791e-05
340,2090,1,5_9,8.651e-05
340,2091,1,5_9,8.501e-05
340,2092,1,5_9,8.354e-05
340,2093,1,5_9,8.216e-05
340,2094,1,5_9,8.073e-05
340,2095,1,5_9,7.943e-05
340,2096,1,5_9,7.821e-05
340,2097,1,5_9,7.697e-05
340,2098,1,5_9,7.582e-05
340,2099,1,5_9,7.463e-05
340,2100,1,5_9,7.345e-05
484,2024,1,5_9,0.0002301
484,2025,1,5_9,0.00022583
484,2026,1,5_9,0.00022155
484,2027,1,5_9,0.00021726
484,2028,1,5_9,0.0002128
484,2029,1,5_9,0.00020844
484,2030,1,5_9,0.00020392
484,2031,1,5_9,0.00019976
484,2032,1,5_9,0.0001954
484,2033,1,5_9,0.00019129
484,2034,1,5_9,0.00018727
484,2035,1,5_9,0.00018303
484,2036,1,5_9,0.00017897
484,2037,1,5_9,0.00017469
484,2038,1,5_9,0.00017099
484,2039,1,5_9,0.00016757
484,2040,1,5_9,0.00016406
484,2041,1,5_9,0.00016076
484,2042,1,5_9,0.00015745
484,2043,1,5_9,0.00015414
484,2044,1,5_9,0.00015089
484,2045,1,5_9,0.00014764
484,2046,1,5_9,0.00014456
484,2047,1,5_9,0.00014152
484,2048,1,5_9,0.00013837
484,2049,1,5_9,0.0001353
484,2050,1,5_9,0.00013222
484,2051,1,5_9,0.00012933
484,2052,1,5_9,0.00012641
484,2053,1,5_9,0.00012392
484,2054,1,5_9,0.00012129
484,2055,1,5_9,0.00011875
484,2056,1,5_9,0.00011633
484,2057,1,5_9,0.00011385
484,2058,1,5_9,0.00011151
484,2059,1,5_9,0.0001093
484,2060,1,5_9,0.00010693
484,2061,1,5_9,0.00010475
484,2062,1,5_9,0.0001026
484,2063,1,5_9,0.00010068
484,2064,1,5_9,9.867e-05
484,2065,1,5_9,9.692e-05
484,2066,1,5_9,9.519e-05
484,2067,1,5_9,9.345e-05
484,2068,1,5_9,9.178e-05
484,2069,1,5_9,9.029e-05
484,2070,1,5_9,8.867e-05
484,2071,1,5_9,8.71e-05
484,2072,1,5_9,8.55e-05
484,2073,1,5_9,8.398e-05
484,2074,1,5_9,8.262e-05
484,2075,1,5_9,8.127e-05
484,2076,1,5_9,7.989e-05
484,2077,1,5_9,7.853e-05
484,2078,1,5_9,7.721e-05
484,2079,1,5_9,7.594e-05
484,2080,1,5_9,7.477e-05
484,2081,1,5_9,7.358e-05
484,2082,1,5_9,7.245e-05
484,2083,1,5_9,7.136e-05
484,2084,1,5_9,7.028e-05
484,2085,1,5_9,6.93e-05
484,2086,1,5_9,6.828e-05
484,2087,1,5_9,6.732e-05
484,2088,1,5_9,6.631e-05
484,2089,1,5_9,6.528e-05
484,2090,1,5_9,6.426e-05
484,2091,1,5_9,6.335e-05
484,2092,1,5_9,6.24e-05
484,2093,1,5_9,6.156e-05
484,2094,1,5_9,6.07e-05
484,2095,1,5_9,5.985e-05
484,2096,1,5_9,5.894e-05
484,2097,1,5_9,5.818e-05
484,2098,1,5_9,5.738e-05
484,2099,1,5_9,5.67e-05
484,2100,1,5_9,5.593e-05
558,2024,1,5_9,0.00023734
558,2025,1,5_9,0.00023277
558,2026,1,5_9,0.00022839
558,2027,1,5_9,0.00022423
558,2028,1,5_9,0.00021998
558,2029,1,5_9,0.00021567
558,2030,1,5_9,0.00021123
558,2031,1,5_9,0.00020662
558,2032,1,5_9,0.00020249
558,2033,1,5_9,0.00019809
558,2034,1,5_9,0.000194
558,2035,1,5_9,0.0001898
558,2036,1,5_9,0.00018548
558,2037,1,5_9,0.00018169
558,2038,1,5_9,0.00017761
558,2039,1,5_9,0.00017371
558,2040,1,5_9,0.00017009
558,2041,1,5_9,0.00016678
558,2042,1,5_9,0.00016351
558,2043,1,5_9,0.00016
558,2044,1,5_9,0.00015682
558,2045,1,5_9,0.00015364
558,2046,1,5_9,0.00015036
558,2047,1,5_9,0.00014729
558,2048,1,5_9,0.00014401
558,2049,1,5_9,0.00014095
558,2050,1,5_9,0.00013766
558,2051,1,5_9,0.00013485
558,2052,1,5_9,0.00013189
558,2053,1,5_9,0.00012874
558,2054,1,5_9,0.00012617
558,2055,1,5_9,0.00012361
558,2056,1,5_9,0.00012115
558,2057,1,5_9,0.00011877
558,2058,1,5_9,0.00011639
558,2059,1,5_9,0.000114
558,2060,1,5_9,0.00011162
558,2061,1,5_9,0.00010931
558,2062,1,5_9,0.0001071
558,2063,1,5_9,0.00010501
558,2064,1,5_9,0.000103
558,2065,1,5_9,0.00010104
558,2066,1,5_9,9.902e-05
558,2067,1,5_9,9.704e-05
558,2068,1,5_9,9.524e-05
558,2069,1,5_9,9.339e-05
558,2070,1,5_9,9.174e-05
558,2071,1,5_9,9.022e-05
558,2072,1,5_9,8.859e-05
558,2073,1,5_9,8.701e-05
558,2074,1,5_9,8.556e-05
558,2075,1,5_9,8.401e-05
558,2076,1,5_9,8.249e-05
558,2077,1,5_9,8.122e-05
558,2078,1,5_9,7.989e-05
558,2079,1,5_9,7.859e-05
558,2080,1,5_9,7.737e-05
558,2081,1,5_9,7.609e-05
558,2082,1,5_9,7.502e-05
558,2083,1,5_9,7.387e-05
558,2084,1,5_9,7.274e-05
558,2085,1,5_9,7.156e-05
558,2086,1,5_9,7.052e-05
558,2087,1,5_9,6.961e-05
558,2088,1,5_9,6.86e-05
558,2089,1,5_9,6.754e-05
558,2090,1,5_9,6.662e-05
558,2091,1,5_9,6.561e-05
558,2092,1,5_9,6.47e-05
558,2093,1,5_9,6.378e-05
558,2094,1,5_9,6.283e-05
558,2095,1,5_9,6.192e-05
558,2096,1,5_9,6.113e-05
558,2097,1,5_9,6.018e-05
558,2098,1,5_9,5.947e-05
558,2099,1,5_9,5.857e-05
558,2100,1,5_9,5.781e-05
591,2024,1,5_9,0.00022841
591,2025,1,5_9,0.000222
591,2026,1,5_9,0.00021535
591,2027,1,5_9,0.00020917
591,2028,1,5_9,0.00020293
591,2029,1,5_9,0.00019697
591,2030,1,5_9,0.0001911
591,2031,1,5_9,0.00018556
591,2032,1,5_9,0.00017986
591,2033,1,5_9,0.00017451
591,2034,1,5_9,0.00016929
591,2035,1,5_9,0.00016439
591,2036,1,5_9,0.0001596
591,2037,1,5_9,0.00015501
591,2038,1,5_9,0.00015057
591,2039,1,5_9,0.00014657
591,2040,1,5_9,0.0001428
591,2041,1,5_9,0.00013911
591,2042,1,5_9,0.00013547
591,2043,1,5_9,0.00013231
591,2044,1,5_9,0.00012885
591,2045,1,5_9,0.00012575
591,2046,1,5_9,0.00012265
591,2047,1,5_9,0.0001198
591,2048,1,5_9,0.00011719
591,2049,1,5_9,0.00011457
591,2050,1,5_9,0.000112
591,2051,1,5_9,0.00010956
591,2052,1,5_9,0.00010706
591,2053,1,5_9,0.00010475
591,2054,1,5_9,0.00010247
591,2055,1,5_9,0.0001003
591,2056,1,5_9,9.805e-05
591,2057,1,5_9,9.592e-05
591,2058,1,5_9,9.389e-05
591,2059,1,5_9,9.202e-05
591,2060,1,5_9,9.009e-05
591,2061,1,5_9,8.818e-05
591,2062,1,5_9,8.651e-05
591,2063,1,5_9,8.461e-05
591,2064,1,5_9,8.297e-05
591,2065,1,5_9,8.135e-05
591,2066,1,5_9,7.973e-05
591,2067,1,5_9,7.828e-05
591,2068,1,5_9,7.67e-05
591,2069,1,5_9,7.516e-05
591,2070,1,5_9,7.377e-05
591,2071,1,5_9,7.225e-05
591,2072,1,5_9,7.092e-05
591,2073,1,5_9,6.963e-05
591,2074,1,5_9,6.84e-05
591,2075,1,5_9,6.714e-05
591,2076,1,5_9,6.595e-05
591,2077,1,5_9,6.475e-05
591,2078,1,5_9,6.361e-05
591,2079,1,5_9,6.254e-05
591,2080,1,5_9,6.142e-05
591,2081,1,5_9,6.035e-05
591,2082,1,5_9,5.935e-05
591,2083,1,5_9,5.833e-05
591,2084,1,5_9,5.733e-05
591,2085,1,5_9,5.632e-05
591,2086,1,5_9,5.533e-05
591,2087,1,5_9,5.434e-05
591,2088,1,5_9,5.346e-05
591,2089,1,5_9,5.254e-05
591,2090,1,5_9,5.163e-05
591,2091,1,5_9,5.076e-05
591,2092,1,5_9,4.981e-05
591,2093,1,5_9,4.902e-05
591,2094,1,5_9,4.821e-05
591,2095,1,5_9,4.747e-05
591,2096,1,5_9,4.67e-05
591,2097,1,5_9,4.593e-05
591,2098,1,5_9,4.521e-05
591,2099,1,5_9,4.439e-05
591,2100,1,5_9,4.364e-05
32,2024,1,5_9,0.00016767
32,2025,1,5_9,0.00016478
32,2026,1,5_9,0.000162
32,2027,1,5_9,0.00015931
32,2028,1,5_9,0.00015629
32,2029,1,5_9,0.00015348
32,2030,1,5_9,0.00015068
32,2031,1,5_9,0.0001478
32,2032,1,5_9,0.00014492
32,2033,1,5_9,0.00014187
32,2034,1,5_9,0.00013884
32,2035,1,5_9,0.00013614
32,2036,1,5_9,0.00013342
32,2037,1,5_9,0.00013072
32,2038,1,5_9,0.00012789
32,2039,1,5_9,0.00012528
32,2040,1,5_9,0.00012261
32,2041,1,5_9,0.00012018
32,2042,1,5_9,0.00011771
32,2043,1,5_9,0.00011542
32,2044,1,5_9,0.00011309
32,2045,1,5_9,0.00011097
32,2046,1,5_9,0.0001087
32,2047,1,5_9,0.0001064
32,2048,1,5_9,0.00010419
32,2049,1,5_9,0.00010215
32,2050,1,5_9,0.00010017
32,2051,1,5_9,9.831e-05
32,2052,1,5_9,9.64e-05
32,2053,1,5_9,9.452e-05
32,2054,1,5_9,9.272e-05
32,2055,1,5_9,9.12e-05
32,2056,1,5_9,8.945e-05
32,2057,1,5_9,8.782e-05
32,2058,1,5_9,8.623e-05
32,2059,1,5_9,8.472e-05
32,2060,1,5_9,8.328e-05
32,2061,1,5_9,8.187e-05
32,2062,1,5_9,8.041e-05
32,2063,1,5_9,7.909e-05
32,2064,1,5_9,7.778e-05
32,2065,1,5_9,7.646e-05
32,2066,1,5_9,7.522e-05
32,2067,1,5_9,7.399e-05
32,2068,1,5_9,7.289e-05
32,2069,1,5_9,7.177e-05
32,2070,1,5_9,7.056e-05
32,2071,1,5_9,6.957e-05
32,2072,1,5_9,6.844e-05
32,2073,1,5_9,6.738e-05
32,2074,1,5_9,6.641e-05
32,2075,1,5_9,6.535e-05
32,2076,1,5_9,6.44e-05
32,2077,1,5_9,6.344e-05
32,2078,1,5_9,6.25e-05
32,2079,1,5_9,6.167e-05
32,2080,1,5_9,6.078e-05
32,2081,1,5_9,5.987e-05
32,2082,1,5_9,5.908e-05
32,2083,1,5_9,5.825e-05
32,2084,1,5_9,5.743e-05
32,2085,1,5_9,5.661e-05
32,2086,1,5_9,5.58e-05
32,2087,1,5_9,5.493e-05
32,2088,1,5_9,5.424e-05
32,2089,1,5_9,5.364e-05
32,2090,1,5_9,5.292e-05
32,2091,1,5_9,5.23e-05
32,2092,1,5_9,5.162e-05
32,2093,1,5_9,5.102e-05
32,2094,1,5_9,5.041e-05
32,2095,1,5_9,4.982e-05
32,2096,1,5_9,4.915e-05
32,2097,1,5_9,4.856e-05
32,2098,1,5_9,4.804e-05
32,2099,1,5_9,4.749e-05
32,2100,1,5_9,4.697e-05
68,2024,1,5_9,0.00158916
68,2025,1,5_9,0.00155827
68,2026,1,5_9,0.00152692
68,2027,1,5_9,0.00149589
68,2028,1,5_9,0.00146639
68,2029,1,5_9,0.00143878
68,2030,1,5_9,0.00140925
68,2031,1,5_9,0.00138033
68,2032,1,5_9,0.00135195
68,2033,1,5_9,0.00132471
68,2034,1,5_9,0.00129837
68,2035,1,5_9,0.00127154
68,2036,1,5_9,0.0012457
68,2037,1,5_9,0.00122066
68,2038,1,5_9,0.00119584
68,2039,1,5_9,0.00117064
68,2040,1,5_9,0.00114443
68,2041,1,5_9,0.00111885
68,2042,1,5_9,0.00109483
68,2043,1,5_9,0.00107094
68,2044,1,5_9,0.00104827
68,2045,1,5_9,0.00102474
68,2046,1,5_9,0.00100177
68,2047,1,5_9,0.00098015
68,2048,1,5_9,0.00096036
68,2049,1,5_9,0.0009391
68,2050,1,5_9,0.00092013
68,2051,1,5_9,0.00089816
68,2052,1,5_9,0.00088107
68,2053,1,5_9,0.00086431
68,2054,1,5_9,0.00084652
68,2055,1,5_9,0.00083054
68,2056,1,5_9,0.0008137
68,2057,1,5_9,0.00079736
68,2058,1,5_9,0.00078053
68,2059,1,5_9,0.00076422
68,2060,1,5_9,0.00074812
68,2061,1,5_9,0.0007323
68,2062,1,5_9,0.00071623
68,2063,1,5_9,0.00070088
68,2064,1,5_9,0.00068403
68,2065,1,5_9,0.00066859
68,2066,1,5_9,0.00065173
68,2067,1,5_9,0.00063626
68,2068,1,5_9,0.00062134
68,2069,1,5_9,0.00060671
68,2070,1,5_9,0.00059312
68,2071,1,5_9,0.00057883
68,2072,1,5_9,0.00056571
68,2073,1,5_9,0.00055188
68,2074,1,5_9,0.00053884
68,2075,1,5_9,0.00052517
68,2076,1,5_9,0.00051197
68,2077,1,5_9,0.00049979
68,2078,1,5_9,0.0004874
68,2079,1,5_9,0.00047479
68,2080,1,5_9,0.00046251
68,2081,1,5_9,0.00044996
68,2082,1,5_9,0.0004386
68,2083,1,5_9,0.00042795
68,2084,1,5_9,0.00041615
68,2085,1,5_9,0.00040533
68,2086,1,5_9,0.00039556
68,2087,1,5_9,0.00038677
68,2088,1,5_9,0.00037719
68,2089,1,5_9,0.00036821
68,2090,1,5_9,0.00035944
68,2091,1,5_9,0.00035096
68,2092,1,5_9,0.00034201
68,2093,1,5_9,0.00033325
68,2094,1,5_9,0.00032525
68,2095,1,5_9,0.00031736
68,2096,1,5_9,0.00030963
68,2097,1,5_9,0.00030205
68,2098,1,5_9,0.0002948
68,2099,1,5_9,0.00028739
68,2100,1,5_9,0.00028035
76,2024,1,5_9,0.0002199
76,2025,1,5_9,0.0002156
76,2026,1,5_9,0.00021128
76,2027,1,5_9,0.0002071
76,2028,1,5_9,0.00020265
76,2029,1,5_9,0.00019839
76,2030,1,5_9,0.00019427
76,2031,1,5_9,0.00019013
76,2032,1,5_9,0.00018621
76,2033,1,5_9,0.00018201
76,2034,1,5_9,0.00017796
76,2035,1,5_9,0.00017414
76,2036,1,5_9,0.00017071
76,2037,1,5_9,0.00016758
76,2038,1,5_9,0.00016433
76,2039,1,5_9,0.00016096
76,2040,1,5_9,0.00015765
76,2041,1,5_9,0.00015432
76,2042,1,5_9,0.00015117
76,2043,1,5_9,0.00014806
76,2044,1,5_9,0.00014504
76,2045,1,5_9,0.00014192
76,2046,1,5_9,0.0001389
76,2047,1,5_9,0.00013582
76,2048,1,5_9,0.00013274
76,2049,1,5_9,0.00013008
76,2050,1,5_9,0.00012746
76,2051,1,5_9,0.00012482
76,2052,1,5_9,0.00012234
76,2053,1,5_9,0.00011991
76,2054,1,5_9,0.00011773
76,2055,1,5_9,0.00011537
76,2056,1,5_9,0.00011291
76,2057,1,5_9,0.00011072
76,2058,1,5_9,0.00010846
76,2059,1,5_9,0.00010635
76,2060,1,5_9,0.00010438
76,2061,1,5_9,0.00010253
76,2062,1,5_9,0.00010055
76,2063,1,5_9,9.873e-05
76,2064,1,5_9,9.706e-05
76,2065,1,5_9,9.537e-05
76,2066,1,5_9,9.374e-05
76,2067,1,5_9,9.201e-05
76,2068,1,5_9,9.049e-05
76,2069,1,5_9,8.9e-05
76,2070,1,5_9,8.757e-05
76,2071,1,5_9,8.628e-05
76,2072,1,5_9,8.493e-05
76,2073,1,5_9,8.356e-05
76,2074,1,5_9,8.231e-05
76,2075,1,5_9,8.097e-05
76,2076,1,5_9,7.974e-05
76,2077,1,5_9,7.846e-05
76,2078,1,5_9,7.723e-05
76,2079,1,5_9,7.608e-05
76,2080,1,5_9,7.501e-05
76,2081,1,5_9,7.399e-05
76,2082,1,5_9,7.285e-05
76,2083,1,5_9,7.172e-05
76,2084,1,5_9,7.07e-05
76,2085,1,5_9,6.966e-05
76,2086,1,5_9,6.867e-05
76,2087,1,5_9,6.773e-05
76,2088,1,5_9,6.669e-05
76,2089,1,5_9,6.579e-05
76,2090,1,5_9,6.486e-05
76,2091,1,5_9,6.397e-05
76,2092,1,5_9,6.309e-05
76,2093,1,5_9,6.22e-05
76,2094,1,5_9,6.134e-05
76,2095,1,5_9,6.056e-05
76,2096,1,5_9,5.976e-05
76,2097,1,5_9,5.893e-05
76,2098,1,5_9,5.819e-05
76,2099,1,5_9,5.742e-05
76,2100,1,5_9,5.678e-05
152,2024,1,5_9,0.00011168
152,2025,1,5_9,0.00010856
152,2026,1,5_9,0.00010542
152,2027,1,5_9,0.00010268
152,2028,1,5_9,0.0001
152,2029,1,5_9,9.732e-05
152,2030,1,5_9,9.466e-05
152,2031,1,5_9,9.213e-05
152,2032,1,5_9,8.971e-05
152,2033,1,5_9,8.74e-05
152,2034,1,5_9,8.531e-05
152,2035,1,5_9,8.313e-05
152,2036,1,5_9,8.102e-05
152,2037,1,5_9,7.918e-05
152,2038,1,5_9,7.734e-05
152,2039,1,5_9,7.559e-05
152,2040,1,5_9,7.39e-05
152,2041,1,5_9,7.228e-05
152,2042,1,5_9,7.073e-05
152,2043,1,5_9,6.922e-05
152,2044,1,5_9,6.775e-05
152,2045,1,5_9,6.638e-05
152,2046,1,5_9,6.501e-05
152,2047,1,5_9,6.366e-05
152,2048,1,5_9,6.241e-05
152,2049,1,5_9,6.124e-05
152,2050,1,5_9,6.012e-05
152,2051,1,5_9,5.9e-05
152,2052,1,5_9,5.787e-05
152,2053,1,5_9,5.688e-05
152,2054,1,5_9,5.585e-05
152,2055,1,5_9,5.487e-05
152,2056,1,5_9,5.397e-05
152,2057,1,5_9,5.313e-05
152,2058,1,5_9,5.229e-05
152,2059,1,5_9,5.152e-05
152,2060,1,5_9,5.069e-05
152,2061,1,5_9,4.996e-05
152,2062,1,5_9,4.916e-05
152,2063,1,5_9,4.845e-05
152,2064,1,5_9,4.766e-05
152,2065,1,5_9,4.694e-05
152,2066,1,5_9,4.624e-05
152,2067,1,5_9,4.557e-05
152,2068,1,5_9,4.499e-05
152,2069,1,5_9,4.438e-05
152,2070,1,5_9,4.375e-05
152,2071,1,5_9,4.307e-05
152,2072,1,5_9,4.244e-05
152,2073,1,5_9,4.184e-05
152,2074,1,5_9,4.13e-05
152,2075,1,5_9,4.078e-05
152,2076,1,5_9,4.024e-05
152,2077,1,5_9,3.978e-05
152,2078,1,5_9,3.931e-05
152,2079,1,5_9,3.879e-05
152,2080,1,5_9,3.834e-05
152,2081,1,5_9,3.788e-05
152,2082,1,5_9,3.73e-05
152,2083,1,5_9,3.682e-05
152,2084,1,5_9,3.633e-05
152,2085,1,5_9,3.589e-05
152,2086,1,5_9,3.545e-05
152,2087,1,5_9,3.498e-05
152,2088,1,5_9,3.449e-05
152,2089,1,5_9,3.407e-05
152,2090,1,5_9,3.363e-05
152,2091,1,5_9,3.32e-05
152,2092,1,5_9,3.277e-05
152,2093,1,5_9,3.238e-05
152,2094,1,5_9,3.195e-05
152,2095,1,5_9,3.16e-05
152,2096,1,5_9,3.109e-05
152,2097,1,5_9,3.076e-05
152,2098,1,5_9,3.032e-05
152,2099,1,5_9,2.991e-05
152,2100,1,5_9,2.952e-05
170,2024,1,5_9,0.00025092
170,2025,1,5_9,0.0002444
170,2026,1,5_9,0.00023818
170,2027,1,5_9,0.00023179
170,2028,1,5_9,0.00022547
170,2029,1,5_9,0.0002192
170,2030,1,5_9,0.00021304
170,2031,1,5_9,0.00020685
170,2032,1,5_9,0.00020115
170,2033,1,5_9,0.00019534
170,2034,1,5_9,0.00018982
170,2035,1,5_9,0.00018416
170,2036,1,5_9,0.00017878
170,2037,1,5_9,0.00017354
170,2038,1,5_9,0.0001683
170,2039,1,5_9,0.00016372
170,2040,1,5_9,0.00015909
170,2041,1,5_9,0.00015449
170,2042,1,5_9,0.00014975
170,2043,1,5_9,0.00014529
170,2044,1,5_9,0.00014106
170,2045,1,5_9,0.00013706
170,2046,1,5_9,0.00013303
170,2047,1,5_9,0.00012933
170,2048,1,5_9,0.0001259
170,2049,1,5_9,0.00012263
170,2050,1,5_9,0.00011942
170,2051,1,5_9,0.00011621
170,2052,1,5_9,0.00011317
170,2053,1,5_9,0.00011037
170,2054,1,5_9,0.00010752
170,2055,1,5_9,0.00010478
170,2056,1,5_9,0.00010226
170,2057,1,5_9,9.986e-05
170,2058,1,5_9,9.733e-05
170,2059,1,5_9,9.503e-05
170,2060,1,5_9,9.28e-05
170,2061,1,5_9,9.062e-05
170,2062,1,5_9,8.853e-05
170,2063,1,5_9,8.653e-05
170,2064,1,5_9,8.464e-05
170,2065,1,5_9,8.269e-05
170,2066,1,5_9,8.095e-05
170,2067,1,5_9,7.923e-05
170,2068,1,5_9,7.753e-05
170,2069,1,5_9,7.581e-05
170,2070,1,5_9,7.43e-05
170,2071,1,5_9,7.275e-05
170,2072,1,5_9,7.119e-05
170,2073,1,5_9,6.972e-05
170,2074,1,5_9,6.83e-05
170,2075,1,5_9,6.706e-05
170,2076,1,5_9,6.572e-05
170,2077,1,5_9,6.447e-05
170,2078,1,5_9,6.325e-05
170,2079,1,5_9,6.208e-05
170,2080,1,5_9,6.096e-05
170,2081,1,5_9,5.983e-05
170,2082,1,5_9,5.882e-05
170,2083,1,5_9,5.769e-05
170,2084,1,5_9,5.664e-05
170,2085,1,5_9,5.564e-05
170,2086,1,5_9,5.467e-05
170,2087,1,5_9,5.389e-05
170,2088,1,5_9,5.3e-05
170,2089,1,5_9,5.213e-05
170,2090,1,5_9,5.133e-05
170,2091,1,5_9,5.054e-05
170,2092,1,5_9,4.967e-05
170,2093,1,5_9,4.892e-05
170,2094,1,5_9,4.819e-05
170,2095,1,5_9,4.742e-05
170,2096,1,5_9,4.665e-05
170,2097,1,5_9,4.603e-05
170,2098,1,5_9,4.54e-05
170,2099,1,5_9,4.46e-05
170,2100,1,5_9,4.399e-05
218,2024,1,5_9,0.00034403
218,2025,1,5_9,0.00033523
218,2026,1,5_9,0.0003263
218,2027,1,5_9,0.00031755
218,2028,1,5_9,0.00030876
218,2029,1,5_9,0.0003006
218,2030,1,5_9,0.00029238
218,2031,1,5_9,0.00028451
218,2032,1,5_9,0.00027657
218,2033,1,5_9,0.00026945
218,2034,1,5_9,0.0002615
218,2035,1,5_9,0.00025422
218,2036,1,5_9,0.00024703
218,2037,1,5_9,0.00024011
218,2038,1,5_9,0.00023343
218,2039,1,5_9,0.00022711
218,2040,1,5_9,0.00022083
218,2041,1,5_9,0.00021456
218,2042,1,5_9,0.00020828
218,2043,1,5_9,0.00020248
218,2044,1,5_9,0.00019674
218,2045,1,5_9,0.00019131
218,2046,1,5_9,0.00018601
218,2047,1,5_9,0.00018054
218,2048,1,5_9,0.00017553
218,2049,1,5_9,0.00017064
218,2050,1,5_9,0.00016594
218,2051,1,5_9,0.00016128
218,2052,1,5_9,0.00015702
218,2053,1,5_9,0.00015289
218,2054,1,5_9,0.00014898
218,2055,1,5_9,0.00014516
218,2056,1,5_9,0.00014131
218,2057,1,5_9,0.00013774
218,2058,1,5_9,0.00013428
218,2059,1,5_9,0.00013087
218,2060,1,5_9,0.0001279
218,2061,1,5_9,0.00012471
218,2062,1,5_9,0.00012182
218,2063,1,5_9,0.00011894
218,2064,1,5_9,0.00011628
218,2065,1,5_9,0.00011377
218,2066,1,5_9,0.00011105
218,2067,1,5_9,0.00010847
218,2068,1,5_9,0.00010605
218,2069,1,5_9,0.00010377
218,2070,1,5_9,0.00010145
218,2071,1,5_9,9.929e-05
218,2072,1,5_9,9.721e-05
218,2073,1,5_9,9.52e-05
218,2074,1,5_9,9.327e-05
218,2075,1,5_9,9.123e-05
218,2076,1,5_9,8.923e-05
218,2077,1,5_9,8.756e-05
218,2078,1,5_9,8.596e-05
218,2079,1,5_9,8.428e-05
218,2080,1,5_9,8.262e-05
218,2081,1,5_9,8.093e-05
218,2082,1,5_9,7.93e-05
218,2083,1,5_9,7.787e-05
218,2084,1,5_9,7.635e-05
218,2085,1,5_9,7.488e-05
218,2086,1,5_9,7.366e-05
218,2087,1,5_9,7.231e-05
218,2088,1,5_9,7.088e-05
218,2089,1,5_9,6.963e-05
218,2090,1,5_9,6.835e-05
218,2091,1,5_9,6.715e-05
218,2092,1,5_9,6.594e-05
218,2093,1,5_9,6.483e-05
218,2094,1,5_9,6.378e-05
218,2095,1,5_9,6.265e-05
218,2096,1,5_9,6.162e-05
218,2097,1,5_9,6.058e-05
218,2098,1,5_9,5.964e-05
218,2099,1,5_9,5.875e-05
218,2100,1,5_9,5.784e-05
238,2024,1,5_9,0.00017974
238,2025,1,5_9,0.00017398
238,2026,1,5_9,0.00017
238,2027,1,5_9,0.00016681
238,2028,1,5_9,0.00016362
238,2029,1,5_9,0.00015963
238,2030,1,5_9,0.00015644
238,2031,1,5_9,0.00015246
238,2032,1,5_9,0.00014927
238,2033,1,5_9,0.00014608
238,2034,1,5_9,0.00014209
238,2035,1,5_9,0.0001389
238,2036,1,5_9,0.00013571
238,2037,1,5_9,0.00013288
238,2038,1,5_9,0.00013017
238,2039,1,5_9,0.00012747
238,2040,1,5_9,0.00012476
238,2041,1,5_9,0.00012205
238,2042,1,5_9,0.00012002
238,2043,1,5_9,0.00011731
238,2044,1,5_9,0.0001146
238,2045,1,5_9,0.00011257
238,2046,1,5_9,0.00010986
238,2047,1,5_9,0.00010783
238,2048,1,5_9,0.00010512
238,2049,1,5_9,0.00010309
238,2050,1,5_9,0.00010063
238,2051,1,5_9,9.897e-05
238,2052,1,5_9,9.731e-05
238,2053,1,5_9,9.51e-05
238,2054,1,5_9,9.344e-05
238,2055,1,5_9,9.178e-05
238,2056,1,5_9,9.012e-05
238,2057,1,5_9,8.846e-05
238,2058,1,5_9,8.681e-05
238,2059,1,5_9,8.515e-05
238,2060,1,5_9,8.349e-05
238,2061,1,5_9,8.238e-05
238,2062,1,5_9,8.072e-05
238,2063,1,5_9,7.907e-05
238,2064,1,5_9,7.741e-05
238,2065,1,5_9,7.63e-05
238,2066,1,5_9,7.464e-05
238,2067,1,5_9,7.377e-05
238,2068,1,5_9,7.289e-05
238,2069,1,5_9,7.157e-05
238,2070,1,5_9,7.07e-05
238,2071,1,5_9,6.938e-05
238,2072,1,5_9,6.851e-05
238,2073,1,5_9,6.763e-05
238,2074,1,5_9,6.631e-05
238,2075,1,5_9,6.544e-05
238,2076,1,5_9,6.456e-05
238,2077,1,5_9,6.368e-05
238,2078,1,5_9,6.281e-05
238,2079,1,5_9,6.193e-05
238,2080,1,5_9,6.105e-05
238,2081,1,5_9,6.018e-05
238,2082,1,5_9,5.93e-05
238,2083,1,5_9,5.842e-05
238,2084,1,5_9,5.711e-05
238,2085,1,5_9,5.623e-05
238,2086,1,5_9,5.579e-05
238,2087,1,5_9,5.491e-05
238,2088,1,5_9,5.404e-05
238,2089,1,5_9,5.316e-05
238,2090,1,5_9,5.249e-05
238,2091,1,5_9,5.181e-05
238,2092,1,5_9,5.114e-05
238,2093,1,5_9,5.046e-05
238,2094,1,5_9,4.979e-05
238,2095,1,5_9,4.911e-05
238,2096,1,5_9,4.844e-05
238,2097,1,5_9,4.81e-05
238,2098,1,5_9,4.743e-05
238,2099,1,5_9,4.675e-05
238,2100,1,5_9,4.608e-05
254,2024,1,5_9,0.00016046
254,2025,1,5_9,0.00015695
254,2026,1,5_9,0.00015327
254,2027,1,5_9,0.00014961
254,2028,1,5_9,0.00014622
254,2029,1,5_9,0.00014309
254,2030,1,5_9,0.00013976
254,2031,1,5_9,0.00013668
254,2032,1,5_9,0.00013358
254,2033,1,5_9,0.00013045
254,2034,1,5_9,0.00012752
254,2035,1,5_9,0.00012444
254,2036,1,5_9,0.00012139
254,2037,1,5_9,0.00011839
254,2038,1,5_9,0.00011555
254,2039,1,5_9,0.00011258
254,2040,1,5_9,0.00010962
254,2041,1,5_9,0.00010698
254,2042,1,5_9,0.00010454
254,2043,1,5_9,0.00010212
254,2044,1,5_9,9.976e-05
254,2045,1,5_9,9.744e-05
254,2046,1,5_9,9.515e-05
254,2047,1,5_9,9.295e-05
254,2048,1,5_9,9.075e-05
254,2049,1,5_9,8.875e-05
254,2050,1,5_9,8.685e-05
254,2051,1,5_9,8.489e-05
254,2052,1,5_9,8.295e-05
254,2053,1,5_9,8.111e-05
254,2054,1,5_9,7.956e-05
254,2055,1,5_9,7.799e-05
254,2056,1,5_9,7.652e-05
254,2057,1,5_9,7.503e-05
254,2058,1,5_9,7.366e-05
254,2059,1,5_9,7.227e-05
254,2060,1,5_9,7.099e-05
254,2061,1,5_9,6.982e-05
254,2062,1,5_9,6.863e-05
254,2063,1,5_9,6.736e-05
254,2064,1,5_9,6.622e-05
254,2065,1,5_9,6.514e-05
254,2066,1,5_9,6.401e-05
254,2067,1,5_9,6.292e-05
254,2068,1,5_9,6.184e-05
254,2069,1,5_9,6.065e-05
254,2070,1,5_9,5.973e-05
254,2071,1,5_9,5.894e-05
254,2072,1,5_9,5.81e-05
254,2073,1,5_9,5.73e-05
254,2074,1,5_9,5.643e-05
254,2075,1,5_9,5.561e-05
254,2076,1,5_9,5.489e-05
254,2077,1,5_9,5.408e-05
254,2078,1,5_9,5.33e-05
254,2079,1,5_9,5.26e-05
254,2080,1,5_9,5.18e-05
254,2081,1,5_9,5.104e-05
254,2082,1,5_9,5.026e-05
254,2083,1,5_9,4.968e-05
254,2084,1,5_9,4.897e-05
254,2085,1,5_9,4.83e-05
254,2086,1,5_9,4.76e-05
254,2087,1,5_9,4.701e-05
254,2088,1,5_9,4.652e-05
254,2089,1,5_9,4.602e-05
254,2090,1,5_9,4.544e-05
254,2091,1,5_9,4.498e-05
254,2092,1,5_9,4.452e-05
254,2093,1,5_9,4.393e-05
254,2094,1,5_9,4.348e-05
254,2095,1,5_9,4.299e-05
254,2096,1,5_9,4.241e-05
254,2097,1,5_9,4.191e-05
254,2098,1,5_9,4.154e-05
254,2099,1,5_9,4.104e-05
254,2100,1,5_9,4.059e-05
328,2024,1,5_9,0.00024968
328,2025,1,5_9,0.00025472
328,2026,1,5_9,0.00025914
328,2027,1,5_9,0.0002633
328,2028,1,5_9,0.00026679
328,2029,1,5_9,0.00027015
328,2030,1,5_9,0.00027311
328,2031,1,5_9,0.00027725
328,2032,1,5_9,0.00027997
328,2033,1,5_9,0.00028319
328,2034,1,5_9,0.00028596
328,2035,1,5_9,0.00028823
328,2036,1,5_9,0.00029076
328,2037,1,5_9,0.00029238
328,2038,1,5_9,0.00029439
328,2039,1,5_9,0.00029551
328,2040,1,5_9,0.00029596
328,2041,1,5_9,0.0002972
328,2042,1,5_9,0.0002975
328,2043,1,5_9,0.00029841
328,2044,1,5_9,0.00029806
328,2045,1,5_9,0.00029768
328,2046,1,5_9,0.00029783
328,2047,1,5_9,0.00029641
328,2048,1,5_9,0.00029493
328,2049,1,5_9,0.00029445
328,2050,1,5_9,0.00029273
328,2051,1,5_9,0.00029153
328,2052,1,5_9,0.0002912
328,2053,1,5_9,0.0002906
328,2054,1,5_9,0.00029109
328,2055,1,5_9,0.00029047
328,2056,1,5_9,0.00028932
328,2057,1,5_9,0.00028814
328,2058,1,5_9,0.00028682
328,2059,1,5_9,0.00028512
328,2060,1,5_9,0.00028323
328,2061,1,5_9,0.00028109
328,2062,1,5_9,0.00027897
328,2063,1,5_9,0.00027652
328,2064,1,5_9,0.0002738
328,2065,1,5_9,0.00027093
328,2066,1,5_9,0.00026787
328,2067,1,5_9,0.00026477
328,2068,1,5_9,0.00026295
328,2069,1,5_9,0.00026101
328,2070,1,5_9,0.00025967
328,2071,1,5_9,0.00025821
328,2072,1,5_9,0.00025697
328,2073,1,5_9,0.00025469
328,2074,1,5_9,0.00025326
328,2075,1,5_9,0.00025175
328,2076,1,5_9,0.00025025
328,2077,1,5_9,0.00024841
328,2078,1,5_9,0.00024666
328,2079,1,5_9,0.00024479
328,2080,1,5_9,0.00024266
328,2081,1,5_9,0.00024068
328,2082,1,5_9,0.00023751
328,2083,1,5_9,0.0002358
328,2084,1,5_9,0.00023492
328,2085,1,5_9,0.00023432
328,2086,1,5_9,0.00023315
328,2087,1,5_9,0.00023242
328,2088,1,5_9,0.00023165
328,2089,1,5_9,0.00023074
328,2090,1,5_9,0.00022985
328,2091,1,5_9,0.00022896
328,2092,1,5_9,0.00022782
328,2093,1,5_9,0.00022693
328,2094,1,5_9,0.00022591
328,2095,1,5_9,0.00022482
328,2096,1,5_9,0.00022371
328,2097,1,5_9,0.00022255
328,2098,1,5_9,0.00022142
328,2099,1,5_9,0.00022045
328,2100,1,5_9,0.00021999
600,2024,1,5_9,0.00025236
600,2025,1,5_9,0.00025009
600,2026,1,5_9,0.00024784
600,2027,1,5_9,0.00024547
600,2028,1,5_9,0.0002428
600,2029,1,5_9,0.0002397
600,2030,1,5_9,0.00023695
600,2031,1,5_9,0.00023434
600,2032,1,5_9,0.00023147
600,2033,1,5_9,0.00022813
600,2034,1,5_9,0.0002251
600,2035,1,5_9,0.00022176
600,2036,1,5_9,0.00021847
600,2037,1,5_9,0.0002155
600,2038,1,5_9,0.0002124
600,2039,1,5_9,0.00020892
600,2040,1,5_9,0.00020562
600,2041,1,5_9,0.00020219
600,2042,1,5_9,0.00019912
600,2043,1,5_9,0.00019591
600,2044,1,5_9,0.00019279
600,2045,1,5_9,0.00018973
600,2046,1,5_9,0.00018653
600,2047,1,5_9,0.00018337
600,2048,1,5_9,0.00017998
600,2049,1,5_9,0.00017655
600,2050,1,5_9,0.00017288
600,2051,1,5_9,0.00016946
600,2052,1,5_9,0.00016641
600,2053,1,5_9,0.00016348
600,2054,1,5_9,0.00016093
600,2055,1,5_9,0.00015811
600,2056,1,5_9,0.00015541
600,2057,1,5_9,0.00015281
600,2058,1,5_9,0.00014993
600,2059,1,5_9,0.00014714
600,2060,1,5_9,0.00014448
600,2061,1,5_9,0.00014186
600,2062,1,5_9,0.00013943
600,2063,1,5_9,0.00013663
600,2064,1,5_9,0.00013443
600,2065,1,5_9,0.0001317
600,2066,1,5_9,0.00012922
600,2067,1,5_9,0.00012663
600,2068,1,5_9,0.0001244
600,2069,1,5_9,0.00012232
600,2070,1,5_9,0.0001205
600,2071,1,5_9,0.00011846
600,2072,1,5_9,0.00011664
600,2073,1,5_9,0.00011494
600,2074,1,5_9,0.00011317
600,2075,1,5_9,0.00011133
600,2076,1,5_9,0.00010953
600,2077,1,5_9,0.00010786
600,2078,1,5_9,0.00010617
600,2079,1,5_9,0.00010459
600,2080,1,5_9,0.00010295
600,2081,1,5_9,0.00010144
600,2082,1,5_9,9.994e-05
600,2083,1,5_9,9.84e-05
600,2084,1,5_9,9.697e-05
600,2085,1,5_9,9.564e-05
600,2086,1,5_9,9.428e-05
600,2087,1,5_9,9.293e-05
600,2088,1,5_9,9.173e-05
600,2089,1,5_9,9.042e-05
600,2090,1,5_9,8.916e-05
600,2091,1,5_9,8.793e-05
600,2092,1,5_9,8.673e-05
600,2093,1,5_9,8.563e-05
600,2094,1,5_9,8.447e-05
600,2095,1,5_9,8.333e-05
600,2096,1,5_9,8.231e-05
600,2097,1,5_9,8.124e-05
600,2098,1,5_9,8.026e-05
600,2099,1,5_9,7.908e-05
600,2100,1,5_9,7.799e-05
604,2024,1,5_9,0.00038226
604,2025,1,5_9,0.00037253
604,2026,1,5_9,0.00036291
604,2027,1,5_9,0.00035322
604,2028,1,5_9,0.00034348
604,2029,1,5_9,0.00033413
604,2030,1,5_9,0.00032523
604,2031,1,5_9,0.00031625
604,2032,1,5_9,0.00030733
604,2033,1,5_9,0.00029855
604,2034,1,5_9,0.00029038
604,2035,1,5_9,0.00028227
604,2036,1,5_9,0.00027476
604,2037,1,5_9,0.00026718
604,2038,1,5_9,0.00025988
604,2039,1,5_9,0.00025259
604,2040,1,5_9,0.00024566
604,2041,1,5_9,0.00023877
604,2042,1,5_9,0.00023241
604,2043,1,5_9,0.00022596
604,2044,1,5_9,0.0002197
604,2045,1,5_9,0.00021397
604,2046,1,5_9,0.00020794
604,2047,1,5_9,0.00020215
604,2048,1,5_9,0.0001967
604,2049,1,5_9,0.00019148
604,2050,1,5_9,0.00018616
604,2051,1,5_9,0.00018142
604,2052,1,5_9,0.0001767
604,2053,1,5_9,0.00017216
604,2054,1,5_9,0.00016773
604,2055,1,5_9,0.00016354
604,2056,1,5_9,0.00015922
604,2057,1,5_9,0.00015531
604,2058,1,5_9,0.0001515
604,2059,1,5_9,0.00014764
604,2060,1,5_9,0.00014402
604,2061,1,5_9,0.00014057
604,2062,1,5_9,0.00013736
604,2063,1,5_9,0.00013415
604,2064,1,5_9,0.00013102
604,2065,1,5_9,0.00012812
604,2066,1,5_9,0.00012534
604,2067,1,5_9,0.00012261
604,2068,1,5_9,0.00011978
604,2069,1,5_9,0.00011712
604,2070,1,5_9,0.00011455
604,2071,1,5_9,0.00011202
604,2072,1,5_9,0.00010965
604,2073,1,5_9,0.0001072
604,2074,1,5_9,0.00010492
604,2075,1,5_9,0.00010286
604,2076,1,5_9,0.00010072
604,2077,1,5_9,9.874e-05
604,2078,1,5_9,9.675e-05
604,2079,1,5_9,9.491e-05
604,2080,1,5_9,9.307e-05
604,2081,1,5_9,9.14e-05
604,2082,1,5_9,8.974e-05
604,2083,1,5_9,8.797e-05
604,2084,1,5_9,8.641e-05
604,2085,1,5_9,8.487e-05
604,2086,1,5_9,8.343e-05
604,2087,1,5_9,8.193e-05
604,2088,1,5_9,8.044e-05
604,2089,1,5_9,7.889e-05
604,2090,1,5_9,7.745e-05
604,2091,1,5_9,7.601e-05
604,2092,1,5_9,7.474e-05
604,2093,1,5_9,7.348e-05
604,2094,1,5_9,7.212e-05
604,2095,1,5_9,7.096e-05
604,2096,1,5_9,6.964e-05
604,2097,1,5_9,6.844e-05
604,2098,1,5_9,6.727e-05
604,2099,1,5_9,6.602e-05
604,2100,1,5_9,6.481e-05
740,2024,1,5_9,0.00028723
740,2025,1,5_9,0.00028354
740,2026,1,5_9,0.00027978
740,2027,1,5_9,0.0002758
740,2028,1,5_9,0.00027197
740,2029,1,5_9,0.00026798
740,2030,1,5_9,0.00026384
740,2031,1,5_9,0.00025963
740,2032,1,5_9,0.00025564
740,2033,1,5_9,0.00025118
740,2034,1,5_9,0.00024659
740,2035,1,5_9,0.00024202
740,2036,1,5_9,0.00023761
740,2037,1,5_9,0.00023295
740,2038,1,5_9,0.00022833
740,2039,1,5_9,0.00022425
740,2040,1,5_9,0.00022038
740,2041,1,5_9,0.00021622
740,2042,1,5_9,0.00021224
740,2043,1,5_9,0.00020803
740,2044,1,5_9,0.00020365
740,2045,1,5_9,0.00019921
740,2046,1,5_9,0.00019507
740,2047,1,5_9,0.00019118
740,2048,1,5_9,0.00018759
740,2049,1,5_9,0.00018359
740,2050,1,5_9,0.00017959
740,2051,1,5_9,0.00017551
740,2052,1,5_9,0.00017207
740,2053,1,5_9,0.0001688
740,2054,1,5_9,0.00016545
740,2055,1,5_9,0.00016231
740,2056,1,5_9,0.0001589
740,2057,1,5_9,0.00015595
740,2058,1,5_9,0.00015293
740,2059,1,5_9,0.00014981
740,2060,1,5_9,0.0001469
740,2061,1,5_9,0.00014401
740,2062,1,5_9,0.00014091
740,2063,1,5_9,0.00013816
740,2064,1,5_9,0.00013544
740,2065,1,5_9,0.00013266
740,2066,1,5_9,0.00012977
740,2067,1,5_9,0.00012715
740,2068,1,5_9,0.00012475
740,2069,1,5_9,0.00012283
740,2070,1,5_9,0.00012059
740,2071,1,5_9,0.00011855
740,2072,1,5_9,0.00011635
740,2073,1,5_9,0.00011438
740,2074,1,5_9,0.00011231
740,2075,1,5_9,0.00011032
740,2076,1,5_9,0.00010829
740,2077,1,5_9,0.00010648
740,2078,1,5_9,0.00010462
740,2079,1,5_9,0.00010289
740,2080,1,5_9,0.00010119
740,2081,1,5_9,9.963e-05
740,2082,1,5_9,9.81e-05
740,2083,1,5_9,9.663e-05
740,2084,1,5_9,9.532e-05
740,2085,1,5_9,9.386e-05
740,2086,1,5_9,9.243e-05
740,2087,1,5_9,9.1e-05
740,2088,1,5_9,8.956e-05
740,2089,1,5_9,8.834e-05
740,2090,1,5_9,8.706e-05
740,2091,1,5_9,8.578e-05
740,2092,1,5_9,8.456e-05
740,2093,1,5_9,8.339e-05
740,2094,1,5_9,8.217e-05
740,2095,1,5_9,8.099e-05
740,2096,1,5_9,7.983e-05
740,2097,1,5_9,7.87e-05
740,2098,1,5_9,7.764e-05
740,2099,1,5_9,7.647e-05
740,2100,1,5_9,7.536e-05
858,2024,1,5_9,0.00013722
858,2025,1,5_9,0.00013419
858,2026,1,5_9,0.00013122
858,2027,1,5_9,0.00012824
858,2028,1,5_9,0.00012567
858,2029,1,5_9,0.00012324
858,2030,1,5_9,0.00012072
858,2031,1,5_9,0.00011825
858,2032,1,5_9,0.00011577
858,2033,1,5_9,0.00011338
858,2034,1,5_9,0.00011094
858,2035,1,5_9,0.00010865
858,2036,1,5_9,0.00010646
858,2037,1,5_9,0.0001044
858,2038,1,5_9,0.00010233
858,2039,1,5_9,9.999e-05
858,2040,1,5_9,9.792e-05
858,2041,1,5_9,9.602e-05
858,2042,1,5_9,9.426e-05
858,2043,1,5_9,9.236e-05
858,2044,1,5_9,9.062e-05
858,2045,1,5_9,8.902e-05
858,2046,1,5_9,8.735e-05
858,2047,1,5_9,8.578e-05
858,2048,1,5_9,8.435e-05
858,2049,1,5_9,8.304e-05
858,2050,1,5_9,8.174e-05
858,2051,1,5_9,8.044e-05
858,2052,1,5_9,7.91e-05
858,2053,1,5_9,7.782e-05
858,2054,1,5_9,7.672e-05
858,2055,1,5_9,7.562e-05
858,2056,1,5_9,7.459e-05
858,2057,1,5_9,7.359e-05
858,2058,1,5_9,7.256e-05
858,2059,1,5_9,7.165e-05
858,2060,1,5_9,7.075e-05
858,2061,1,5_9,6.977e-05
858,2062,1,5_9,6.888e-05
858,2063,1,5_9,6.789e-05
858,2064,1,5_9,6.703e-05
858,2065,1,5_9,6.623e-05
858,2066,1,5_9,6.542e-05
858,2067,1,5_9,6.456e-05
858,2068,1,5_9,6.371e-05
858,2069,1,5_9,6.303e-05
858,2070,1,5_9,6.221e-05
858,2071,1,5_9,6.143e-05
858,2072,1,5_9,6.06e-05
858,2073,1,5_9,5.996e-05
858,2074,1,5_9,5.916e-05
858,2075,1,5_9,5.846e-05
858,2076,1,5_9,5.782e-05
858,2077,1,5_9,5.711e-05
858,2078,1,5_9,5.651e-05
858,2079,1,5_9,5.583e-05
858,2080,1,5_9,5.527e-05
858,2081,1,5_9,5.462e-05
858,2082,1,5_9,5.406e-05
858,2083,1,5_9,5.34e-05
858,2084,1,5_9,5.285e-05
858,2085,1,5_9,5.218e-05
858,2086,1,5_9,5.165e-05
858,2087,1,5_9,5.114e-05
858,2088,1,5_9,5.063e-05
858,2089,1,5_9,4.998e-05
858,2090,1,5_9,4.947e-05
858,2091,1,5_9,4.902e-05
858,2092,1,5_9,4.849e-05
858,2093,1,5_9,4.8e-05
858,2094,1,5_9,4.758e-05
858,2095,1,5_9,4.705e-05
858,2096,1,5_9,4.661e-05
858,2097,1,5_9,4.616e-05
858,2098,1,5_9,4.576e-05
858,2099,1,5_9,4.522e-05
858,2100,1,5_9,4.475e-05
862,2024,1,5_9,0.00036133
862,2025,1,5_9,0.00035556
862,2026,1,5_9,0.00034943
862,2027,1,5_9,0.00034342
862,2028,1,5_9,0.00033798
862,2029,1,5_9,0.00033134
862,2030,1,5_9,0.00032562
862,2031,1,5_9,0.00032022
862,2032,1,5_9,0.00031499
862,2033,1,5_9,0.00030997
862,2034,1,5_9,0.00030485
862,2035,1,5_9,0.00029946
862,2036,1,5_9,0.00029435
862,2037,1,5_9,0.00028919
862,2038,1,5_9,0.00028382
862,2039,1,5_9,0.00027831
862,2040,1,5_9,0.00027334
862,2041,1,5_9,0.00026748
862,2042,1,5_9,0.00026221
862,2043,1,5_9,0.00025622
862,2044,1,5_9,0.00025025
862,2045,1,5_9,0.0002449
862,2046,1,5_9,0.00023978
862,2047,1,5_9,0.00023477
862,2048,1,5_9,0.00023003
862,2049,1,5_9,0.00022527
862,2050,1,5_9,0.00022062
862,2051,1,5_9,0.00021603
862,2052,1,5_9,0.00021106
862,2053,1,5_9,0.00020633
862,2054,1,5_9,0.00020173
862,2055,1,5_9,0.00019687
862,2056,1,5_9,0.00019202
862,2057,1,5_9,0.00018757
862,2058,1,5_9,0.00018267
862,2059,1,5_9,0.00017897
862,2060,1,5_9,0.00017541
862,2061,1,5_9,0.0001722
862,2062,1,5_9,0.0001688
862,2063,1,5_9,0.00016531
862,2064,1,5_9,0.00016193
862,2065,1,5_9,0.00015873
862,2066,1,5_9,0.00015538
862,2067,1,5_9,0.00015243
862,2068,1,5_9,0.00014901
862,2069,1,5_9,0.00014583
862,2070,1,5_9,0.0001426
862,2071,1,5_9,0.00013964
862,2072,1,5_9,0.00013636
862,2073,1,5_9,0.0001338
862,2074,1,5_9,0.00013139
862,2075,1,5_9,0.00012901
862,2076,1,5_9,0.00012657
862,2077,1,5_9,0.0001243
862,2078,1,5_9,0.00012214
862,2079,1,5_9,0.00011996
862,2080,1,5_9,0.0001178
862,2081,1,5_9,0.00011569
862,2082,1,5_9,0.00011364
862,2083,1,5_9,0.00011168
862,2084,1,5_9,0.00010971
862,2085,1,5_9,0.0001078
862,2086,1,5_9,0.00010585
862,2087,1,5_9,0.00010413
862,2088,1,5_9,0.00010251
862,2089,1,5_9,0.00010099
862,2090,1,5_9,9.945e-05
862,2091,1,5_9,9.794e-05
862,2092,1,5_9,9.639e-05
862,2093,1,5_9,9.494e-05
862,2094,1,5_9,9.357e-05
862,2095,1,5_9,9.231e-05
862,2096,1,5_9,9.086e-05
862,2097,1,5_9,8.948e-05
862,2098,1,5_9,8.822e-05
862,2099,1,5_9,8.69e-05
862,2100,1,5_9,8.573e-05
60,2024,1,5_9,8.154e-05
60,2025,1,5_9,7.928e-05
60,2026,1,5_9,7.715e-05
60,2027,1,5_9,7.513e-05
60,2028,1,5_9,7.332e-05
60,2029,1,5_9,7.166e-05
60,2030,1,5_9,7.02e-05
60,2031,1,5_9,6.876e-05
60,2032,1,5_9,6.736e-05
60,2033,1,5_9,6.592e-05
60,2034,1,5_9,6.472e-05
60,2035,1,5_9,6.339e-05
60,2036,1,5_9,6.209e-05
60,2037,1,5_9,6.092e-05
60,2038,1,5_9,5.987e-05
60,2039,1,5_9,5.87e-05
60,2040,1,5_9,5.761e-05
60,2041,1,5_9,5.656e-05
60,2042,1,5_9,5.553e-05
60,2043,1,5_9,5.458e-05
60,2044,1,5_9,5.359e-05
60,2045,1,5_9,5.264e-05
60,2046,1,5_9,5.166e-05
60,2047,1,5_9,5.074e-05
60,2048,1,5_9,4.992e-05
60,2049,1,5_9,4.906e-05
60,2050,1,5_9,4.817e-05
60,2051,1,5_9,4.74e-05
60,2052,1,5_9,4.659e-05
60,2053,1,5_9,4.579e-05
60,2054,1,5_9,4.5e-05
60,2055,1,5_9,4.42e-05
60,2056,1,5_9,4.338e-05
60,2057,1,5_9,4.276e-05
60,2058,1,5_9,4.199e-05
60,2059,1,5_9,4.133e-05
60,2060,1,5_9,4.062e-05
60,2061,1,5_9,3.998e-05
60,2062,1,5_9,3.936e-05
60,2063,1,5_9,3.872e-05
60,2064,1,5_9,3.808e-05
60,2065,1,5_9,3.745e-05
60,2066,1,5_9,3.685e-05
60,2067,1,5_9,3.628e-05
60,2068,1,5_9,3.567e-05
60,2069,1,5_9,3.51e-05
60,2070,1,5_9,3.455e-05
60,2071,1,5_9,3.401e-05
60,2072,1,5_9,3.349e-05
60,2073,1,5_9,3.291e-05
60,2074,1,5_9,3.237e-05
60,2075,1,5_9,3.184e-05
60,2076,1,5_9,3.13e-05
60,2077,1,5_9,3.082e-05
60,2078,1,5_9,3.035e-05
60,2079,1,5_9,2.989e-05
60,2080,1,5_9,2.937e-05
60,2081,1,5_9,2.89e-05
60,2082,1,5_9,2.842e-05
60,2083,1,5_9,2.795e-05
60,2084,1,5_9,2.753e-05
60,2085,1,5_9,2.712e-05
60,2086,1,5_9,2.669e-05
60,2087,1,5_9,2.626e-05
60,2088,1,5_9,2.585e-05
60,2089,1,5_9,2.538e-05
60,2090,1,5_9,2.492e-05
60,2091,1,5_9,2.452e-05
60,2092,1,5_9,2.414e-05
60,2093,1,5_9,2.379e-05
60,2094,1,5_9,2.339e-05
60,2095,1,5_9,2.304e-05
60,2096,1,5_9,2.264e-05
60,2097,1,5_9,2.23e-05
60,2098,1,5_9,2.198e-05
60,2099,1,5_9,2.161e-05
60,2100,1,5_9,2.127e-05
124,2024,1,5_9,7.335e-05
124,2025,1,5_9,7.056e-05
124,2026,1,5_9,6.791e-05
124,2027,1,5_9,6.54e-05
124,2028,1,5_9,6.32e-05
124,2029,1,5_9,6.11e-05
124,2030,1,5_9,5.928e-05
124,2031,1,5_9,5.753e-05
124,2032,1,5_9,5.585e-05
124,2033,1,5_9,5.441e-05
124,2034,1,5_9,5.286e-05
124,2035,1,5_9,5.151e-05
124,2036,1,5_9,5.007e-05
124,2037,1,5_9,4.883e-05
124,2038,1,5_9,4.763e-05
124,2039,1,5_9,4.634e-05
124,2040,1,5_9,4.523e-05
124,2041,1,5_9,4.428e-05
124,2042,1,5_9,4.324e-05
124,2043,1,5_9,4.235e-05
124,2044,1,5_9,4.137e-05
124,2045,1,5_9,4.042e-05
124,2046,1,5_9,3.961e-05
124,2047,1,5_9,3.872e-05
124,2048,1,5_9,3.796e-05
124,2049,1,5_9,3.712e-05
124,2050,1,5_9,3.641e-05
124,2051,1,5_9,3.572e-05
124,2052,1,5_9,3.505e-05
124,2053,1,5_9,3.44e-05
124,2054,1,5_9,3.358e-05
124,2055,1,5_9,3.299e-05
124,2056,1,5_9,3.23e-05
124,2057,1,5_9,3.164e-05
124,2058,1,5_9,3.108e-05
124,2059,1,5_9,3.053e-05
124,2060,1,5_9,3.001e-05
124,2061,1,5_9,2.942e-05
124,2062,1,5_9,2.885e-05
124,2063,1,5_9,2.836e-05
124,2064,1,5_9,2.789e-05
124,2065,1,5_9,2.742e-05
124,2066,1,5_9,2.696e-05
124,2067,1,5_9,2.652e-05
124,2068,1,5_9,2.609e-05
124,2069,1,5_9,2.567e-05
124,2070,1,5_9,2.527e-05
124,2071,1,5_9,2.487e-05
124,2072,1,5_9,2.442e-05
124,2073,1,5_9,2.398e-05
124,2074,1,5_9,2.362e-05
124,2075,1,5_9,2.326e-05
124,2076,1,5_9,2.285e-05
124,2077,1,5_9,2.251e-05
124,2078,1,5_9,2.212e-05
124,2079,1,5_9,2.179e-05
124,2080,1,5_9,2.147e-05
124,2081,1,5_9,2.116e-05
124,2082,1,5_9,2.081e-05
124,2083,1,5_9,2.048e-05
124,2084,1,5_9,2.009e-05
124,2085,1,5_9,1.981e-05
124,2086,1,5_9,1.953e-05
124,2087,1,5_9,1.927e-05
124,2088,1,5_9,1.891e-05
124,2089,1,5_9,1.866e-05
124,2090,1,5_9,1.829e-05
124,2091,1,5_9,1.801e-05
124,2092,1,5_9,1.769e-05
124,2093,1,5_9,1.738e-05
124,2094,1,5_9,1.716e-05
124,2095,1,5_9,1.686e-05
124,2096,1,5_9,1.657e-05
124,2097,1,5_9,1.629e-05
124,2098,1,5_9,1.605e-05
124,2099,1,5_9,1.582e-05
124,2100,1,5_9,1.555e-05
304,2024,1,5_9,0.0018046
304,2025,1,5_9,0.00177415
304,2026,1,5_9,0.00174168
304,2027,1,5_9,0.00171565
304,2028,1,5_9,0.00168977
304,2029,1,5_9,0.00166517
304,2030,1,5_9,0.00163995
304,2031,1,5_9,0.00161002
304,2032,1,5_9,0.00157977
304,2033,1,5_9,0.00155
304,2034,1,5_9,0.00152322
304,2035,1,5_9,0.00149461
304,2036,1,5_9,0.00146641
304,2037,1,5_9,0.00143852
304,2038,1,5_9,0.00141054
304,2039,1,5_9,0.00138978
304,2040,1,5_9,0.00136097
304,2041,1,5_9,0.00133521
304,2042,1,5_9,0.0013145
304,2043,1,5_9,0.00129624
304,2044,1,5_9,0.00127267
304,2045,1,5_9,0.00125182
304,2046,1,5_9,0.00123127
304,2047,1,5_9,0.00121215
304,2048,1,5_9,0.00119227
304,2049,1,5_9,0.00117335
304,2050,1,5_9,0.00115408
304,2051,1,5_9,0.00113525
304,2052,1,5_9,0.0011158
304,2053,1,5_9,0.00109686
304,2054,1,5_9,0.00107698
304,2055,1,5_9,0.00105844
304,2056,1,5_9,0.00104032
304,2057,1,5_9,0.00102233
304,2058,1,5_9,0.00100299
304,2059,1,5_9,0.00098493
304,2060,1,5_9,0.00096624
304,2061,1,5_9,0.00094732
304,2062,1,5_9,0.00092886
304,2063,1,5_9,0.00091154
304,2064,1,5_9,0.00089359
304,2065,1,5_9,0.00087553
304,2066,1,5_9,0.00085841
304,2067,1,5_9,0.00084136
304,2068,1,5_9,0.00082369
304,2069,1,5_9,0.00080732
304,2070,1,5_9,0.00079121
304,2071,1,5_9,0.00077395
304,2072,1,5_9,0.00075828
304,2073,1,5_9,0.00074265
304,2074,1,5_9,0.00072625
304,2075,1,5_9,0.00071046
304,2076,1,5_9,0.00069594
304,2077,1,5_9,0.00068138
304,2078,1,5_9,0.00066575
304,2079,1,5_9,0.00065042
304,2080,1,5_9,0.00063538
304,2081,1,5_9,0.00062144
304,2082,1,5_9,0.00060816
304,2083,1,5_9,0.00059701
304,2084,1,5_9,0.0005857
304,2085,1,5_9,0.00057382
304,2086,1,5_9,0.00056167
304,2087,1,5_9,0.00054991
304,2088,1,5_9,0.00053843
304,2089,1,5_9,0.00052751
304,2090,1,5_9,0.00051726
304,2091,1,5_9,0.00050607
304,2092,1,5_9,0.00049555
304,2093,1,5_9,0.00048491
304,2094,1,5_9,0.00047498
304,2095,1,5_9,0.00046473
304,2096,1,5_9,0.00045474
304,2097,1,5_9,0.0004453
304,2098,1,5_9,0.00043563
304,2099,1,5_9,0.00042609
304,2100,1,5_9,0.00041668
666,2024,1,5_9,0.00024472
666,2025,1,5_9,0.00023759
666,2026,1,5_9,0.00023105
666,2027,1,5_9,0.00022436
666,2028,1,5_9,0.00021823
666,2029,1,5_9,0.00021181
666,2030,1,5_9,0.00020497
666,2031,1,5_9,0.00019868
666,2032,1,5_9,0.00019243
666,2033,1,5_9,0.00018613
666,2034,1,5_9,0.00018035
666,2035,1,5_9,0.00017494
666,2036,1,5_9,0.0001698
666,2037,1,5_9,0.00016502
666,2038,1,5_9,0.00015995
666,2039,1,5_9,0.00015517
666,2040,1,5_9,0.00015063
666,2041,1,5_9,0.00014636
666,2042,1,5_9,0.00014206
666,2043,1,5_9,0.000138
666,2044,1,5_9,0.00013383
666,2045,1,5_9,0.00013001
666,2046,1,5_9,0.0001261
666,2047,1,5_9,0.00012232
666,2048,1,5_9,0.000119
666,2049,1,5_9,0.00011569
666,2050,1,5_9,0.00011254
666,2051,1,5_9,0.00010938
666,2052,1,5_9,0.00010639
666,2053,1,5_9,0.00010362
666,2054,1,5_9,0.00010082
666,2055,1,5_9,9.834e-05
666,2056,1,5_9,9.589e-05
666,2057,1,5_9,9.362e-05
666,2058,1,5_9,9.133e-05
666,2059,1,5_9,8.93e-05
666,2060,1,5_9,8.706e-05
666,2061,1,5_9,8.496e-05
666,2062,1,5_9,8.306e-05
666,2063,1,5_9,8.119e-05
666,2064,1,5_9,7.943e-05
666,2065,1,5_9,7.78e-05
666,2066,1,5_9,7.62e-05
666,2067,1,5_9,7.462e-05
666,2068,1,5_9,7.322e-05
666,2069,1,5_9,7.161e-05
666,2070,1,5_9,7.029e-05
666,2071,1,5_9,6.888e-05
666,2072,1,5_9,6.753e-05
666,2073,1,5_9,6.623e-05
666,2074,1,5_9,6.484e-05
666,2075,1,5_9,6.361e-05
666,2076,1,5_9,6.235e-05
666,2077,1,5_9,6.119e-05
666,2078,1,5_9,6.009e-05
666,2079,1,5_9,5.891e-05
666,2080,1,5_9,5.777e-05
666,2081,1,5_9,5.677e-05
666,2082,1,5_9,5.569e-05
666,2083,1,5_9,5.468e-05
666,2084,1,5_9,5.364e-05
666,2085,1,5_9,5.267e-05
666,2086,1,5_9,5.176e-05
666,2087,1,5_9,5.084e-05
666,2088,1,5_9,4.996e-05
666,2089,1,5_9,4.91e-05
666,2090,1,5_9,4.828e-05
666,2091,1,5_9,4.752e-05
666,2092,1,5_9,4.678e-05
666,2093,1,5_9,4.603e-05
666,2094,1,5_9,4.524e-05
666,2095,1,5_9,4.447e-05
666,2096,1,5_9,4.37e-05
666,2097,1,5_9,4.302e-05
666,2098,1,5_9,4.235e-05
666,2099,1,5_9,4.17e-05
666,2100,1,5_9,4.101e-05
840,2024,1,5_9,0.00011127
840,2025,1,5_9,0.00010773
840,2026,1,5_9,0.0001045
840,2027,1,5_9,0.00010099
840,2028,1,5_9,9.807e-05
840,2029,1,5_9,9.493e-05
840,2030,1,5_9,9.194e-05
840,2031,1,5_9,8.94e-05
840,2032,1,5_9,8.664e-05
840,2033,1,5_9,8.399e-05
840,2034,1,5_9,8.147e-05
840,2035,1,5_9,7.905e-05
840,2036,1,5_9,7.672e-05
840,2037,1,5_9,7.449e-05
840,2038,1,5_9,7.235e-05
840,2039,1,5_9,7.054e-05
840,2040,1,5_9,6.855e-05
840,2041,1,5_9,6.664e-05
840,2042,1,5_9,6.504e-05
840,2043,1,5_9,6.327e-05
840,2044,1,5_9,6.157e-05
840,2045,1,5_9,5.996e-05
840,2046,1,5_9,5.839e-05
840,2047,1,5_9,5.688e-05
840,2048,1,5_9,5.56e-05
840,2049,1,5_9,5.42e-05
840,2050,1,5_9,5.302e-05
840,2051,1,5_9,5.171e-05
840,2052,1,5_9,5.046e-05
840,2053,1,5_9,4.941e-05
840,2054,1,5_9,4.837e-05
840,2055,1,5_9,4.724e-05
840,2056,1,5_9,4.628e-05
840,2057,1,5_9,4.535e-05
840,2058,1,5_9,4.445e-05
840,2059,1,5_9,4.358e-05
840,2060,1,5_9,4.262e-05
840,2061,1,5_9,4.18e-05
840,2062,1,5_9,4.102e-05
840,2063,1,5_9,4.024e-05
840,2064,1,5_9,3.949e-05
840,2065,1,5_9,3.878e-05
840,2066,1,5_9,3.807e-05
840,2067,1,5_9,3.75e-05
840,2068,1,5_9,3.693e-05
840,2069,1,5_9,3.628e-05
840,2070,1,5_9,3.564e-05
840,2071,1,5_9,3.513e-05
840,2072,1,5_9,3.461e-05
840,2073,1,5_9,3.403e-05
840,2074,1,5_9,3.346e-05
840,2075,1,5_9,3.3e-05
840,2076,1,5_9,3.254e-05
840,2077,1,5_9,3.201e-05
840,2078,1,5_9,3.15e-05
840,2079,1,5_9,3.109e-05
840,2080,1,5_9,3.068e-05
840,2081,1,5_9,3.02e-05
840,2082,1,5_9,2.981e-05
840,2083,1,5_9,2.943e-05
840,2084,1,5_9,2.897e-05
840,2085,1,5_9,2.856e-05
840,2086,1,5_9,2.814e-05
840,2087,1,5_9,2.773e-05
840,2088,1,5_9,2.733e-05
840,2089,1,5_9,2.701e-05
840,2090,1,5_9,2.662e-05
840,2091,1,5_9,2.632e-05
840,2092,1,5_9,2.595e-05
840,2093,1,5_9,2.56e-05
840,2094,1,5_9,2.524e-05
840,2095,1,5_9,2.489e-05
840,2096,1,5_9,2.462e-05
840,2097,1,5_9,2.43e-05
840,2098,1,5_9,2.397e-05
840,2099,1,5_9,2.371e-05
840,2100,1,5_9,2.341e-05
36,2024,1,5_9,6.074e-05
36,2025,1,5_9,5.924e-05
36,2026,1,5_9,5.779e-05
36,2027,1,5_9,5.639e-05
36,2028,1,5_9,5.503e-05
36,2029,1,5_9,5.371e-05
36,2030,1,5_9,5.256e-05
36,2031,1,5_9,5.144e-05
36,2032,1,5_9,5.036e-05
36,2033,1,5_9,4.918e-05
36,2034,1,5_9,4.828e-05
36,2035,1,5_9,4.717e-05
36,2036,1,5_9,4.631e-05
36,2037,1,5_9,4.536e-05
36,2038,1,5_9,4.444e-05
36,2039,1,5_9,4.365e-05
36,2040,1,5_9,4.278e-05
36,2041,1,5_9,4.193e-05
36,2042,1,5_9,4.119e-05
36,2043,1,5_9,4.048e-05
36,2044,1,5_9,3.96e-05
36,2045,1,5_9,3.892e-05
36,2046,1,5_9,3.825e-05
36,2047,1,5_9,3.752e-05
36,2048,1,5_9,3.68e-05
36,2049,1,5_9,3.619e-05
36,2050,1,5_9,3.559e-05
36,2051,1,5_9,3.492e-05
36,2052,1,5_9,3.434e-05
36,2053,1,5_9,3.386e-05
36,2054,1,5_9,3.323e-05
36,2055,1,5_9,3.262e-05
36,2056,1,5_9,3.209e-05
36,2057,1,5_9,3.144e-05
36,2058,1,5_9,3.094e-05
36,2059,1,5_9,3.039e-05
36,2060,1,5_9,2.984e-05
36,2061,1,5_9,2.925e-05
36,2062,1,5_9,2.88e-05
36,2063,1,5_9,2.823e-05
36,2064,1,5_9,2.78e-05
36,2065,1,5_9,2.726e-05
36,2066,1,5_9,2.673e-05
36,2067,1,5_9,2.632e-05
36,2068,1,5_9,2.593e-05
36,2069,1,5_9,2.548e-05
36,2070,1,5_9,2.515e-05
36,2071,1,5_9,2.467e-05
36,2072,1,5_9,2.431e-05
36,2073,1,5_9,2.385e-05
36,2074,1,5_9,2.34e-05
36,2075,1,5_9,2.297e-05
36,2076,1,5_9,2.264e-05
36,2077,1,5_9,2.222e-05
36,2078,1,5_9,2.182e-05
36,2079,1,5_9,2.142e-05
36,2080,1,5_9,2.103e-05
36,2081,1,5_9,2.064e-05
36,2082,1,5_9,2.027e-05
36,2083,1,5_9,1.99e-05
36,2084,1,5_9,1.955e-05
36,2085,1,5_9,1.928e-05
36,2086,1,5_9,1.893e-05
36,2087,1,5_9,1.859e-05
36,2088,1,5_9,1.827e-05
36,2089,1,5_9,1.795e-05
36,2090,1,5_9,1.756e-05
36,2091,1,5_9,1.726e-05
36,2092,1,5_9,1.689e-05
36,2093,1,5_9,1.66e-05
36,2094,1,5_9,1.625e-05
36,2095,1,5_9,1.597e-05
36,2096,1,5_9,1.563e-05
36,2097,1,5_9,1.53e-05
36,2098,1,5_9,1.498e-05
36,2099,1,5_9,1.472e-05
36,2100,1,5_9,1.447e-05
554,2024,1,5_9,7.898e-05
554,2025,1,5_9,7.664e-05
554,2026,1,5_9,7.438e-05
554,2027,1,5_9,7.199e-05
554,2028,1,5_9,6.97e-05
554,2029,1,5_9,6.77e-05
554,2030,1,5_9,6.559e-05
554,2031,1,5_9,6.356e-05
554,2032,1,5_9,6.179e-05
554,2033,1,5_9,6.008e-05
554,2034,1,5_9,5.843e-05
554,2035,1,5_9,5.668e-05
554,2036,1,5_9,5.516e-05
554,2037,1,5_9,5.368e-05
554,2038,1,5_9,5.226e-05
554,2039,1,5_9,5.089e-05
554,2040,1,5_9,4.97e-05
554,2041,1,5_9,4.842e-05
554,2042,1,5_9,4.718e-05
554,2043,1,5_9,4.598e-05
554,2044,1,5_9,4.494e-05
554,2045,1,5_9,4.382e-05
554,2046,1,5_9,4.284e-05
554,2047,1,5_9,4.189e-05
554,2048,1,5_9,4.098e-05
554,2049,1,5_9,4.009e-05
554,2050,1,5_9,3.912e-05
554,2051,1,5_9,3.818e-05
554,2052,1,5_9,3.748e-05
554,2053,1,5_9,3.659e-05
554,2054,1,5_9,3.583e-05
554,2055,1,5_9,3.508e-05
554,2056,1,5_9,3.445e-05
554,2057,1,5_9,3.374e-05
554,2058,1,5_9,3.306e-05
554,2059,1,5_9,3.238e-05
554,2060,1,5_9,3.173e-05
554,2061,1,5_9,3.103e-05
554,2062,1,5_9,3.034e-05
554,2063,1,5_9,2.982e-05
554,2064,1,5_9,2.917e-05
554,2065,1,5_9,2.853e-05
554,2066,1,5_9,2.806e-05
554,2067,1,5_9,2.746e-05
554,2068,1,5_9,2.688e-05
554,2069,1,5_9,2.644e-05
554,2070,1,5_9,2.588e-05
554,2071,1,5_9,2.546e-05
554,2072,1,5_9,2.493e-05
554,2073,1,5_9,2.442e-05
554,2074,1,5_9,2.403e-05
554,2075,1,5_9,2.354e-05
554,2076,1,5_9,2.306e-05
554,2077,1,5_9,2.271e-05
554,2078,1,5_9,2.225e-05
554,2079,1,5_9,2.18e-05
554,2080,1,5_9,2.148e-05
554,2081,1,5_9,2.105e-05
554,2082,1,5_9,2.073e-05
554,2083,1,5_9,2.033e-05
554,2084,1,5_9,1.993e-05
554,2085,1,5_9,1.955e-05
554,2086,1,5_9,1.917e-05
554,2087,1,5_9,1.881e-05
554,2088,1,5_9,1.837e-05
554,2089,1,5_9,1.803e-05
554,2090,1,5_9,1.769e-05
554,2091,1,5_9,1.736e-05
554,2092,1,5_9,1.704e-05
554,2093,1,5_9,1.665e-05
554,2094,1,5_9,1.634e-05
554,2095,1,5_9,1.605e-05
554,2096,1,5_9,1.576e-05
554,2097,1,5_9,1.54e-05
554,2098,1,5_9,1.513e-05
554,2099,1,5_9,1.479e-05
554,2100,1,5_9,1.446e-05
242,2024,1,5_9,0.00039045
242,2025,1,5_9,0.00038935
242,2026,1,5_9,0.00038888
242,2027,1,5_9,0.00038916
242,2028,1,5_9,0.00038999
242,2029,1,5_9,0.00038945
242,2030,1,5_9,0.00039025
242,2031,1,5_9,0.00039138
242,2032,1,5_9,0.00039199
242,2033,1,5_9,0.00039145
242,2034,1,5_9,0.00039113
242,2035,1,5_9,0.00039137
242,2036,1,5_9,0.00039193
242,2037,1,5_9,0.0003923
242,2038,1,5_9,0.0003918
242,2039,1,5_9,0.0003922
242,2040,1,5_9,0.00039047
242,2041,1,5_9,0.00039022
242,2042,1,5_9,0.0003892
242,2043,1,5_9,0.0003887
242,2044,1,5_9,0.0003881
242,2045,1,5_9,0.00038851
242,2046,1,5_9,0.00038908
242,2047,1,5_9,0.00038772
242,2048,1,5_9,0.00038722
242,2049,1,5_9,0.00038711
242,2050,1,5_9,0.00038649
242,2051,1,5_9,0.00038539
242,2052,1,5_9,0.00038406
242,2053,1,5_9,0.00038242
242,2054,1,5_9,0.00037925
242,2055,1,5_9,0.00037811
242,2056,1,5_9,0.00037646
242,2057,1,5_9,0.00037473
242,2058,1,5_9,0.00037296
242,2059,1,5_9,0.00037097
242,2060,1,5_9,0.0003692
242,2061,1,5_9,0.00036763
242,2062,1,5_9,0.00036622
242,2063,1,5_9,0.0003645
242,2064,1,5_9,0.0003605
242,2065,1,5_9,0.00035829
242,2066,1,5_9,0.00035769
242,2067,1,5_9,0.00035782
242,2068,1,5_9,0.00035601
242,2069,1,5_9,0.00035562
242,2070,1,5_9,0.00035524
242,2071,1,5_9,0.00035343
242,2072,1,5_9,0.00035259
242,2073,1,5_9,0.00035188
242,2074,1,5_9,0.00034918
242,2075,1,5_9,0.00034812
242,2076,1,5_9,0.00034517
242,2077,1,5_9,0.00034367
242,2078,1,5_9,0.00034023
242,2079,1,5_9,0.00033851
242,2080,1,5_9,0.00033508
242,2081,1,5_9,0.00033092
242,2082,1,5_9,0.00032847
242,2083,1,5_9,0.00032447
242,2084,1,5_9,0.00032005
242,2085,1,5_9,0.0003174
242,2086,1,5_9,0.00031499
242,2087,1,5_9,0.00031321
242,2088,1,5_9,0.00031125
242,2089,1,5_9,0.00031058
242,2090,1,5_9,0.00030862
242,2091,1,5_9,0.00030664
242,2092,1,5_9,0.00030461
242,2093,1,5_9,0.0003026
242,2094,1,5_9,0.0003014
242,2095,1,5_9,0.00029901
242,2096,1,5_9,0.00029678
242,2097,1,5_9,0.00029458
242,2098,1,5_9,0.00029198
242,2099,1,5_9,0.00029054
242,2100,1,5_9,0.000288
540,2024,1,5_9,0.00013163
540,2025,1,5_9,0.00012906
540,2026,1,5_9,0.00012627
540,2027,1,5_9,0.00012368
540,2028,1,5_9,0.00012081
540,2029,1,5_9,0.00011814
540,2030,1,5_9,0.00011566
540,2031,1,5_9,0.00011316
540,2032,1,5_9,0.00011067
540,2033,1,5_9,0.00010802
540,2034,1,5_9,0.00010553
540,2035,1,5_9,0.00010333
540,2036,1,5_9,0.00010106
540,2037,1,5_9,9.871e-05
540,2038,1,5_9,9.651e-05
540,2039,1,5_9,9.419e-05
540,2040,1,5_9,9.196e-05
540,2041,1,5_9,8.99e-05
540,2042,1,5_9,8.791e-05
540,2043,1,5_9,8.598e-05
540,2044,1,5_9,8.416e-05
540,2045,1,5_9,8.249e-05
540,2046,1,5_9,8.082e-05
540,2047,1,5_9,7.912e-05
540,2048,1,5_9,7.751e-05
540,2049,1,5_9,7.6e-05
540,2050,1,5_9,7.447e-05
540,2051,1,5_9,7.308e-05
540,2052,1,5_9,7.163e-05
540,2053,1,5_9,7.027e-05
540,2054,1,5_9,6.897e-05
540,2055,1,5_9,6.771e-05
540,2056,1,5_9,6.648e-05
540,2057,1,5_9,6.534e-05
540,2058,1,5_9,6.417e-05
540,2059,1,5_9,6.315e-05
540,2060,1,5_9,6.209e-05
540,2061,1,5_9,6.108e-05
540,2062,1,5_9,6.017e-05
540,2063,1,5_9,5.925e-05
540,2064,1,5_9,5.826e-05
540,2065,1,5_9,5.736e-05
540,2066,1,5_9,5.652e-05
540,2067,1,5_9,5.561e-05
540,2068,1,5_9,5.471e-05
540,2069,1,5_9,5.397e-05
540,2070,1,5_9,5.31e-05
540,2071,1,5_9,5.226e-05
540,2072,1,5_9,5.151e-05
540,2073,1,5_9,5.072e-05
540,2074,1,5_9,5.008e-05
540,2075,1,5_9,4.927e-05
540,2076,1,5_9,4.863e-05
540,2077,1,5_9,4.803e-05
540,2078,1,5_9,4.744e-05
540,2079,1,5_9,4.688e-05
540,2080,1,5_9,4.639e-05
540,2081,1,5_9,4.576e-05
540,2082,1,5_9,4.521e-05
540,2083,1,5_9,4.472e-05
540,2084,1,5_9,4.411e-05
540,2085,1,5_9,4.363e-05
540,2086,1,5_9,4.313e-05
540,2087,1,5_9,4.27e-05
540,2088,1,5_9,4.224e-05
540,2089,1,5_9,4.174e-05
540,2090,1,5_9,4.13e-05
540,2091,1,5_9,4.086e-05
540,2092,1,5_9,4.041e-05
540,2093,1,5_9,3.999e-05
540,2094,1,5_9,3.95e-05
540,2095,1,5_9,3.898e-05
540,2096,1,5_9,3.852e-05
540,2097,1,5_9,3.808e-05
540,2098,1,5_9,3.768e-05
540,2099,1,5_9,3.727e-05
540,2100,1,5_9,3.699e-05
598,2024,1,5_9,0.00096253
598,2025,1,5_9,0.00094848
598,2026,1,5_9,0.00093517
598,2027,1,5_9,0.00092118
598,2028,1,5_9,0.00090702
598,2029,1,5_9,0.00089375
598,2030,1,5_9,0.00088159
598,2031,1,5_9,0.00086943
598,2032,1,5_9,0.00085696
598,2033,1,5_9,0.00084428
598,2034,1,5_9,0.00083296
598,2035,1,5_9,0.00082269
598,2036,1,5_9,0.00081066
598,2037,1,5_9,0.00079911
598,2038,1,5_9,0.00078824
598,2039,1,5_9,0.00077709
598,2040,1,5_9,0.0007663
598,2041,1,5_9,0.00075494
598,2042,1,5_9,0.00074607
598,2043,1,5_9,0.00073689
598,2044,1,5_9,0.00072516
598,2045,1,5_9,0.00071464
598,2046,1,5_9,0.0007053
598,2047,1,5_9,0.00069332
598,2048,1,5_9,0.00068322
598,2049,1,5_9,0.00067375
598,2050,1,5_9,0.000664
598,2051,1,5_9,0.00065362
598,2052,1,5_9,0.00064417
598,2053,1,5_9,0.00063276
598,2054,1,5_9,0.00062376
598,2055,1,5_9,0.00061305
598,2056,1,5_9,0.00060347
598,2057,1,5_9,0.00059287
598,2058,1,5_9,0.0005819
598,2059,1,5_9,0.00057178
598,2060,1,5_9,0.00056207
598,2061,1,5_9,0.00055221
598,2062,1,5_9,0.00054286
598,2063,1,5_9,0.00053314
598,2064,1,5_9,0.00052348
598,2065,1,5_9,0.00051431
598,2066,1,5_9,0.00050458
598,2067,1,5_9,0.00049532
598,2068,1,5_9,0.00048517
598,2069,1,5_9,0.0004758
598,2070,1,5_9,0.00046656
598,2071,1,5_9,0.00045631
598,2072,1,5_9,0.00044809
598,2073,1,5_9,0.00043908
598,2074,1,5_9,0.00042994
598,2075,1,5_9,0.00042117
598,2076,1,5_9,0.00041387
598,2077,1,5_9,0.0004069
598,2078,1,5_9,0.00039963
598,2079,1,5_9,0.00039175
598,2080,1,5_9,0.00038446
598,2081,1,5_9,0.00037615
598,2082,1,5_9,0.00036849
598,2083,1,5_9,0.00036102
598,2084,1,5_9,0.00035338
598,2085,1,5_9,0.00034638
598,2086,1,5_9,0.00034029
598,2087,1,5_9,0.00033409
598,2088,1,5_9,0.00032763
598,2089,1,5_9,0.00032118
598,2090,1,5_9,0.00031473
598,2091,1,5_9,0.00030937
598,2092,1,5_9,0.00030301
598,2093,1,5_9,0.00029728
598,2094,1,5_9,0.00029164
598,2095,1,5_9,0.0002859
598,2096,1,5_9,0.00027956
598,2097,1,5_9,0.00027392
598,2098,1,5_9,0.00026843
598,2099,1,5_9,0.00026248
598,2100,1,5_9,0.00025611
90,2024,1,5_9,0.00071493
90,2025,1,5_9,0.00069984
90,2026,1,5_9,0.00068411
90,2027,1,5_9,0.00066994
90,2028,1,5_9,0.00065493
90,2029,1,5_9,0.00063946
90,2030,1,5_9,0.00062701
90,2031,1,5_9,0.0006164
90,2032,1,5_9,0.0006042
90,2033,1,5_9,0.0005937
90,2034,1,5_9,0.00058226
90,2035,1,5_9,0.00057201
90,2036,1,5_9,0.00056103
90,2037,1,5_9,0.00055158
90,2038,1,5_9,0.00054181
90,2039,1,5_9,0.0005313
90,2040,1,5_9,0.00052185
90,2041,1,5_9,0.00051182
90,2042,1,5_9,0.00050343
90,2043,1,5_9,0.00049428
90,2044,1,5_9,0.00048623
90,2045,1,5_9,0.00047805
90,2046,1,5_9,0.0004698
90,2047,1,5_9,0.00046189
90,2048,1,5_9,0.00045334
90,2049,1,5_9,0.00044431
90,2050,1,5_9,0.00043688
90,2051,1,5_9,0.00042858
90,2052,1,5_9,0.00041982
90,2053,1,5_9,0.00041206
90,2054,1,5_9,0.00040409
90,2055,1,5_9,0.00039635
90,2056,1,5_9,0.00038866
90,2057,1,5_9,0.00038126
90,2058,1,5_9,0.00037315
90,2059,1,5_9,0.00036616
90,2060,1,5_9,0.00035908
90,2061,1,5_9,0.00035207
90,2062,1,5_9,0.00034437
90,2063,1,5_9,0.00033748
90,2064,1,5_9,0.00033003
90,2065,1,5_9,0.00032302
90,2066,1,5_9,0.00031604
90,2067,1,5_9,0.00030852
90,2068,1,5_9,0.00030142
90,2069,1,5_9,0.00029375
90,2070,1,5_9,0.00028675
90,2071,1,5_9,0.00027984
90,2072,1,5_9,0.00027423
90,2073,1,5_9,0.00026828
90,2074,1,5_9,0.00026253
90,2075,1,5_9,0.00025702
90,2076,1,5_9,0.00025124
90,2077,1,5_9,0.00024555
90,2078,1,5_9,0.00024034
90,2079,1,5_9,0.00023493
90,2080,1,5_9,0.00022978
90,2081,1,5_9,0.00022491
90,2082,1,5_9,0.00021989
90,2083,1,5_9,0.00021495
90,2084,1,5_9,0.00021041
90,2085,1,5_9,0.00020581
90,2086,1,5_9,0.00020122
90,2087,1,5_9,0.00019697
90,2088,1,5_9,0.00019291
90,2089,1,5_9,0.00018852
90,2090,1,5_9,0.00018462
90,2091,1,5_9,0.00018085
90,2092,1,5_9,0.00017726
90,2093,1,5_9,0.00017391
90,2094,1,5_9,0.00017038
90,2095,1,5_9,0.00016723
90,2096,1,5_9,0.00016382
90,2097,1,5_9,0.00016044
90,2098,1,5_9,0.00015726
90,2099,1,5_9,0.00015419
90,2100,1,5_9,0.00015116
548,2024,1,5_9,0.00040132
548,2025,1,5_9,0.00039048
548,2026,1,5_9,0.0003812
548,2027,1,5_9,0.00037363
548,2028,1,5_9,0.00036601
548,2029,1,5_9,0.00036092
548,2030,1,5_9,0.00035539
548,2031,1,5_9,0.00034992
548,2032,1,5_9,0.00034425
548,2033,1,5_9,0.0003388
548,2034,1,5_9,0.00033384
548,2035,1,5_9,0.00032831
548,2036,1,5_9,0.00032269
548,2037,1,5_9,0.00031719
548,2038,1,5_9,0.00031102
548,2039,1,5_9,0.00030569
548,2040,1,5_9,0.00030056
548,2041,1,5_9,0.00029493
548,2042,1,5_9,0.0002893
548,2043,1,5_9,0.00028335
548,2044,1,5_9,0.00027733
548,2045,1,5_9,0.0002719
548,2046,1,5_9,0.00026672
548,2047,1,5_9,0.00026156
548,2048,1,5_9,0.00025632
548,2049,1,5_9,0.00025121
548,2050,1,5_9,0.00024607
548,2051,1,5_9,0.00024153
548,2052,1,5_9,0.00023655
548,2053,1,5_9,0.00023129
548,2054,1,5_9,0.00022604
548,2055,1,5_9,0.00022099
548,2056,1,5_9,0.000216
548,2057,1,5_9,0.00021103
548,2058,1,5_9,0.00020601
548,2059,1,5_9,0.00020073
548,2060,1,5_9,0.00019596
548,2061,1,5_9,0.000192
548,2062,1,5_9,0.00018815
548,2063,1,5_9,0.00018429
548,2064,1,5_9,0.00018062
548,2065,1,5_9,0.00017683
548,2066,1,5_9,0.00017335
548,2067,1,5_9,0.00016995
548,2068,1,5_9,0.00016649
548,2069,1,5_9,0.00016289
548,2070,1,5_9,0.00015922
548,2071,1,5_9,0.00015575
548,2072,1,5_9,0.00015251
548,2073,1,5_9,0.00014923
548,2074,1,5_9,0.00014586
548,2075,1,5_9,0.00014241
548,2076,1,5_9,0.00013959
548,2077,1,5_9,0.00013698
548,2078,1,5_9,0.00013448
548,2079,1,5_9,0.00013191
548,2080,1,5_9,0.00012948
548,2081,1,5_9,0.00012692
548,2082,1,5_9,0.00012458
548,2083,1,5_9,0.00012239
548,2084,1,5_9,0.00012005
548,2085,1,5_9,0.000118
548,2086,1,5_9,0.00011593
548,2087,1,5_9,0.00011374
548,2088,1,5_9,0.00011167
548,2089,1,5_9,0.00010975
548,2090,1,5_9,0.00010784
548,2091,1,5_9,0.00010601
548,2092,1,5_9,0.00010416
548,2093,1,5_9,0.00010244
548,2094,1,5_9,0.00010067
548,2095,1,5_9,9.9e-05
548,2096,1,5_9,9.749e-05
548,2097,1,5_9,9.594e-05
548,2098,1,5_9,9.442e-05
548,2099,1,5_9,9.286e-05
548,2100,1,5_9,9.163e-05
316,2024,1,5_9,0.00013973
316,2025,1,5_9,0.00013697
316,2026,1,5_9,0.00013449
316,2027,1,5_9,0.00013211
316,2028,1,5_9,0.00012952
316,2029,1,5_9,0.00012702
316,2030,1,5_9,0.00012436
316,2031,1,5_9,0.00012205
316,2032,1,5_9,0.00011983
316,2033,1,5_9,0.00011761
316,2034,1,5_9,0.0001156
316,2035,1,5_9,0.00011355
316,2036,1,5_9,0.00011147
316,2037,1,5_9,0.00010943
316,2038,1,5_9,0.00010723
316,2039,1,5_9,0.000105
316,2040,1,5_9,0.00010296
316,2041,1,5_9,0.00010093
316,2042,1,5_9,9.876e-05
316,2043,1,5_9,9.704e-05
316,2044,1,5_9,9.546e-05
316,2045,1,5_9,9.382e-05
316,2046,1,5_9,9.228e-05
316,2047,1,5_9,9.071e-05
316,2048,1,5_9,8.926e-05
316,2049,1,5_9,8.78e-05
316,2050,1,5_9,8.646e-05
316,2051,1,5_9,8.507e-05
316,2052,1,5_9,8.381e-05
316,2053,1,5_9,8.243e-05
316,2054,1,5_9,8.123e-05
316,2055,1,5_9,7.996e-05
316,2056,1,5_9,7.892e-05
316,2057,1,5_9,7.789e-05
316,2058,1,5_9,7.687e-05
316,2059,1,5_9,7.576e-05
316,2060,1,5_9,7.471e-05
316,2061,1,5_9,7.375e-05
316,2062,1,5_9,7.285e-05
316,2063,1,5_9,7.204e-05
316,2064,1,5_9,7.119e-05
316,2065,1,5_9,7.025e-05
316,2066,1,5_9,6.936e-05
316,2067,1,5_9,6.836e-05
316,2068,1,5_9,6.746e-05
316,2069,1,5_9,6.666e-05
316,2070,1,5_9,6.595e-05
316,2071,1,5_9,6.514e-05
316,2072,1,5_9,6.438e-05
316,2073,1,5_9,6.365e-05
316,2074,1,5_9,6.3e-05
316,2075,1,5_9,6.224e-05
316,2076,1,5_9,6.16e-05
316,2077,1,5_9,6.087e-05
316,2078,1,5_9,6.015e-05
316,2079,1,5_9,5.953e-05
316,2080,1,5_9,5.886e-05
316,2081,1,5_9,5.823e-05
316,2082,1,5_9,5.754e-05
316,2083,1,5_9,5.693e-05
316,2084,1,5_9,5.622e-05
316,2085,1,5_9,5.56e-05
316,2086,1,5_9,5.495e-05
316,2087,1,5_9,5.431e-05
316,2088,1,5_9,5.365e-05
316,2089,1,5_9,5.307e-05
316,2090,1,5_9,5.242e-05
316,2091,1,5_9,5.189e-05
316,2092,1,5_9,5.138e-05
316,2093,1,5_9,5.077e-05
316,2094,1,5_9,5.028e-05
316,2095,1,5_9,4.982e-05
316,2096,1,5_9,4.925e-05
316,2097,1,5_9,4.872e-05
316,2098,1,5_9,4.825e-05
316,2099,1,5_9,4.78e-05
316,2100,1,5_9,4.726e-05
296,2024,1,5_9,0.00114587
296,2025,1,5_9,0.00113122
296,2026,1,5_9,0.00111556
296,2027,1,5_9,0.00110058
296,2028,1,5_9,0.00108537
296,2029,1,5_9,0.00107205
296,2030,1,5_9,0.00105744
296,2031,1,5_9,0.00104355
296,2032,1,5_9,0.00103093
296,2033,1,5_9,0.00101675
296,2034,1,5_9,0.00100446
296,2035,1,5_9,0.00099174
296,2036,1,5_9,0.00097943
296,2037,1,5_9,0.00096737
296,2038,1,5_9,0.00095616
296,2039,1,5_9,0.00094337
296,2040,1,5_9,0.00093121
296,2041,1,5_9,0.00092015
296,2042,1,5_9,0.00090909
296,2043,1,5_9,0.00089805
296,2044,1,5_9,0.00088617
296,2045,1,5_9,0.00087709
296,2046,1,5_9,0.00086546
296,2047,1,5_9,0.00085519
296,2048,1,5_9,0.00084357
296,2049,1,5_9,0.00083226
296,2050,1,5_9,0.0008216
296,2051,1,5_9,0.00081075
296,2052,1,5_9,0.00080252
296,2053,1,5_9,0.00079206
296,2054,1,5_9,0.00078171
296,2055,1,5_9,0.0007704
296,2056,1,5_9,0.00075894
296,2057,1,5_9,0.00074752
296,2058,1,5_9,0.0007375
296,2059,1,5_9,0.00072709
296,2060,1,5_9,0.00071765
296,2061,1,5_9,0.00070688
296,2062,1,5_9,0.00069787
296,2063,1,5_9,0.00068895
296,2064,1,5_9,0.00067862
296,2065,1,5_9,0.00066856
296,2066,1,5_9,0.00065856
296,2067,1,5_9,0.0006487
296,2068,1,5_9,0.00063866
296,2069,1,5_9,0.00062821
296,2070,1,5_9,0.00061758
296,2071,1,5_9,0.00060876
296,2072,1,5_9,0.00059925
296,2073,1,5_9,0.00058905
296,2074,1,5_9,0.00057924
296,2075,1,5_9,0.00056951
296,2076,1,5_9,0.00056012
296,2077,1,5_9,0.00055027
296,2078,1,5_9,0.00054259
296,2079,1,5_9,0.00053518
296,2080,1,5_9,0.00052794
296,2081,1,5_9,0.00052066
296,2082,1,5_9,0.00051312
296,2083,1,5_9,0.00050526
296,2084,1,5_9,0.00049731
296,2085,1,5_9,0.00049008
296,2086,1,5_9,0.00048222
296,2087,1,5_9,0.00047478
296,2088,1,5_9,0.00046641
296,2089,1,5_9,0.00045878
296,2090,1,5_9,0.00045131
296,2091,1,5_9,0.00044382
296,2092,1,5_9,0.00043545
296,2093,1,5_9,0.00042831
296,2094,1,5_9,0.00042055
296,2095,1,5_9,0.00041311
296,2096,1,5_9,0.00040429
296,2097,1,5_9,0.00039709
296,2098,1,5_9,0.0003894
296,2099,1,5_9,0.00038028
296,2100,1,5_9,0.00037325
584,2024,1,5_9,0.000738
584,2025,1,5_9,0.00072984
584,2026,1,5_9,0.00072212
584,2027,1,5_9,0.00071415
584,2028,1,5_9,0.00070714
584,2029,1,5_9,0.00070019
584,2030,1,5_9,0.00069437
584,2031,1,5_9,0.00068731
584,2032,1,5_9,0.00068002
584,2033,1,5_9,0.00067358
584,2034,1,5_9,0.00066682
584,2035,1,5_9,0.00065935
584,2036,1,5_9,0.0006519
584,2037,1,5_9,0.00064443
584,2038,1,5_9,0.00063821
584,2039,1,5_9,0.00063196
584,2040,1,5_9,0.00062387
584,2041,1,5_9,0.00061746
584,2042,1,5_9,0.00060992
584,2043,1,5_9,0.00060444
584,2044,1,5_9,0.00059815
584,2045,1,5_9,0.00059254
584,2046,1,5_9,0.00058467
584,2047,1,5_9,0.00057796
584,2048,1,5_9,0.00056997
584,2049,1,5_9,0.00056329
584,2050,1,5_9,0.00055619
584,2051,1,5_9,0.00055004
584,2052,1,5_9,0.00054311
584,2053,1,5_9,0.00053637
584,2054,1,5_9,0.00052961
584,2055,1,5_9,0.00052304
584,2056,1,5_9,0.00051658
584,2057,1,5_9,0.00050981
584,2058,1,5_9,0.00050191
584,2059,1,5_9,0.00049444
584,2060,1,5_9,0.00048791
584,2061,1,5_9,0.00048076
584,2062,1,5_9,0.00047368
584,2063,1,5_9,0.00046744
584,2064,1,5_9,0.00046074
584,2065,1,5_9,0.00045494
584,2066,1,5_9,0.00044893
584,2067,1,5_9,0.00044268
584,2068,1,5_9,0.00043691
584,2069,1,5_9,0.0004306
584,2070,1,5_9,0.00042441
584,2071,1,5_9,0.0004187
584,2072,1,5_9,0.00041179
584,2073,1,5_9,0.000406
584,2074,1,5_9,0.00039981
584,2075,1,5_9,0.00039325
584,2076,1,5_9,0.00038725
584,2077,1,5_9,0.00038261
584,2078,1,5_9,0.00037822
584,2079,1,5_9,0.00037231
584,2080,1,5_9,0.00036803
584,2081,1,5_9,0.00036308
584,2082,1,5_9,0.00035705
584,2083,1,5_9,0.00035258
584,2084,1,5_9,0.0003468
584,2085,1,5_9,0.00034214
584,2086,1,5_9,0.00033712
584,2087,1,5_9,0.00033102
584,2088,1,5_9,0.00032473
584,2089,1,5_9,0.00031984
584,2090,1,5_9,0.00031347
584,2091,1,5_9,0.00030827
584,2092,1,5_9,0.00030138
584,2093,1,5_9,0.000295
584,2094,1,5_9,0.0002902
584,2095,1,5_9,0.0002848
584,2096,1,5_9,0.00027991
584,2097,1,5_9,0.00027535
584,2098,1,5_9,0.00027133
584,2099,1,5_9,0.00026716
584,2100,1,5_9,0.00026314
583,2024,1,5_9,0.00073024
583,2025,1,5_9,0.00072137
583,2026,1,5_9,0.00071186
583,2027,1,5_9,0.0007023
583,2028,1,5_9,0.00069293
583,2029,1,5_9,0.00068471
583,2030,1,5_9,0.00067592
583,2031,1,5_9,0.00066792
583,2032,1,5_9,0.00066061
583,2033,1,5_9,0.00065315
583,2034,1,5_9,0.00064557
583,2035,1,5_9,0.00063848
583,2036,1,5_9,0.00062966
583,2037,1,5_9,0.00062107
583,2038,1,5_9,0.00061217
583,2039,1,5_9,0.0006032
583,2040,1,5_9,0.00059523
583,2041,1,5_9,0.00058642
583,2042,1,5_9,0.0005793
583,2043,1,5_9,0.00057047
583,2044,1,5_9,0.00056237
583,2045,1,5_9,0.00055341
583,2046,1,5_9,0.00054542
583,2047,1,5_9,0.00053698
583,2048,1,5_9,0.00052895
583,2049,1,5_9,0.00052157
583,2050,1,5_9,0.00051319
583,2051,1,5_9,0.00050447
583,2052,1,5_9,0.00049599
583,2053,1,5_9,0.0004887
583,2054,1,5_9,0.00048156
583,2055,1,5_9,0.00047362
583,2056,1,5_9,0.00046649
583,2057,1,5_9,0.00045865
583,2058,1,5_9,0.00045234
583,2059,1,5_9,0.00044511
583,2060,1,5_9,0.00043738
583,2061,1,5_9,0.00042985
583,2062,1,5_9,0.00042348
583,2063,1,5_9,0.00041637
583,2064,1,5_9,0.00041051
583,2065,1,5_9,0.0004029
583,2066,1,5_9,0.00039583
583,2067,1,5_9,0.00038873
583,2068,1,5_9,0.00038231
583,2069,1,5_9,0.00037504
583,2070,1,5_9,0.00036748
583,2071,1,5_9,0.00036014
583,2072,1,5_9,0.00035253
583,2073,1,5_9,0.00034686
583,2074,1,5_9,0.00034236
583,2075,1,5_9,0.00033689
583,2076,1,5_9,0.00033151
583,2077,1,5_9,0.00032591
583,2078,1,5_9,0.00032024
583,2079,1,5_9,0.00031423
583,2080,1,5_9,0.00030878
583,2081,1,5_9,0.00030303
583,2082,1,5_9,0.00029743
583,2083,1,5_9,0.00029149
583,2084,1,5_9,0.00028575
583,2085,1,5_9,0.00027996
583,2086,1,5_9,0.00027392
583,2087,1,5_9,0.000268
583,2088,1,5_9,0.00026172
583,2089,1,5_9,0.00025553
583,2090,1,5_9,0.00025032
583,2091,1,5_9,0.00024673
583,2092,1,5_9,0.00024184
583,2093,1,5_9,0.00023855
583,2094,1,5_9,0.00023443
583,2095,1,5_9,0.00023022
583,2096,1,5_9,0.00022618
583,2097,1,5_9,0.00022189
583,2098,1,5_9,0.00021767
583,2099,1,5_9,0.00021343
583,2100,1,5_9,0.00020907
520,2024,1,5_9,0.00089633
520,2025,1,5_9,0.00088279
520,2026,1,5_9,0.00086947
520,2027,1,5_9,0.00085578
520,2028,1,5_9,0.00084339
520,2029,1,5_9,0.00083141
520,2030,1,5_9,0.00081904
520,2031,1,5_9,0.00080698
520,2032,1,5_9,0.00079356
520,2033,1,5_9,0.00078194
520,2034,1,5_9,0.00077035
520,2035,1,5_9,0.00076063
520,2036,1,5_9,0.0007485
520,2037,1,5_9,0.00073754
520,2038,1,5_9,0.00072703
520,2039,1,5_9,0.00071519
520,2040,1,5_9,0.00070407
520,2041,1,5_9,0.00069265
520,2042,1,5_9,0.00068228
520,2043,1,5_9,0.00067172
520,2044,1,5_9,0.00066259
520,2045,1,5_9,0.00065339
520,2046,1,5_9,0.00064425
520,2047,1,5_9,0.00063381
520,2048,1,5_9,0.00062436
520,2049,1,5_9,0.00061537
520,2050,1,5_9,0.00060668
520,2051,1,5_9,0.00059664
520,2052,1,5_9,0.00058823
520,2053,1,5_9,0.00057969
520,2054,1,5_9,0.00057048
520,2055,1,5_9,0.00056157
520,2056,1,5_9,0.00055316
520,2057,1,5_9,0.00054435
520,2058,1,5_9,0.00053719
520,2059,1,5_9,0.00052905
520,2060,1,5_9,0.00052046
520,2061,1,5_9,0.00051204
520,2062,1,5_9,0.00050498
520,2063,1,5_9,0.00049803
520,2064,1,5_9,0.00049091
520,2065,1,5_9,0.00048313
520,2066,1,5_9,0.00047519
520,2067,1,5_9,0.00046723
520,2068,1,5_9,0.00045983
520,2069,1,5_9,0.00045243
520,2070,1,5_9,0.00044501
520,2071,1,5_9,0.00043842
520,2072,1,5_9,0.00043066
520,2073,1,5_9,0.00042384
520,2074,1,5_9,0.00041684
520,2075,1,5_9,0.00040919
520,2076,1,5_9,0.00040176
520,2077,1,5_9,0.00039584
520,2078,1,5_9,0.00038848
520,2079,1,5_9,0.00038063
520,2080,1,5_9,0.00037436
520,2081,1,5_9,0.00036717
520,2082,1,5_9,0.00036042
520,2083,1,5_9,0.00035354
520,2084,1,5_9,0.0003471
520,2085,1,5_9,0.00034052
520,2086,1,5_9,0.00033357
520,2087,1,5_9,0.00032584
520,2088,1,5_9,0.00031979
520,2089,1,5_9,0.00031342
520,2090,1,5_9,0.00030635
520,2091,1,5_9,0.00030019
520,2092,1,5_9,0.00029447
520,2093,1,5_9,0.0002877
520,2094,1,5_9,0.00028264
520,2095,1,5_9,0.00027713
520,2096,1,5_9,0.00027079
520,2097,1,5_9,0.00026467
520,2098,1,5_9,0.00025892
520,2099,1,5_9,0.00025307
520,2100,1,5_9,0.0002469
580,2024,1,5_9,0.00012187
580,2025,1,5_9,0.00011939
580,2026,1,5_9,0.00011699
580,2027,1,5_9,0.00011449
580,2028,1,5_9,0.00011223
580,2029,1,5_9,0.00010971
580,2030,1,5_9,0.00010738
580,2031,1,5_9,0.000105
580,2032,1,5_9,0.00010268
580,2033,1,5_9,0.00010043
580,2034,1,5_9,9.834e-05
580,2035,1,5_9,9.617e-05
580,2036,1,5_9,9.393e-05
580,2037,1,5_9,9.191e-05
580,2038,1,5_9,8.991e-05
580,2039,1,5_9,8.79e-05
580,2040,1,5_9,8.6e-05
580,2041,1,5_9,8.422e-05
580,2042,1,5_9,8.256e-05
580,2043,1,5_9,8.086e-05
580,2044,1,5_9,7.938e-05
580,2045,1,5_9,7.78e-05
580,2046,1,5_9,7.633e-05
580,2047,1,5_9,7.482e-05
580,2048,1,5_9,7.329e-05
580,2049,1,5_9,7.194e-05
580,2050,1,5_9,7.053e-05
580,2051,1,5_9,6.92e-05
580,2052,1,5_9,6.789e-05
580,2053,1,5_9,6.655e-05
580,2054,1,5_9,6.535e-05
580,2055,1,5_9,6.415e-05
580,2056,1,5_9,6.294e-05
580,2057,1,5_9,6.179e-05
580,2058,1,5_9,6.065e-05
580,2059,1,5_9,5.966e-05
580,2060,1,5_9,5.865e-05
580,2061,1,5_9,5.768e-05
580,2062,1,5_9,5.679e-05
580,2063,1,5_9,5.582e-05
580,2064,1,5_9,5.5e-05
580,2065,1,5_9,5.411e-05
580,2066,1,5_9,5.326e-05
580,2067,1,5_9,5.239e-05
580,2068,1,5_9,5.165e-05
580,2069,1,5_9,5.084e-05
580,2070,1,5_9,5.003e-05
580,2071,1,5_9,4.935e-05
580,2072,1,5_9,4.857e-05
580,2073,1,5_9,4.796e-05
580,2074,1,5_9,4.725e-05
580,2075,1,5_9,4.672e-05
580,2076,1,5_9,4.619e-05
580,2077,1,5_9,4.558e-05
580,2078,1,5_9,4.503e-05
580,2079,1,5_9,4.45e-05
580,2080,1,5_9,4.389e-05
580,2081,1,5_9,4.341e-05
580,2082,1,5_9,4.294e-05
580,2083,1,5_9,4.238e-05
580,2084,1,5_9,4.189e-05
580,2085,1,5_9,4.146e-05
580,2086,1,5_9,4.107e-05
580,2087,1,5_9,4.063e-05
580,2088,1,5_9,4.017e-05
580,2089,1,5_9,3.964e-05
580,2090,1,5_9,3.923e-05
580,2091,1,5_9,3.881e-05
580,2092,1,5_9,3.84e-05
580,2093,1,5_9,3.799e-05
580,2094,1,5_9,3.761e-05
580,2095,1,5_9,3.723e-05
580,2096,1,5_9,3.682e-05
580,2097,1,5_9,3.642e-05
580,2098,1,5_9,3.607e-05
580,2099,1,5_9,3.569e-05
580,2100,1,5_9,3.536e-05
585,2024,1,5_9,0.0005511
585,2025,1,5_9,0.00054377
585,2026,1,5_9,0.000536
585,2027,1,5_9,0.00052752
585,2028,1,5_9,0.00052051
585,2029,1,5_9,0.00051323
585,2030,1,5_9,0.00050586
585,2031,1,5_9,0.00049773
585,2032,1,5_9,0.00049107
585,2033,1,5_9,0.00048326
585,2034,1,5_9,0.00047538
585,2035,1,5_9,0.00046754
585,2036,1,5_9,0.00045891
585,2037,1,5_9,0.00045166
585,2038,1,5_9,0.00044447
585,2039,1,5_9,0.00043859
585,2040,1,5_9,0.00042997
585,2041,1,5_9,0.00042264
585,2042,1,5_9,0.00041491
585,2043,1,5_9,0.00040782
585,2044,1,5_9,0.00040003
585,2045,1,5_9,0.00039186
585,2046,1,5_9,0.00038517
585,2047,1,5_9,0.00037867
585,2048,1,5_9,0.00037214
585,2049,1,5_9,0.0003662
585,2050,1,5_9,0.00035952
585,2051,1,5_9,0.00035361
585,2052,1,5_9,0.00034858
585,2053,1,5_9,0.00034403
585,2054,1,5_9,0.00033976
585,2055,1,5_9,0.00033525
585,2056,1,5_9,0.00033053
585,2057,1,5_9,0.00032588
585,2058,1,5_9,0.00032133
585,2059,1,5_9,0.00031693
585,2060,1,5_9,0.00031245
585,2061,1,5_9,0.00030746
585,2062,1,5_9,0.00030232
585,2063,1,5_9,0.00029766
585,2064,1,5_9,0.00029306
585,2065,1,5_9,0.00028803
585,2066,1,5_9,0.00028353
585,2067,1,5_9,0.0002784
585,2068,1,5_9,0.00027352
585,2069,1,5_9,0.00026846
585,2070,1,5_9,0.00026357
585,2071,1,5_9,0.00025838
585,2072,1,5_9,0.00025298
585,2073,1,5_9,0.00024857
585,2074,1,5_9,0.00024413
585,2075,1,5_9,0.00023966
585,2076,1,5_9,0.00023549
585,2077,1,5_9,0.00023113
585,2078,1,5_9,0.00022667
585,2079,1,5_9,0.0002226
585,2080,1,5_9,0.00021822
585,2081,1,5_9,0.0002139
585,2082,1,5_9,0.00021008
585,2083,1,5_9,0.00020569
585,2084,1,5_9,0.00020119
585,2085,1,5_9,0.00019716
585,2086,1,5_9,0.00019293
585,2087,1,5_9,0.00018883
585,2088,1,5_9,0.00018472
585,2089,1,5_9,0.0001812
585,2090,1,5_9,0.00017724
585,2091,1,5_9,0.00017343
585,2092,1,5_9,0.00017038
585,2093,1,5_9,0.00016736
585,2094,1,5_9,0.00016445
585,2095,1,5_9,0.00016142
585,2096,1,5_9,0.00015859
585,2097,1,5_9,0.00015558
585,2098,1,5_9,0.00015276
585,2099,1,5_9,0.00014997
585,2100,1,5_9,0.00014693
16,2024,1,5_9,0.00030068
16,2025,1,5_9,0.00029661
16,2026,1,5_9,0.0002926
16,2027,1,5_9,0.0002881
16,2028,1,5_9,0.00028384
16,2029,1,5_9,0.00027949
16,2030,1,5_9,0.00027499
16,2031,1,5_9,0.00027086
16,2032,1,5_9,0.00026718
16,2033,1,5_9,0.00026272
16,2034,1,5_9,0.0002585
16,2035,1,5_9,0.00025398
16,2036,1,5_9,0.00024926
16,2037,1,5_9,0.00024506
16,2038,1,5_9,0.00024033
16,2039,1,5_9,0.00023578
16,2040,1,5_9,0.00023175
16,2041,1,5_9,0.0002267
16,2042,1,5_9,0.00022217
16,2043,1,5_9,0.00021806
16,2044,1,5_9,0.00021366
16,2045,1,5_9,0.00020977
16,2046,1,5_9,0.00020561
16,2047,1,5_9,0.00020146
16,2048,1,5_9,0.00019747
16,2049,1,5_9,0.0001937
16,2050,1,5_9,0.00018973
16,2051,1,5_9,0.00018572
16,2052,1,5_9,0.00018167
16,2053,1,5_9,0.00017762
16,2054,1,5_9,0.00017379
16,2055,1,5_9,0.00017011
16,2056,1,5_9,0.00016656
16,2057,1,5_9,0.00016268
16,2058,1,5_9,0.00015879
16,2059,1,5_9,0.0001557
16,2060,1,5_9,0.00015267
16,2061,1,5_9,0.00014966
16,2062,1,5_9,0.00014665
16,2063,1,5_9,0.00014382
16,2064,1,5_9,0.00014092
16,2065,1,5_9,0.00013816
16,2066,1,5_9,0.00013527
16,2067,1,5_9,0.00013243
16,2068,1,5_9,0.00012974
16,2069,1,5_9,0.00012692
16,2070,1,5_9,0.00012425
16,2071,1,5_9,0.00012169
16,2072,1,5_9,0.00011908
16,2073,1,5_9,0.00011655
16,2074,1,5_9,0.00011403
16,2075,1,5_9,0.00011186
16,2076,1,5_9,0.00010957
16,2077,1,5_9,0.00010734
16,2078,1,5_9,0.00010507
16,2079,1,5_9,0.00010289
16,2080,1,5_9,0.00010088
16,2081,1,5_9,9.874e-05
16,2082,1,5_9,9.666e-05
16,2083,1,5_9,9.474e-05
16,2084,1,5_9,9.275e-05
16,2085,1,5_9,9.083e-05
16,2086,1,5_9,8.911e-05
16,2087,1,5_9,8.722e-05
16,2088,1,5_9,8.533e-05
16,2089,1,5_9,8.37e-05
16,2090,1,5_9,8.202e-05
16,2091,1,5_9,8.043e-05
16,2092,1,5_9,7.888e-05
16,2093,1,5_9,7.734e-05
16,2094,1,5_9,7.595e-05
16,2095,1,5_9,7.459e-05
16,2096,1,5_9,7.314e-05
16,2097,1,5_9,7.186e-05
16,2098,1,5_9,7.059e-05
16,2099,1,5_9,6.944e-05
16,2100,1,5_9,6.825e-05
184,2024,1,5_9,0.00020236
184,2025,1,5_9,0.00019704
184,2026,1,5_9,0.00019143
184,2027,1,5_9,0.00018641
184,2028,1,5_9,0.00018113
184,2029,1,5_9,0.00017607
184,2030,1,5_9,0.00017148
184,2031,1,5_9,0.00016686
184,2032,1,5_9,0.00016212
184,2033,1,5_9,0.00015763
184,2034,1,5_9,0.00015317
184,2035,1,5_9,0.00014881
184,2036,1,5_9,0.00014455
184,2037,1,5_9,0.0001405
184,2038,1,5_9,0.00013634
184,2039,1,5_9,0.00013228
184,2040,1,5_9,0.00012894
184,2041,1,5_9,0.00012555
184,2042,1,5_9,0.00012225
184,2043,1,5_9,0.00011898
184,2044,1,5_9,0.00011584
184,2045,1,5_9,0.00011284
184,2046,1,5_9,0.00010978
184,2047,1,5_9,0.00010686
184,2048,1,5_9,0.0001039
184,2049,1,5_9,0.00010108
184,2050,1,5_9,9.817e-05
184,2051,1,5_9,9.534e-05
184,2052,1,5_9,9.278e-05
184,2053,1,5_9,9.016e-05
184,2054,1,5_9,8.771e-05
184,2055,1,5_9,8.518e-05
184,2056,1,5_9,8.284e-05
184,2057,1,5_9,8.052e-05
184,2058,1,5_9,7.844e-05
184,2059,1,5_9,7.646e-05
184,2060,1,5_9,7.438e-05
184,2061,1,5_9,7.238e-05
184,2062,1,5_9,7.063e-05
184,2063,1,5_9,6.879e-05
184,2064,1,5_9,6.7e-05
184,2065,1,5_9,6.527e-05
184,2066,1,5_9,6.369e-05
184,2067,1,5_9,6.213e-05
184,2068,1,5_9,6.068e-05
184,2069,1,5_9,5.921e-05
184,2070,1,5_9,5.785e-05
184,2071,1,5_9,5.658e-05
184,2072,1,5_9,5.528e-05
184,2073,1,5_9,5.41e-05
184,2074,1,5_9,5.285e-05
184,2075,1,5_9,5.161e-05
184,2076,1,5_9,5.051e-05
184,2077,1,5_9,4.938e-05
184,2078,1,5_9,4.832e-05
184,2079,1,5_9,4.725e-05
184,2080,1,5_9,4.621e-05
184,2081,1,5_9,4.522e-05
184,2082,1,5_9,4.428e-05
184,2083,1,5_9,4.339e-05
184,2084,1,5_9,4.246e-05
184,2085,1,5_9,4.161e-05
184,2086,1,5_9,4.073e-05
184,2087,1,5_9,3.992e-05
184,2088,1,5_9,3.916e-05
184,2089,1,5_9,3.839e-05
184,2090,1,5_9,3.755e-05
184,2091,1,5_9,3.679e-05
184,2092,1,5_9,3.606e-05
184,2093,1,5_9,3.537e-05
184,2094,1,5_9,3.467e-05
184,2095,1,5_9,3.402e-05
184,2096,1,5_9,3.332e-05
184,2097,1,5_9,3.271e-05
184,2098,1,5_9,3.205e-05
184,2099,1,5_9,3.144e-05
184,2100,1,5_9,3.086e-05
258,2024,1,5_9,0.00010845
258,2025,1,5_9,0.00010635
258,2026,1,5_9,0.00010411
258,2027,1,5_9,0.00010186
258,2028,1,5_9,9.97e-05
258,2029,1,5_9,9.771e-05
258,2030,1,5_9,9.569e-05
258,2031,1,5_9,9.385e-05
258,2032,1,5_9,9.201e-05
258,2033,1,5_9,9.032e-05
258,2034,1,5_9,8.856e-05
258,2035,1,5_9,8.689e-05
258,2036,1,5_9,8.514e-05
258,2037,1,5_9,8.334e-05
258,2038,1,5_9,8.175e-05
258,2039,1,5_9,8.013e-05
258,2040,1,5_9,7.867e-05
258,2041,1,5_9,7.703e-05
258,2042,1,5_9,7.556e-05
258,2043,1,5_9,7.415e-05
258,2044,1,5_9,7.263e-05
258,2045,1,5_9,7.118e-05
258,2046,1,5_9,6.983e-05
258,2047,1,5_9,6.84e-05
258,2048,1,5_9,6.706e-05
258,2049,1,5_9,6.585e-05
258,2050,1,5_9,6.463e-05
258,2051,1,5_9,6.343e-05
258,2052,1,5_9,6.23e-05
258,2053,1,5_9,6.121e-05
258,2054,1,5_9,6.018e-05
258,2055,1,5_9,5.918e-05
258,2056,1,5_9,5.818e-05
258,2057,1,5_9,5.726e-05
258,2058,1,5_9,5.626e-05
258,2059,1,5_9,5.539e-05
258,2060,1,5_9,5.448e-05
258,2061,1,5_9,5.364e-05
258,2062,1,5_9,5.278e-05
258,2063,1,5_9,5.183e-05
258,2064,1,5_9,5.105e-05
258,2065,1,5_9,5.017e-05
258,2066,1,5_9,4.936e-05
258,2067,1,5_9,4.854e-05
258,2068,1,5_9,4.773e-05
258,2069,1,5_9,4.686e-05
258,2070,1,5_9,4.608e-05
258,2071,1,5_9,4.533e-05
258,2072,1,5_9,4.457e-05
258,2073,1,5_9,4.384e-05
258,2074,1,5_9,4.311e-05
258,2075,1,5_9,4.235e-05
258,2076,1,5_9,4.155e-05
258,2077,1,5_9,4.079e-05
258,2078,1,5_9,4.012e-05
258,2079,1,5_9,3.939e-05
258,2080,1,5_9,3.871e-05
258,2081,1,5_9,3.809e-05
258,2082,1,5_9,3.744e-05
258,2083,1,5_9,3.684e-05
258,2084,1,5_9,3.623e-05
258,2085,1,5_9,3.556e-05
258,2086,1,5_9,3.493e-05
258,2087,1,5_9,3.433e-05
258,2088,1,5_9,3.372e-05
258,2089,1,5_9,3.318e-05
258,2090,1,5_9,3.266e-05
258,2091,1,5_9,3.208e-05
258,2092,1,5_9,3.155e-05
258,2093,1,5_9,3.105e-05
258,2094,1,5_9,3.044e-05
258,2095,1,5_9,2.994e-05
258,2096,1,5_9,2.941e-05
258,2097,1,5_9,2.891e-05
258,2098,1,5_9,2.838e-05
258,2099,1,5_9,2.794e-05
258,2100,1,5_9,2.745e-05
570,2024,1,5_9,0.00056659
570,2025,1,5_9,0.00055924
570,2026,1,5_9,0.00054993
570,2027,1,5_9,0.00054128
570,2028,1,5_9,0.00053159
570,2029,1,5_9,0.00052333
570,2030,1,5_9,0.0005147
570,2031,1,5_9,0.00050716
570,2032,1,5_9,0.00049948
570,2033,1,5_9,0.00049049
570,2034,1,5_9,0.00048248
570,2035,1,5_9,0.00047346
570,2036,1,5_9,0.0004657
570,2037,1,5_9,0.00045695
570,2038,1,5_9,0.00044866
570,2039,1,5_9,0.00044186
570,2040,1,5_9,0.00043381
570,2041,1,5_9,0.00042777
570,2042,1,5_9,0.00042105
570,2043,1,5_9,0.00041382
570,2044,1,5_9,0.00040669
570,2045,1,5_9,0.00039983
570,2046,1,5_9,0.00039443
570,2047,1,5_9,0.0003897
570,2048,1,5_9,0.00038421
570,2049,1,5_9,0.00037892
570,2050,1,5_9,0.00037382
570,2051,1,5_9,0.00036792
570,2052,1,5_9,0.00036255
570,2053,1,5_9,0.00035687
570,2054,1,5_9,0.00035133
570,2055,1,5_9,0.0003451
570,2056,1,5_9,0.00033932
570,2057,1,5_9,0.00033409
570,2058,1,5_9,0.00032809
570,2059,1,5_9,0.00032312
570,2060,1,5_9,0.00031744
570,2061,1,5_9,0.0003123
570,2062,1,5_9,0.00030631
570,2063,1,5_9,0.00030038
570,2064,1,5_9,0.00029423
570,2065,1,5_9,0.0002882
570,2066,1,5_9,0.00028304
570,2067,1,5_9,0.0002776
570,2068,1,5_9,0.00027227
570,2069,1,5_9,0.0002673
570,2070,1,5_9,0.00026203
570,2071,1,5_9,0.00025699
570,2072,1,5_9,0.00025193
570,2073,1,5_9,0.00024684
570,2074,1,5_9,0.00024189
570,2075,1,5_9,0.00023731
570,2076,1,5_9,0.00023244
570,2077,1,5_9,0.00022731
570,2078,1,5_9,0.00022213
570,2079,1,5_9,0.00021738
570,2080,1,5_9,0.00021263
570,2081,1,5_9,0.00020792
570,2082,1,5_9,0.00020375
570,2083,1,5_9,0.00019992
570,2084,1,5_9,0.00019634
570,2085,1,5_9,0.00019278
570,2086,1,5_9,0.00018955
570,2087,1,5_9,0.00018615
570,2088,1,5_9,0.00018281
570,2089,1,5_9,0.00017931
570,2090,1,5_9,0.00017606
570,2091,1,5_9,0.00017294
570,2092,1,5_9,0.00017009
570,2093,1,5_9,0.00016697
570,2094,1,5_9,0.00016391
570,2095,1,5_9,0.00016087
570,2096,1,5_9,0.00015762
570,2097,1,5_9,0.00015489
570,2098,1,5_9,0.00015186
570,2099,1,5_9,0.00014876
570,2100,1,5_9,0.00014643
882,2024,1,5_9,0.00037376
882,2025,1,5_9,0.00036789
882,2026,1,5_9,0.00036178
882,2027,1,5_9,0.00035592
882,2028,1,5_9,0.00035019
882,2029,1,5_9,0.00034455
882,2030,1,5_9,0.0003389
882,2031,1,5_9,0.00033266
882,2032,1,5_9,0.00032849
882,2033,1,5_9,0.00032358
882,2034,1,5_9,0.00031871
882,2035,1,5_9,0.00031388
882,2036,1,5_9,0.00030931
882,2037,1,5_9,0.00030491
882,2038,1,5_9,0.0003003
882,2039,1,5_9,0.00029566
882,2040,1,5_9,0.00029061
882,2041,1,5_9,0.00028609
882,2042,1,5_9,0.00028085
882,2043,1,5_9,0.0002763
882,2044,1,5_9,0.0002711
882,2045,1,5_9,0.00026639
882,2046,1,5_9,0.00026203
882,2047,1,5_9,0.0002572
882,2048,1,5_9,0.00025213
882,2049,1,5_9,0.00024761
882,2050,1,5_9,0.00024311
882,2051,1,5_9,0.00023869
882,2052,1,5_9,0.00023433
882,2053,1,5_9,0.0002299
882,2054,1,5_9,0.0002254
882,2055,1,5_9,0.00022106
882,2056,1,5_9,0.00021642
882,2057,1,5_9,0.00021212
882,2058,1,5_9,0.00020747
882,2059,1,5_9,0.00020308
882,2060,1,5_9,0.00019881
882,2061,1,5_9,0.00019437
882,2062,1,5_9,0.00019008
882,2063,1,5_9,0.0001859
882,2064,1,5_9,0.00018164
882,2065,1,5_9,0.00017753
882,2066,1,5_9,0.00017333
882,2067,1,5_9,0.00016988
882,2068,1,5_9,0.00016631
882,2069,1,5_9,0.00016278
882,2070,1,5_9,0.00015939
882,2071,1,5_9,0.00015613
882,2072,1,5_9,0.00015271
882,2073,1,5_9,0.00014952
882,2074,1,5_9,0.00014627
882,2075,1,5_9,0.00014326
882,2076,1,5_9,0.00013986
882,2077,1,5_9,0.00013678
882,2078,1,5_9,0.00013364
882,2079,1,5_9,0.00013077
882,2080,1,5_9,0.00012786
882,2081,1,5_9,0.00012501
882,2082,1,5_9,0.00012212
882,2083,1,5_9,0.00011938
882,2084,1,5_9,0.0001169
882,2085,1,5_9,0.00011429
882,2086,1,5_9,0.00011174
882,2087,1,5_9,0.00010933
882,2088,1,5_9,0.00010694
882,2089,1,5_9,0.00010453
882,2090,1,5_9,0.00010224
882,2091,1,5_9,0.00010006
882,2092,1,5_9,9.785e-05
882,2093,1,5_9,9.588e-05
882,2094,1,5_9,9.383e-05
882,2095,1,5_9,9.171e-05
882,2096,1,5_9,8.971e-05
882,2097,1,5_9,8.785e-05
882,2098,1,5_9,8.598e-05
882,2099,1,5_9,8.408e-05
882,2100,1,5_9,8.225e-05
772,2024,1,5_9,0.00015342
772,2025,1,5_9,0.00015053
772,2026,1,5_9,0.00014777
772,2027,1,5_9,0.000145
772,2028,1,5_9,0.0001423
772,2029,1,5_9,0.00013924
772,2030,1,5_9,0.00013635
772,2031,1,5_9,0.0001336
772,2032,1,5_9,0.00013091
772,2033,1,5_9,0.00012838
772,2034,1,5_9,0.00012564
772,2035,1,5_9,0.00012313
772,2036,1,5_9,0.00012067
772,2037,1,5_9,0.00011816
772,2038,1,5_9,0.00011566
772,2039,1,5_9,0.00011308
772,2040,1,5_9,0.00011069
772,2041,1,5_9,0.00010832
772,2042,1,5_9,0.00010587
772,2043,1,5_9,0.00010367
772,2044,1,5_9,0.00010119
772,2045,1,5_9,9.895e-05
772,2046,1,5_9,9.661e-05
772,2047,1,5_9,9.439e-05
772,2048,1,5_9,9.207e-05
772,2049,1,5_9,8.997e-05
772,2050,1,5_9,8.784e-05
772,2051,1,5_9,8.566e-05
772,2052,1,5_9,8.366e-05
772,2053,1,5_9,8.175e-05
772,2054,1,5_9,7.97e-05
772,2055,1,5_9,7.772e-05
772,2056,1,5_9,7.588e-05
772,2057,1,5_9,7.408e-05
772,2058,1,5_9,7.246e-05
772,2059,1,5_9,7.087e-05
772,2060,1,5_9,6.929e-05
772,2061,1,5_9,6.76e-05
772,2062,1,5_9,6.611e-05
772,2063,1,5_9,6.466e-05
772,2064,1,5_9,6.311e-05
772,2065,1,5_9,6.16e-05
772,2066,1,5_9,6.02e-05
772,2067,1,5_9,5.893e-05
772,2068,1,5_9,5.764e-05
772,2069,1,5_9,5.638e-05
772,2070,1,5_9,5.517e-05
772,2071,1,5_9,5.404e-05
772,2072,1,5_9,5.282e-05
772,2073,1,5_9,5.168e-05
772,2074,1,5_9,5.058e-05
772,2075,1,5_9,4.942e-05
772,2076,1,5_9,4.833e-05
772,2077,1,5_9,4.733e-05
772,2078,1,5_9,4.635e-05
772,2079,1,5_9,4.538e-05
772,2080,1,5_9,4.454e-05
772,2081,1,5_9,4.374e-05
772,2082,1,5_9,4.289e-05
772,2083,1,5_9,4.199e-05
772,2084,1,5_9,4.121e-05
772,2085,1,5_9,4.04e-05
772,2086,1,5_9,3.965e-05
772,2087,1,5_9,3.885e-05
772,2088,1,5_9,3.813e-05
772,2089,1,5_9,3.743e-05
772,2090,1,5_9,3.67e-05
772,2091,1,5_9,3.604e-05
772,2092,1,5_9,3.541e-05
772,2093,1,5_9,3.469e-05
772,2094,1,5_9,3.399e-05
772,2095,1,5_9,3.339e-05
772,2096,1,5_9,3.273e-05
772,2097,1,5_9,3.219e-05
772,2098,1,5_9,3.165e-05
772,2099,1,5_9,3.11e-05
772,2100,1,5_9,3.055e-05
776,2024,1,5_9,0.00031788
776,2025,1,5_9,0.0003104
776,2026,1,5_9,0.0003027
776,2027,1,5_9,0.00029599
776,2028,1,5_9,0.00029076
776,2029,1,5_9,0.00028542
776,2030,1,5_9,0.00028054
776,2031,1,5_9,0.00027528
776,2032,1,5_9,0.00027028
776,2033,1,5_9,0.00026517
776,2034,1,5_9,0.00026015
776,2035,1,5_9,0.00025517
776,2036,1,5_9,0.00024973
776,2037,1,5_9,0.00024444
776,2038,1,5_9,0.00023969
776,2039,1,5_9,0.00023449
776,2040,1,5_9,0.00022935
776,2041,1,5_9,0.00022409
776,2042,1,5_9,0.0002192
776,2043,1,5_9,0.00021438
776,2044,1,5_9,0.00020946
776,2045,1,5_9,0.00020491
776,2046,1,5_9,0.00020033
776,2047,1,5_9,0.00019546
776,2048,1,5_9,0.00019057
776,2049,1,5_9,0.00018599
776,2050,1,5_9,0.00018138
776,2051,1,5_9,0.00017701
776,2052,1,5_9,0.00017268
776,2053,1,5_9,0.00016835
776,2054,1,5_9,0.00016415
776,2055,1,5_9,0.00016009
776,2056,1,5_9,0.00015598
776,2057,1,5_9,0.00015208
776,2058,1,5_9,0.00014836
776,2059,1,5_9,0.00014456
776,2060,1,5_9,0.00014136
776,2061,1,5_9,0.00013813
776,2062,1,5_9,0.00013491
776,2063,1,5_9,0.00013187
776,2064,1,5_9,0.00012889
776,2065,1,5_9,0.00012566
776,2066,1,5_9,0.00012293
776,2067,1,5_9,0.00012014
776,2068,1,5_9,0.00011734
776,2069,1,5_9,0.00011445
776,2070,1,5_9,0.00011182
776,2071,1,5_9,0.00010926
776,2072,1,5_9,0.0001066
776,2073,1,5_9,0.00010395
776,2074,1,5_9,0.00010143
776,2075,1,5_9,9.898e-05
776,2076,1,5_9,9.668e-05
776,2077,1,5_9,9.432e-05
776,2078,1,5_9,9.217e-05
776,2079,1,5_9,9.016e-05
776,2080,1,5_9,8.809e-05
776,2081,1,5_9,8.613e-05
776,2082,1,5_9,8.41e-05
776,2083,1,5_9,8.226e-05
776,2084,1,5_9,8.037e-05
776,2085,1,5_9,7.85e-05
776,2086,1,5_9,7.674e-05
776,2087,1,5_9,7.487e-05
776,2088,1,5_9,7.316e-05
776,2089,1,5_9,7.144e-05
776,2090,1,5_9,7.003e-05
776,2091,1,5_9,6.856e-05
776,2092,1,5_9,6.71e-05
776,2093,1,5_9,6.571e-05
776,2094,1,5_9,6.438e-05
776,2095,1,5_9,6.306e-05
776,2096,1,5_9,6.183e-05
776,2097,1,5_9,6.059e-05
776,2098,1,5_9,5.949e-05
776,2099,1,5_9,5.831e-05
776,2100,1,5_9,5.709e-05
798,2024,1,5_9,0.00063993
798,2025,1,5_9,0.00062808
798,2026,1,5_9,0.00061548
798,2027,1,5_9,0.000604
798,2028,1,5_9,0.00059194
798,2029,1,5_9,0.00058022
798,2030,1,5_9,0.00056953
798,2031,1,5_9,0.00055814
798,2032,1,5_9,0.00054627
798,2033,1,5_9,0.00053572
798,2034,1,5_9,0.0005244
798,2035,1,5_9,0.00051318
798,2036,1,5_9,0.00050207
798,2037,1,5_9,0.00049116
798,2038,1,5_9,0.00048116
798,2039,1,5_9,0.00047104
798,2040,1,5_9,0.00046181
798,2041,1,5_9,0.00045184
798,2042,1,5_9,0.00044227
798,2043,1,5_9,0.00043115
798,2044,1,5_9,0.0004205
798,2045,1,5_9,0.0004113
798,2046,1,5_9,0.00040126
798,2047,1,5_9,0.00039253
798,2048,1,5_9,0.00038357
798,2049,1,5_9,0.0003741
798,2050,1,5_9,0.00036581
798,2051,1,5_9,0.00035657
798,2052,1,5_9,0.00034773
798,2053,1,5_9,0.00034034
798,2054,1,5_9,0.00033314
798,2055,1,5_9,0.00032594
798,2056,1,5_9,0.00031845
798,2057,1,5_9,0.00031107
798,2058,1,5_9,0.00030451
798,2059,1,5_9,0.00029746
798,2060,1,5_9,0.00028959
798,2061,1,5_9,0.00028286
798,2062,1,5_9,0.00027614
798,2063,1,5_9,0.00026947
798,2064,1,5_9,0.00026201
798,2065,1,5_9,0.0002555
798,2066,1,5_9,0.00024925
798,2067,1,5_9,0.00024316
798,2068,1,5_9,0.00023711
798,2069,1,5_9,0.00023227
798,2070,1,5_9,0.00022775
798,2071,1,5_9,0.00022286
798,2072,1,5_9,0.00021808
798,2073,1,5_9,0.00021402
798,2074,1,5_9,0.00020967
798,2075,1,5_9,0.00020507
798,2076,1,5_9,0.00020045
798,2077,1,5_9,0.0001959
798,2078,1,5_9,0.00019154
798,2079,1,5_9,0.00018722
798,2080,1,5_9,0.00018295
798,2081,1,5_9,0.00017849
798,2082,1,5_9,0.00017448
798,2083,1,5_9,0.00017038
798,2084,1,5_9,0.00016644
798,2085,1,5_9,0.00016254
798,2086,1,5_9,0.00015915
798,2087,1,5_9,0.00015542
798,2088,1,5_9,0.00015195
798,2089,1,5_9,0.00014862
798,2090,1,5_9,0.00014545
798,2091,1,5_9,0.00014219
798,2092,1,5_9,0.00013876
798,2093,1,5_9,0.00013569
798,2094,1,5_9,0.00013256
798,2095,1,5_9,0.00012947
798,2096,1,5_9,0.00012649
798,2097,1,5_9,0.00012335
798,2098,1,5_9,0.00012052
798,2099,1,5_9,0.00011769
798,2100,1,5_9,0.00011483
876,2024,1,5_9,9.74e-05
876,2025,1,5_9,9.587e-05
876,2026,1,5_9,9.433e-05
876,2027,1,5_9,9.28e-05
876,2028,1,5_9,9.178e-05
876,2029,1,5_9,9.024e-05
876,2030,1,5_9,8.922e-05
876,2031,1,5_9,8.769e-05
876,2032,1,5_9,8.615e-05
876,2033,1,5_9,8.462e-05
876,2034,1,5_9,8.36e-05
876,2035,1,5_9,8.207e-05
876,2036,1,5_9,8.053e-05
876,2037,1,5_9,7.9e-05
876,2038,1,5_9,7.747e-05
876,2039,1,5_9,7.593e-05
876,2040,1,5_9,7.456e-05
876,2041,1,5_9,7.351e-05
876,2042,1,5_9,7.247e-05
876,2043,1,5_9,7.142e-05
876,2044,1,5_9,7.037e-05
876,2045,1,5_9,6.933e-05
876,2046,1,5_9,6.828e-05
876,2047,1,5_9,6.723e-05
876,2048,1,5_9,6.619e-05
876,2049,1,5_9,6.514e-05
876,2050,1,5_9,6.409e-05
876,2051,1,5_9,6.304e-05
876,2052,1,5_9,6.2e-05
876,2053,1,5_9,6.095e-05
876,2054,1,5_9,5.99e-05
876,2055,1,5_9,5.851e-05
876,2056,1,5_9,5.781e-05
876,2057,1,5_9,5.692e-05
876,2058,1,5_9,5.633e-05
876,2059,1,5_9,5.544e-05
876,2060,1,5_9,5.485e-05
876,2061,1,5_9,5.396e-05
876,2062,1,5_9,5.336e-05
876,2063,1,5_9,5.247e-05
876,2064,1,5_9,5.188e-05
876,2065,1,5_9,5.129e-05
876,2066,1,5_9,5.04e-05
876,2067,1,5_9,4.981e-05
876,2068,1,5_9,4.921e-05
876,2069,1,5_9,4.832e-05
876,2070,1,5_9,4.773e-05
876,2071,1,5_9,4.714e-05
876,2072,1,5_9,4.655e-05
876,2073,1,5_9,4.595e-05
876,2074,1,5_9,4.536e-05
876,2075,1,5_9,4.447e-05
876,2076,1,5_9,4.388e-05
876,2077,1,5_9,4.328e-05
876,2078,1,5_9,4.28e-05
876,2079,1,5_9,4.232e-05
876,2080,1,5_9,4.184e-05
876,2081,1,5_9,4.136e-05
876,2082,1,5_9,4.088e-05
876,2083,1,5_9,4.04e-05
876,2084,1,5_9,3.992e-05
876,2085,1,5_9,3.944e-05
876,2086,1,5_9,3.896e-05
876,2087,1,5_9,3.848e-05
876,2088,1,5_9,3.8e-05
876,2089,1,5_9,3.752e-05
876,2090,1,5_9,3.728e-05
876,2091,1,5_9,3.68e-05
876,2092,1,5_9,3.632e-05
876,2093,1,5_9,3.584e-05
876,2094,1,5_9,3.56e-05
876,2095,1,5_9,3.512e-05
876,2096,1,5_9,3.464e-05
876,2097,1,5_9,3.44e-05
876,2098,1,5_9,3.392e-05
876,2099,1,5_9,3.344e-05
876,2100,1,5_9,3.32e-05
108,1950,2,5_9,0.01014433
108,1951,2,5_9,0.00998462
108,1952,2,5_9,0.009875
108,1953,2,5_9,0.00978333
108,1954,2,5_9,0.00969342
108,1955,2,5_9,0.00960335
108,1956,2,5_9,0.00951062
108,1957,2,5_9,0.00943417
108,1958,2,5_9,0.00935779
108,1959,2,5_9,0.00930778
108,1960,2,5_9,0.00926315
108,1961,2,5_9,0.00932799
108,1962,2,5_9,0.00930488
108,1963,2,5_9,0.00927633
108,1964,2,5_9,0.00926436
108,1965,2,5_9,0.009922
108,1966,2,5_9,0.00929453
108,1967,2,5_9,0.00936688
108,1968,2,5_9,0.00934064
108,1969,2,5_9,0.00948056
108,1970,2,5_9,0.00937452
108,1971,2,5_9,0.00941806
108,1972,2,5_9,0.02231477
108,1973,2,5_9,0.01264306
108,1974,2,5_9,0.00944508
108,1975,2,5_9,0.00941191
108,1976,2,5_9,0.00932689
108,1977,2,5_9,0.00927426
108,1978,2,5_9,0.00914128
108,1979,2,5_9,0.00890322
108,1980,2,5_9,0.00869965
108,1981,2,5_9,0.00848206
108,1982,2,5_9,0.00834876
108,1983,2,5_9,0.00832863
108,1984,2,5_9,0.00844304
108,1985,2,5_9,0.00873746
108,1986,2,5_9,0.00910107
108,1987,2,5_9,0.00949423
108,1988,2,5_9,0.01166117
108,1989,2,5_9,0.01076561
108,1990,2,5_9,0.01134052
108,1991,2,5_9,0.01181734
108,1992,2,5_9,0.01213103
108,1993,2,5_9,0.01640808
108,1994,2,5_9,0.01213118
108,1995,2,5_9,0.01193034
108,1996,2,5_9,0.01162641
108,1997,2,5_9,0.01099067
108,1998,2,5_9,0.0103325
108,1999,2,5_9,0.00983905
108,2000,2,5_9,0.00954544
108,2001,2,5_9,0.00904295
108,2002,2,5_9,0.00852468
108,2003,2,5_9,0.00807526
108,2004,2,5_9,0.00756277
108,2005,2,5_9,0.00717852
108,2006,2,5_9,0.00679528
108,2007,2,5_9,0.00646109
108,2008,2,5_9,0.00615682
108,2009,2,5_9,0.0058724
108,2010,2,5_9,0.00566745
108,2011,2,5_9,0.00541123
108,2012,2,5_9,0.00515422
108,2013,2,5_9,0.00488577
108,2014,2,5_9,0.00464528
108,2015,2,5_9,0.00442648
108,2016,2,5_9,0.00419689
108,2017,2,5_9,0.00397856
108,2018,2,5_9,0.00380651
108,2019,2,5_9,0.00365601
108,2020,2,5_9,0.00350961
108,2021,2,5_9,0.00336414
108,2022,2,5_9,0.00323057
108,2023,2,5_9,0.00310443
174,1950,2,5_9,0.00941264
174,1951,2,5_9,0.01367415
174,1952,2,5_9,0.00909648
174,1953,2,5_9,0.00894621
174,1954,2,5_9,0.00880141
174,1955,2,5_9,0.0086451
174,1956,2,5_9,0.00850756
174,1957,2,5_9,0.00835766
174,1958,2,5_9,0.00821281
174,1959,2,5_9,0.00805399
174,1960,2,5_9,0.00794048
174,1961,2,5_9,0.00779556
174,1962,2,5_9,0.00764478
174,1963,2,5_9,0.00749607
174,1964,2,5_9,0.00735378
174,1965,2,5_9,0.00720601
174,1966,2,5_9,0.007044
174,1967,2,5_9,0.00687311
174,1968,2,5_9,0.00668419
174,1969,2,5_9,0.00647452
174,1970,2,5_9,0.00624933
174,1971,2,5_9,0.0060171
174,1972,2,5_9,0.00578915
174,1973,2,5_9,0.00558423
174,1974,2,5_9,0.00539293
174,1975,2,5_9,0.00587655
174,1976,2,5_9,0.00507554
174,1977,2,5_9,0.00492733
174,1978,2,5_9,0.00477435
174,1979,2,5_9,0.00462948
174,1980,2,5_9,0.00446568
174,1981,2,5_9,0.00431966
174,1982,2,5_9,0.0041758
174,1983,2,5_9,0.0041617
174,1984,2,5_9,0.00390765
174,1985,2,5_9,0.00379079
174,1986,2,5_9,0.00366839
174,1987,2,5_9,0.00364145
174,1988,2,5_9,0.00346813
174,1989,2,5_9,0.00336292
174,1990,2,5_9,0.00323121
174,1991,2,5_9,0.00309534
174,1992,2,5_9,0.00295203
174,1993,2,5_9,0.00280728
174,1994,2,5_9,0.00266345
174,1995,2,5_9,0.00254465
174,1996,2,5_9,0.00244547
174,1997,2,5_9,0.00234557
174,1998,2,5_9,0.00243165
174,1999,2,5_9,0.00228354
174,2000,2,5_9,0.00229816
174,2001,2,5_9,0.00210573
174,2002,2,5_9,0.00210449
174,2003,2,5_9,0.0019704
174,2004,2,5_9,0.00190835
174,2005,2,5_9,0.00184759
174,2006,2,5_9,0.001781
174,2007,2,5_9,0.00175192
174,2008,2,5_9,0.00164529
174,2009,2,5_9,0.00158324
174,2010,2,5_9,0.00150771
174,2011,2,5_9,0.00144499
174,2012,2,5_9,0.00138141
174,2013,2,5_9,0.00131589
174,2014,2,5_9,0.00125831
174,2015,2,5_9,0.00120319
174,2016,2,5_9,0.00115125
174,2017,2,5_9,0.00110201
174,2018,2,5_9,0.00105551
174,2019,2,5_9,0.00102727
174,2020,2,5_9,0.00097235
174,2021,2,5_9,0.0009337
174,2022,2,5_9,0.00089854
174,2023,2,5_9,0.00086144
262,1950,2,5_9,0.00976127
262,1951,2,5_9,0.0096978
262,1952,2,5_9,0.00963475
262,1953,2,5_9,0.00955447
262,1954,2,5_9,0.00949805
262,1955,2,5_9,0.00941918
262,1956,2,5_9,0.00933676
262,1957,2,5_9,0.00926171
262,1958,2,5_9,0.00927074
262,1959,2,5_9,0.00918495
262,1960,2,5_9,0.00906974
262,1961,2,5_9,0.00897294
262,1962,2,5_9,0.00886588
262,1963,2,5_9,0.00876085
262,1964,2,5_9,0.00864944
262,1965,2,5_9,0.00851416
262,1966,2,5_9,0.0083664
262,1967,2,5_9,0.00820115
262,1968,2,5_9,0.00803267
262,1969,2,5_9,0.00786207
262,1970,2,5_9,0.00770449
262,1971,2,5_9,0.00792186
262,1972,2,5_9,0.00734398
262,1973,2,5_9,0.00709899
262,1974,2,5_9,0.00695587
262,1975,2,5_9,0.00684436
262,1976,2,5_9,0.00670495
262,1977,2,5_9,0.00656186
262,1978,2,5_9,0.00643095
262,1979,2,5_9,0.0062922
262,1980,2,5_9,0.00616497
262,1981,2,5_9,0.00608293
262,1982,2,5_9,0.00592335
262,1983,2,5_9,0.00578969
262,1984,2,5_9,0.00567448
262,1985,2,5_9,0.00560446
262,1986,2,5_9,0.0054913
262,1987,2,5_9,0.00540468
262,1988,2,5_9,0.00532105
262,1989,2,5_9,0.00527082
262,1990,2,5_9,0.00524787
262,1991,2,5_9,0.00515765
262,1992,2,5_9,0.00514101
262,1993,2,5_9,0.00529026
262,1994,2,5_9,0.00538825
262,1995,2,5_9,0.00527469
262,1996,2,5_9,0.00533313
262,1997,2,5_9,0.00546604
262,1998,2,5_9,0.00545892
262,1999,2,5_9,0.00543953
262,2000,2,5_9,0.00545361
262,2001,2,5_9,0.00496845
262,2002,2,5_9,0.00476265
262,2003,2,5_9,0.00461229
262,2004,2,5_9,0.00450681
262,2005,2,5_9,0.00428537
262,2006,2,5_9,0.00411535
262,2007,2,5_9,0.00396614
262,2008,2,5_9,0.00379157
262,2009,2,5_9,0.00364135
262,2010,2,5_9,0.00351302
262,2011,2,5_9,0.00333116
262,2012,2,5_9,0.00317633
262,2013,2,5_9,0.00304851
262,2014,2,5_9,0.00290823
262,2015,2,5_9,0.00276802
262,2016,2,5_9,0.00261364
262,2017,2,5_9,0.00249584
262,2018,2,5_9,0.00237861
262,2019,2,5_9,0.00230251
262,2020,2,5_9,0.00217795
262,2021,2,5_9,0.00205899
262,2022,2,5_9,0.00195855
262,2023,2,5_9,0.00183965
232,1950,2,5_9,0.01466034
232,1951,2,5_9,0.01455188
232,1952,2,5_9,0.01439929
232,1953,2,5_9,0.01424035
232,1954,2,5_9,0.01402507
232,1955,2,5_9,0.01391399
232,1956,2,5_9,0.01371402
232,1957,2,5_9,0.01771263
232,1958,2,5_9,0.01742059
232,1959,2,5_9,0.01324613
232,1960,2,5_9,0.01308796
232,1961,2,5_9,0.012927
232,1962,2,5_9,0.01278287
232,1963,2,5_9,0.01261707
232,1964,2,5_9,0.01250235
232,1965,2,5_9,0.01238718
232,1966,2,5_9,0.01370546
232,1967,2,5_9,0.01224147
232,1968,2,5_9,0.01217869
232,1969,2,5_9,0.01213887
232,1970,2,5_9,0.01203124
232,1971,2,5_9,0.01191997
232,1972,2,5_9,0.01244243
232,1973,2,5_9,0.01224969
232,1974,2,5_9,0.01323829
232,1975,2,5_9,0.01297312
232,1976,2,5_9,0.01097649
232,1977,2,5_9,0.01078687
232,1978,2,5_9,0.01061839
232,1979,2,5_9,0.01050916
232,1980,2,5_9,0.01032313
232,1981,2,5_9,0.0102076
232,1982,2,5_9,0.01007294
232,1983,2,5_9,0.01447813
232,1984,2,5_9,0.01416514
232,1985,2,5_9,0.01367565
232,1986,2,5_9,0.01332427
232,1987,2,5_9,0.00907634
232,1988,2,5_9,0.00880825
232,1989,2,5_9,0.00884006
232,1990,2,5_9,0.0081437
232,1991,2,5_9,0.00778932
232,1992,2,5_9,0.00737405
232,1993,2,5_9,0.00709047
232,1994,2,5_9,0.00677145
232,1995,2,5_9,0.00648412
232,1996,2,5_9,0.00623166
232,1997,2,5_9,0.00597775
232,1998,2,5_9,0.00577907
232,1999,2,5_9,0.00694809
232,2000,2,5_9,0.00577256
232,2001,2,5_9,0.00521557
232,2002,2,5_9,0.00497925
232,2003,2,5_9,0.00474686
232,2004,2,5_9,0.00451589
232,2005,2,5_9,0.00426627
232,2006,2,5_9,0.00396428
232,2007,2,5_9,0.00372052
232,2008,2,5_9,0.00350905
232,2009,2,5_9,0.00323895
232,2010,2,5_9,0.00303846
232,2011,2,5_9,0.00282808
232,2012,2,5_9,0.00265765
232,2013,2,5_9,0.00252421
232,2014,2,5_9,0.00236618
232,2015,2,5_9,0.00222261
232,2016,2,5_9,0.00210157
232,2017,2,5_9,0.00199217
232,2018,2,5_9,0.00188785
232,2019,2,5_9,0.00180013
232,2020,2,5_9,0.00170264
232,2021,2,5_9,0.0015964
232,2022,2,5_9,0.00150268
232,2023,2,5_9,0.00141356
231,1950,2,5_9,0.01069541
231,1951,2,5_9,0.01063074
231,1952,2,5_9,0.01048278
231,1953,2,5_9,0.01042038
231,1954,2,5_9,0.01027775
231,1955,2,5_9,0.01013978
231,1956,2,5_9,0.01001916
231,1957,2,5_9,0.01392883
231,1958,2,5_9,0.01369234
231,1959,2,5_9,0.00954849
231,1960,2,5_9,0.009412
231,1961,2,5_9,0.00927521
231,1962,2,5_9,0.0092543
231,1963,2,5_9,0.00911249
231,1964,2,5_9,0.00906447
231,1965,2,5_9,0.0089953
231,1966,2,5_9,0.01024125
231,1967,2,5_9,0.00883513
231,1968,2,5_9,0.00877763
231,1969,2,5_9,0.00880545
231,1970,2,5_9,0.0088418
231,1971,2,5_9,0.00884456
231,1972,2,5_9,0.0095021
231,1973,2,5_9,0.00943754
231,1974,2,5_9,0.01060315
231,1975,2,5_9,0.0106863
231,1976,2,5_9,0.00920867
231,1977,2,5_9,0.00916158
231,1978,2,5_9,0.00917641
231,1979,2,5_9,0.00878079
231,1980,2,5_9,0.00853475
231,1981,2,5_9,0.00836626
231,1982,2,5_9,0.00821303
231,1983,2,5_9,0.01265573
231,1984,2,5_9,0.01270709
231,1985,2,5_9,0.01242609
231,1986,2,5_9,0.0124326
231,1987,2,5_9,0.00876142
231,1988,2,5_9,0.00913647
231,1989,2,5_9,0.00932439
231,1990,2,5_9,0.00980574
231,1991,2,5_9,0.00948018
231,1992,2,5_9,0.00955285
231,1993,2,5_9,0.00955431
231,1994,2,5_9,0.00957267
231,1995,2,5_9,0.00960753
231,1996,2,5_9,0.00953396
231,1997,2,5_9,0.00936342
231,1998,2,5_9,0.0091505
231,1999,2,5_9,0.00922569
231,2000,2,5_9,0.00902461
231,2001,2,5_9,0.00891626
231,2002,2,5_9,0.00850806
231,2003,2,5_9,0.00808917
231,2004,2,5_9,0.00750668
231,2005,2,5_9,0.00709984
231,2006,2,5_9,0.00639594
231,2007,2,5_9,0.00559985
231,2008,2,5_9,0.00491749
231,2009,2,5_9,0.00439539
231,2010,2,5_9,0.00396849
231,2011,2,5_9,0.00363392
231,2012,2,5_9,0.00331739
231,2013,2,5_9,0.00297445
231,2014,2,5_9,0.0026728
231,2015,2,5_9,0.00241871
231,2016,2,5_9,0.00219757
231,2017,2,5_9,0.00199639
231,2018,2,5_9,0.00184092
231,2019,2,5_9,0.00168332
231,2020,2,5_9,0.00151977
231,2021,2,5_9,0.00141136
231,2022,2,5_9,0.00126764
231,2023,2,5_9,0.00116947
404,1950,2,5_9,0.01211274
404,1951,2,5_9,0.01133438
404,1952,2,5_9,0.01059489
404,1953,2,5_9,0.00985309
404,1954,2,5_9,0.00915056
404,1955,2,5_9,0.0084625
404,1956,2,5_9,0.007834
404,1957,2,5_9,0.00727768
404,1958,2,5_9,0.00677226
404,1959,2,5_9,0.00631621
404,1960,2,5_9,0.00591865
404,1961,2,5_9,0.00558013
404,1962,2,5_9,0.00529291
404,1963,2,5_9,0.0050505
404,1964,2,5_9,0.00485201
404,1965,2,5_9,0.00467875
404,1966,2,5_9,0.00453025
404,1967,2,5_9,0.00433036
404,1968,2,5_9,0.00426684
404,1969,2,5_9,0.00414486
404,1970,2,5_9,0.00402224
404,1971,2,5_9,0.00389377
404,1972,2,5_9,0.00375649
404,1973,2,5_9,0.0036185
404,1974,2,5_9,0.00347346
404,1975,2,5_9,0.00333157
404,1976,2,5_9,0.0031852
404,1977,2,5_9,0.00304305
404,1978,2,5_9,0.00289507
404,1979,2,5_9,0.00276888
404,1980,2,5_9,0.00264535
404,1981,2,5_9,0.00254487
404,1982,2,5_9,0.00245304
404,1983,2,5_9,0.00236984
404,1984,2,5_9,0.00230683
404,1985,2,5_9,0.00227025
404,1986,2,5_9,0.00224847
404,1987,2,5_9,0.0022505
404,1988,2,5_9,0.00227673
404,1989,2,5_9,0.00232515
404,1990,2,5_9,0.00240223
404,1991,2,5_9,0.00246418
404,1992,2,5_9,0.00253022
404,1993,2,5_9,0.00256926
404,1994,2,5_9,0.0025966
404,1995,2,5_9,0.00259657
404,1996,2,5_9,0.00256854
404,1997,2,5_9,0.00252782
404,1998,2,5_9,0.00246634
404,1999,2,5_9,0.00233608
404,2000,2,5_9,0.00215404
404,2001,2,5_9,0.00208267
404,2002,2,5_9,0.00191795
404,2003,2,5_9,0.00178426
404,2004,2,5_9,0.00165962
404,2005,2,5_9,0.0015426
404,2006,2,5_9,0.00144226
404,2007,2,5_9,0.00134884
404,2008,2,5_9,0.00127112
404,2009,2,5_9,0.00119308
404,2010,2,5_9,0.00113939
404,2011,2,5_9,0.00108974
404,2012,2,5_9,0.00104438
404,2013,2,5_9,0.00103032
404,2014,2,5_9,0.00100598
404,2015,2,5_9,0.00099152
404,2016,2,5_9,0.00097374
404,2017,2,5_9,0.00096236
404,2018,2,5_9,0.00094867
404,2019,2,5_9,0.00093887
404,2020,2,5_9,0.00117454
404,2021,2,5_9,0.00119525
404,2022,2,5_9,0.00090197
404,2023,2,5_9,0.00089788
450,1950,2,5_9,0.01430619
450,1951,2,5_9,0.01430944
450,1952,2,5_9,0.01395688
450,1953,2,5_9,0.01375744
450,1954,2,5_9,0.01343749
450,1955,2,5_9,0.01326058
450,1956,2,5_9,0.01293182
450,1957,2,5_9,0.01258736
450,1958,2,5_9,0.01236594
450,1959,2,5_9,0.01204328
450,1960,2,5_9,0.01179663
450,1961,2,5_9,0.01150619
450,1962,2,5_9,0.01129735
450,1963,2,5_9,0.01099745
450,1964,2,5_9,0.01078163
450,1965,2,5_9,0.01056548
450,1966,2,5_9,0.01018461
450,1967,2,5_9,0.00996358
450,1968,2,5_9,0.0096357
450,1969,2,5_9,0.00947043
450,1970,2,5_9,0.009146
450,1971,2,5_9,0.00905343
450,1972,2,5_9,0.00905786
450,1973,2,5_9,0.00879617
450,1974,2,5_9,0.00846267
450,1975,2,5_9,0.00822719
450,1976,2,5_9,0.008018
450,1977,2,5_9,0.0078067
450,1978,2,5_9,0.00766224
450,1979,2,5_9,0.00745819
450,1980,2,5_9,0.00744822
450,1981,2,5_9,0.00739431
450,1982,2,5_9,0.0071451
450,1983,2,5_9,0.00702109
450,1984,2,5_9,0.00690526
450,1985,2,5_9,0.00674898
450,1986,2,5_9,0.00658
450,1987,2,5_9,0.00625163
450,1988,2,5_9,0.00609513
450,1989,2,5_9,0.00607188
450,1990,2,5_9,0.00611457
450,1991,2,5_9,0.00607537
450,1992,2,5_9,0.00604717
450,1993,2,5_9,0.00574071
450,1994,2,5_9,0.00558696
450,1995,2,5_9,0.00537691
450,1996,2,5_9,0.0051944
450,1997,2,5_9,0.00503879
450,1998,2,5_9,0.00485526
450,1999,2,5_9,0.00470601
450,2000,2,5_9,0.00461463
450,2001,2,5_9,0.00439774
450,2002,2,5_9,0.00426449
450,2003,2,5_9,0.00409453
450,2004,2,5_9,0.00395997
450,2005,2,5_9,0.00379313
450,2006,2,5_9,0.0036332
450,2007,2,5_9,0.0035038
450,2008,2,5_9,0.00333925
450,2009,2,5_9,0.00323411
450,2010,2,5_9,0.00313531
450,2011,2,5_9,0.00303921
450,2012,2,5_9,0.00298155
450,2013,2,5_9,0.0029318
450,2014,2,5_9,0.00289494
450,2015,2,5_9,0.00287671
450,2016,2,5_9,0.00285394
450,2017,2,5_9,0.00285185
450,2018,2,5_9,0.00283021
450,2019,2,5_9,0.00281021
450,2020,2,5_9,0.00278413
450,2021,2,5_9,0.00276347
450,2022,2,5_9,0.00275534
450,2023,2,5_9,0.00272931
454,1950,2,5_9,0.01544985
454,1951,2,5_9,0.01531628
454,1952,2,5_9,0.01518742
454,1953,2,5_9,0.01504821
454,1954,2,5_9,0.01489894
454,1955,2,5_9,0.01474767
454,1956,2,5_9,0.01459244
454,1957,2,5_9,0.01442766
454,1958,2,5_9,0.01425778
454,1959,2,5_9,0.01410355
454,1960,2,5_9,0.01396309
454,1961,2,5_9,0.01385698
454,1962,2,5_9,0.01377202
454,1963,2,5_9,0.0136652
454,1964,2,5_9,0.01356212
454,1965,2,5_9,0.01344608
454,1966,2,5_9,0.01330345
454,1967,2,5_9,0.01315037
454,1968,2,5_9,0.01298235
454,1969,2,5_9,0.01277085
454,1970,2,5_9,0.01251485
454,1971,2,5_9,0.01218704
454,1972,2,5_9,0.0118257
454,1973,2,5_9,0.01142744
454,1974,2,5_9,0.01097816
454,1975,2,5_9,0.01048582
454,1976,2,5_9,0.00997207
454,1977,2,5_9,0.00946902
454,1978,2,5_9,0.00926408
454,1979,2,5_9,0.00860362
454,1980,2,5_9,0.00847087
454,1981,2,5_9,0.00821563
454,1982,2,5_9,0.00784212
454,1983,2,5_9,0.0077993
454,1984,2,5_9,0.00781149
454,1985,2,5_9,0.00784056
454,1986,2,5_9,0.00786963
454,1987,2,5_9,0.00786342
454,1988,2,5_9,0.0077924
454,1989,2,5_9,0.00764267
454,1990,2,5_9,0.00746189
454,1991,2,5_9,0.00721699
454,1992,2,5_9,0.00689659
454,1993,2,5_9,0.00665378
454,1994,2,5_9,0.00634476
454,1995,2,5_9,0.00607853
454,1996,2,5_9,0.00580478
454,1997,2,5_9,0.00552085
454,1998,2,5_9,0.00520691
454,1999,2,5_9,0.00487997
454,2000,2,5_9,0.00444723
454,2001,2,5_9,0.00396699
454,2002,2,5_9,0.00368978
454,2003,2,5_9,0.00322183
454,2004,2,5_9,0.002883
454,2005,2,5_9,0.00260567
454,2006,2,5_9,0.00237592
454,2007,2,5_9,0.00213756
454,2008,2,5_9,0.00195942
454,2009,2,5_9,0.00182387
454,2010,2,5_9,0.00167225
454,2011,2,5_9,0.00153292
454,2012,2,5_9,0.00140001
454,2013,2,5_9,0.00127539
454,2014,2,5_9,0.00116674
454,2015,2,5_9,0.00107321
454,2016,2,5_9,0.00100752
454,2017,2,5_9,0.00095759
454,2018,2,5_9,0.00091438
454,2019,2,5_9,0.00088469
454,2020,2,5_9,0.00082178
454,2021,2,5_9,0.00074373
454,2022,2,5_9,0.00076475
454,2023,2,5_9,0.00077854
480,1950,2,5_9,0.00188498
480,1951,2,5_9,0.00179366
480,1952,2,5_9,0.00194972
480,1953,2,5_9,0.00337284
480,1954,2,5_9,0.00350662
480,1955,2,5_9,0.00364815
480,1956,2,5_9,0.00228738
480,1957,2,5_9,0.00214379
480,1958,2,5_9,0.00198252
480,1959,2,5_9,0.00208677
480,1960,2,5_9,0.00216193
480,1961,2,5_9,0.0018984
480,1962,2,5_9,0.00172075
480,1963,2,5_9,0.00151416
480,1964,2,5_9,0.00136594
480,1965,2,5_9,0.00133612
480,1966,2,5_9,0.00134726
480,1967,2,5_9,0.0014646
480,1968,2,5_9,0.00140392
480,1969,2,5_9,0.00127177
480,1970,2,5_9,0.00106758
480,1971,2,5_9,0.00101418
480,1972,2,5_9,0.00104352
480,1973,2,5_9,0.001014
480,1974,2,5_9,0.00084637
480,1975,2,5_9,0.00067677
480,1976,2,5_9,0.00061491
480,1977,2,5_9,0.00048917
480,1978,2,5_9,0.00052616
480,1979,2,5_9,0.00047541
480,1980,2,5_9,0.0004809
480,1981,2,5_9,0.00042851
480,1982,2,5_9,0.00038428
480,1983,2,5_9,0.00044326
480,1984,2,5_9,0.00039347
480,1985,2,5_9,0.00036743
480,1986,2,5_9,0.00031316
480,1987,2,5_9,0.00037941
480,1988,2,5_9,0.00039583
480,1989,2,5_9,0.00033647
480,1990,2,5_9,0.00027128
480,1991,2,5_9,0.00022115
480,1992,2,5_9,0.0002463
480,1993,2,5_9,0.00024878
480,1994,2,5_9,0.00027188
480,1995,2,5_9,0.00026547
480,1996,2,5_9,0.00028397
480,1997,2,5_9,0.0002364
480,1998,2,5_9,0.00024424
480,1999,2,5_9,0.00019128
480,2000,2,5_9,0.00022253
480,2001,2,5_9,0.00016778
480,2002,2,5_9,0.0001943
480,2003,2,5_9,0.00020232
480,2004,2,5_9,0.00022532
480,2005,2,5_9,0.00022149
480,2006,2,5_9,0.0001826
480,2007,2,5_9,0.0001854
480,2008,2,5_9,0.00017007
480,2009,2,5_9,0.00019076
480,2010,2,5_9,0.00018575
480,2011,2,5_9,0.00016023
480,2012,2,5_9,0.00013549
480,2013,2,5_9,0.00012435
480,2014,2,5_9,0.00011435
480,2015,2,5_9,0.00010409
480,2016,2,5_9,0.00011725
480,2017,2,5_9,0.00015504
480,2018,2,5_9,7.974e-05
480,2019,2,5_9,0.0001373
480,2020,2,5_9,0.00011329
480,2021,2,5_9,0.00011695
480,2022,2,5_9,0.00023818
480,2023,2,5_9,0.00012466
175,1950,2,5_9,0.00831563
175,1951,2,5_9,0.00761856
175,1952,2,5_9,0.0070039
175,1953,2,5_9,0.0064064
175,1954,2,5_9,0.00585014
175,1955,2,5_9,0.00529869
175,1956,2,5_9,0.00483547
175,1957,2,5_9,0.00436434
175,1958,2,5_9,0.00398235
175,1959,2,5_9,0.00364481
175,1960,2,5_9,0.00335321
175,1961,2,5_9,0.00307747
175,1962,2,5_9,0.00282884
175,1963,2,5_9,0.00259491
175,1964,2,5_9,0.00236263
175,1965,2,5_9,0.00214454
175,1966,2,5_9,0.00194797
175,1967,2,5_9,0.00176355
175,1968,2,5_9,0.00160292
175,1969,2,5_9,0.00146149
175,1970,2,5_9,0.00132185
175,1971,2,5_9,0.00120745
175,1972,2,5_9,0.00109777
175,1973,2,5_9,0.00100454
175,1974,2,5_9,0.00091537
175,1975,2,5_9,0.00083295
175,1976,2,5_9,0.0007667
175,1977,2,5_9,0.00070081
175,1978,2,5_9,0.00064336
175,1979,2,5_9,0.00059252
175,1980,2,5_9,0.00054325
175,1981,2,5_9,0.00050124
175,1982,2,5_9,0.00046044
175,1983,2,5_9,0.00043041
175,1984,2,5_9,0.00040212
175,1985,2,5_9,0.00037536
175,1986,2,5_9,0.00035131
175,1987,2,5_9,0.00032968
175,1988,2,5_9,0.00030746
175,1989,2,5_9,0.00029223
175,1990,2,5_9,0.00027793
175,1991,2,5_9,0.00026119
175,1992,2,5_9,0.00024878
175,1993,2,5_9,0.00023685
175,1994,2,5_9,0.0002259
175,1995,2,5_9,0.00021759
175,1996,2,5_9,0.00020704
175,1997,2,5_9,0.00019585
175,1998,2,5_9,0.00018646
175,1999,2,5_9,0.00017792
175,2000,2,5_9,0.00016964
175,2001,2,5_9,0.0001633
175,2002,2,5_9,0.00015734
175,2003,2,5_9,0.00015163
175,2004,2,5_9,0.00014631
175,2005,2,5_9,0.00014133
175,2006,2,5_9,0.00013356
175,2007,2,5_9,0.00012753
175,2008,2,5_9,0.00012329
175,2009,2,5_9,0.0001214
175,2010,2,5_9,0.0001234
175,2011,2,5_9,0.00012807
175,2012,2,5_9,0.00014271
175,2013,2,5_9,0.00014801
175,2014,2,5_9,0.00015272
175,2015,2,5_9,0.00016965
175,2016,2,5_9,0.00018686
175,2017,2,5_9,0.0001887
175,2018,2,5_9,0.00018903
175,2019,2,5_9,0.00018879
175,2020,2,5_9,0.00024737
175,2021,2,5_9,0.00023603
175,2022,2,5_9,0.00019509
175,2023,2,5_9,0.0001719
508,1950,2,5_9,0.01112313
508,1951,2,5_9,0.01085738
508,1952,2,5_9,0.01059824
508,1953,2,5_9,0.01034338
508,1954,2,5_9,0.01009433
508,1955,2,5_9,0.00985083
508,1956,2,5_9,0.00964001
508,1957,2,5_9,0.00939277
508,1958,2,5_9,0.00918455
508,1959,2,5_9,0.00899385
508,1960,2,5_9,0.00884072
508,1961,2,5_9,0.00869532
508,1962,2,5_9,0.00856369
508,1963,2,5_9,0.00846672
508,1964,2,5_9,0.00852099
508,1965,2,5_9,0.00846022
508,1966,2,5_9,0.00841691
508,1967,2,5_9,0.00837904
508,1968,2,5_9,0.00834629
508,1969,2,5_9,0.00831011
508,1970,2,5_9,0.00827794
508,1971,2,5_9,0.00827983
508,1972,2,5_9,0.00821963
508,1973,2,5_9,0.00818903
508,1974,2,5_9,0.00814813
508,1975,2,5_9,0.00799772
508,1976,2,5_9,0.0079731
508,1977,2,5_9,0.00796665
508,1978,2,5_9,0.00792511
508,1979,2,5_9,0.00793822
508,1980,2,5_9,0.007883
508,1981,2,5_9,0.00901875
508,1982,2,5_9,0.00896059
508,1983,2,5_9,0.00889805
508,1984,2,5_9,0.00878158
508,1985,2,5_9,0.00866287
508,1986,2,5_9,0.00747464
508,1987,2,5_9,0.00735582
508,1988,2,5_9,0.00723764
508,1989,2,5_9,0.00708774
508,1990,2,5_9,0.00697332
508,1991,2,5_9,0.00681443
508,1992,2,5_9,0.0066073
508,1993,2,5_9,0.00636839
508,1994,2,5_9,0.00612425
508,1995,2,5_9,0.00582455
508,1996,2,5_9,0.00553131
508,1997,2,5_9,0.00522694
508,1998,2,5_9,0.00496421
508,1999,2,5_9,0.00462844
508,2000,2,5_9,0.00430414
508,2001,2,5_9,0.0039752
508,2002,2,5_9,0.00371124
508,2003,2,5_9,0.00344802
508,2004,2,5_9,0.0032171
508,2005,2,5_9,0.00299281
508,2006,2,5_9,0.00275916
508,2007,2,5_9,0.002587
508,2008,2,5_9,0.00243148
508,2009,2,5_9,0.00228317
508,2010,2,5_9,0.00214348
508,2011,2,5_9,0.00202232
508,2012,2,5_9,0.00190524
508,2013,2,5_9,0.00180579
508,2014,2,5_9,0.0017083
508,2015,2,5_9,0.00162588
508,2016,2,5_9,0.00154189
508,2017,2,5_9,0.00146267
508,2018,2,5_9,0.00140486
508,2019,2,5_9,0.00136783
508,2020,2,5_9,0.0012897
508,2021,2,5_9,0.00122199
508,2022,2,5_9,0.00117533
508,2023,2,5_9,0.0011222
638,1950,2,5_9,0.00233291
638,1951,2,5_9,0.00220306
638,1952,2,5_9,0.0020639
638,1953,2,5_9,0.00202619
638,1954,2,5_9,0.00188593
638,1955,2,5_9,0.00181873
638,1956,2,5_9,0.00156043
638,1957,2,5_9,0.00146
638,1958,2,5_9,0.00124427
638,1959,2,5_9,0.00117272
638,1960,2,5_9,0.00107491
638,1961,2,5_9,0.00105704
638,1962,2,5_9,0.0010366
638,1963,2,5_9,0.00096429
638,1964,2,5_9,0.00087897
638,1965,2,5_9,0.00077854
638,1966,2,5_9,0.00076415
638,1967,2,5_9,0.00075976
638,1968,2,5_9,0.00076749
638,1969,2,5_9,0.00074561
638,1970,2,5_9,0.00072651
638,1971,2,5_9,0.00070841
638,1972,2,5_9,0.00069698
638,1973,2,5_9,0.00064454
638,1974,2,5_9,0.00058266
638,1975,2,5_9,0.00051223
638,1976,2,5_9,0.0004751
638,1977,2,5_9,0.00043901
638,1978,2,5_9,0.00040395
638,1979,2,5_9,0.00034713
638,1980,2,5_9,0.00037872
638,1981,2,5_9,0.00024074
638,1982,2,5_9,0.0002352
638,1983,2,5_9,0.00022636
638,1984,2,5_9,0.00019312
638,1985,2,5_9,0.00016737
638,1986,2,5_9,0.00016235
638,1987,2,5_9,0.00021074
638,1988,2,5_9,0.00018616
638,1989,2,5_9,0.00020058
638,1990,2,5_9,0.00016774
638,1991,2,5_9,0.00015892
638,1992,2,5_9,0.00015043
638,1993,2,5_9,0.00017258
638,1994,2,5_9,0.00013433
638,1995,2,5_9,0.00012648
638,1996,2,5_9,0.00011883
638,1997,2,5_9,0.00011166
638,1998,2,5_9,0.00012328
638,1999,2,5_9,0.00013027
638,2000,2,5_9,0.00013692
638,2001,2,5_9,0.00012032
638,2002,2,5_9,0.0001055
638,2003,2,5_9,9.691e-05
638,2004,2,5_9,7.945e-05
638,2005,2,5_9,6.666e-05
638,2006,2,5_9,5.326e-05
638,2007,2,5_9,6.269e-05
638,2008,2,5_9,7.691e-05
638,2009,2,5_9,9.218e-05
638,2010,2,5_9,8.8e-05
638,2011,2,5_9,7.105e-05
638,2012,2,5_9,5.417e-05
638,2013,2,5_9,4.298e-05
638,2014,2,5_9,3.914e-05
638,2015,2,5_9,4.69e-05
638,2016,2,5_9,6.212e-05
638,2017,2,5_9,8.043e-05
638,2018,2,5_9,8.044e-05
638,2019,2,5_9,0.00010825
638,2020,2,5_9,1.292e-05
638,2021,2,5_9,0.00010729
638,2022,2,5_9,9.742e-05
638,2023,2,5_9,8.011e-05
646,1950,2,5_9,0.00865126
646,1951,2,5_9,0.00850247
646,1952,2,5_9,0.00837075
646,1953,2,5_9,0.00822679
646,1954,2,5_9,0.00805975
646,1955,2,5_9,0.00788086
646,1956,2,5_9,0.0076989
646,1957,2,5_9,0.00749933
646,1958,2,5_9,0.00729124
646,1959,2,5_9,0.00707507
646,1960,2,5_9,0.00686623
646,1961,2,5_9,0.00667639
646,1962,2,5_9,0.00651944
646,1963,2,5_9,0.00821991
646,1964,2,5_9,0.00635904
646,1965,2,5_9,0.00633105
646,1966,2,5_9,0.00637373
646,1967,2,5_9,0.00641546
646,1968,2,5_9,0.00649924
646,1969,2,5_9,0.00661625
646,1970,2,5_9,0.00677088
646,1971,2,5_9,0.00694551
646,1972,2,5_9,0.00714229
646,1973,2,5_9,0.00737231
646,1974,2,5_9,0.00759814
646,1975,2,5_9,0.00776325
646,1976,2,5_9,0.00782172
646,1977,2,5_9,0.00773139
646,1978,2,5_9,0.00747408
646,1979,2,5_9,0.00705255
646,1980,2,5_9,0.0065204
646,1981,2,5_9,0.00595866
646,1982,2,5_9,0.00544875
646,1983,2,5_9,0.00501811
646,1984,2,5_9,0.00467745
646,1985,2,5_9,0.00440995
646,1986,2,5_9,0.00422509
646,1987,2,5_9,0.00411443
646,1988,2,5_9,0.00408862
646,1989,2,5_9,0.00417077
646,1990,2,5_9,0.00436927
646,1991,2,5_9,0.00461991
646,1992,2,5_9,0.0050103
646,1993,2,5_9,0.00546444
646,1994,2,5_9,0.03130202
646,1995,2,5_9,0.00669132
646,1996,2,5_9,0.00644867
646,1997,2,5_9,0.0067046
646,1998,2,5_9,0.00611664
646,1999,2,5_9,0.0056506
646,2000,2,5_9,0.00507986
646,2001,2,5_9,0.00448009
646,2002,2,5_9,0.00400652
646,2003,2,5_9,0.00338008
646,2004,2,5_9,0.00291044
646,2005,2,5_9,0.00251303
646,2006,2,5_9,0.00218712
646,2007,2,5_9,0.00191369
646,2008,2,5_9,0.00169359
646,2009,2,5_9,0.00151182
646,2010,2,5_9,0.001368
646,2011,2,5_9,0.00124454
646,2012,2,5_9,0.00115113
646,2013,2,5_9,0.00107306
646,2014,2,5_9,0.00101109
646,2015,2,5_9,0.00095875
646,2016,2,5_9,0.00092309
646,2017,2,5_9,0.00088749
646,2018,2,5_9,0.00085908
646,2019,2,5_9,0.00082903
646,2020,2,5_9,0.00080265
646,2021,2,5_9,0.00076819
646,2022,2,5_9,0.00073861
646,2023,2,5_9,0.00070958
690,1950,2,5_9,0.0038112
690,1951,2,5_9,0.00369503
690,1952,2,5_9,0.00352349
690,1953,2,5_9,0.00335882
690,1954,2,5_9,0.0032018
690,1955,2,5_9,0.00300492
690,1956,2,5_9,0.0029895
690,1957,2,5_9,0.00302025
690,1958,2,5_9,0.00314329
690,1959,2,5_9,0.00313792
690,1960,2,5_9,0.00313594
690,1961,2,5_9,0.00313479
690,1962,2,5_9,0.00313429
690,1963,2,5_9,0.00339653
690,1964,2,5_9,0.00350069
690,1965,2,5_9,0.00343877
690,1966,2,5_9,0.00311819
690,1967,2,5_9,0.00288214
690,1968,2,5_9,0.00280467
690,1969,2,5_9,0.0025518
690,1970,2,5_9,0.00208661
690,1971,2,5_9,0.00156206
690,1972,2,5_9,0.00117327
690,1973,2,5_9,0.00103576
690,1974,2,5_9,0.00093971
690,1975,2,5_9,0.00084598
690,1976,2,5_9,0.000752
690,1977,2,5_9,0.00066267
690,1978,2,5_9,0.00058541
690,1979,2,5_9,0.00053593
690,1980,2,5_9,0.00050671
690,1981,2,5_9,0.00050226
690,1982,2,5_9,0.00050078
690,1983,2,5_9,0.00050026
690,1984,2,5_9,0.00048131
690,1985,2,5_9,0.00046573
690,1986,2,5_9,0.00043992
690,1987,2,5_9,0.00041631
690,1988,2,5_9,0.0003859
690,1989,2,5_9,0.00036602
690,1990,2,5_9,0.00035107
690,1991,2,5_9,0.00033843
690,1992,2,5_9,0.00032543
690,1993,2,5_9,0.00031942
690,1994,2,5_9,0.00031457
690,1995,2,5_9,0.00030609
690,1996,2,5_9,0.0002882
690,1997,2,5_9,0.00031676
690,1998,2,5_9,0.00025326
690,1999,2,5_9,0.00023745
690,2000,2,5_9,0.00022434
690,2001,2,5_9,0.00022256
690,2002,2,5_9,0.0002334
690,2003,2,5_9,0.0002515
690,2004,2,5_9,0.00030601
690,2005,2,5_9,0.00027268
690,2006,2,5_9,0.00026774
690,2007,2,5_9,0.00025694
690,2008,2,5_9,0.00021411
690,2009,2,5_9,0.00017866
690,2010,2,5_9,0.00014981
690,2011,2,5_9,0.00013864
690,2012,2,5_9,0.00014291
690,2013,2,5_9,0.00016292
690,2014,2,5_9,0.00018882
690,2015,2,5_9,0.00021753
690,2016,2,5_9,0.0002458
690,2017,2,5_9,0.00027864
690,2018,2,5_9,0.00031924
690,2019,2,5_9,0.00036458
690,2020,2,5_9,2.722e-05
690,2021,2,5_9,0.00067292
690,2022,2,5_9,0.00069264
690,2023,2,5_9,0.00021943
706,1950,2,5_9,0.01071812
706,1951,2,5_9,0.01061735
706,1952,2,5_9,0.01051803
706,1953,2,5_9,0.01041981
706,1954,2,5_9,0.01032252
706,1955,2,5_9,0.01022613
706,1956,2,5_9,0.01013068
706,1957,2,5_9,0.0100363
706,1958,2,5_9,0.00994306
706,1959,2,5_9,0.00985098
706,1960,2,5_9,0.00975734
706,1961,2,5_9,0.00969704
706,1962,2,5_9,0.00955459
706,1963,2,5_9,0.00945537
706,1964,2,5_9,0.0093685
706,1965,2,5_9,0.00926258
706,1966,2,5_9,0.0091697
706,1967,2,5_9,0.00907951
706,1968,2,5_9,0.00899205
706,1969,2,5_9,0.00890713
706,1970,2,5_9,0.00882646
706,1971,2,5_9,0.00874523
706,1972,2,5_9,0.00866306
706,1973,2,5_9,0.00857543
706,1974,2,5_9,0.00952897
706,1975,2,5_9,0.00941521
706,1976,2,5_9,0.0093003
706,1977,2,5_9,0.00821668
706,1978,2,5_9,0.00812726
706,1979,2,5_9,0.00803726
706,1980,2,5_9,0.00794628
706,1981,2,5_9,0.00785678
706,1982,2,5_9,0.00776623
706,1983,2,5_9,0.00767651
706,1984,2,5_9,0.00758799
706,1985,2,5_9,0.00768225
706,1986,2,5_9,0.00760692
706,1987,2,5_9,0.00732719
706,1988,2,5_9,0.00803822
706,1989,2,5_9,0.00701667
706,1990,2,5_9,0.00688259
706,1991,2,5_9,0.02169461
706,1992,2,5_9,0.02281865
706,1993,2,5_9,0.00665039
706,1994,2,5_9,0.00676768
706,1995,2,5_9,0.00657304
706,1996,2,5_9,0.00663588
706,1997,2,5_9,0.00676182
706,1998,2,5_9,0.00658474
706,1999,2,5_9,0.00664113
706,2000,2,5_9,0.00660259
706,2001,2,5_9,0.00656341
706,2002,2,5_9,0.00656858
706,2003,2,5_9,0.00657716
706,2004,2,5_9,0.00658167
706,2005,2,5_9,0.00649558
706,2006,2,5_9,0.00643611
706,2007,2,5_9,0.00642606
706,2008,2,5_9,0.00618194
706,2009,2,5_9,0.00597224
706,2010,2,5_9,0.00717247
706,2011,2,5_9,0.01665789
706,2012,2,5_9,0.00709592
706,2013,2,5_9,0.00514462
706,2014,2,5_9,0.00492493
706,2015,2,5_9,0.00472693
706,2016,2,5_9,0.00458908
706,2017,2,5_9,0.00585151
706,2018,2,5_9,0.00486684
706,2019,2,5_9,0.00402962
706,2020,2,5_9,0.00383448
706,2021,2,5_9,0.00365982
706,2022,2,5_9,0.00521593
706,2023,2,5_9,0.00338484
728,1950,2,5_9,0.01398603
728,1951,2,5_9,0.01371901
728,1952,2,5_9,0.01364855
728,1953,2,5_9,0.01348723
728,1954,2,5_9,0.01337272
728,1955,2,5_9,0.01329418
728,1956,2,5_9,0.01356741
728,1957,2,5_9,0.01430118
728,1958,2,5_9,0.01733205
728,1959,2,5_9,0.01726779
728,1960,2,5_9,0.01720001
728,1961,2,5_9,0.01713188
728,1962,2,5_9,0.01715384
728,1963,2,5_9,0.01638955
728,1964,2,5_9,0.01386273
728,1965,2,5_9,0.01626203
728,1966,2,5_9,0.01879215
728,1967,2,5_9,0.01874056
728,1968,2,5_9,0.01868538
728,1969,2,5_9,0.01942161
728,1970,2,5_9,0.01936232
728,1971,2,5_9,0.01555655
728,1972,2,5_9,0.01549545
728,1973,2,5_9,0.01305301
728,1974,2,5_9,0.0130386
728,1975,2,5_9,0.01302332
728,1976,2,5_9,0.01304065
728,1977,2,5_9,0.01286769
728,1978,2,5_9,0.01299956
728,1979,2,5_9,0.0130802
728,1980,2,5_9,0.01316489
728,1981,2,5_9,0.01311514
728,1982,2,5_9,0.0129423
728,1983,2,5_9,0.01542761
728,1984,2,5_9,0.01747988
728,1985,2,5_9,0.01679465
728,1986,2,5_9,0.01625858
728,1987,2,5_9,0.02972188
728,1988,2,5_9,0.04587063
728,1989,2,5_9,0.01986923
728,1990,2,5_9,0.01938286
728,1991,2,5_9,0.01876496
728,1992,2,5_9,0.02766428
728,1993,2,5_9,0.02714729
728,1994,2,5_9,0.00866835
728,1995,2,5_9,0.0171712
728,1996,2,5_9,0.01687468
728,1997,2,5_9,0.0163437
728,1998,2,5_9,0.03240639
728,1999,2,5_9,0.00977103
728,2000,2,5_9,0.00846842
728,2001,2,5_9,0.00811785
728,2002,2,5_9,0.00787155
728,2003,2,5_9,0.00682351
728,2004,2,5_9,0.00663233
728,2005,2,5_9,0.00623511
728,2006,2,5_9,0.00588214
728,2007,2,5_9,0.00555984
728,2008,2,5_9,0.00518321
728,2009,2,5_9,0.00496037
728,2010,2,5_9,0.00470728
728,2011,2,5_9,0.00454182
728,2012,2,5_9,0.00435587
728,2013,2,5_9,0.00429015
728,2014,2,5_9,0.0087131
728,2015,2,5_9,0.01171535
728,2016,2,5_9,0.0133925
728,2017,2,5_9,0.01415755
728,2018,2,5_9,0.00615962
728,2019,2,5_9,0.00400188
728,2020,2,5_9,0.00397377
728,2021,2,5_9,0.00397953
728,2022,2,5_9,0.00397286
728,2023,2,5_9,0.00393691
800,1950,2,5_9,0.00922321
800,1951,2,5_9,0.00894339
800,1952,2,5_9,0.00866504
800,1953,2,5_9,0.00838902
800,1954,2,5_9,0.00812741
800,1955,2,5_9,0.00787608
800,1956,2,5_9,0.00763864
800,1957,2,5_9,0.0074139
800,1958,2,5_9,0.00720223
800,1959,2,5_9,0.00700265
800,1960,2,5_9,0.00682918
800,1961,2,5_9,0.0066452
800,1962,2,5_9,0.00647517
800,1963,2,5_9,0.00631591
800,1964,2,5_9,0.00616552
800,1965,2,5_9,0.00602315
800,1966,2,5_9,0.00596441
800,1967,2,5_9,0.00577964
800,1968,2,5_9,0.00568009
800,1969,2,5_9,0.00559704
800,1970,2,5_9,0.0055566
800,1971,2,5_9,0.00633281
800,1972,2,5_9,0.00633777
800,1973,2,5_9,0.00669327
800,1974,2,5_9,0.00650414
800,1975,2,5_9,0.00690147
800,1976,2,5_9,0.00703024
800,1977,2,5_9,0.0071546
800,1978,2,5_9,0.00692868
800,1979,2,5_9,0.00698071
800,1980,2,5_9,0.00723665
800,1981,2,5_9,0.00715635
800,1982,2,5_9,0.00692175
800,1983,2,5_9,0.00674767
800,1984,2,5_9,0.00656058
800,1985,2,5_9,0.00581756
800,1986,2,5_9,0.00566612
800,1987,2,5_9,0.00549245
800,1988,2,5_9,0.00536388
800,1989,2,5_9,0.00524702
800,1990,2,5_9,0.00513292
800,1991,2,5_9,0.00496275
800,1992,2,5_9,0.00484162
800,1993,2,5_9,0.00470875
800,1994,2,5_9,0.00459348
800,1995,2,5_9,0.00448572
800,1996,2,5_9,0.00439264
800,1997,2,5_9,0.00427101
800,1998,2,5_9,0.00415457
800,1999,2,5_9,0.00393253
800,2000,2,5_9,0.0037149
800,2001,2,5_9,0.00347338
800,2002,2,5_9,0.00324584
800,2003,2,5_9,0.00303004
800,2004,2,5_9,0.00276668
800,2005,2,5_9,0.00253056
800,2006,2,5_9,0.00231888
800,2007,2,5_9,0.00212329
800,2008,2,5_9,0.00195091
800,2009,2,5_9,0.0017948
800,2010,2,5_9,0.00167023
800,2011,2,5_9,0.0015099
800,2012,2,5_9,0.00139873
800,2013,2,5_9,0.00129863
800,2014,2,5_9,0.00120718
800,2015,2,5_9,0.00112755
800,2016,2,5_9,0.00105721
800,2017,2,5_9,0.00098805
800,2018,2,5_9,0.00094668
800,2019,2,5_9,0.00091502
800,2020,2,5_9,0.00088326
800,2021,2,5_9,0.00085376
800,2022,2,5_9,0.00083091
800,2023,2,5_9,0.00074755
834,1950,2,5_9,0.0085721
834,1951,2,5_9,0.00848512
834,1952,2,5_9,0.00839518
834,1953,2,5_9,0.00830555
834,1954,2,5_9,0.00821473
834,1955,2,5_9,0.00812511
834,1956,2,5_9,0.00803663
834,1957,2,5_9,0.0079738
834,1958,2,5_9,0.00789299
834,1959,2,5_9,0.00781317
834,1960,2,5_9,0.00773272
834,1961,2,5_9,0.00764679
834,1962,2,5_9,0.0075524
834,1963,2,5_9,0.0074517
834,1964,2,5_9,0.00734073
834,1965,2,5_9,0.00722038
834,1966,2,5_9,0.00709281
834,1967,2,5_9,0.00695931
834,1968,2,5_9,0.00682066
834,1969,2,5_9,0.00667675
834,1970,2,5_9,0.00652943
834,1971,2,5_9,0.00637809
834,1972,2,5_9,0.00622104
834,1973,2,5_9,0.00606042
834,1974,2,5_9,0.00589114
834,1975,2,5_9,0.00571304
834,1976,2,5_9,0.00553917
834,1977,2,5_9,0.00536158
834,1978,2,5_9,0.00523884
834,1979,2,5_9,0.00510925
834,1980,2,5_9,0.00503327
834,1981,2,5_9,0.00498818
834,1982,2,5_9,0.00496962
834,1983,2,5_9,0.00494793
834,1984,2,5_9,0.00494671
834,1985,2,5_9,0.00491561
834,1986,2,5_9,0.00487267
834,1987,2,5_9,0.00480922
834,1988,2,5_9,0.00474502
834,1989,2,5_9,0.00465119
834,1990,2,5_9,0.00457697
834,1991,2,5_9,0.00451081
834,1992,2,5_9,0.00448755
834,1993,2,5_9,0.00435718
834,1994,2,5_9,0.00428447
834,1995,2,5_9,0.00416971
834,1996,2,5_9,0.0040393
834,1997,2,5_9,0.00393969
834,1998,2,5_9,0.00370705
834,1999,2,5_9,0.00348918
834,2000,2,5_9,0.00324201
834,2001,2,5_9,0.00299395
834,2002,2,5_9,0.00275735
834,2003,2,5_9,0.00252235
834,2004,2,5_9,0.00231869
834,2005,2,5_9,0.00212785
834,2006,2,5_9,0.00196493
834,2007,2,5_9,0.00181476
834,2008,2,5_9,0.0016854
834,2009,2,5_9,0.00155199
834,2010,2,5_9,0.00145053
834,2011,2,5_9,0.00136242
834,2012,2,5_9,0.0012846
834,2013,2,5_9,0.00121112
834,2014,2,5_9,0.00114738
834,2015,2,5_9,0.00109048
834,2016,2,5_9,0.00102823
834,2017,2,5_9,0.0009797
834,2018,2,5_9,0.00093909
834,2019,2,5_9,0.00090653
834,2020,2,5_9,0.00087469
834,2021,2,5_9,0.00081861
834,2022,2,5_9,0.00081748
834,2023,2,5_9,0.0007806
894,1950,2,5_9,0.00807606
894,1951,2,5_9,0.00789732
894,1952,2,5_9,0.00771946
894,1953,2,5_9,0.00754195
894,1954,2,5_9,0.00737021
894,1955,2,5_9,0.00719293
894,1956,2,5_9,0.00701501
894,1957,2,5_9,0.0068362
894,1958,2,5_9,0.00665135
894,1959,2,5_9,0.00646891
894,1960,2,5_9,0.00635919
894,1961,2,5_9,0.00621015
894,1962,2,5_9,0.00607831
894,1963,2,5_9,0.0059823
894,1964,2,5_9,0.00601582
894,1965,2,5_9,0.00576132
894,1966,2,5_9,0.00567005
894,1967,2,5_9,0.00556962
894,1968,2,5_9,0.00546122
894,1969,2,5_9,0.00533694
894,1970,2,5_9,0.0052023
894,1971,2,5_9,0.00503271
894,1972,2,5_9,0.00486408
894,1973,2,5_9,0.00470111
894,1974,2,5_9,0.00455923
894,1975,2,5_9,0.00444386
894,1976,2,5_9,0.00436213
894,1977,2,5_9,0.00431744
894,1978,2,5_9,0.00431284
894,1979,2,5_9,0.00432363
894,1980,2,5_9,0.00437093
894,1981,2,5_9,0.00442223
894,1982,2,5_9,0.00451868
894,1983,2,5_9,0.00460404
894,1984,2,5_9,0.00471623
894,1985,2,5_9,0.00483999
894,1986,2,5_9,0.00497383
894,1987,2,5_9,0.00509824
894,1988,2,5_9,0.0052129
894,1989,2,5_9,0.00531043
894,1990,2,5_9,0.00539496
894,1991,2,5_9,0.00549052
894,1992,2,5_9,0.00545208
894,1993,2,5_9,0.00533824
894,1994,2,5_9,0.00523925
894,1995,2,5_9,0.00513111
894,1996,2,5_9,0.00497596
894,1997,2,5_9,0.0048551
894,1998,2,5_9,0.00466375
894,1999,2,5_9,0.0044979
894,2000,2,5_9,0.00412042
894,2001,2,5_9,0.00381743
894,2002,2,5_9,0.00358026
894,2003,2,5_9,0.00325845
894,2004,2,5_9,0.00287819
894,2005,2,5_9,0.00259973
894,2006,2,5_9,0.00247283
894,2007,2,5_9,0.00225799
894,2008,2,5_9,0.00209471
894,2009,2,5_9,0.00196258
894,2010,2,5_9,0.00181098
894,2011,2,5_9,0.0017627
894,2012,2,5_9,0.00168754
894,2013,2,5_9,0.00161579
894,2014,2,5_9,0.00154198
894,2015,2,5_9,0.00149691
894,2016,2,5_9,0.00143095
894,2017,2,5_9,0.00140234
894,2018,2,5_9,0.00135204
894,2019,2,5_9,0.00130057
894,2020,2,5_9,0.00124638
894,2021,2,5_9,0.00120247
894,2022,2,5_9,0.00107166
894,2023,2,5_9,0.0009389
716,1950,2,5_9,0.00549834
716,1951,2,5_9,0.00535915
716,1952,2,5_9,0.00522279
716,1953,2,5_9,0.00508627
716,1954,2,5_9,0.00495247
716,1955,2,5_9,0.00480909
716,1956,2,5_9,0.0046774
716,1957,2,5_9,0.00454715
716,1958,2,5_9,0.00441122
716,1959,2,5_9,0.00427392
716,1960,2,5_9,0.00413028
716,1961,2,5_9,0.00398371
716,1962,2,5_9,0.00383328
716,1963,2,5_9,0.00368675
716,1964,2,5_9,0.00354279
716,1965,2,5_9,0.00340398
716,1966,2,5_9,0.00327599
716,1967,2,5_9,0.00316701
716,1968,2,5_9,0.00306332
716,1969,2,5_9,0.00299494
716,1970,2,5_9,0.0029347
716,1971,2,5_9,0.0028899
716,1972,2,5_9,0.00285624
716,1973,2,5_9,0.00283643
716,1974,2,5_9,0.00282625
716,1975,2,5_9,0.0028281
716,1976,2,5_9,0.00281585
716,1977,2,5_9,0.00279847
716,1978,2,5_9,0.00276463
716,1979,2,5_9,0.00275487
716,1980,2,5_9,0.00261615
716,1981,2,5_9,0.00250219
716,1982,2,5_9,0.00235276
716,1983,2,5_9,0.00227097
716,1984,2,5_9,0.00206399
716,1985,2,5_9,0.00194993
716,1986,2,5_9,0.00185513
716,1987,2,5_9,0.00181181
716,1988,2,5_9,0.00179817
716,1989,2,5_9,0.00183737
716,1990,2,5_9,0.00189199
716,1991,2,5_9,0.00197979
716,1992,2,5_9,0.00208627
716,1993,2,5_9,0.00219155
716,1994,2,5_9,0.00227808
716,1995,2,5_9,0.00235827
716,1996,2,5_9,0.0023945
716,1997,2,5_9,0.00236488
716,1998,2,5_9,0.00241941
716,1999,2,5_9,0.00241378
716,2000,2,5_9,0.00242424
716,2001,2,5_9,0.00249653
716,2002,2,5_9,0.00240924
716,2003,2,5_9,0.0024113
716,2004,2,5_9,0.00233061
716,2005,2,5_9,0.00236061
716,2006,2,5_9,0.00228728
716,2007,2,5_9,0.00226153
716,2008,2,5_9,0.00239408
716,2009,2,5_9,0.00227947
716,2010,2,5_9,0.00196691
716,2011,2,5_9,0.00183357
716,2012,2,5_9,0.00162658
716,2013,2,5_9,0.00153162
716,2014,2,5_9,0.00142197
716,2015,2,5_9,0.00132724
716,2016,2,5_9,0.00126889
716,2017,2,5_9,0.00122812
716,2018,2,5_9,0.00116433
716,2019,2,5_9,0.00118755
716,2020,2,5_9,0.00109115
716,2021,2,5_9,0.00105348
716,2022,2,5_9,0.00106079
716,2023,2,5_9,0.0009872
24,1950,2,5_9,0.01193253
24,1951,2,5_9,0.01180813
24,1952,2,5_9,0.0116926
24,1953,2,5_9,0.01156448
24,1954,2,5_9,0.01143251
24,1955,2,5_9,0.01129466
24,1956,2,5_9,0.01114315
24,1957,2,5_9,0.01099641
24,1958,2,5_9,0.01084145
24,1959,2,5_9,0.01067099
24,1960,2,5_9,0.01048191
24,1961,2,5_9,0.01030277
24,1962,2,5_9,0.01011504
24,1963,2,5_9,0.00993323
24,1964,2,5_9,0.00973856
24,1965,2,5_9,0.00954405
24,1966,2,5_9,0.00934304
24,1967,2,5_9,0.00913622
24,1968,2,5_9,0.00893464
24,1969,2,5_9,0.00873619
24,1970,2,5_9,0.0085456
24,1971,2,5_9,0.00835458
24,1972,2,5_9,0.00816881
24,1973,2,5_9,0.00799034
24,1974,2,5_9,0.00781766
24,1975,2,5_9,0.00796154
24,1976,2,5_9,0.00795084
24,1977,2,5_9,0.00779748
24,1978,2,5_9,0.00764784
24,1979,2,5_9,0.00750408
24,1980,2,5_9,0.00736704
24,1981,2,5_9,0.00723449
24,1982,2,5_9,0.00711139
24,1983,2,5_9,0.00744229
24,1984,2,5_9,0.00732767
24,1985,2,5_9,0.00722801
24,1986,2,5_9,0.0071441
24,1987,2,5_9,0.00794525
24,1988,2,5_9,0.00767517
24,1989,2,5_9,0.00756098
24,1990,2,5_9,0.00748949
24,1991,2,5_9,0.00673322
24,1992,2,5_9,0.00744918
24,1993,2,5_9,0.00668762
24,1994,2,5_9,0.00616864
24,1995,2,5_9,0.00610428
24,1996,2,5_9,0.0060017
24,1997,2,5_9,0.00588328
24,1998,2,5_9,0.0062516
24,1999,2,5_9,0.00576352
24,2000,2,5_9,0.00582463
24,2001,2,5_9,0.00537488
24,2002,2,5_9,0.00532909
24,2003,2,5_9,0.00457268
24,2004,2,5_9,0.00427829
24,2005,2,5_9,0.00397424
24,2006,2,5_9,0.0037728
24,2007,2,5_9,0.00339386
24,2008,2,5_9,0.00309536
24,2009,2,5_9,0.00282789
24,2010,2,5_9,0.00258077
24,2011,2,5_9,0.00237351
24,2012,2,5_9,0.00217862
24,2013,2,5_9,0.00200466
24,2014,2,5_9,0.00186385
24,2015,2,5_9,0.00174838
24,2016,2,5_9,0.0016393
24,2017,2,5_9,0.00154729
24,2018,2,5_9,0.00146797
24,2019,2,5_9,0.0013977
24,2020,2,5_9,0.00132848
24,2021,2,5_9,0.00125935
24,2022,2,5_9,0.00121587
24,2023,2,5_9,0.00116603
120,1950,2,5_9,0.01510929
120,1951,2,5_9,0.01459349
120,1952,2,5_9,0.01410169
120,1953,2,5_9,0.01357185
120,1954,2,5_9,0.01301259
120,1955,2,5_9,0.0124247
120,1956,2,5_9,0.01183274
120,1957,2,5_9,0.01125527
120,1958,2,5_9,0.01072331
120,1959,2,5_9,0.01025805
120,1960,2,5_9,0.00988174
120,1961,2,5_9,0.00952437
120,1962,2,5_9,0.00920282
120,1963,2,5_9,0.00890618
120,1964,2,5_9,0.0086137
120,1965,2,5_9,0.00830619
120,1966,2,5_9,0.00797932
120,1967,2,5_9,0.00766338
120,1968,2,5_9,0.00730538
120,1969,2,5_9,0.00694048
120,1970,2,5_9,0.00661903
120,1971,2,5_9,0.00637176
120,1972,2,5_9,0.00609771
120,1973,2,5_9,0.00589798
120,1974,2,5_9,0.00574952
120,1975,2,5_9,0.00563015
120,1976,2,5_9,0.0055306
120,1977,2,5_9,0.00542629
120,1978,2,5_9,0.00530979
120,1979,2,5_9,0.00516997
120,1980,2,5_9,0.00500277
120,1981,2,5_9,0.00480745
120,1982,2,5_9,0.00459811
120,1983,2,5_9,0.00438666
120,1984,2,5_9,0.00419453
120,1985,2,5_9,0.00400989
120,1986,2,5_9,0.00402469
120,1987,2,5_9,0.00372497
120,1988,2,5_9,0.00364969
120,1989,2,5_9,0.00360866
120,1990,2,5_9,0.0036121
120,1991,2,5_9,0.00366309
120,1992,2,5_9,0.00367897
120,1993,2,5_9,0.00373223
120,1994,2,5_9,0.00380136
120,1995,2,5_9,0.00384137
120,1996,2,5_9,0.00389625
120,1997,2,5_9,0.00388368
120,1998,2,5_9,0.00387574
120,1999,2,5_9,0.00381401
120,2000,2,5_9,0.00374442
120,2001,2,5_9,0.00365389
120,2002,2,5_9,0.00354762
120,2003,2,5_9,0.00343661
120,2004,2,5_9,0.00333083
120,2005,2,5_9,0.00322901
120,2006,2,5_9,0.0030987
120,2007,2,5_9,0.0029854
120,2008,2,5_9,0.00287665
120,2009,2,5_9,0.00275921
120,2010,2,5_9,0.00266036
120,2011,2,5_9,0.00254017
120,2012,2,5_9,0.00238405
120,2013,2,5_9,0.0022602
120,2014,2,5_9,0.00215265
120,2015,2,5_9,0.00204642
120,2016,2,5_9,0.00194271
120,2017,2,5_9,0.00185193
120,2018,2,5_9,0.00176964
120,2019,2,5_9,0.00169516
120,2020,2,5_9,0.00162606
120,2021,2,5_9,0.00155498
120,2022,2,5_9,0.00149721
120,2023,2,5_9,0.00142739
140,1950,2,5_9,0.01124988
140,1951,2,5_9,0.0110269
140,1952,2,5_9,0.01079982
140,1953,2,5_9,0.01058358
140,1954,2,5_9,0.01036789
140,1955,2,5_9,0.01015643
140,1956,2,5_9,0.00996236
140,1957,2,5_9,0.00975724
140,1958,2,5_9,0.00954728
140,1959,2,5_9,0.00933318
140,1960,2,5_9,0.00909275
140,1961,2,5_9,0.00884701
140,1962,2,5_9,0.00859519
140,1963,2,5_9,0.00833725
140,1964,2,5_9,0.0080755
140,1965,2,5_9,0.00781779
140,1966,2,5_9,0.00756433
140,1967,2,5_9,0.00730913
140,1968,2,5_9,0.00706074
140,1969,2,5_9,0.00682215
140,1970,2,5_9,0.00659477
140,1971,2,5_9,0.00638125
140,1972,2,5_9,0.00618175
140,1973,2,5_9,0.00599979
140,1974,2,5_9,0.00582533
140,1975,2,5_9,0.00566708
140,1976,2,5_9,0.00551659
140,1977,2,5_9,0.00537745
140,1978,2,5_9,0.0052487
140,1979,2,5_9,0.00513128
140,1980,2,5_9,0.00502584
140,1981,2,5_9,0.00493312
140,1982,2,5_9,0.00485304
140,1983,2,5_9,0.00478578
140,1984,2,5_9,0.00472873
140,1985,2,5_9,0.00468312
140,1986,2,5_9,0.00464568
140,1987,2,5_9,0.00461414
140,1988,2,5_9,0.00458689
140,1989,2,5_9,0.00456286
140,1990,2,5_9,0.00454073
140,1991,2,5_9,0.00452431
140,1992,2,5_9,0.00451129
140,1993,2,5_9,0.00447596
140,1994,2,5_9,0.0044506
140,1995,2,5_9,0.00442089
140,1996,2,5_9,0.00437715
140,1997,2,5_9,0.00435514
140,1998,2,5_9,0.00429135
140,1999,2,5_9,0.00421431
140,2000,2,5_9,0.00417483
140,2001,2,5_9,0.00411897
140,2002,2,5_9,0.00397028
140,2003,2,5_9,0.00383752
140,2004,2,5_9,0.00371795
140,2005,2,5_9,0.00357404
140,2006,2,5_9,0.00345111
140,2007,2,5_9,0.00333622
140,2008,2,5_9,0.00312331
140,2009,2,5_9,0.03413643
140,2010,2,5_9,0.00440418
140,2011,2,5_9,0.00337951
140,2012,2,5_9,0.00302307
140,2013,2,5_9,0.0036471
140,2014,2,5_9,0.00738454
140,2015,2,5_9,0.00316897
140,2016,2,5_9,0.00349538
140,2017,2,5_9,0.00547478
140,2018,2,5_9,0.00317658
140,2019,2,5_9,0.01284955
140,2020,2,5_9,0.00360157
140,2021,2,5_9,0.00740723
140,2022,2,5_9,0.02699721
140,2023,2,5_9,0.00193598
148,1950,2,5_9,0.01260118
148,1951,2,5_9,0.01251995
148,1952,2,5_9,0.01235777
148,1953,2,5_9,0.01219845
148,1954,2,5_9,0.01195989
148,1955,2,5_9,0.01171532
148,1956,2,5_9,0.01144932
148,1957,2,5_9,0.0111905
148,1958,2,5_9,0.01093794
148,1959,2,5_9,0.01078177
148,1960,2,5_9,0.01060419
148,1961,2,5_9,0.01051418
148,1962,2,5_9,0.01044152
148,1963,2,5_9,0.0103184
148,1964,2,5_9,0.01022952
148,1965,2,5_9,0.01022655
148,1966,2,5_9,0.00991792
148,1967,2,5_9,0.00983345
148,1968,2,5_9,0.00967747
148,1969,2,5_9,0.0095912
148,1970,2,5_9,0.00941763
148,1971,2,5_9,0.00981562
148,1972,2,5_9,0.00925804
148,1973,2,5_9,0.00929735
148,1974,2,5_9,0.00921644
148,1975,2,5_9,0.00910313
148,1976,2,5_9,0.00894992
148,1977,2,5_9,0.00884676
148,1978,2,5_9,0.00873659
148,1979,2,5_9,0.00863124
148,1980,2,5_9,0.00847251
148,1981,2,5_9,0.00840896
148,1982,2,5_9,0.00807336
148,1983,2,5_9,0.00761618
148,1984,2,5_9,0.00743846
148,1985,2,5_9,0.00740698
148,1986,2,5_9,0.00704798
148,1987,2,5_9,0.00715744
148,1988,2,5_9,0.00733732
148,1989,2,5_9,0.00728517
148,1990,2,5_9,0.00737845
148,1991,2,5_9,0.0077217
148,1992,2,5_9,0.00789031
148,1993,2,5_9,0.00812816
148,1994,2,5_9,0.00829978
148,1995,2,5_9,0.0082438
148,1996,2,5_9,0.00829708
148,1997,2,5_9,0.00820855
148,1998,2,5_9,0.00850807
148,1999,2,5_9,0.00858998
148,2000,2,5_9,0.00871864
148,2001,2,5_9,0.00875343
148,2002,2,5_9,0.00885799
148,2003,2,5_9,0.00887073
148,2004,2,5_9,0.00891206
148,2005,2,5_9,0.00901164
148,2006,2,5_9,0.00908787
148,2007,2,5_9,0.00895799
148,2008,2,5_9,0.00900342
148,2009,2,5_9,0.00896606
148,2010,2,5_9,0.00892503
148,2011,2,5_9,0.00883656
148,2012,2,5_9,0.00877074
148,2013,2,5_9,0.00869728
148,2014,2,5_9,0.00867556
148,2015,2,5_9,0.00864192
148,2016,2,5_9,0.00859159
148,2017,2,5_9,0.00838636
148,2018,2,5_9,0.00802017
148,2019,2,5_9,0.00765624
148,2020,2,5_9,0.00725178
148,2021,2,5_9,0.00693204
148,2022,2,5_9,0.0065982
148,2023,2,5_9,0.00634956
178,1950,2,5_9,0.01022474
178,1951,2,5_9,0.00975671
178,1952,2,5_9,0.00930197
178,1953,2,5_9,0.00885942
178,1954,2,5_9,0.00842696
178,1955,2,5_9,0.00798558
178,1956,2,5_9,0.00754337
178,1957,2,5_9,0.00712236
178,1958,2,5_9,0.00671741
178,1959,2,5_9,0.00634541
178,1960,2,5_9,0.00600031
178,1961,2,5_9,0.00568349
178,1962,2,5_9,0.00539525
178,1963,2,5_9,0.00512683
178,1964,2,5_9,0.00487783
178,1965,2,5_9,0.00463603
178,1966,2,5_9,0.00442314
178,1967,2,5_9,0.00435745
178,1968,2,5_9,0.00404683
178,1969,2,5_9,0.00387518
178,1970,2,5_9,0.00372888
178,1971,2,5_9,0.00359047
178,1972,2,5_9,0.00346409
178,1973,2,5_9,0.00334806
178,1974,2,5_9,0.00324249
178,1975,2,5_9,0.00314281
178,1976,2,5_9,0.00304025
178,1977,2,5_9,0.0029485
178,1978,2,5_9,0.00287686
178,1979,2,5_9,0.00277573
178,1980,2,5_9,0.00269205
178,1981,2,5_9,0.00261023
178,1982,2,5_9,0.00253743
178,1983,2,5_9,0.00246062
178,1984,2,5_9,0.00239886
178,1985,2,5_9,0.00234239
178,1986,2,5_9,0.00229725
178,1987,2,5_9,0.00226191
178,1988,2,5_9,0.00224195
178,1989,2,5_9,0.00224212
178,1990,2,5_9,0.00228393
178,1991,2,5_9,0.00233267
178,1992,2,5_9,0.00239695
178,1993,2,5_9,0.00247908
178,1994,2,5_9,0.0025602
178,1995,2,5_9,0.00264939
178,1996,2,5_9,0.0027106
178,1997,2,5_9,0.00342572
178,1998,2,5_9,0.00318948
178,1999,2,5_9,0.00287781
178,2000,2,5_9,0.00277641
178,2001,2,5_9,0.00269199
178,2002,2,5_9,0.00256654
178,2003,2,5_9,0.00242046
178,2004,2,5_9,0.00221612
178,2005,2,5_9,0.00205713
178,2006,2,5_9,0.00189375
178,2007,2,5_9,0.00176873
178,2008,2,5_9,0.0016137
178,2009,2,5_9,0.00150785
178,2010,2,5_9,0.00145722
178,2011,2,5_9,0.00135937
178,2012,2,5_9,0.001288
178,2013,2,5_9,0.00127348
178,2014,2,5_9,0.00118022
178,2015,2,5_9,0.00114559
178,2016,2,5_9,0.00109547
178,2017,2,5_9,0.00105187
178,2018,2,5_9,0.00101427
178,2019,2,5_9,0.00151952
178,2020,2,5_9,0.00092004
178,2021,2,5_9,0.00090216
178,2022,2,5_9,0.0008771
178,2023,2,5_9,0.00085912
180,1950,2,5_9,0.01178988
180,1951,2,5_9,0.01165163
180,1952,2,5_9,0.01153978
180,1953,2,5_9,0.01142624
180,1954,2,5_9,0.01133569
180,1955,2,5_9,0.01121028
180,1956,2,5_9,0.01112634
180,1957,2,5_9,0.01100995
180,1958,2,5_9,0.01093364
180,1959,2,5_9,0.01088367
180,1960,2,5_9,0.01083504
180,1961,2,5_9,0.01108768
180,1962,2,5_9,0.01104947
180,1963,2,5_9,0.01099528
180,1964,2,5_9,0.01113567
180,1965,2,5_9,0.0108994
180,1966,2,5_9,0.01050065
180,1967,2,5_9,0.01042832
180,1968,2,5_9,0.01036333
180,1969,2,5_9,0.01027733
180,1970,2,5_9,0.01013447
180,1971,2,5_9,0.01005761
180,1972,2,5_9,0.00999257
180,1973,2,5_9,0.00992414
180,1974,2,5_9,0.00988067
180,1975,2,5_9,0.00983826
180,1976,2,5_9,0.00983736
180,1977,2,5_9,0.00982955
180,1978,2,5_9,0.00994354
180,1979,2,5_9,0.00976548
180,1980,2,5_9,0.00972362
180,1981,2,5_9,0.00970192
180,1982,2,5_9,0.00963375
180,1983,2,5_9,0.0095606
180,1984,2,5_9,0.00945021
180,1985,2,5_9,0.00943054
180,1986,2,5_9,0.00924216
180,1987,2,5_9,0.00903313
180,1988,2,5_9,0.00877079
180,1989,2,5_9,0.00845174
180,1990,2,5_9,0.00810662
180,1991,2,5_9,0.00777421
180,1992,2,5_9,0.00745179
180,1993,2,5_9,0.00711896
180,1994,2,5_9,0.00692607
180,1995,2,5_9,0.00660359
180,1996,2,5_9,0.00679461
180,1997,2,5_9,0.00639765
180,1998,2,5_9,0.00620337
180,1999,2,5_9,0.00610373
180,2000,2,5_9,0.00607744
180,2001,2,5_9,0.00605387
180,2002,2,5_9,0.00605704
180,2003,2,5_9,0.00599477
180,2004,2,5_9,0.00591775
180,2005,2,5_9,0.00581303
180,2006,2,5_9,0.005697
180,2007,2,5_9,0.00558439
180,2008,2,5_9,0.00544831
180,2009,2,5_9,0.00527324
180,2010,2,5_9,0.00509264
180,2011,2,5_9,0.00492999
180,2012,2,5_9,0.00475991
180,2013,2,5_9,0.00460575
180,2014,2,5_9,0.00445659
180,2015,2,5_9,0.00430357
180,2016,2,5_9,0.00415128
180,2017,2,5_9,0.00400341
180,2018,2,5_9,0.00384356
180,2019,2,5_9,0.00373551
180,2020,2,5_9,0.00355163
180,2021,2,5_9,0.00340918
180,2022,2,5_9,0.00327112
180,2023,2,5_9,0.00315152
226,1950,2,5_9,0.00969416
226,1951,2,5_9,0.00955398
226,1952,2,5_9,0.00941663
226,1953,2,5_9,0.00928066
226,1954,2,5_9,0.00914842
226,1955,2,5_9,0.00901147
226,1956,2,5_9,0.00887559
226,1957,2,5_9,0.00874161
226,1958,2,5_9,0.00860862
226,1959,2,5_9,0.00847508
226,1960,2,5_9,0.00834271
226,1961,2,5_9,0.00821135
226,1962,2,5_9,0.00808116
226,1963,2,5_9,0.00795227
226,1964,2,5_9,0.00782567
226,1965,2,5_9,0.00770068
226,1966,2,5_9,0.00757767
226,1967,2,5_9,0.00745708
226,1968,2,5_9,0.00733895
226,1969,2,5_9,0.01582505
226,1970,2,5_9,0.01577549
226,1971,2,5_9,0.01140464
226,1972,2,5_9,0.00755965
226,1973,2,5_9,0.00746026
226,1974,2,5_9,0.00902039
226,1975,2,5_9,0.01139383
226,1976,2,5_9,0.01640502
226,1977,2,5_9,0.00877985
226,1978,2,5_9,0.0086385
226,1979,2,5_9,0.00757586
226,1980,2,5_9,0.00591549
226,1981,2,5_9,0.00569801
226,1982,2,5_9,0.0055703
226,1983,2,5_9,0.00523147
226,1984,2,5_9,0.0051595
226,1985,2,5_9,0.00496562
226,1986,2,5_9,0.00484761
226,1987,2,5_9,0.0047609
226,1988,2,5_9,0.00466861
226,1989,2,5_9,0.00459673
226,1990,2,5_9,0.004534
226,1991,2,5_9,0.00447802
226,1992,2,5_9,0.00442749
226,1993,2,5_9,0.00436923
226,1994,2,5_9,0.00431324
226,1995,2,5_9,0.00424826
226,1996,2,5_9,0.00417106
226,1997,2,5_9,0.00407793
226,1998,2,5_9,0.00397289
226,1999,2,5_9,0.00385101
226,2000,2,5_9,0.00372681
226,2001,2,5_9,0.00359263
226,2002,2,5_9,0.00345143
226,2003,2,5_9,0.00331083
226,2004,2,5_9,0.00316511
226,2005,2,5_9,0.00304946
226,2006,2,5_9,0.00286251
226,2007,2,5_9,0.0027207
226,2008,2,5_9,0.0026142
226,2009,2,5_9,0.00248947
226,2010,2,5_9,0.0023751
226,2011,2,5_9,0.00226178
226,2012,2,5_9,0.00215993
226,2013,2,5_9,0.00205942
226,2014,2,5_9,0.00197025
226,2015,2,5_9,0.0018786
226,2016,2,5_9,0.00179597
226,2017,2,5_9,0.00171702
226,2018,2,5_9,0.00164861
226,2019,2,5_9,0.00156813
226,2020,2,5_9,0.00150037
226,2021,2,5_9,0.00143308
226,2022,2,5_9,0.00137507
226,2023,2,5_9,0.0012956
266,1950,2,5_9,0.01041465
266,1951,2,5_9,0.00998641
266,1952,2,5_9,0.00956914
266,1953,2,5_9,0.00916806
266,1954,2,5_9,0.00878257
266,1955,2,5_9,0.00841125
266,1956,2,5_9,0.00806016
266,1957,2,5_9,0.00771761
266,1958,2,5_9,0.00740373
266,1959,2,5_9,0.00709222
266,1960,2,5_9,0.00679572
266,1961,2,5_9,0.00651103
266,1962,2,5_9,0.0062367
266,1963,2,5_9,0.00597675
266,1964,2,5_9,0.00572417
266,1965,2,5_9,0.00549015
266,1966,2,5_9,0.0052617
266,1967,2,5_9,0.00504141
266,1968,2,5_9,0.00483441
266,1969,2,5_9,0.0046381
266,1970,2,5_9,0.00445303
266,1971,2,5_9,0.00427834
266,1972,2,5_9,0.00410731
266,1973,2,5_9,0.00394145
266,1974,2,5_9,0.0037805
266,1975,2,5_9,0.00362359
266,1976,2,5_9,0.00347209
266,1977,2,5_9,0.00332479
266,1978,2,5_9,0.00318525
266,1979,2,5_9,0.00305376
266,1980,2,5_9,0.00293285
266,1981,2,5_9,0.00281595
266,1982,2,5_9,0.00270717
266,1983,2,5_9,0.00261322
266,1984,2,5_9,0.00252359
266,1985,2,5_9,0.00243959
266,1986,2,5_9,0.00236561
266,1987,2,5_9,0.00229587
266,1988,2,5_9,0.00224132
266,1989,2,5_9,0.00219045
266,1990,2,5_9,0.00214541
266,1991,2,5_9,0.00210709
266,1992,2,5_9,0.00207452
266,1993,2,5_9,0.00204724
266,1994,2,5_9,0.00203705
266,1995,2,5_9,0.00200183
266,1996,2,5_9,0.00200654
266,1997,2,5_9,0.00196449
266,1998,2,5_9,0.00193314
266,1999,2,5_9,0.0019014
266,2000,2,5_9,0.00186415
266,2001,2,5_9,0.00182811
266,2002,2,5_9,0.00178915
266,2003,2,5_9,0.00171527
266,2004,2,5_9,0.00166253
266,2005,2,5_9,0.00160007
266,2006,2,5_9,0.00154007
266,2007,2,5_9,0.00147698
266,2008,2,5_9,0.00141046
266,2009,2,5_9,0.00134615
266,2010,2,5_9,0.00128379
266,2011,2,5_9,0.00122478
266,2012,2,5_9,0.001168
266,2013,2,5_9,0.00111154
266,2014,2,5_9,0.00104471
266,2015,2,5_9,0.0009762
266,2016,2,5_9,0.00092128
266,2017,2,5_9,0.00088331
266,2018,2,5_9,0.00086368
266,2019,2,5_9,0.00083923
266,2020,2,5_9,0.00081956
266,2021,2,5_9,0.00078946
266,2022,2,5_9,0.00075325
266,2023,2,5_9,0.00071967
678,1950,2,5_9,0.0094282
678,1951,2,5_9,0.00943666
678,1952,2,5_9,0.00944608
678,1953,2,5_9,0.00945023
678,1954,2,5_9,0.00943746
678,1955,2,5_9,0.00935698
678,1956,2,5_9,0.00917941
678,1957,2,5_9,0.0088429
678,1958,2,5_9,0.00830202
678,1959,2,5_9,0.00765346
678,1960,2,5_9,0.00692211
678,1961,2,5_9,0.00621831
678,1962,2,5_9,0.0055883
678,1963,2,5_9,0.00508122
678,1964,2,5_9,0.00464189
678,1965,2,5_9,0.00422066
678,1966,2,5_9,0.00383072
678,1967,2,5_9,0.00347027
678,1968,2,5_9,0.00312367
678,1969,2,5_9,0.00282997
678,1970,2,5_9,0.00256993
678,1971,2,5_9,0.00237476
678,1972,2,5_9,0.00226572
678,1973,2,5_9,0.00218166
678,1974,2,5_9,0.00212551
678,1975,2,5_9,0.00209574
678,1976,2,5_9,0.00208277
678,1977,2,5_9,0.00206167
678,1978,2,5_9,0.00203513
678,1979,2,5_9,0.00200284
678,1980,2,5_9,0.00196024
678,1981,2,5_9,0.0019173
678,1982,2,5_9,0.00187206
678,1983,2,5_9,0.00182679
678,1984,2,5_9,0.00178719
678,1985,2,5_9,0.00175846
678,1986,2,5_9,0.00278838
678,1987,2,5_9,0.00170035
678,1988,2,5_9,0.00168926
678,1989,2,5_9,0.00210985
678,1990,2,5_9,0.00174961
678,1991,2,5_9,0.00171153
678,1992,2,5_9,0.00172485
678,1993,2,5_9,0.00174266
678,1994,2,5_9,0.00175716
678,1995,2,5_9,0.00176582
678,1996,2,5_9,0.00176919
678,1997,2,5_9,0.001767
678,1998,2,5_9,0.00175766
678,1999,2,5_9,0.00173915
678,2000,2,5_9,0.00171086
678,2001,2,5_9,0.00166924
678,2002,2,5_9,0.00161585
678,2003,2,5_9,0.00155689
678,2004,2,5_9,0.00148381
678,2005,2,5_9,0.00157733
678,2006,2,5_9,0.00139712
678,2007,2,5_9,0.00130103
678,2008,2,5_9,0.00127163
678,2009,2,5_9,0.00120456
678,2010,2,5_9,0.00115831
678,2011,2,5_9,0.00110104
678,2012,2,5_9,0.00103051
678,2013,2,5_9,0.00095626
678,2014,2,5_9,0.00087804
678,2015,2,5_9,0.0008033
678,2016,2,5_9,0.00073394
678,2017,2,5_9,0.00067239
678,2018,2,5_9,0.00061309
678,2019,2,5_9,0.00056781
678,2020,2,5_9,0.00052744
678,2021,2,5_9,0.00052003
678,2022,2,5_9,0.00046063
678,2023,2,5_9,0.0004314
12,1950,2,5_9,0.00720874
12,1951,2,5_9,0.00696489
12,1952,2,5_9,0.00694807
12,1953,2,5_9,0.00694362
12,1954,2,5_9,0.00709041
12,1955,2,5_9,0.00700153
12,1956,2,5_9,0.00705927
12,1957,2,5_9,0.00712243
12,1958,2,5_9,0.00719671
12,1959,2,5_9,0.00726138
12,1960,2,5_9,0.00733452
12,1961,2,5_9,0.00740046
12,1962,2,5_9,0.00803288
12,1963,2,5_9,0.00763645
12,1964,2,5_9,0.00773783
12,1965,2,5_9,0.00782839
12,1966,2,5_9,0.00789704
12,1967,2,5_9,0.00792545
12,1968,2,5_9,0.00790496
12,1969,2,5_9,0.00782381
12,1970,2,5_9,0.00766147
12,1971,2,5_9,0.00743548
12,1972,2,5_9,0.00713787
12,1973,2,5_9,0.00679428
12,1974,2,5_9,0.00640137
12,1975,2,5_9,0.00597045
12,1976,2,5_9,0.00549586
12,1977,2,5_9,0.00499771
12,1978,2,5_9,0.00447709
12,1979,2,5_9,0.00401967
12,1980,2,5_9,0.00347766
12,1981,2,5_9,0.00288935
12,1982,2,5_9,0.00251338
12,1983,2,5_9,0.00247502
12,1984,2,5_9,0.00248505
12,1985,2,5_9,0.00227276
12,1986,2,5_9,0.00216148
12,1987,2,5_9,0.00184093
12,1988,2,5_9,0.00175809
12,1989,2,5_9,0.00159804
12,1990,2,5_9,0.00142367
12,1991,2,5_9,0.00133337
12,1992,2,5_9,0.00125126
12,1993,2,5_9,0.00126327
12,1994,2,5_9,0.00120288
12,1995,2,5_9,0.00110897
12,1996,2,5_9,0.00102172
12,1997,2,5_9,0.00092676
12,1998,2,5_9,0.00084972
12,1999,2,5_9,0.00078308
12,2000,2,5_9,0.00072898
12,2001,2,5_9,0.00069966
12,2002,2,5_9,0.00062511
12,2003,2,5_9,0.00064971
12,2004,2,5_9,0.000533
12,2005,2,5_9,0.00051275
12,2006,2,5_9,0.00049293
12,2007,2,5_9,0.00047996
12,2008,2,5_9,0.00045969
12,2009,2,5_9,0.00043834
12,2010,2,5_9,0.00042036
12,2011,2,5_9,0.00040515
12,2012,2,5_9,0.00039896
12,2013,2,5_9,0.0003945
12,2014,2,5_9,0.00039048
12,2015,2,5_9,0.00037636
12,2016,2,5_9,0.00035536
12,2017,2,5_9,0.00033424
12,2018,2,5_9,0.00031522
12,2019,2,5_9,0.00029909
12,2020,2,5_9,0.00028428
12,2021,2,5_9,0.00026982
12,2022,2,5_9,0.0002564
12,2023,2,5_9,0.0002438
818,1950,2,5_9,0.00498203
818,1951,2,5_9,0.00460799
818,1952,2,5_9,0.00426998
818,1953,2,5_9,0.00397012
818,1954,2,5_9,0.00370757
818,1955,2,5_9,0.00348299
818,1956,2,5_9,0.00329137
818,1957,2,5_9,0.00313015
818,1958,2,5_9,0.00299221
818,1959,2,5_9,0.00287328
818,1960,2,5_9,0.00276948
818,1961,2,5_9,0.00269439
818,1962,2,5_9,0.00262022
818,1963,2,5_9,0.00255943
818,1964,2,5_9,0.002513
818,1965,2,5_9,0.00248221
818,1966,2,5_9,0.00246764
818,1967,2,5_9,0.00246607
818,1968,2,5_9,0.00247168
818,1969,2,5_9,0.00247792
818,1970,2,5_9,0.00247655
818,1971,2,5_9,0.00245892
818,1972,2,5_9,0.00242083
818,1973,2,5_9,0.00236416
818,1974,2,5_9,0.00229218
818,1975,2,5_9,0.00221019
818,1976,2,5_9,0.00212346
818,1977,2,5_9,0.00203784
818,1978,2,5_9,0.00195554
818,1979,2,5_9,0.0018787
818,1980,2,5_9,0.00180506
818,1981,2,5_9,0.0017368
818,1982,2,5_9,0.00167253
818,1983,2,5_9,0.00160948
818,1984,2,5_9,0.00154528
818,1985,2,5_9,0.00147925
818,1986,2,5_9,0.00141146
818,1987,2,5_9,0.00134268
818,1988,2,5_9,0.00127187
818,1989,2,5_9,0.00120354
818,1990,2,5_9,0.00113749
818,1991,2,5_9,0.00107331
818,1992,2,5_9,0.0010203
818,1993,2,5_9,0.00095016
818,1994,2,5_9,0.00089693
818,1995,2,5_9,0.00083435
818,1996,2,5_9,0.00078226
818,1997,2,5_9,0.00073531
818,1998,2,5_9,0.00069272
818,1999,2,5_9,0.00065705
818,2000,2,5_9,0.0006271
818,2001,2,5_9,0.00060141
818,2002,2,5_9,0.00058024
818,2003,2,5_9,0.00056227
818,2004,2,5_9,0.00054788
818,2005,2,5_9,0.00053556
818,2006,2,5_9,0.00052401
818,2007,2,5_9,0.00051367
818,2008,2,5_9,0.00050541
818,2009,2,5_9,0.00049469
818,2010,2,5_9,0.0004863
818,2011,2,5_9,0.000482
818,2012,2,5_9,0.00046708
818,2013,2,5_9,0.00046723
818,2014,2,5_9,0.00045044
818,2015,2,5_9,0.00044634
818,2016,2,5_9,0.00043586
818,2017,2,5_9,0.00042827
818,2018,2,5_9,0.00041836
818,2019,2,5_9,0.00041195
818,2020,2,5_9,0.0003011
818,2021,2,5_9,0.00030165
818,2022,2,5_9,0.00032342
818,2023,2,5_9,0.0003865
434,1950,2,5_9,0.01026325
434,1951,2,5_9,0.01010939
434,1952,2,5_9,0.00996645
434,1953,2,5_9,0.00980142
434,1954,2,5_9,0.00959946
434,1955,2,5_9,0.00934796
434,1956,2,5_9,0.00903391
434,1957,2,5_9,0.00871384
434,1958,2,5_9,0.00829686
434,1959,2,5_9,0.0078372
434,1960,2,5_9,0.00735066
434,1961,2,5_9,0.00684028
434,1962,2,5_9,0.0063168
434,1963,2,5_9,0.00597677
434,1964,2,5_9,0.00527451
434,1965,2,5_9,0.00478817
434,1966,2,5_9,0.00431086
434,1967,2,5_9,0.00388405
434,1968,2,5_9,0.00349697
434,1969,2,5_9,0.00311812
434,1970,2,5_9,0.00278302
434,1971,2,5_9,0.00244439
434,1972,2,5_9,0.00216066
434,1973,2,5_9,0.0019185
434,1974,2,5_9,0.00169997
434,1975,2,5_9,0.00151559
434,1976,2,5_9,0.00135893
434,1977,2,5_9,0.00123507
434,1978,2,5_9,0.00112614
434,1979,2,5_9,0.00103801
434,1980,2,5_9,0.00096904
434,1981,2,5_9,0.00090458
434,1982,2,5_9,0.00084916
434,1983,2,5_9,0.00079847
434,1984,2,5_9,0.00075191
434,1985,2,5_9,0.00070868
434,1986,2,5_9,0.00066837
434,1987,2,5_9,0.00062884
434,1988,2,5_9,0.00059736
434,1989,2,5_9,0.00056531
434,1990,2,5_9,0.00053766
434,1991,2,5_9,0.00051336
434,1992,2,5_9,0.00049282
434,1993,2,5_9,0.00047799
434,1994,2,5_9,0.00046678
434,1995,2,5_9,0.00046348
434,1996,2,5_9,0.00046719
434,1997,2,5_9,0.00047613
434,1998,2,5_9,0.00048535
434,1999,2,5_9,0.00049094
434,2000,2,5_9,0.00049712
434,2001,2,5_9,0.00048225
434,2002,2,5_9,0.0004677
434,2003,2,5_9,0.00045206
434,2004,2,5_9,0.0004365
434,2005,2,5_9,0.00042186
434,2006,2,5_9,0.00041263
434,2007,2,5_9,0.00040089
434,2008,2,5_9,0.00038935
434,2009,2,5_9,0.0003803
434,2010,2,5_9,0.00036915
434,2011,2,5_9,0.00062403
434,2012,2,5_9,0.00035296
434,2013,2,5_9,0.00035669
434,2014,2,5_9,0.00039732
434,2015,2,5_9,0.00039164
434,2016,2,5_9,0.00038112
434,2017,2,5_9,0.0003395
434,2018,2,5_9,0.00030997
434,2019,2,5_9,0.00034111
434,2020,2,5_9,0.00030907
434,2021,2,5_9,0.00025113
434,2022,2,5_9,0.00024143
434,2023,2,5_9,0.00309083
504,1950,2,5_9,0.00689133
504,1951,2,5_9,0.00678743
504,1952,2,5_9,0.00666602
504,1953,2,5_9,0.00655546
504,1954,2,5_9,0.00644695
504,1955,2,5_9,0.00633516
504,1956,2,5_9,0.00622394
504,1957,2,5_9,0.00610536
504,1958,2,5_9,0.00597292
504,1959,2,5_9,0.00584014
504,1960,2,5_9,0.00685656
504,1961,2,5_9,0.00557313
504,1962,2,5_9,0.00545747
504,1963,2,5_9,0.00532105
504,1964,2,5_9,0.00517128
504,1965,2,5_9,0.0050253
504,1966,2,5_9,0.00488992
504,1967,2,5_9,0.0047367
504,1968,2,5_9,0.00460197
504,1969,2,5_9,0.00447756
504,1970,2,5_9,0.00436148
504,1971,2,5_9,0.00424565
504,1972,2,5_9,0.00412638
504,1973,2,5_9,0.00400762
504,1974,2,5_9,0.00388405
504,1975,2,5_9,0.00375339
504,1976,2,5_9,0.003598
504,1977,2,5_9,0.00342844
504,1978,2,5_9,0.0032581
504,1979,2,5_9,0.00307724
504,1980,2,5_9,0.00289054
504,1981,2,5_9,0.00271808
504,1982,2,5_9,0.00254626
504,1983,2,5_9,0.00238538
504,1984,2,5_9,0.00224198
504,1985,2,5_9,0.0020942
504,1986,2,5_9,0.00195894
504,1987,2,5_9,0.00184161
504,1988,2,5_9,0.00173437
504,1989,2,5_9,0.0016302
504,1990,2,5_9,0.00153713
504,1991,2,5_9,0.00145107
504,1992,2,5_9,0.00137774
504,1993,2,5_9,0.00129441
504,1994,2,5_9,0.00121843
504,1995,2,5_9,0.00117244
504,1996,2,5_9,0.00108999
504,1997,2,5_9,0.00103449
504,1998,2,5_9,0.00097722
504,1999,2,5_9,0.0009183
504,2000,2,5_9,0.00086586
504,2001,2,5_9,0.00081854
504,2002,2,5_9,0.0007765
504,2003,2,5_9,0.0007351
504,2004,2,5_9,0.0007173
504,2005,2,5_9,0.00064755
504,2006,2,5_9,0.00060242
504,2007,2,5_9,0.00056113
504,2008,2,5_9,0.00052555
504,2009,2,5_9,0.00049281
504,2010,2,5_9,0.0004645
504,2011,2,5_9,0.00043172
504,2012,2,5_9,0.00040278
504,2013,2,5_9,0.00037824
504,2014,2,5_9,0.00035944
504,2015,2,5_9,0.00033855
504,2016,2,5_9,0.0003223
504,2017,2,5_9,0.00030536
504,2018,2,5_9,0.00029066
504,2019,2,5_9,0.00027859
504,2020,2,5_9,0.00026622
504,2021,2,5_9,0.00025685
504,2022,2,5_9,0.00024732
504,2023,2,5_9,0.00031122
729,1950,2,5_9,0.00968101
729,1951,2,5_9,0.0095045
729,1952,2,5_9,0.00940938
729,1953,2,5_9,0.00923003
729,1954,2,5_9,0.00904532
729,1955,2,5_9,0.00885353
729,1956,2,5_9,0.00866385
729,1957,2,5_9,0.00842532
729,1958,2,5_9,0.00820187
729,1959,2,5_9,0.00798784
729,1960,2,5_9,0.00779272
729,1961,2,5_9,0.00760015
729,1962,2,5_9,0.00740021
729,1963,2,5_9,0.00706879
729,1964,2,5_9,0.00697865
729,1965,2,5_9,0.0068365
729,1966,2,5_9,0.00666828
729,1967,2,5_9,0.00651186
729,1968,2,5_9,0.00634594
729,1969,2,5_9,0.00618363
729,1970,2,5_9,0.00603303
729,1971,2,5_9,0.00589408
729,1972,2,5_9,0.00574417
729,1973,2,5_9,0.00563774
729,1974,2,5_9,0.00556704
729,1975,2,5_9,0.0055261
729,1976,2,5_9,0.00551248
729,1977,2,5_9,0.00547948
729,1978,2,5_9,0.00564185
729,1979,2,5_9,0.00549663
729,1980,2,5_9,0.00482094
729,1981,2,5_9,0.00457807
729,1982,2,5_9,0.00474745
729,1983,2,5_9,0.00641688
729,1984,2,5_9,0.00626056
729,1985,2,5_9,0.00612867
729,1986,2,5_9,0.00427877
729,1987,2,5_9,0.00420564
729,1988,2,5_9,0.00401622
729,1989,2,5_9,0.00411539
729,1990,2,5_9,0.00389484
729,1991,2,5_9,0.00419377
729,1992,2,5_9,0.00420063
729,1993,2,5_9,0.0041572
729,1994,2,5_9,0.00374872
729,1995,2,5_9,0.00350087
729,1996,2,5_9,0.00343394
729,1997,2,5_9,0.00335823
729,1998,2,5_9,0.00334707
729,1999,2,5_9,0.00343792
729,2000,2,5_9,0.00341808
729,2001,2,5_9,0.00328189
729,2002,2,5_9,0.00318897
729,2003,2,5_9,0.00342507
729,2004,2,5_9,0.00377611
729,2005,2,5_9,0.00372602
729,2006,2,5_9,0.00294465
729,2007,2,5_9,0.00271138
729,2008,2,5_9,0.00273124
729,2009,2,5_9,0.00238772
729,2010,2,5_9,0.0023231
729,2011,2,5_9,0.00226791
729,2012,2,5_9,0.00218971
729,2013,2,5_9,0.00209181
729,2014,2,5_9,0.00199336
729,2015,2,5_9,0.0019033
729,2016,2,5_9,0.00181629
729,2017,2,5_9,0.00174145
729,2018,2,5_9,0.00164869
729,2019,2,5_9,0.00158398
729,2020,2,5_9,0.00150172
729,2021,2,5_9,0.00144782
729,2022,2,5_9,0.00139292
729,2023,2,5_9,0.00136698
788,1950,2,5_9,0.00533971
788,1951,2,5_9,0.00526182
788,1952,2,5_9,0.00501836
788,1953,2,5_9,0.0047826
788,1954,2,5_9,0.00455618
788,1955,2,5_9,0.00433905
788,1956,2,5_9,0.00413029
788,1957,2,5_9,0.00393545
788,1958,2,5_9,0.00374288
788,1959,2,5_9,0.00356341
788,1960,2,5_9,0.0033939
788,1961,2,5_9,0.00323114
788,1962,2,5_9,0.0030858
788,1963,2,5_9,0.002935
788,1964,2,5_9,0.00280623
788,1965,2,5_9,0.00266994
788,1966,2,5_9,0.00254778
788,1967,2,5_9,0.0024286
788,1968,2,5_9,0.00232991
788,1969,2,5_9,0.00226828
788,1970,2,5_9,0.00195052
788,1971,2,5_9,0.00169281
788,1972,2,5_9,0.00147426
788,1973,2,5_9,0.00138673
788,1974,2,5_9,0.00126601
788,1975,2,5_9,0.00116097
788,1976,2,5_9,0.0010656
788,1977,2,5_9,0.00099007
788,1978,2,5_9,0.00095843
788,1979,2,5_9,0.00093091
788,1980,2,5_9,0.00090297
788,1981,2,5_9,0.00084954
788,1982,2,5_9,0.00081867
788,1983,2,5_9,0.00076445
788,1984,2,5_9,0.00072143
788,1985,2,5_9,0.0006781
788,1986,2,5_9,0.00063702
788,1987,2,5_9,0.00061706
788,1988,2,5_9,0.00060402
788,1989,2,5_9,0.0005975
788,1990,2,5_9,0.00057582
788,1991,2,5_9,0.00053288
788,1992,2,5_9,0.0005077
788,1993,2,5_9,0.00050021
788,1994,2,5_9,0.00050452
788,1995,2,5_9,0.00048996
788,1996,2,5_9,0.00044704
788,1997,2,5_9,0.00042397
788,1998,2,5_9,0.0004054
788,1999,2,5_9,0.00040562
788,2000,2,5_9,0.00039507
788,2001,2,5_9,0.0003885
788,2002,2,5_9,0.00037898
788,2003,2,5_9,0.00036843
788,2004,2,5_9,0.00035716
788,2005,2,5_9,0.00034676
788,2006,2,5_9,0.00033622
788,2007,2,5_9,0.00032696
788,2008,2,5_9,0.00031541
788,2009,2,5_9,0.00030615
788,2010,2,5_9,0.00029538
788,2011,2,5_9,0.00029431
788,2012,2,5_9,0.00027765
788,2013,2,5_9,0.00026885
788,2014,2,5_9,0.00026002
788,2015,2,5_9,0.00025527
788,2016,2,5_9,0.00024598
788,2017,2,5_9,0.00023975
788,2018,2,5_9,0.00023267
788,2019,2,5_9,0.00022362
788,2020,2,5_9,0.00021627
788,2021,2,5_9,0.00020893
788,2022,2,5_9,0.00020153
788,2023,2,5_9,0.0001947
732,1950,2,5_9,0.00790494
732,1951,2,5_9,0.00778604
732,1952,2,5_9,0.00766971
732,1953,2,5_9,0.00755481
732,1954,2,5_9,0.00742953
732,1955,2,5_9,0.00730612
732,1956,2,5_9,0.00718513
732,1957,2,5_9,0.00706702
732,1958,2,5_9,0.00695214
732,1959,2,5_9,0.00684037
732,1960,2,5_9,0.00673238
732,1961,2,5_9,0.00662827
732,1962,2,5_9,0.00652701
732,1963,2,5_9,0.00642818
732,1964,2,5_9,0.00633127
732,1965,2,5_9,0.00623585
732,1966,2,5_9,0.00613981
732,1967,2,5_9,0.00602794
732,1968,2,5_9,0.00591455
732,1969,2,5_9,0.00579772
732,1970,2,5_9,0.00567533
732,1971,2,5_9,0.00554575
732,1972,2,5_9,0.00539567
732,1973,2,5_9,0.00522834
732,1974,2,5_9,0.0050526
732,1975,2,5_9,0.00487144
732,1976,2,5_9,0.00468022
732,1977,2,5_9,0.0044886
732,1978,2,5_9,0.00430078
732,1979,2,5_9,0.00409318
732,1980,2,5_9,0.00389606
732,1981,2,5_9,0.00371099
732,1982,2,5_9,0.00350903
732,1983,2,5_9,0.00332386
732,1984,2,5_9,0.00315252
732,1985,2,5_9,0.00297474
732,1986,2,5_9,0.00281812
732,1987,2,5_9,0.00268107
732,1988,2,5_9,0.00254618
732,1989,2,5_9,0.00242731
732,1990,2,5_9,0.00232296
732,1991,2,5_9,0.00223056
732,1992,2,5_9,0.0021333
732,1993,2,5_9,0.00203981
732,1994,2,5_9,0.00195228
732,1995,2,5_9,0.00186889
732,1996,2,5_9,0.00178861
732,1997,2,5_9,0.00169804
732,1998,2,5_9,0.00160754
732,1999,2,5_9,0.00152167
732,2000,2,5_9,0.00144098
732,2001,2,5_9,0.00136415
732,2002,2,5_9,0.00127482
732,2003,2,5_9,0.00119443
732,2004,2,5_9,0.00112226
732,2005,2,5_9,0.00105737
732,2006,2,5_9,0.00099857
732,2007,2,5_9,0.00093071
732,2008,2,5_9,0.00087032
732,2009,2,5_9,0.00081659
732,2010,2,5_9,0.00076867
732,2011,2,5_9,0.000726
732,2012,2,5_9,0.00068732
732,2013,2,5_9,0.00064149
732,2014,2,5_9,0.00060194
732,2015,2,5_9,0.00056826
732,2016,2,5_9,0.0005397
732,2017,2,5_9,0.00051525
732,2018,2,5_9,0.00049408
732,2019,2,5_9,0.00047526
732,2020,2,5_9,0.00045724
732,2021,2,5_9,0.00043695
732,2022,2,5_9,0.00041825
732,2023,2,5_9,0.00040096
72,1950,2,5_9,0.00650176
72,1951,2,5_9,0.00630665
72,1952,2,5_9,0.00612452
72,1953,2,5_9,0.00594254
72,1954,2,5_9,0.00576007
72,1955,2,5_9,0.0055633
72,1956,2,5_9,0.0053603
72,1957,2,5_9,0.00514123
72,1958,2,5_9,0.00492554
72,1959,2,5_9,0.00470866
72,1960,2,5_9,0.00450548
72,1961,2,5_9,0.00431856
72,1962,2,5_9,0.00416074
72,1963,2,5_9,0.00399282
72,1964,2,5_9,0.00383564
72,1965,2,5_9,0.00368711
72,1966,2,5_9,0.00353517
72,1967,2,5_9,0.00339169
72,1968,2,5_9,0.00324706
72,1969,2,5_9,0.00309993
72,1970,2,5_9,0.00295376
72,1971,2,5_9,0.00279863
72,1972,2,5_9,0.00264496
72,1973,2,5_9,0.00248944
72,1974,2,5_9,0.00233267
72,1975,2,5_9,0.00217895
72,1976,2,5_9,0.00202659
72,1977,2,5_9,0.00187704
72,1978,2,5_9,0.00173174
72,1979,2,5_9,0.00160121
72,1980,2,5_9,0.001484
72,1981,2,5_9,0.00137831
72,1982,2,5_9,0.00128582
72,1983,2,5_9,0.00120382
72,1984,2,5_9,0.00114025
72,1985,2,5_9,0.00108028
72,1986,2,5_9,0.00103319
72,1987,2,5_9,0.00099962
72,1988,2,5_9,0.00112449
72,1989,2,5_9,0.00101626
72,1990,2,5_9,0.00103855
72,1991,2,5_9,0.00107418
72,1992,2,5_9,0.00114026
72,1993,2,5_9,0.00122256
72,1994,2,5_9,0.00130357
72,1995,2,5_9,0.0014131
72,1996,2,5_9,0.0014806
72,1997,2,5_9,0.00154375
72,1998,2,5_9,0.00159282
72,1999,2,5_9,0.00162832
72,2000,2,5_9,0.00163964
72,2001,2,5_9,0.00163771
72,2002,2,5_9,0.00161516
72,2003,2,5_9,0.0015737
72,2004,2,5_9,0.00152389
72,2005,2,5_9,0.00146355
72,2006,2,5_9,0.00160804
72,2007,2,5_9,0.00134951
72,2008,2,5_9,0.00127251
72,2009,2,5_9,0.00123021
72,2010,2,5_9,0.00118003
72,2011,2,5_9,0.00113064
72,2012,2,5_9,0.00107123
72,2013,2,5_9,0.00104097
72,2014,2,5_9,0.00100902
72,2015,2,5_9,0.00097913
72,2016,2,5_9,0.00094659
72,2017,2,5_9,0.0009101
72,2018,2,5_9,0.00087521
72,2019,2,5_9,0.00082178
72,2020,2,5_9,0.00078116
72,2021,2,5_9,0.00075154
72,2022,2,5_9,0.00072553
72,2023,2,5_9,0.00069953
748,1950,2,5_9,0.00712941
748,1951,2,5_9,0.00699456
748,1952,2,5_9,0.0068539
748,1953,2,5_9,0.00671954
748,1954,2,5_9,0.00658617
748,1955,2,5_9,0.00644793
748,1956,2,5_9,0.0062523
748,1957,2,5_9,0.00617633
748,1958,2,5_9,0.00604329
748,1959,2,5_9,0.00590636
748,1960,2,5_9,0.0057638
748,1961,2,5_9,0.00561648
748,1962,2,5_9,0.00546642
748,1963,2,5_9,0.0053178
748,1964,2,5_9,0.00516368
748,1965,2,5_9,0.00500638
748,1966,2,5_9,0.00484576
748,1967,2,5_9,0.00468594
748,1968,2,5_9,0.00451958
748,1969,2,5_9,0.00435324
748,1970,2,5_9,0.00417941
748,1971,2,5_9,0.0039991
748,1972,2,5_9,0.00382153
748,1973,2,5_9,0.00363318
748,1974,2,5_9,0.00343115
748,1975,2,5_9,0.00324322
748,1976,2,5_9,0.00309862
748,1977,2,5_9,0.00289631
748,1978,2,5_9,0.00273568
748,1979,2,5_9,0.00256221
748,1980,2,5_9,0.00240352
748,1981,2,5_9,0.00226964
748,1982,2,5_9,0.00211142
748,1983,2,5_9,0.00245033
748,1984,2,5_9,0.00192996
748,1985,2,5_9,0.00170628
748,1986,2,5_9,0.00159956
748,1987,2,5_9,0.00150644
748,1988,2,5_9,0.00143674
748,1989,2,5_9,0.00138781
748,1990,2,5_9,0.00135788
748,1991,2,5_9,0.00135379
748,1992,2,5_9,0.00141441
748,1993,2,5_9,0.00145186
748,1994,2,5_9,0.00154932
748,1995,2,5_9,0.00167402
748,1996,2,5_9,0.0018872
748,1997,2,5_9,0.00196938
748,1998,2,5_9,0.0021124
748,1999,2,5_9,0.00230267
748,2000,2,5_9,0.00244592
748,2001,2,5_9,0.00261552
748,2002,2,5_9,0.0025833
748,2003,2,5_9,0.00266068
748,2004,2,5_9,0.0025808
748,2005,2,5_9,0.00257216
748,2006,2,5_9,0.00248511
748,2007,2,5_9,0.00235136
748,2008,2,5_9,0.00210132
748,2009,2,5_9,0.00201337
748,2010,2,5_9,0.00180133
748,2011,2,5_9,0.00157371
748,2012,2,5_9,0.00150109
748,2013,2,5_9,0.00137306
748,2014,2,5_9,0.00130977
748,2015,2,5_9,0.00123301
748,2016,2,5_9,0.00116428
748,2017,2,5_9,0.00112519
748,2018,2,5_9,0.00110063
748,2019,2,5_9,0.00107334
748,2020,2,5_9,0.00104537
748,2021,2,5_9,0.0010332
748,2022,2,5_9,0.0009907
748,2023,2,5_9,0.00095962
426,1950,2,5_9,0.00656924
426,1951,2,5_9,0.00608017
426,1952,2,5_9,0.00581523
426,1953,2,5_9,0.00555402
426,1954,2,5_9,0.00529143
426,1955,2,5_9,0.00505374
426,1956,2,5_9,0.00483189
426,1957,2,5_9,0.00464322
426,1958,2,5_9,0.00449872
426,1959,2,5_9,0.00439371
426,1960,2,5_9,0.00431258
426,1961,2,5_9,0.00427291
426,1962,2,5_9,0.00425636
426,1963,2,5_9,0.0042628
426,1964,2,5_9,0.00425205
426,1965,2,5_9,0.00425136
426,1966,2,5_9,0.00421729
426,1967,2,5_9,0.00417827
426,1968,2,5_9,0.0041039
426,1969,2,5_9,0.00401674
426,1970,2,5_9,0.00390755
426,1971,2,5_9,0.00378687
426,1972,2,5_9,0.00365639
426,1973,2,5_9,0.00351456
426,1974,2,5_9,0.00336744
426,1975,2,5_9,0.00320355
426,1976,2,5_9,0.00303103
426,1977,2,5_9,0.00285195
426,1978,2,5_9,0.00267292
426,1979,2,5_9,0.00249767
426,1980,2,5_9,0.00233029
426,1981,2,5_9,0.0021744
426,1982,2,5_9,0.00203543
426,1983,2,5_9,0.00190583
426,1984,2,5_9,0.00179363
426,1985,2,5_9,0.00169979
426,1986,2,5_9,0.00161663
426,1987,2,5_9,0.0015562
426,1988,2,5_9,0.00149984
426,1989,2,5_9,0.00145644
426,1990,2,5_9,0.00145773
426,1991,2,5_9,0.00145307
426,1992,2,5_9,0.0014826
426,1993,2,5_9,0.00152698
426,1994,2,5_9,0.00157947
426,1995,2,5_9,0.00165762
426,1996,2,5_9,0.00172239
426,1997,2,5_9,0.0018075
426,1998,2,5_9,0.00187709
426,1999,2,5_9,0.00195968
426,2000,2,5_9,0.00202476
426,2001,2,5_9,0.0020671
426,2002,2,5_9,0.00213611
426,2003,2,5_9,0.00218702
426,2004,2,5_9,0.00222612
426,2005,2,5_9,0.00223077
426,2006,2,5_9,0.00206143
426,2007,2,5_9,0.00211164
426,2008,2,5_9,0.00201291
426,2009,2,5_9,0.0018986
426,2010,2,5_9,0.00177439
426,2011,2,5_9,0.00168769
426,2012,2,5_9,0.0015968
426,2013,2,5_9,0.00151375
426,2014,2,5_9,0.00146232
426,2015,2,5_9,0.00140661
426,2016,2,5_9,0.00135113
426,2017,2,5_9,0.00133153
426,2018,2,5_9,0.00131627
426,2019,2,5_9,0.00130683
426,2020,2,5_9,0.00135715
426,2021,2,5_9,0.00127778
426,2022,2,5_9,0.00126255
426,2023,2,5_9,0.00124747
516,1950,2,5_9,0.00875825
516,1951,2,5_9,0.00845388
516,1952,2,5_9,0.00815972
516,1953,2,5_9,0.00786896
516,1954,2,5_9,0.00758247
516,1955,2,5_9,0.00728944
516,1956,2,5_9,0.00699733
516,1957,2,5_9,0.00670278
516,1958,2,5_9,0.00641646
516,1959,2,5_9,0.00613251
516,1960,2,5_9,0.00585816
516,1961,2,5_9,0.00559094
516,1962,2,5_9,0.00533417
516,1963,2,5_9,0.00509029
516,1964,2,5_9,0.00486155
516,1965,2,5_9,0.0046427
516,1966,2,5_9,0.00443493
516,1967,2,5_9,0.00423806
516,1968,2,5_9,0.00404647
516,1969,2,5_9,0.00386518
516,1970,2,5_9,0.00369403
516,1971,2,5_9,0.00352584
516,1972,2,5_9,0.00336762
516,1973,2,5_9,0.00321981
516,1974,2,5_9,0.00307983
516,1975,2,5_9,0.00294894
516,1976,2,5_9,0.00282733
516,1977,2,5_9,0.0027107
516,1978,2,5_9,0.00260096
516,1979,2,5_9,0.0024985
516,1980,2,5_9,0.00240556
516,1981,2,5_9,0.0023165
516,1982,2,5_9,0.00223104
516,1983,2,5_9,0.0021597
516,1984,2,5_9,0.00208372
516,1985,2,5_9,0.00200978
516,1986,2,5_9,0.00194345
516,1987,2,5_9,0.00186891
516,1988,2,5_9,0.00186131
516,1989,2,5_9,0.00172342
516,1990,2,5_9,0.0016634
516,1991,2,5_9,0.0016252
516,1992,2,5_9,0.0015964
516,1993,2,5_9,0.00159318
516,1994,2,5_9,0.00158423
516,1995,2,5_9,0.0016053
516,1996,2,5_9,0.00162565
516,1997,2,5_9,0.00165406
516,1998,2,5_9,0.00168084
516,1999,2,5_9,0.00172694
516,2000,2,5_9,0.00173362
516,2001,2,5_9,0.00177872
516,2002,2,5_9,0.00169092
516,2003,2,5_9,0.0016605
516,2004,2,5_9,0.00161032
516,2005,2,5_9,0.00153536
516,2006,2,5_9,0.00143812
516,2007,2,5_9,0.00134196
516,2008,2,5_9,0.00127775
516,2009,2,5_9,0.00116854
516,2010,2,5_9,0.00112716
516,2011,2,5_9,0.00112658
516,2012,2,5_9,0.00104999
516,2013,2,5_9,0.00103153
516,2014,2,5_9,0.00100789
516,2015,2,5_9,0.00096772
516,2016,2,5_9,0.0009493
516,2017,2,5_9,0.0009321
516,2018,2,5_9,0.00090959
516,2019,2,5_9,0.00088426
516,2020,2,5_9,0.00085438
516,2021,2,5_9,0.00080884
516,2022,2,5_9,0.00075895
516,2023,2,5_9,0.00071197
710,1950,2,5_9,0.00701329
710,1951,2,5_9,0.00661022
710,1952,2,5_9,0.0062105
710,1953,2,5_9,0.00580516
710,1954,2,5_9,0.00540119
710,1955,2,5_9,0.00504646
710,1956,2,5_9,0.00468401
710,1957,2,5_9,0.00436395
710,1958,2,5_9,0.00408754
710,1959,2,5_9,0.00387822
710,1960,2,5_9,0.00369645
710,1961,2,5_9,0.00354759
710,1962,2,5_9,0.00344229
710,1963,2,5_9,0.00336155
710,1964,2,5_9,0.0032926
710,1965,2,5_9,0.00324051
710,1966,2,5_9,0.00317088
710,1967,2,5_9,0.00311146
710,1968,2,5_9,0.00304884
710,1969,2,5_9,0.00298421
710,1970,2,5_9,0.00291208
710,1971,2,5_9,0.00282674
710,1972,2,5_9,0.0027416
710,1973,2,5_9,0.00266564
710,1974,2,5_9,0.00257374
710,1975,2,5_9,0.0024734
710,1976,2,5_9,0.00237656
710,1977,2,5_9,0.00226392
710,1978,2,5_9,0.00215729
710,1979,2,5_9,0.00202812
710,1980,2,5_9,0.00193853
710,1981,2,5_9,0.00183708
710,1982,2,5_9,0.00172707
710,1983,2,5_9,0.00162093
710,1984,2,5_9,0.00153667
710,1985,2,5_9,0.00144676
710,1986,2,5_9,0.00137668
710,1987,2,5_9,0.0013033
710,1988,2,5_9,0.00124912
710,1989,2,5_9,0.00121142
710,1990,2,5_9,0.00118867
710,1991,2,5_9,0.00114904
710,1992,2,5_9,0.00114402
710,1993,2,5_9,0.00113999
710,1994,2,5_9,0.00114795
710,1995,2,5_9,0.00117852
710,1996,2,5_9,0.00116302
710,1997,2,5_9,0.00119489
710,1998,2,5_9,0.00122286
710,1999,2,5_9,0.00125439
710,2000,2,5_9,0.00101735
710,2001,2,5_9,0.00108376
710,2002,2,5_9,0.00123529
710,2003,2,5_9,0.00137401
710,2004,2,5_9,0.00173171
710,2005,2,5_9,0.0017102
710,2006,2,5_9,0.00153501
710,2007,2,5_9,0.00149227
710,2008,2,5_9,0.00133123
710,2009,2,5_9,0.001139
710,2010,2,5_9,0.00113545
710,2011,2,5_9,0.00101013
710,2012,2,5_9,0.00106175
710,2013,2,5_9,0.00072559
710,2014,2,5_9,0.00061861
710,2015,2,5_9,0.00056081
710,2016,2,5_9,0.00052873
710,2017,2,5_9,0.00047372
710,2018,2,5_9,0.00048598
710,2019,2,5_9,0.00046838
710,2020,2,5_9,0.00040698
710,2021,2,5_9,0.00049095
710,2022,2,5_9,0.00048187
710,2023,2,5_9,0.00046599
204,1950,2,5_9,0.01139683
204,1951,2,5_9,0.01126879
204,1952,2,5_9,0.01118631
204,1953,2,5_9,0.01099836
204,1954,2,5_9,0.01087415
204,1955,2,5_9,0.01078869
204,1956,2,5_9,0.01068019
204,1957,2,5_9,0.01047197
204,1958,2,5_9,0.01036709
204,1959,2,5_9,0.01018255
204,1960,2,5_9,0.01007814
204,1961,2,5_9,0.00982694
204,1962,2,5_9,0.00972937
204,1963,2,5_9,0.00955709
204,1964,2,5_9,0.00937118
204,1965,2,5_9,0.00917731
204,1966,2,5_9,0.00918233
204,1967,2,5_9,0.00900695
204,1968,2,5_9,0.00882466
204,1969,2,5_9,0.00865763
204,1970,2,5_9,0.0084613
204,1971,2,5_9,0.00838248
204,1972,2,5_9,0.00810559
204,1973,2,5_9,0.00789444
204,1974,2,5_9,0.00768871
204,1975,2,5_9,0.00740574
204,1976,2,5_9,0.0070301
204,1977,2,5_9,0.00671538
204,1978,2,5_9,0.00647685
204,1979,2,5_9,0.00631699
204,1980,2,5_9,0.00616376
204,1981,2,5_9,0.00601542
204,1982,2,5_9,0.00586648
204,1983,2,5_9,0.00572652
204,1984,2,5_9,0.00547635
204,1985,2,5_9,0.00515997
204,1986,2,5_9,0.00483283
204,1987,2,5_9,0.00459884
204,1988,2,5_9,0.00428598
204,1989,2,5_9,0.00413834
204,1990,2,5_9,0.00396766
204,1991,2,5_9,0.00388565
204,1992,2,5_9,0.00368355
204,1993,2,5_9,0.00368016
204,1994,2,5_9,0.00369571
204,1995,2,5_9,0.00370529
204,1996,2,5_9,0.00379157
204,1997,2,5_9,0.00376403
204,1998,2,5_9,0.00383024
204,1999,2,5_9,0.00386009
204,2000,2,5_9,0.00391381
204,2001,2,5_9,0.00405354
204,2002,2,5_9,0.00414994
204,2003,2,5_9,0.00420264
204,2004,2,5_9,0.00422964
204,2005,2,5_9,0.00414158
204,2006,2,5_9,0.0041184
204,2007,2,5_9,0.00408629
204,2008,2,5_9,0.004349
204,2009,2,5_9,0.004396
204,2010,2,5_9,0.00445401
204,2011,2,5_9,0.00451243
204,2012,2,5_9,0.00453153
204,2013,2,5_9,0.00439242
204,2014,2,5_9,0.00438378
204,2015,2,5_9,0.00439147
204,2016,2,5_9,0.0043618
204,2017,2,5_9,0.00425062
204,2018,2,5_9,0.00426897
204,2019,2,5_9,0.00417323
204,2020,2,5_9,0.00404621
204,2021,2,5_9,0.00410814
204,2022,2,5_9,0.0040439
204,2023,2,5_9,0.00388985
854,1950,2,5_9,0.01046171
854,1951,2,5_9,0.01033834
854,1952,2,5_9,0.01025837
854,1953,2,5_9,0.01014539
854,1954,2,5_9,0.01005552
854,1955,2,5_9,0.00996675
854,1956,2,5_9,0.00987097
854,1957,2,5_9,0.00976169
854,1958,2,5_9,0.00961996
854,1959,2,5_9,0.00949349
854,1960,2,5_9,0.00935877
854,1961,2,5_9,0.00922682
854,1962,2,5_9,0.00905554
854,1963,2,5_9,0.00889577
854,1964,2,5_9,0.00872529
854,1965,2,5_9,0.00854536
854,1966,2,5_9,0.00835954
854,1967,2,5_9,0.00818129
854,1968,2,5_9,0.00800226
854,1969,2,5_9,0.00784403
854,1970,2,5_9,0.00754017
854,1971,2,5_9,0.0073967
854,1972,2,5_9,0.00717607
854,1973,2,5_9,0.00698396
854,1974,2,5_9,0.00672038
854,1975,2,5_9,0.00646539
854,1976,2,5_9,0.00621964
854,1977,2,5_9,0.00598662
854,1978,2,5_9,0.00576037
854,1979,2,5_9,0.00559578
854,1980,2,5_9,0.00538835
854,1981,2,5_9,0.00536415
854,1982,2,5_9,0.0051299
854,1983,2,5_9,0.00507342
854,1984,2,5_9,0.00502935
854,1985,2,5_9,0.00504874
854,1986,2,5_9,0.00508794
854,1987,2,5_9,0.00515673
854,1988,2,5_9,0.00522848
854,1989,2,5_9,0.00528063
854,1990,2,5_9,0.00530052
854,1991,2,5_9,0.00530978
854,1992,2,5_9,0.00530002
854,1993,2,5_9,0.00529439
854,1994,2,5_9,0.00528147
854,1995,2,5_9,0.0052677
854,1996,2,5_9,0.0052294
854,1997,2,5_9,0.00533778
854,1998,2,5_9,0.00510103
854,1999,2,5_9,0.00501525
854,2000,2,5_9,0.00492156
854,2001,2,5_9,0.00483315
854,2002,2,5_9,0.00482409
854,2003,2,5_9,0.00471319
854,2004,2,5_9,0.00456632
854,2005,2,5_9,0.00440123
854,2006,2,5_9,0.0042976
854,2007,2,5_9,0.00418333
854,2008,2,5_9,0.00396583
854,2009,2,5_9,0.00385174
854,2010,2,5_9,0.00373169
854,2011,2,5_9,0.00356104
854,2012,2,5_9,0.0034686
854,2013,2,5_9,0.00337828
854,2014,2,5_9,0.00328472
854,2015,2,5_9,0.00318323
854,2016,2,5_9,0.00309302
854,2017,2,5_9,0.00300111
854,2018,2,5_9,0.00291395
854,2019,2,5_9,0.00285301
854,2020,2,5_9,0.0027753
854,2021,2,5_9,0.00269109
854,2022,2,5_9,0.00263592
854,2023,2,5_9,0.00259074
132,1950,2,5_9,0.00565
132,1951,2,5_9,0.00539374
132,1952,2,5_9,0.00515143
132,1953,2,5_9,0.00513885
132,1954,2,5_9,0.00513409
132,1955,2,5_9,0.00513342
132,1956,2,5_9,0.00512527
132,1957,2,5_9,0.00509059
132,1958,2,5_9,0.00502614
132,1959,2,5_9,0.00490617
132,1960,2,5_9,0.00472768
132,1961,2,5_9,0.00447495
132,1962,2,5_9,0.00416813
132,1963,2,5_9,0.00381829
132,1964,2,5_9,0.00346927
132,1965,2,5_9,0.00313912
132,1966,2,5_9,0.00287089
132,1967,2,5_9,0.00266975
132,1968,2,5_9,0.00253239
132,1969,2,5_9,0.00244835
132,1970,2,5_9,0.00240375
132,1971,2,5_9,0.00237916
132,1972,2,5_9,0.00234957
132,1973,2,5_9,0.00227968
132,1974,2,5_9,0.00221504
132,1975,2,5_9,0.0021036
132,1976,2,5_9,0.00202941
132,1977,2,5_9,0.00187721
132,1978,2,5_9,0.00179669
132,1979,2,5_9,0.00172037
132,1980,2,5_9,0.0016471
132,1981,2,5_9,0.00157314
132,1982,2,5_9,0.00151188
132,1983,2,5_9,0.00142943
132,1984,2,5_9,0.00147507
132,1985,2,5_9,0.00129093
132,1986,2,5_9,0.00122149
132,1987,2,5_9,0.00115358
132,1988,2,5_9,0.00108776
132,1989,2,5_9,0.00102401
132,1990,2,5_9,0.00096284
132,1991,2,5_9,0.00090945
132,1992,2,5_9,0.00085717
132,1993,2,5_9,0.00080417
132,1994,2,5_9,0.00077177
132,1995,2,5_9,0.00115698
132,1996,2,5_9,0.00063397
132,1997,2,5_9,0.00056962
132,1998,2,5_9,0.00052372
132,1999,2,5_9,0.0004784
132,2000,2,5_9,0.00043947
132,2001,2,5_9,0.00041778
132,2002,2,5_9,0.00040578
132,2003,2,5_9,0.00035003
132,2004,2,5_9,0.00032018
132,2005,2,5_9,0.00028551
132,2006,2,5_9,0.00028443
132,2007,2,5_9,0.00029071
132,2008,2,5_9,0.00028282
132,2009,2,5_9,0.00027685
132,2010,2,5_9,0.0002782
132,2011,2,5_9,0.00021875
132,2012,2,5_9,0.00014968
132,2013,2,5_9,0.0001601
132,2014,2,5_9,0.00013967
132,2015,2,5_9,0.00014901
132,2016,2,5_9,0.00014934
132,2017,2,5_9,0.00015957
132,2018,2,5_9,0.00018389
132,2019,2,5_9,0.00014827
132,2020,2,5_9,0.00044822
132,2021,2,5_9,0.00013646
132,2022,2,5_9,0.00013088
132,2023,2,5_9,0.00012511
384,1950,2,5_9,0.01424641
384,1951,2,5_9,0.01386076
384,1952,2,5_9,0.01346435
384,1953,2,5_9,0.01307194
384,1954,2,5_9,0.01267518
384,1955,2,5_9,0.01227068
384,1956,2,5_9,0.01185143
384,1957,2,5_9,0.01142335
384,1958,2,5_9,0.01098838
384,1959,2,5_9,0.01055418
384,1960,2,5_9,0.01013022
384,1961,2,5_9,0.00972473
384,1962,2,5_9,0.00930707
384,1963,2,5_9,0.00893142
384,1964,2,5_9,0.00857732
384,1965,2,5_9,0.00823972
384,1966,2,5_9,0.00791606
384,1967,2,5_9,0.00760398
384,1968,2,5_9,0.00729803
384,1969,2,5_9,0.00699389
384,1970,2,5_9,0.00669315
384,1971,2,5_9,0.00637855
384,1972,2,5_9,0.00606131
384,1973,2,5_9,0.00574693
384,1974,2,5_9,0.00543305
384,1975,2,5_9,0.00513904
384,1976,2,5_9,0.00485317
384,1977,2,5_9,0.00459013
384,1978,2,5_9,0.00435414
384,1979,2,5_9,0.00414743
384,1980,2,5_9,0.00397183
384,1981,2,5_9,0.00382068
384,1982,2,5_9,0.00369448
384,1983,2,5_9,0.00359872
384,1984,2,5_9,0.00352183
384,1985,2,5_9,0.00346591
384,1986,2,5_9,0.00342303
384,1987,2,5_9,0.00339737
384,1988,2,5_9,0.00338781
384,1989,2,5_9,0.00339027
384,1990,2,5_9,0.00340176
384,1991,2,5_9,0.00341027
384,1992,2,5_9,0.00341405
384,1993,2,5_9,0.00341861
384,1994,2,5_9,0.00341375
384,1995,2,5_9,0.00339299
384,1996,2,5_9,0.00334384
384,1997,2,5_9,0.00329094
384,1998,2,5_9,0.00317052
384,1999,2,5_9,0.0030864
384,2000,2,5_9,0.0030369
384,2001,2,5_9,0.00291039
384,2002,2,5_9,0.00280521
384,2003,2,5_9,0.00268773
384,2004,2,5_9,0.00257188
384,2005,2,5_9,0.00246881
384,2006,2,5_9,0.00234283
384,2007,2,5_9,0.00225047
384,2008,2,5_9,0.00214533
384,2009,2,5_9,0.00205771
384,2010,2,5_9,0.0019674
384,2011,2,5_9,0.00189743
384,2012,2,5_9,0.00180433
384,2013,2,5_9,0.0017228
384,2014,2,5_9,0.00165545
384,2015,2,5_9,0.00158998
384,2016,2,5_9,0.00152509
384,2017,2,5_9,0.00146629
384,2018,2,5_9,0.00140872
384,2019,2,5_9,0.00135384
384,2020,2,5_9,0.00128742
384,2021,2,5_9,0.00121953
384,2022,2,5_9,0.00118681
384,2023,2,5_9,0.00116024
270,1950,2,5_9,0.01450642
270,1951,2,5_9,0.01434371
270,1952,2,5_9,0.01424814
270,1953,2,5_9,0.01420623
270,1954,2,5_9,0.01411502
270,1955,2,5_9,0.01401831
270,1956,2,5_9,0.01386817
270,1957,2,5_9,0.01373332
270,1958,2,5_9,0.01350541
270,1959,2,5_9,0.01332461
270,1960,2,5_9,0.01313871
270,1961,2,5_9,0.01295418
270,1962,2,5_9,0.01273726
270,1963,2,5_9,0.0125649
270,1964,2,5_9,0.01238911
270,1965,2,5_9,0.01221768
270,1966,2,5_9,0.0120521
270,1967,2,5_9,0.01185996
270,1968,2,5_9,0.01170842
270,1969,2,5_9,0.01153877
270,1970,2,5_9,0.01128563
270,1971,2,5_9,0.0111014
270,1972,2,5_9,0.01094258
270,1973,2,5_9,0.01069846
270,1974,2,5_9,0.01053773
270,1975,2,5_9,0.01029849
270,1976,2,5_9,0.01000654
270,1977,2,5_9,0.00984904
270,1978,2,5_9,0.00986114
270,1979,2,5_9,0.00939033
270,1980,2,5_9,0.00934318
270,1981,2,5_9,0.00912829
270,1982,2,5_9,0.0089119
270,1983,2,5_9,0.00862557
270,1984,2,5_9,0.00836316
270,1985,2,5_9,0.00811226
270,1986,2,5_9,0.00779885
270,1987,2,5_9,0.00756315
270,1988,2,5_9,0.00717594
270,1989,2,5_9,0.00695365
270,1990,2,5_9,0.0066587
270,1991,2,5_9,0.0064149
270,1992,2,5_9,0.00607366
270,1993,2,5_9,0.00573966
270,1994,2,5_9,0.00547846
270,1995,2,5_9,0.00523301
270,1996,2,5_9,0.00502932
270,1997,2,5_9,0.00490944
270,1998,2,5_9,0.00459641
270,1999,2,5_9,0.0045074
270,2000,2,5_9,0.00447371
270,2001,2,5_9,0.00447741
270,2002,2,5_9,0.00444035
270,2003,2,5_9,0.00437496
270,2004,2,5_9,0.00426713
270,2005,2,5_9,0.00423476
270,2006,2,5_9,0.00411375
270,2007,2,5_9,0.00414563
270,2008,2,5_9,0.00406858
270,2009,2,5_9,0.00404397
270,2010,2,5_9,0.00396687
270,2011,2,5_9,0.00387499
270,2012,2,5_9,0.00379925
270,2013,2,5_9,0.00371297
270,2014,2,5_9,0.00361238
270,2015,2,5_9,0.00347481
270,2016,2,5_9,0.00332324
270,2017,2,5_9,0.00319715
270,2018,2,5_9,0.00307998
270,2019,2,5_9,0.00293363
270,2020,2,5_9,0.00277627
270,2021,2,5_9,0.00267447
270,2022,2,5_9,0.00254842
270,2023,2,5_9,0.00243055
288,1950,2,5_9,0.00869711
288,1951,2,5_9,0.00853611
288,1952,2,5_9,0.00834813
288,1953,2,5_9,0.00816606
288,1954,2,5_9,0.00800217
288,1955,2,5_9,0.00785931
288,1956,2,5_9,0.00772517
288,1957,2,5_9,0.00761681
288,1958,2,5_9,0.00752552
288,1959,2,5_9,0.00744169
288,1960,2,5_9,0.00736577
288,1961,2,5_9,0.00730257
288,1962,2,5_9,0.00724128
288,1963,2,5_9,0.00718581
288,1964,2,5_9,0.00707897
288,1965,2,5_9,0.00707292
288,1966,2,5_9,0.00707022
288,1967,2,5_9,0.00707021
288,1968,2,5_9,0.00707956
288,1969,2,5_9,0.00699755
288,1970,2,5_9,0.00704217
288,1971,2,5_9,0.0070412
288,1972,2,5_9,0.00691896
288,1973,2,5_9,0.00682542
288,1974,2,5_9,0.00676081
288,1975,2,5_9,0.00664974
288,1976,2,5_9,0.00654815
288,1977,2,5_9,0.00647348
288,1978,2,5_9,0.00636206
288,1979,2,5_9,0.00627216
288,1980,2,5_9,0.00619586
288,1981,2,5_9,0.00613165
288,1982,2,5_9,0.00612431
288,1983,2,5_9,0.00601211
288,1984,2,5_9,0.00586039
288,1985,2,5_9,0.0056963
288,1986,2,5_9,0.00555253
288,1987,2,5_9,0.00543128
288,1988,2,5_9,0.00530074
288,1989,2,5_9,0.00521591
288,1990,2,5_9,0.00518651
288,1991,2,5_9,0.00521026
288,1992,2,5_9,0.0052173
288,1993,2,5_9,0.0052503
288,1994,2,5_9,0.00531712
288,1995,2,5_9,0.00522166
288,1996,2,5_9,0.00513282
288,1997,2,5_9,0.00504928
288,1998,2,5_9,0.00497051
288,1999,2,5_9,0.00488887
288,2000,2,5_9,0.00483554
288,2001,2,5_9,0.00479832
288,2002,2,5_9,0.0047332
288,2003,2,5_9,0.00465865
288,2004,2,5_9,0.00457842
288,2005,2,5_9,0.0044897
288,2006,2,5_9,0.00439209
288,2007,2,5_9,0.00429431
288,2008,2,5_9,0.00418783
288,2009,2,5_9,0.00406949
288,2010,2,5_9,0.00393242
288,2011,2,5_9,0.00378913
288,2012,2,5_9,0.003643
288,2013,2,5_9,0.00349573
288,2014,2,5_9,0.00333895
288,2015,2,5_9,0.0032268
288,2016,2,5_9,0.00311229
288,2017,2,5_9,0.00300213
288,2018,2,5_9,0.00288348
288,2019,2,5_9,0.00276098
288,2020,2,5_9,0.00265054
288,2021,2,5_9,0.00255085
288,2022,2,5_9,0.00244465
288,2023,2,5_9,0.00233309
324,1950,2,5_9,0.01110219
324,1951,2,5_9,0.01105068
324,1952,2,5_9,0.01098031
324,1953,2,5_9,0.01093729
324,1954,2,5_9,0.01091721
324,1955,2,5_9,0.01088381
324,1956,2,5_9,0.01084338
324,1957,2,5_9,0.01079463
324,1958,2,5_9,0.0107282
324,1959,2,5_9,0.01065368
324,1960,2,5_9,0.01056684
324,1961,2,5_9,0.01045894
324,1962,2,5_9,0.01036917
324,1963,2,5_9,0.01027813
324,1964,2,5_9,0.01017592
324,1965,2,5_9,0.01006829
324,1966,2,5_9,0.00995161
324,1967,2,5_9,0.00976703
324,1968,2,5_9,0.00962487
324,1969,2,5_9,0.00950145
324,1970,2,5_9,0.0093837
324,1971,2,5_9,0.00926064
324,1972,2,5_9,0.00914069
324,1973,2,5_9,0.00912888
324,1974,2,5_9,0.00901173
324,1975,2,5_9,0.008858
324,1976,2,5_9,0.00870523
324,1977,2,5_9,0.00854153
324,1978,2,5_9,0.00831465
324,1979,2,5_9,0.00810029
324,1980,2,5_9,0.00788664
324,1981,2,5_9,0.0076978
324,1982,2,5_9,0.00751496
324,1983,2,5_9,0.00742392
324,1984,2,5_9,0.00718883
324,1985,2,5_9,0.00707558
324,1986,2,5_9,0.00703695
324,1987,2,5_9,0.00704169
324,1988,2,5_9,0.0070677
324,1989,2,5_9,0.00707769
324,1990,2,5_9,0.00706871
324,1991,2,5_9,0.00693129
324,1992,2,5_9,0.00683924
324,1993,2,5_9,0.0066937
324,1994,2,5_9,0.00665714
324,1995,2,5_9,0.00651617
324,1996,2,5_9,0.00637135
324,1997,2,5_9,0.00631859
324,1998,2,5_9,0.00631284
324,1999,2,5_9,0.00632701
324,2000,2,5_9,0.00637043
324,2001,2,5_9,0.00640228
324,2002,2,5_9,0.00636973
324,2003,2,5_9,0.00629009
324,2004,2,5_9,0.00616101
324,2005,2,5_9,0.00596933
324,2006,2,5_9,0.00575632
324,2007,2,5_9,0.00558679
324,2008,2,5_9,0.00535644
324,2009,2,5_9,0.0051765
324,2010,2,5_9,0.00499508
324,2011,2,5_9,0.00483342
324,2012,2,5_9,0.00467932
324,2013,2,5_9,0.00453951
324,2014,2,5_9,0.00450387
324,2015,2,5_9,0.00442554
324,2016,2,5_9,0.00423889
324,2017,2,5_9,0.00414771
324,2018,2,5_9,0.0040555
324,2019,2,5_9,0.00395932
324,2020,2,5_9,0.00384717
324,2021,2,5_9,0.00373675
324,2022,2,5_9,0.00363122
324,2023,2,5_9,0.00354037
624,1950,2,5_9,0.01333597
624,1951,2,5_9,0.01320691
624,1952,2,5_9,0.01307891
624,1953,2,5_9,0.01295248
624,1954,2,5_9,0.01282743
624,1955,2,5_9,0.01270464
624,1956,2,5_9,0.01258012
624,1957,2,5_9,0.01245366
624,1958,2,5_9,0.01232344
624,1959,2,5_9,0.01218745
624,1960,2,5_9,0.01204487
624,1961,2,5_9,0.01189388
624,1962,2,5_9,0.01173445
624,1963,2,5_9,0.01156691
624,1964,2,5_9,0.0113893
624,1965,2,5_9,0.01121206
624,1966,2,5_9,0.01103269
624,1967,2,5_9,0.01085098
624,1968,2,5_9,0.01067073
624,1969,2,5_9,0.0104905
624,1970,2,5_9,0.01031059
624,1971,2,5_9,0.01013132
624,1972,2,5_9,0.00995234
624,1973,2,5_9,0.00977216
624,1974,2,5_9,0.00959049
624,1975,2,5_9,0.00940835
624,1976,2,5_9,0.00922328
624,1977,2,5_9,0.00904281
624,1978,2,5_9,0.00886401
624,1979,2,5_9,0.00868718
624,1980,2,5_9,0.00851338
624,1981,2,5_9,0.00848594
624,1982,2,5_9,0.00842383
624,1983,2,5_9,0.00821147
624,1984,2,5_9,0.00810745
624,1985,2,5_9,0.00794149
624,1986,2,5_9,0.00780313
624,1987,2,5_9,0.00762231
624,1988,2,5_9,0.00727515
624,1989,2,5_9,0.00715039
624,1990,2,5_9,0.00677743
624,1991,2,5_9,0.00658703
624,1992,2,5_9,0.00638386
624,1993,2,5_9,0.00618844
624,1994,2,5_9,0.00617725
624,1995,2,5_9,0.00576744
624,1996,2,5_9,0.0056205
624,1997,2,5_9,0.00597196
624,1998,2,5_9,0.00515011
624,1999,2,5_9,0.00521048
624,2000,2,5_9,0.00473578
624,2001,2,5_9,0.00452577
624,2002,2,5_9,0.0043179
624,2003,2,5_9,0.00410351
624,2004,2,5_9,0.00389265
624,2005,2,5_9,0.0039107
624,2006,2,5_9,0.00347912
624,2007,2,5_9,0.00327206
624,2008,2,5_9,0.00319162
624,2009,2,5_9,0.00288641
624,2010,2,5_9,0.00272463
624,2011,2,5_9,0.00256355
624,2012,2,5_9,0.00242196
624,2013,2,5_9,0.00229264
624,2014,2,5_9,0.00216906
624,2015,2,5_9,0.00205719
624,2016,2,5_9,0.0019612
624,2017,2,5_9,0.0018733
624,2018,2,5_9,0.00179036
624,2019,2,5_9,0.00171219
624,2020,2,5_9,0.00163928
624,2021,2,5_9,0.00156718
624,2022,2,5_9,0.00150003
624,2023,2,5_9,0.00143624
430,1950,2,5_9,0.00941934
430,1951,2,5_9,0.00941158
430,1952,2,5_9,0.00940342
430,1953,2,5_9,0.00939732
430,1954,2,5_9,0.00939543
430,1955,2,5_9,0.00939942
430,1956,2,5_9,0.00940958
430,1957,2,5_9,0.00943947
430,1958,2,5_9,0.0094327
430,1959,2,5_9,0.00945934
430,1960,2,5_9,0.0094648
430,1961,2,5_9,0.00945694
430,1962,2,5_9,0.00942541
430,1963,2,5_9,0.00936968
430,1964,2,5_9,0.00928406
430,1965,2,5_9,0.00917034
430,1966,2,5_9,0.00902174
430,1967,2,5_9,0.00887237
430,1968,2,5_9,0.00866079
430,1969,2,5_9,0.00847079
430,1970,2,5_9,0.00829878
430,1971,2,5_9,0.00813822
430,1972,2,5_9,0.00789141
430,1973,2,5_9,0.00768419
430,1974,2,5_9,0.00748728
430,1975,2,5_9,0.00729948
430,1976,2,5_9,0.0071175
430,1977,2,5_9,0.00695563
430,1978,2,5_9,0.00680133
430,1979,2,5_9,0.00666926
430,1980,2,5_9,0.00658211
430,1981,2,5_9,0.00649505
430,1982,2,5_9,0.00646286
430,1983,2,5_9,0.00643006
430,1984,2,5_9,0.00645465
430,1985,2,5_9,0.00674632
430,1986,2,5_9,0.00661078
430,1987,2,5_9,0.00672455
430,1988,2,5_9,0.00684238
430,1989,2,5_9,0.00695308
430,1990,2,5_9,0.00700522
430,1991,2,5_9,0.00718178
430,1992,2,5_9,0.00695731
430,1993,2,5_9,0.00746171
430,1994,2,5_9,0.0076048
430,1995,2,5_9,0.00688885
430,1996,2,5_9,0.00672988
430,1997,2,5_9,0.0055583
430,1998,2,5_9,0.0051499
430,1999,2,5_9,0.00472846
430,2000,2,5_9,0.00432306
430,2001,2,5_9,0.0039162
430,2002,2,5_9,0.0035614
430,2003,2,5_9,0.00371549
430,2004,2,5_9,0.00293286
430,2005,2,5_9,0.00268369
430,2006,2,5_9,0.00246092
430,2007,2,5_9,0.00227188
430,2008,2,5_9,0.0021162
430,2009,2,5_9,0.00199281
430,2010,2,5_9,0.00190431
430,2011,2,5_9,0.001819
430,2012,2,5_9,0.00175027
430,2013,2,5_9,0.00169321
430,2014,2,5_9,0.0020124
430,2015,2,5_9,0.00202484
430,2016,2,5_9,0.00157641
430,2017,2,5_9,0.00149152
430,2018,2,5_9,0.00144322
430,2019,2,5_9,0.00139009
430,2020,2,5_9,0.00134914
430,2021,2,5_9,0.00127556
430,2022,2,5_9,0.00123752
430,2023,2,5_9,0.00121434
466,1950,2,5_9,0.01095941
466,1951,2,5_9,0.01088273
466,1952,2,5_9,0.01077217
466,1953,2,5_9,0.01077341
466,1954,2,5_9,0.01073501
466,1955,2,5_9,0.01066092
466,1956,2,5_9,0.01066471
466,1957,2,5_9,0.01055654
466,1958,2,5_9,0.01055727
466,1959,2,5_9,0.01051523
466,1960,2,5_9,0.01050574
466,1961,2,5_9,0.01044475
466,1962,2,5_9,0.01034412
466,1963,2,5_9,0.01034559
466,1964,2,5_9,0.01030416
466,1965,2,5_9,0.01020735
466,1966,2,5_9,0.01016513
466,1967,2,5_9,0.01007104
466,1968,2,5_9,0.00993028
466,1969,2,5_9,0.00992528
466,1970,2,5_9,0.00974226
466,1971,2,5_9,0.00968418
466,1972,2,5_9,0.00937061
466,1973,2,5_9,0.00919919
466,1974,2,5_9,0.00899982
466,1975,2,5_9,0.00889249
466,1976,2,5_9,0.00881724
466,1977,2,5_9,0.00864022
466,1978,2,5_9,0.00846817
466,1979,2,5_9,0.008273
466,1980,2,5_9,0.00798793
466,1981,2,5_9,0.00769302
466,1982,2,5_9,0.0073054
466,1983,2,5_9,0.00675779
466,1984,2,5_9,0.00654638
466,1985,2,5_9,0.00643299
466,1986,2,5_9,0.00632338
466,1987,2,5_9,0.00618362
466,1988,2,5_9,0.00620313
466,1989,2,5_9,0.00624191
466,1990,2,5_9,0.00636514
466,1991,2,5_9,0.00639647
466,1992,2,5_9,0.00632476
466,1993,2,5_9,0.00628738
466,1994,2,5_9,0.0060681
466,1995,2,5_9,0.00594595
466,1996,2,5_9,0.00594261
466,1997,2,5_9,0.00569484
466,1998,2,5_9,0.00552775
466,1999,2,5_9,0.00538695
466,2000,2,5_9,0.00545257
466,2001,2,5_9,0.00515166
466,2002,2,5_9,0.0048596
466,2003,2,5_9,0.00462093
466,2004,2,5_9,0.00440513
466,2005,2,5_9,0.00425431
466,2006,2,5_9,0.00413682
466,2007,2,5_9,0.00404997
466,2008,2,5_9,0.00396276
466,2009,2,5_9,0.00390013
466,2010,2,5_9,0.00382059
466,2011,2,5_9,0.00374026
466,2012,2,5_9,0.00365499
466,2013,2,5_9,0.00356791
466,2014,2,5_9,0.00348664
466,2015,2,5_9,0.0034048
466,2016,2,5_9,0.00332331
466,2017,2,5_9,0.00324632
466,2018,2,5_9,0.00316475
466,2019,2,5_9,0.0030811
466,2020,2,5_9,0.00299252
466,2021,2,5_9,0.00289199
466,2022,2,5_9,0.00284343
466,2023,2,5_9,0.00275694
478,1950,2,5_9,0.00957344
478,1951,2,5_9,0.009359
478,1952,2,5_9,0.00914133
478,1953,2,5_9,0.00896974
478,1954,2,5_9,0.00873369
478,1955,2,5_9,0.0085135
478,1956,2,5_9,0.00829305
478,1957,2,5_9,0.00799967
478,1958,2,5_9,0.0077945
478,1959,2,5_9,0.00755231
478,1960,2,5_9,0.00720597
478,1961,2,5_9,0.00686814
478,1962,2,5_9,0.00654233
478,1963,2,5_9,0.0061829
478,1964,2,5_9,0.0058348
478,1965,2,5_9,0.00550773
478,1966,2,5_9,0.00519675
478,1967,2,5_9,0.00489806
478,1968,2,5_9,0.00460693
478,1969,2,5_9,0.00438953
478,1970,2,5_9,0.00424827
478,1971,2,5_9,0.00419869
478,1972,2,5_9,0.00410552
478,1973,2,5_9,0.00405829
478,1974,2,5_9,0.00395064
478,1975,2,5_9,0.00385804
478,1976,2,5_9,0.00379677
478,1977,2,5_9,0.00374256
478,1978,2,5_9,0.00367825
478,1979,2,5_9,0.00357297
478,1980,2,5_9,0.00348027
478,1981,2,5_9,0.00337018
478,1982,2,5_9,0.00324063
478,1983,2,5_9,0.00315683
478,1984,2,5_9,0.00302356
478,1985,2,5_9,0.00289079
478,1986,2,5_9,0.00280105
478,1987,2,5_9,0.00265384
478,1988,2,5_9,0.00253934
478,1989,2,5_9,0.00251266
478,1990,2,5_9,0.00243466
478,1991,2,5_9,0.00240064
478,1992,2,5_9,0.00233789
478,1993,2,5_9,0.00231109
478,1994,2,5_9,0.0022965
478,1995,2,5_9,0.00227961
478,1996,2,5_9,0.00228746
478,1997,2,5_9,0.00213125
478,1998,2,5_9,0.00198521
478,1999,2,5_9,0.00187811
478,2000,2,5_9,0.00175784
478,2001,2,5_9,0.00163004
478,2002,2,5_9,0.00151938
478,2003,2,5_9,0.00141582
478,2004,2,5_9,0.00133112
478,2005,2,5_9,0.00124111
478,2006,2,5_9,0.00114695
478,2007,2,5_9,0.00108834
478,2008,2,5_9,0.00103693
478,2009,2,5_9,0.00100087
478,2010,2,5_9,0.00098475
478,2011,2,5_9,0.00097341
478,2012,2,5_9,0.00097539
478,2013,2,5_9,0.00096659
478,2014,2,5_9,0.00093611
478,2015,2,5_9,0.00090795
478,2016,2,5_9,0.00088185
478,2017,2,5_9,0.00086523
478,2018,2,5_9,0.00082488
478,2019,2,5_9,0.000797
478,2020,2,5_9,0.00077154
478,2021,2,5_9,0.00074395
478,2022,2,5_9,0.00071621
478,2023,2,5_9,0.00069314
562,1950,2,5_9,0.01110396
562,1951,2,5_9,0.01108816
562,1952,2,5_9,0.01106895
562,1953,2,5_9,0.01104788
562,1954,2,5_9,0.01102023
562,1955,2,5_9,0.01099877
562,1956,2,5_9,0.01093586
562,1957,2,5_9,0.01090639
562,1958,2,5_9,0.01089776
562,1959,2,5_9,0.01084647
562,1960,2,5_9,0.0107796
562,1961,2,5_9,0.01067097
562,1962,2,5_9,0.01061988
562,1963,2,5_9,0.01051322
562,1964,2,5_9,0.01044904
562,1965,2,5_9,0.01042038
562,1966,2,5_9,0.01038525
562,1967,2,5_9,0.01036157
562,1968,2,5_9,0.01035702
562,1969,2,5_9,0.01034651
562,1970,2,5_9,0.01028369
562,1971,2,5_9,0.0105945
562,1972,2,5_9,0.01002175
562,1973,2,5_9,0.00972944
562,1974,2,5_9,0.0093721
562,1975,2,5_9,0.0089956
562,1976,2,5_9,0.00859657
562,1977,2,5_9,0.00823344
562,1978,2,5_9,0.00787865
562,1979,2,5_9,0.00750586
562,1980,2,5_9,0.00723613
562,1981,2,5_9,0.00706787
562,1982,2,5_9,0.00688545
562,1983,2,5_9,0.00672443
562,1984,2,5_9,0.00660096
562,1985,2,5_9,0.00638714
562,1986,2,5_9,0.0061896
562,1987,2,5_9,0.00596209
562,1988,2,5_9,0.00572514
562,1989,2,5_9,0.00550704
562,1990,2,5_9,0.00529936
562,1991,2,5_9,0.00512474
562,1992,2,5_9,0.00492847
562,1993,2,5_9,0.00479089
562,1994,2,5_9,0.00468522
562,1995,2,5_9,0.00459552
562,1996,2,5_9,0.00454404
562,1997,2,5_9,0.00449699
562,1998,2,5_9,0.00449105
562,1999,2,5_9,0.00450531
562,2000,2,5_9,0.00450698
562,2001,2,5_9,0.00449468
562,2002,2,5_9,0.00445087
562,2003,2,5_9,0.00433916
562,2004,2,5_9,0.00421673
562,2005,2,5_9,0.00405162
562,2006,2,5_9,0.00387509
562,2007,2,5_9,0.0036839
562,2008,2,5_9,0.00349308
562,2009,2,5_9,0.00334839
562,2010,2,5_9,0.0031978
562,2011,2,5_9,0.00304692
562,2012,2,5_9,0.00292828
562,2013,2,5_9,0.00279862
562,2014,2,5_9,0.00268118
562,2015,2,5_9,0.00258527
562,2016,2,5_9,0.00246845
562,2017,2,5_9,0.00237018
562,2018,2,5_9,0.00228752
562,2019,2,5_9,0.00220422
562,2020,2,5_9,0.00212872
562,2021,2,5_9,0.00207145
562,2022,2,5_9,0.00198458
562,2023,2,5_9,0.00190819
566,1950,2,5_9,0.01233565
566,1951,2,5_9,0.01225362
566,1952,2,5_9,0.01226093
566,1953,2,5_9,0.0121782
566,1954,2,5_9,0.01210193
566,1955,2,5_9,0.01199731
566,1956,2,5_9,0.01200482
566,1957,2,5_9,0.01195154
566,1958,2,5_9,0.01184748
566,1959,2,5_9,0.01176442
566,1960,2,5_9,0.01170736
566,1961,2,5_9,0.01160551
566,1962,2,5_9,0.01161439
566,1963,2,5_9,0.01153453
566,1964,2,5_9,0.01145808
566,1965,2,5_9,0.01132671
566,1966,2,5_9,0.01129815
566,1967,2,5_9,0.01156491
566,1968,2,5_9,0.01095096
566,1969,2,5_9,0.01087448
566,1970,2,5_9,0.01075285
566,1971,2,5_9,0.01045686
566,1972,2,5_9,0.01014553
566,1973,2,5_9,0.0098971
566,1974,2,5_9,0.00961805
566,1975,2,5_9,0.00935374
566,1976,2,5_9,0.00918943
566,1977,2,5_9,0.00894566
566,1978,2,5_9,0.00876405
566,1979,2,5_9,0.00864837
566,1980,2,5_9,0.00855044
566,1981,2,5_9,0.00837221
566,1982,2,5_9,0.00832046
566,1983,2,5_9,0.00845302
566,1984,2,5_9,0.00858793
566,1985,2,5_9,0.00874911
566,1986,2,5_9,0.00903922
566,1987,2,5_9,0.00911644
566,1988,2,5_9,0.00915123
566,1989,2,5_9,0.00916501
566,1990,2,5_9,0.00929745
566,1991,2,5_9,0.00948533
566,1992,2,5_9,0.00940249
566,1993,2,5_9,0.00917946
566,1994,2,5_9,0.00929212
566,1995,2,5_9,0.00942529
566,1996,2,5_9,0.00967724
566,1997,2,5_9,0.00988217
566,1998,2,5_9,0.01014019
566,1999,2,5_9,0.01004118
566,2000,2,5_9,0.00986875
566,2001,2,5_9,0.00997579
566,2002,2,5_9,0.00997473
566,2003,2,5_9,0.00979774
566,2004,2,5_9,0.00962026
566,2005,2,5_9,0.00939171
566,2006,2,5_9,0.00933944
566,2007,2,5_9,0.00913865
566,2008,2,5_9,0.00909655
566,2009,2,5_9,0.00894889
566,2010,2,5_9,0.00891667
566,2011,2,5_9,0.00894854
566,2012,2,5_9,0.00892168
566,2013,2,5_9,0.00887703
566,2014,2,5_9,0.00884661
566,2015,2,5_9,0.00897203
566,2016,2,5_9,0.00892163
566,2017,2,5_9,0.00885603
566,2018,2,5_9,0.00875196
566,2019,2,5_9,0.00860246
566,2020,2,5_9,0.00843013
566,2021,2,5_9,0.00827214
566,2022,2,5_9,0.00809473
566,2023,2,5_9,0.00793859
654,1950,2,5_9,0.00095002
654,1951,2,5_9,0.00091536
654,1952,2,5_9,0.00088476
654,1953,2,5_9,0.00084246
654,1954,2,5_9,0.0007899
654,1955,2,5_9,0.00076474
654,1956,2,5_9,0.00074195
654,1957,2,5_9,0.00072642
654,1958,2,5_9,0.00070515
654,1959,2,5_9,0.00069487
654,1960,2,5_9,0.00068618
654,1961,2,5_9,0.00068213
654,1962,2,5_9,0.0006635
654,1963,2,5_9,0.00065057
654,1964,2,5_9,0.00063476
654,1965,2,5_9,0.00061109
654,1966,2,5_9,0.00059326
654,1967,2,5_9,0.00058933
654,1968,2,5_9,0.000582
654,1969,2,5_9,0.00056806
654,1970,2,5_9,0.00056833
654,1971,2,5_9,0.00055919
654,1972,2,5_9,0.00054831
654,1973,2,5_9,0.00053703
654,1974,2,5_9,0.00053152
654,1975,2,5_9,0.00051508
654,1976,2,5_9,0.00050321
654,1977,2,5_9,0.00049268
654,1978,2,5_9,0.00048041
654,1979,2,5_9,0.00046374
654,1980,2,5_9,0.00045399
654,1981,2,5_9,0.00044089
654,1982,2,5_9,0.00042565
654,1983,2,5_9,0.00041722
654,1984,2,5_9,0.00040901
654,1985,2,5_9,0.00039867
654,1986,2,5_9,0.00039036
654,1987,2,5_9,0.00038533
654,1988,2,5_9,0.00037444
654,1989,2,5_9,0.0003657
654,1990,2,5_9,0.00035544
654,1991,2,5_9,0.0003489
654,1992,2,5_9,0.00032834
654,1993,2,5_9,0.00031297
654,1994,2,5_9,0.00030951
654,1995,2,5_9,0.00026686
654,1996,2,5_9,0.00024781
654,1997,2,5_9,0.0002425
654,1998,2,5_9,0.00022383
654,1999,2,5_9,0.00020989
654,2000,2,5_9,0.00022283
654,2001,2,5_9,0.0002118
654,2002,2,5_9,0.0002236
654,2003,2,5_9,0.00021029
654,2004,2,5_9,0.00018533
654,2005,2,5_9,0.00018948
654,2006,2,5_9,0.0001898
654,2007,2,5_9,0.00020954
654,2008,2,5_9,0.00021172
654,2009,2,5_9,0.00020853
654,2010,2,5_9,0.00018724
654,2011,2,5_9,0.00019148
654,2012,2,5_9,0.00019181
654,2013,2,5_9,0.00019454
654,2014,2,5_9,0.00020727
654,2015,2,5_9,0.00021975
654,2016,2,5_9,0.00021649
654,2017,2,5_9,0.00019667
654,2018,2,5_9,0.00019022
654,2019,2,5_9,0.00018401
654,2020,2,5_9,0.00017955
654,2021,2,5_9,0.0001863
654,2022,2,5_9,0.00017638
654,2023,2,5_9,0.00018127
686,1950,2,5_9,0.00954977
686,1951,2,5_9,0.00948103
686,1952,2,5_9,0.00934089
686,1953,2,5_9,0.00918367
686,1954,2,5_9,0.00911232
686,1955,2,5_9,0.00898739
686,1956,2,5_9,0.00891083
686,1957,2,5_9,0.00883178
686,1958,2,5_9,0.00873703
686,1959,2,5_9,0.00865632
686,1960,2,5_9,0.00864111
686,1961,2,5_9,0.0086242
686,1962,2,5_9,0.00860478
686,1963,2,5_9,0.00858463
686,1964,2,5_9,0.00856214
686,1965,2,5_9,0.00855095
686,1966,2,5_9,0.00850069
686,1967,2,5_9,0.0084227
686,1968,2,5_9,0.00838447
686,1969,2,5_9,0.0083058
686,1970,2,5_9,0.00815174
686,1971,2,5_9,0.00798885
686,1972,2,5_9,0.00779152
686,1973,2,5_9,0.00752015
686,1974,2,5_9,0.00733504
686,1975,2,5_9,0.00703642
686,1976,2,5_9,0.00674017
686,1977,2,5_9,0.00645502
686,1978,2,5_9,0.00619117
686,1979,2,5_9,0.00586809
686,1980,2,5_9,0.00561409
686,1981,2,5_9,0.00536544
686,1982,2,5_9,0.00512604
686,1983,2,5_9,0.00476037
686,1984,2,5_9,0.00442878
686,1985,2,5_9,0.00414326
686,1986,2,5_9,0.00375026
686,1987,2,5_9,0.00346612
686,1988,2,5_9,0.0032177
686,1989,2,5_9,0.00298667
686,1990,2,5_9,0.00288659
686,1991,2,5_9,0.00279165
686,1992,2,5_9,0.00272248
686,1993,2,5_9,0.00269491
686,1994,2,5_9,0.00266131
686,1995,2,5_9,0.00275337
686,1996,2,5_9,0.00290082
686,1997,2,5_9,0.00293987
686,1998,2,5_9,0.00304312
686,1999,2,5_9,0.0031004
686,2000,2,5_9,0.00299257
686,2001,2,5_9,0.00288857
686,2002,2,5_9,0.00269982
686,2003,2,5_9,0.00264577
686,2004,2,5_9,0.00252243
686,2005,2,5_9,0.00244347
686,2006,2,5_9,0.00226831
686,2007,2,5_9,0.00207549
686,2008,2,5_9,0.00197803
686,2009,2,5_9,0.0018003
686,2010,2,5_9,0.00173854
686,2011,2,5_9,0.00160792
686,2012,2,5_9,0.00154207
686,2013,2,5_9,0.00148573
686,2014,2,5_9,0.00145629
686,2015,2,5_9,0.00141082
686,2016,2,5_9,0.0014034
686,2017,2,5_9,0.0013511
686,2018,2,5_9,0.00130069
686,2019,2,5_9,0.00125225
686,2020,2,5_9,0.00120434
686,2021,2,5_9,0.00116388
686,2022,2,5_9,0.00112049
686,2023,2,5_9,0.00108003
694,1950,2,5_9,0.01365012
694,1951,2,5_9,0.013461
694,1952,2,5_9,0.01320421
694,1953,2,5_9,0.0130078
694,1954,2,5_9,0.01283918
694,1955,2,5_9,0.01258838
694,1956,2,5_9,0.01239811
694,1957,2,5_9,0.01215095
694,1958,2,5_9,0.01195834
694,1959,2,5_9,0.01176175
694,1960,2,5_9,0.01142842
694,1961,2,5_9,0.01111027
694,1962,2,5_9,0.0108273
694,1963,2,5_9,0.01057434
694,1964,2,5_9,0.01025858
694,1965,2,5_9,0.00992443
694,1966,2,5_9,0.00959927
694,1967,2,5_9,0.00927801
694,1968,2,5_9,0.00903893
694,1969,2,5_9,0.00882915
694,1970,2,5_9,0.00861389
694,1971,2,5_9,0.00832919
694,1972,2,5_9,0.00809017
694,1973,2,5_9,0.00782564
694,1974,2,5_9,0.00752972
694,1975,2,5_9,0.00723707
694,1976,2,5_9,0.00704474
694,1977,2,5_9,0.00688224
694,1978,2,5_9,0.00672902
694,1979,2,5_9,0.00660555
694,1980,2,5_9,0.00650543
694,1981,2,5_9,0.00644218
694,1982,2,5_9,0.00639635
694,1983,2,5_9,0.00638484
694,1984,2,5_9,0.00641597
694,1985,2,5_9,0.0064959
694,1986,2,5_9,0.00660608
694,1987,2,5_9,0.0065457
694,1988,2,5_9,0.00660608
694,1989,2,5_9,0.00668621
694,1990,2,5_9,0.00676209
694,1991,2,5_9,0.00695681
694,1992,2,5_9,0.0069044
694,1993,2,5_9,0.00696487
694,1994,2,5_9,0.00728613
694,1995,2,5_9,0.00736108
694,1996,2,5_9,0.00712545
694,1997,2,5_9,0.00709662
694,1998,2,5_9,0.00726532
694,1999,2,5_9,0.00680361
694,2000,2,5_9,0.00675005
694,2001,2,5_9,0.00648847
694,2002,2,5_9,0.00629255
694,2003,2,5_9,0.00607111
694,2004,2,5_9,0.0058172
694,2005,2,5_9,0.00551265
694,2006,2,5_9,0.00499876
694,2007,2,5_9,0.0048338
694,2008,2,5_9,0.00462803
694,2009,2,5_9,0.00444754
694,2010,2,5_9,0.00427421
694,2011,2,5_9,0.00409418
694,2012,2,5_9,0.00393397
694,2013,2,5_9,0.00366705
694,2014,2,5_9,0.0036901
694,2015,2,5_9,0.00332627
694,2016,2,5_9,0.00285167
694,2017,2,5_9,0.00267619
694,2018,2,5_9,0.00225579
694,2019,2,5_9,0.00212434
694,2020,2,5_9,0.00201756
694,2021,2,5_9,0.00187004
694,2022,2,5_9,0.0016892
694,2023,2,5_9,0.00160578
768,1950,2,5_9,0.00701361
768,1951,2,5_9,0.00695625
768,1952,2,5_9,0.00697392
768,1953,2,5_9,0.00693224
768,1954,2,5_9,0.0068785
768,1955,2,5_9,0.00683158
768,1956,2,5_9,0.00685108
768,1957,2,5_9,0.00680487
768,1958,2,5_9,0.00676143
768,1959,2,5_9,0.00671876
768,1960,2,5_9,0.00666968
768,1961,2,5_9,0.00662936
768,1962,2,5_9,0.00655651
768,1963,2,5_9,0.00648033
768,1964,2,5_9,0.00635359
768,1965,2,5_9,0.00628176
768,1966,2,5_9,0.00619514
768,1967,2,5_9,0.00604645
768,1968,2,5_9,0.0058964
768,1969,2,5_9,0.0058179
768,1970,2,5_9,0.00567576
768,1971,2,5_9,0.00554839
768,1972,2,5_9,0.00540344
768,1973,2,5_9,0.00527801
768,1974,2,5_9,0.00509819
768,1975,2,5_9,0.0049697
768,1976,2,5_9,0.00485146
768,1977,2,5_9,0.0047011
768,1978,2,5_9,0.00451014
768,1979,2,5_9,0.00435648
768,1980,2,5_9,0.00421519
768,1981,2,5_9,0.00400074
768,1982,2,5_9,0.00386444
768,1983,2,5_9,0.00368597
768,1984,2,5_9,0.003591
768,1985,2,5_9,0.00353073
768,1986,2,5_9,0.00347774
768,1987,2,5_9,0.00346986
768,1988,2,5_9,0.00350853
768,1989,2,5_9,0.00374992
768,1990,2,5_9,0.00396574
768,1991,2,5_9,0.00423663
768,1992,2,5_9,0.00453316
768,1993,2,5_9,0.00481353
768,1994,2,5_9,0.00507809
768,1995,2,5_9,0.0052149
768,1996,2,5_9,0.00527389
768,1997,2,5_9,0.00539092
768,1998,2,5_9,0.00543801
768,1999,2,5_9,0.00533885
768,2000,2,5_9,0.00532605
768,2001,2,5_9,0.00538048
768,2002,2,5_9,0.00536014
768,2003,2,5_9,0.00533692
768,2004,2,5_9,0.00526707
768,2005,2,5_9,0.00517784
768,2006,2,5_9,0.00522877
768,2007,2,5_9,0.00522092
768,2008,2,5_9,0.00519841
768,2009,2,5_9,0.00514164
768,2010,2,5_9,0.00507228
768,2011,2,5_9,0.00496787
768,2012,2,5_9,0.00485832
768,2013,2,5_9,0.00472944
768,2014,2,5_9,0.00459737
768,2015,2,5_9,0.00444358
768,2016,2,5_9,0.00430939
768,2017,2,5_9,0.00414927
768,2018,2,5_9,0.00402242
768,2019,2,5_9,0.00388679
768,2020,2,5_9,0.00372855
768,2021,2,5_9,0.00356935
768,2022,2,5_9,0.00346679
768,2023,2,5_9,0.00332965
398,1950,2,5_9,0.00181416
398,1951,2,5_9,0.00175932
398,1952,2,5_9,0.00170719
398,1953,2,5_9,0.00165771
398,1954,2,5_9,0.00161094
398,1955,2,5_9,0.00156697
398,1956,2,5_9,0.00152564
398,1957,2,5_9,0.00148656
398,1958,2,5_9,0.00144933
398,1959,2,5_9,0.00141361
398,1960,2,5_9,0.00137907
398,1961,2,5_9,0.00134553
398,1962,2,5_9,0.00131312
398,1963,2,5_9,0.00128202
398,1964,2,5_9,0.00125239
398,1965,2,5_9,0.00122438
398,1966,2,5_9,0.00119807
398,1967,2,5_9,0.00117531
398,1968,2,5_9,0.00115284
398,1969,2,5_9,0.00113074
398,1970,2,5_9,0.00110854
398,1971,2,5_9,0.00108717
398,1972,2,5_9,0.00106641
398,1973,2,5_9,0.00104613
398,1974,2,5_9,0.00102587
398,1975,2,5_9,0.00100585
398,1976,2,5_9,0.00098473
398,1977,2,5_9,0.00095886
398,1978,2,5_9,0.00093105
398,1979,2,5_9,0.00090051
398,1980,2,5_9,0.00086721
398,1981,2,5_9,0.00083125
398,1982,2,5_9,0.00079366
398,1983,2,5_9,0.00075628
398,1984,2,5_9,0.00072053
398,1985,2,5_9,0.00068691
398,1986,2,5_9,0.00065621
398,1987,2,5_9,0.00062999
398,1988,2,5_9,0.00060897
398,1989,2,5_9,0.00059322
398,1990,2,5_9,0.00058314
398,1991,2,5_9,0.00057843
398,1992,2,5_9,0.00057799
398,1993,2,5_9,0.0005802
398,1994,2,5_9,0.00058143
398,1995,2,5_9,0.00059098
398,1996,2,5_9,0.00057621
398,1997,2,5_9,0.00056711
398,1998,2,5_9,0.00055453
398,1999,2,5_9,0.0005386
398,2000,2,5_9,0.0005215
398,2001,2,5_9,0.00050397
398,2002,2,5_9,0.00048693
398,2003,2,5_9,0.00047077
398,2004,2,5_9,0.00045772
398,2005,2,5_9,0.00043867
398,2006,2,5_9,0.00042199
398,2007,2,5_9,0.00040445
398,2008,2,5_9,0.00038586
398,2009,2,5_9,0.00036612
398,2010,2,5_9,0.00034758
398,2011,2,5_9,0.00032548
398,2012,2,5_9,0.00030592
398,2013,2,5_9,0.00028802
398,2014,2,5_9,0.00027241
398,2015,2,5_9,0.00025899
398,2016,2,5_9,0.00024826
398,2017,2,5_9,0.00023996
398,2018,2,5_9,0.00023354
398,2019,2,5_9,0.00022841
398,2020,2,5_9,0.00018987
398,2021,2,5_9,0.00020752
398,2022,2,5_9,0.00021706
398,2023,2,5_9,0.00021108
417,1950,2,5_9,0.00136705
417,1951,2,5_9,0.00134199
417,1952,2,5_9,0.00132073
417,1953,2,5_9,0.00129726
417,1954,2,5_9,0.00127265
417,1955,2,5_9,0.00124764
417,1956,2,5_9,0.00122218
417,1957,2,5_9,0.00119862
417,1958,2,5_9,0.00117451
417,1959,2,5_9,0.00115064
417,1960,2,5_9,0.00112615
417,1961,2,5_9,0.0011018
417,1962,2,5_9,0.00107764
417,1963,2,5_9,0.00105476
417,1964,2,5_9,0.00103226
417,1965,2,5_9,0.00100839
417,1966,2,5_9,0.00098362
417,1967,2,5_9,0.00095745
417,1968,2,5_9,0.00093402
417,1969,2,5_9,0.00090918
417,1970,2,5_9,0.00088639
417,1971,2,5_9,0.00086194
417,1972,2,5_9,0.00083525
417,1973,2,5_9,0.00080789
417,1974,2,5_9,0.0007811
417,1975,2,5_9,0.00076196
417,1976,2,5_9,0.00074524
417,1977,2,5_9,0.00072865
417,1978,2,5_9,0.00070889
417,1979,2,5_9,0.00068554
417,1980,2,5_9,0.00063247
417,1981,2,5_9,0.00064909
417,1982,2,5_9,0.00066215
417,1983,2,5_9,0.0006674
417,1984,2,5_9,0.00063921
417,1985,2,5_9,0.00059873
417,1986,2,5_9,0.00059693
417,1987,2,5_9,0.00058208
417,1988,2,5_9,0.00058172
417,1989,2,5_9,0.00057639
417,1990,2,5_9,0.00052599
417,1991,2,5_9,0.00044365
417,1992,2,5_9,0.00039437
417,1993,2,5_9,0.00039654
417,1994,2,5_9,0.00044778
417,1995,2,5_9,0.00043412
417,1996,2,5_9,0.00042929
417,1997,2,5_9,0.00042926
417,1998,2,5_9,0.00040214
417,1999,2,5_9,0.00039631
417,2000,2,5_9,0.00037285
417,2001,2,5_9,0.00035475
417,2002,2,5_9,0.00033566
417,2003,2,5_9,0.00033277
417,2004,2,5_9,0.00029845
417,2005,2,5_9,0.00027032
417,2006,2,5_9,0.00027673
417,2007,2,5_9,0.00029263
417,2008,2,5_9,0.00029549
417,2009,2,5_9,0.0002954
417,2010,2,5_9,0.00028197
417,2011,2,5_9,0.00028928
417,2012,2,5_9,0.00027527
417,2013,2,5_9,0.00028037
417,2014,2,5_9,0.00025116
417,2015,2,5_9,0.00021312
417,2016,2,5_9,0.00018618
417,2017,2,5_9,0.00018729
417,2018,2,5_9,0.00016237
417,2019,2,5_9,0.00016671
417,2020,2,5_9,0.00016753
417,2021,2,5_9,0.00017043
417,2022,2,5_9,0.00016625
417,2023,2,5_9,0.00014525
762,1950,2,5_9,0.00240043
762,1951,2,5_9,0.00235595
762,1952,2,5_9,0.0023155
762,1953,2,5_9,0.00227187
762,1954,2,5_9,0.00222044
762,1955,2,5_9,0.00217075
762,1956,2,5_9,0.00212431
762,1957,2,5_9,0.00206274
762,1958,2,5_9,0.00199678
762,1959,2,5_9,0.00192446
762,1960,2,5_9,0.00185001
762,1961,2,5_9,0.00176172
762,1962,2,5_9,0.00166213
762,1963,2,5_9,0.00157354
762,1964,2,5_9,0.00148847
762,1965,2,5_9,0.00140552
762,1966,2,5_9,0.00131781
762,1967,2,5_9,0.0012439
762,1968,2,5_9,0.00118694
762,1969,2,5_9,0.00114763
762,1970,2,5_9,0.00113091
762,1971,2,5_9,0.00112862
762,1972,2,5_9,0.00113708
762,1973,2,5_9,0.00115153
762,1974,2,5_9,0.0011736
762,1975,2,5_9,0.00118644
762,1976,2,5_9,0.00120047
762,1977,2,5_9,0.00121224
762,1978,2,5_9,0.0012159
762,1979,2,5_9,0.00121729
762,1980,2,5_9,0.00121539
762,1981,2,5_9,0.00121333
762,1982,2,5_9,0.00100429
762,1983,2,5_9,0.00092748
762,1984,2,5_9,0.00092653
762,1985,2,5_9,0.00098706
762,1986,2,5_9,0.00078833
762,1987,2,5_9,0.00099443
762,1988,2,5_9,0.00095046
762,1989,2,5_9,0.00089346
762,1990,2,5_9,0.00077575
762,1991,2,5_9,0.00071543
762,1992,2,5_9,0.00097097
762,1993,2,5_9,0.00076448
762,1994,2,5_9,0.0007492
762,1995,2,5_9,0.00073665
762,1996,2,5_9,0.0009393
762,1997,2,5_9,0.00074161
762,1998,2,5_9,0.00074166
762,1999,2,5_9,0.00062407
762,2000,2,5_9,0.00043588
762,2001,2,5_9,0.00060314
762,2002,2,5_9,0.00048399
762,2003,2,5_9,0.0004494
762,2004,2,5_9,0.00030893
762,2005,2,5_9,0.00035533
762,2006,2,5_9,0.00038824
762,2007,2,5_9,0.00030452
762,2008,2,5_9,0.0003363
762,2009,2,5_9,0.00036337
762,2010,2,5_9,0.00031116
762,2011,2,5_9,0.00031929
762,2012,2,5_9,0.00024081
762,2013,2,5_9,0.00025213
762,2014,2,5_9,0.00022664
762,2015,2,5_9,0.0003112
762,2016,2,5_9,0.00028252
762,2017,2,5_9,0.0002754
762,2018,2,5_9,0.00026975
762,2019,2,5_9,0.00028443
762,2020,2,5_9,0.00027383
762,2021,2,5_9,0.00026495
762,2022,2,5_9,0.00025561
762,2023,2,5_9,0.00024459
795,1950,2,5_9,0.00231736
795,1951,2,5_9,0.00224478
795,1952,2,5_9,0.00218686
795,1953,2,5_9,0.0021302
795,1954,2,5_9,0.0020742
795,1955,2,5_9,0.00202156
795,1956,2,5_9,0.0019709
795,1957,2,5_9,0.00192132
795,1958,2,5_9,0.0018709
795,1959,2,5_9,0.00182163
795,1960,2,5_9,0.00177514
795,1961,2,5_9,0.00172998
795,1962,2,5_9,0.00168682
795,1963,2,5_9,0.00164416
795,1964,2,5_9,0.00160263
795,1965,2,5_9,0.00155559
795,1966,2,5_9,0.00150418
795,1967,2,5_9,0.00145101
795,1968,2,5_9,0.00140423
795,1969,2,5_9,0.00137033
795,1970,2,5_9,0.00135212
795,1971,2,5_9,0.0013501
795,1972,2,5_9,0.00136113
795,1973,2,5_9,0.00138171
795,1974,2,5_9,0.00140539
795,1975,2,5_9,0.00142487
795,1976,2,5_9,0.00143418
795,1977,2,5_9,0.00142732
795,1978,2,5_9,0.00131079
795,1979,2,5_9,0.00110713
795,1980,2,5_9,0.00083818
795,1981,2,5_9,0.00068962
795,1982,2,5_9,0.00062277
795,1983,2,5_9,0.00062532
795,1984,2,5_9,0.00061066
795,1985,2,5_9,0.00061033
795,1986,2,5_9,0.00062428
795,1987,2,5_9,0.00063774
795,1988,2,5_9,0.00063802
795,1989,2,5_9,0.00060456
795,1990,2,5_9,0.00055897
795,1991,2,5_9,0.00051204
795,1992,2,5_9,0.00050709
795,1993,2,5_9,0.00052594
795,1994,2,5_9,0.00054124
795,1995,2,5_9,0.0005247
795,1996,2,5_9,0.0005139
795,1997,2,5_9,0.0005047
795,1998,2,5_9,0.00051151
795,1999,2,5_9,0.00048142
795,2000,2,5_9,0.00044988
795,2001,2,5_9,0.00041192
795,2002,2,5_9,0.00039904
795,2003,2,5_9,0.00039136
795,2004,2,5_9,0.000381
795,2005,2,5_9,0.00036014
795,2006,2,5_9,0.00033606
795,2007,2,5_9,0.00030745
795,2008,2,5_9,0.00028644
795,2009,2,5_9,0.00027348
795,2010,2,5_9,0.00026433
795,2011,2,5_9,0.00025461
795,2012,2,5_9,0.00024559
795,2013,2,5_9,0.00024853
795,2014,2,5_9,0.00026393
795,2015,2,5_9,0.00028075
795,2016,2,5_9,0.00029373
795,2017,2,5_9,0.00030097
795,2018,2,5_9,0.00031235
795,2019,2,5_9,0.00031889
795,2020,2,5_9,0.00031856
795,2021,2,5_9,0.00030874
795,2022,2,5_9,0.00029956
795,2023,2,5_9,0.00029042
860,1950,2,5_9,0.00168316
860,1951,2,5_9,0.001658
860,1952,2,5_9,0.00162542
860,1953,2,5_9,0.00159239
860,1954,2,5_9,0.00155801
860,1955,2,5_9,0.00151876
860,1956,2,5_9,0.00147583
860,1957,2,5_9,0.00142974
860,1958,2,5_9,0.00138195
860,1959,2,5_9,0.00133426
860,1960,2,5_9,0.00128726
860,1961,2,5_9,0.00124268
860,1962,2,5_9,0.00119603
860,1963,2,5_9,0.00114651
860,1964,2,5_9,0.00109399
860,1965,2,5_9,0.00104232
860,1966,2,5_9,0.00099265
860,1967,2,5_9,0.00094269
860,1968,2,5_9,0.00089542
860,1969,2,5_9,0.00084873
860,1970,2,5_9,0.0008014
860,1971,2,5_9,0.00075677
860,1972,2,5_9,0.00071621
860,1973,2,5_9,0.00068106
860,1974,2,5_9,0.00064837
860,1975,2,5_9,0.00061838
860,1976,2,5_9,0.00059093
860,1977,2,5_9,0.00056424
860,1978,2,5_9,0.00054014
860,1979,2,5_9,0.00051841
860,1980,2,5_9,0.00050092
860,1981,2,5_9,0.00055779
860,1982,2,5_9,0.00061857
860,1983,2,5_9,0.00065275
860,1984,2,5_9,0.00061755
860,1985,2,5_9,0.00057815
860,1986,2,5_9,0.00056903
860,1987,2,5_9,0.00054811
860,1988,2,5_9,0.00053234
860,1989,2,5_9,0.0005107
860,1990,2,5_9,0.00049554
860,1991,2,5_9,0.0004918
860,1992,2,5_9,0.00052287
860,1993,2,5_9,0.00057076
860,1994,2,5_9,0.00060498
860,1995,2,5_9,0.00059632
860,1996,2,5_9,0.00057242
860,1997,2,5_9,0.00056872
860,1998,2,5_9,0.00056767
860,1999,2,5_9,0.00054182
860,2000,2,5_9,0.00047668
860,2001,2,5_9,0.00041846
860,2002,2,5_9,0.00037552
860,2003,2,5_9,0.0003638
860,2004,2,5_9,0.00035628
860,2005,2,5_9,0.00035178
860,2006,2,5_9,0.00034188
860,2007,2,5_9,0.00032636
860,2008,2,5_9,0.00033255
860,2009,2,5_9,0.00035121
860,2010,2,5_9,0.0003747
860,2011,2,5_9,0.00038792
860,2012,2,5_9,0.00038191
860,2013,2,5_9,0.00037042
860,2014,2,5_9,0.00035106
860,2015,2,5_9,0.00033947
860,2016,2,5_9,0.00033334
860,2017,2,5_9,0.00033408
860,2018,2,5_9,0.00032503
860,2019,2,5_9,0.00031725
860,2020,2,5_9,0.00024332
860,2021,2,5_9,0.00028471
860,2022,2,5_9,0.00057127
860,2023,2,5_9,0.00027491
156,1950,2,5_9,0.0094287
156,1951,2,5_9,0.00918551
156,1952,2,5_9,0.00849371
156,1953,2,5_9,0.00946349
156,1954,2,5_9,0.00779694
156,1955,2,5_9,0.00744117
156,1956,2,5_9,0.00717428
156,1957,2,5_9,0.00688414
156,1958,2,5_9,0.00674146
156,1959,2,5_9,0.01079403
156,1960,2,5_9,0.01538533
156,1961,2,5_9,0.0110092
156,1962,2,5_9,0.00561395
156,1963,2,5_9,0.00538118
156,1964,2,5_9,0.00515122
156,1965,2,5_9,0.00492381
156,1966,2,5_9,0.0047609
156,1967,2,5_9,0.0045838
156,1968,2,5_9,0.00437958
156,1969,2,5_9,0.00418871
156,1970,2,5_9,0.003978
156,1971,2,5_9,0.00376964
156,1972,2,5_9,0.00355119
156,1973,2,5_9,0.00329997
156,1974,2,5_9,0.00308774
156,1975,2,5_9,0.00286315
156,1976,2,5_9,0.00290619
156,1977,2,5_9,0.00249799
156,1978,2,5_9,0.00235185
156,1979,2,5_9,0.00220829
156,1980,2,5_9,0.00207692
156,1981,2,5_9,0.00196803
156,1982,2,5_9,0.00187362
156,1983,2,5_9,0.00177053
156,1984,2,5_9,0.00167458
156,1985,2,5_9,0.00159658
156,1986,2,5_9,0.00152449
156,1987,2,5_9,0.0014618
156,1988,2,5_9,0.00140672
156,1989,2,5_9,0.00136464
156,1990,2,5_9,0.00133228
156,1991,2,5_9,0.00129467
156,1992,2,5_9,0.00125802
156,1993,2,5_9,0.00122707
156,1994,2,5_9,0.00116849
156,1995,2,5_9,0.00114974
156,1996,2,5_9,0.00110592
156,1997,2,5_9,0.00108435
156,1998,2,5_9,0.00104172
156,1999,2,5_9,0.00101673
156,2000,2,5_9,0.00099436
156,2001,2,5_9,0.00095344
156,2002,2,5_9,0.00091665
156,2003,2,5_9,0.00086663
156,2004,2,5_9,0.00082645
156,2005,2,5_9,0.00077845
156,2006,2,5_9,0.00073187
156,2007,2,5_9,0.00068285
156,2008,2,5_9,0.00069852
156,2009,2,5_9,0.00059415
156,2010,2,5_9,0.0005562
156,2011,2,5_9,0.00051198
156,2012,2,5_9,0.00047131
156,2013,2,5_9,0.00043682
156,2014,2,5_9,0.00040448
156,2015,2,5_9,0.00037126
156,2016,2,5_9,0.00034467
156,2017,2,5_9,0.00031739
156,2018,2,5_9,0.00029335
156,2019,2,5_9,0.00027328
156,2020,2,5_9,0.00025536
156,2021,2,5_9,0.00023746
156,2022,2,5_9,0.00023224
156,2023,2,5_9,0.0002355
344,1950,2,5_9,0.00459175
344,1951,2,5_9,0.00422404
344,1952,2,5_9,0.00372595
344,1953,2,5_9,0.00312427
344,1954,2,5_9,0.00241762
344,1955,2,5_9,0.00187014
344,1956,2,5_9,0.00147353
344,1957,2,5_9,0.00128758
344,1958,2,5_9,0.00115171
344,1959,2,5_9,0.0010878
344,1960,2,5_9,0.00098277
344,1961,2,5_9,0.00085466
344,1962,2,5_9,0.00083736
344,1963,2,5_9,0.00066954
344,1964,2,5_9,0.00061637
344,1965,2,5_9,0.00052076
344,1966,2,5_9,0.00052045
344,1967,2,5_9,0.00046105
344,1968,2,5_9,0.00042338
344,1969,2,5_9,0.00036835
344,1970,2,5_9,0.00033777
344,1971,2,5_9,0.00037811
344,1972,2,5_9,0.00038805
344,1973,2,5_9,0.00033393
344,1974,2,5_9,0.0003085
344,1975,2,5_9,0.00028557
344,1976,2,5_9,0.00027389
344,1977,2,5_9,0.00024786
344,1978,2,5_9,0.00023223
344,1979,2,5_9,0.00021486
344,1980,2,5_9,0.00018995
344,1981,2,5_9,0.00017473
344,1982,2,5_9,0.00017443
344,1983,2,5_9,0.00018449
344,1984,2,5_9,0.00019254
344,1985,2,5_9,0.00019147
344,1986,2,5_9,0.00018388
344,1987,2,5_9,0.0001665
344,1988,2,5_9,0.00015855
344,1989,2,5_9,0.00015146
344,1990,2,5_9,0.00013483
344,1991,2,5_9,0.00012374
344,1992,2,5_9,0.00010179
344,1993,2,5_9,9.519e-05
344,1994,2,5_9,9.619e-05
344,1995,2,5_9,0.00010605
344,1996,2,5_9,0.00010764
344,1997,2,5_9,0.00011164
344,1998,2,5_9,8.995e-05
344,1999,2,5_9,8.488e-05
344,2000,2,5_9,7.986e-05
344,2001,2,5_9,7.756e-05
344,2002,2,5_9,7.767e-05
344,2003,2,5_9,0.00010761
344,2004,2,5_9,8.035e-05
344,2005,2,5_9,7.934e-05
344,2006,2,5_9,8.532e-05
344,2007,2,5_9,8.879e-05
344,2008,2,5_9,8.68e-05
344,2009,2,5_9,7.598e-05
344,2010,2,5_9,7.17e-05
344,2011,2,5_9,8.293e-05
344,2012,2,5_9,9.672e-05
344,2013,2,5_9,9.787e-05
344,2014,2,5_9,8.33e-05
344,2015,2,5_9,6.623e-05
344,2016,2,5_9,5.712e-05
344,2017,2,5_9,5.607e-05
344,2018,2,5_9,5.595e-05
344,2019,2,5_9,4.628e-05
344,2020,2,5_9,4.949e-05
344,2021,2,5_9,7.833e-05
344,2022,2,5_9,7.903e-05
344,2023,2,5_9,5.061e-05
446,1950,2,5_9,0.00203454
446,1951,2,5_9,0.00192159
446,1952,2,5_9,0.00177136
446,1953,2,5_9,0.00180057
446,1954,2,5_9,0.00160796
446,1955,2,5_9,0.00152187
446,1956,2,5_9,0.00144165
446,1957,2,5_9,0.00132391
446,1958,2,5_9,0.00124504
446,1959,2,5_9,0.00117752
446,1960,2,5_9,0.00108408
446,1961,2,5_9,0.00108999
446,1962,2,5_9,0.00103051
446,1963,2,5_9,0.00098609
446,1964,2,5_9,0.00093297
446,1965,2,5_9,0.00088529
446,1966,2,5_9,0.00086899
446,1967,2,5_9,0.0008216
446,1968,2,5_9,0.00076666
446,1969,2,5_9,0.00072992
446,1970,2,5_9,0.00069593
446,1971,2,5_9,0.00065207
446,1972,2,5_9,0.00061073
446,1973,2,5_9,0.00057337
446,1974,2,5_9,0.00053511
446,1975,2,5_9,0.00050235
446,1976,2,5_9,0.00047292
446,1977,2,5_9,0.00045409
446,1978,2,5_9,0.00043101
446,1979,2,5_9,0.0004074
446,1980,2,5_9,0.00039215
446,1981,2,5_9,0.00036963
446,1982,2,5_9,0.00034721
446,1983,2,5_9,0.00032634
446,1984,2,5_9,0.00030386
446,1985,2,5_9,0.0002846
446,1986,2,5_9,0.00026581
446,1987,2,5_9,0.00024879
446,1988,2,5_9,0.0002358
446,1989,2,5_9,0.00022829
446,1990,2,5_9,0.0002195
446,1991,2,5_9,0.00021058
446,1992,2,5_9,0.00019798
446,1993,2,5_9,0.0001878
446,1994,2,5_9,0.00017394
446,1995,2,5_9,0.00016085
446,1996,2,5_9,0.00015201
446,1997,2,5_9,0.00013566
446,1998,2,5_9,0.0001256
446,1999,2,5_9,0.00011909
446,2000,2,5_9,0.00010612
446,2001,2,5_9,0.00010735
446,2002,2,5_9,0.00010053
446,2003,2,5_9,9.665e-05
446,2004,2,5_9,9.337e-05
446,2005,2,5_9,8.957e-05
446,2006,2,5_9,9.096e-05
446,2007,2,5_9,8.499e-05
446,2008,2,5_9,8.282e-05
446,2009,2,5_9,7.428e-05
446,2010,2,5_9,7.036e-05
446,2011,2,5_9,7.105e-05
446,2012,2,5_9,6.291e-05
446,2013,2,5_9,6.142e-05
446,2014,2,5_9,5.897e-05
446,2015,2,5_9,5.662e-05
446,2016,2,5_9,5.322e-05
446,2017,2,5_9,7.747e-05
446,2018,2,5_9,5.003e-05
446,2019,2,5_9,4.783e-05
446,2020,2,5_9,9.038e-05
446,2021,2,5_9,5.4e-07
446,2022,2,5_9,5.6e-07
446,2023,2,5_9,2.926e-05
158,1950,2,5_9,0.00186049
158,1951,2,5_9,0.00182055
158,1952,2,5_9,0.00171977
158,1953,2,5_9,0.00166489
158,1954,2,5_9,0.00159214
158,1955,2,5_9,0.00152424
158,1956,2,5_9,0.00148244
158,1957,2,5_9,0.00142066
158,1958,2,5_9,0.00137678
158,1959,2,5_9,0.00133848
158,1960,2,5_9,0.00105355
158,1961,2,5_9,0.00105438
158,1962,2,5_9,0.00097491
158,1963,2,5_9,0.00094591
158,1964,2,5_9,0.00072641
158,1965,2,5_9,0.00066047
158,1966,2,5_9,0.00070945
158,1967,2,5_9,0.0007342
158,1968,2,5_9,0.00067472
158,1969,2,5_9,0.00057575
158,1970,2,5_9,0.00051014
158,1971,2,5_9,0.00049
158,1972,2,5_9,0.00043073
158,1973,2,5_9,0.00042892
158,1974,2,5_9,0.00045866
158,1975,2,5_9,0.00038074
158,1976,2,5_9,0.00038043
158,1977,2,5_9,0.00038866
158,1978,2,5_9,0.00039887
158,1979,2,5_9,0.00037863
158,1980,2,5_9,0.00034893
158,1981,2,5_9,0.0003206
158,1982,2,5_9,0.00033027
158,1983,2,5_9,0.00036056
158,1984,2,5_9,0.0003488
158,1985,2,5_9,0.00030057
158,1986,2,5_9,0.00030022
158,1987,2,5_9,0.00032862
158,1988,2,5_9,0.00028072
158,1989,2,5_9,0.00028914
158,1990,2,5_9,0.00028912
158,1991,2,5_9,0.00028022
158,1992,2,5_9,0.00027908
158,1993,2,5_9,0.00025949
158,1994,2,5_9,0.00023028
158,1995,2,5_9,0.00022051
158,1996,2,5_9,0.00022956
158,1997,2,5_9,0.00021965
158,1998,2,5_9,0.00022028
158,1999,2,5_9,0.00029042
158,2000,2,5_9,0.00017989
158,2001,2,5_9,0.00016958
158,2002,2,5_9,0.00015971
158,2003,2,5_9,0.00017942
158,2004,2,5_9,0.00015971
158,2005,2,5_9,0.00015981
158,2006,2,5_9,0.0001403
158,2007,2,5_9,0.00015027
158,2008,2,5_9,0.00013874
158,2009,2,5_9,0.00017018
158,2010,2,5_9,0.00012043
158,2011,2,5_9,0.00011034
158,2012,2,5_9,0.0001503
158,2013,2,5_9,0.00015037
158,2014,2,5_9,0.00015017
158,2015,2,5_9,8.039e-05
158,2016,2,5_9,0.00012029
158,2017,2,5_9,0.00010043
158,2018,2,5_9,0.00010038
158,2019,2,5_9,9.041e-05
158,2020,2,5_9,8.041e-05
158,2021,2,5_9,9.036e-05
158,2022,2,5_9,7.696e-05
158,2023,2,5_9,7.307e-05
408,1950,2,5_9,0.03341272
408,1951,2,5_9,0.02709631
408,1952,2,5_9,0.01385155
408,1953,2,5_9,0.01059358
408,1954,2,5_9,0.00744371
408,1955,2,5_9,0.00713055
408,1956,2,5_9,0.00682254
408,1957,2,5_9,0.00652333
408,1958,2,5_9,0.0062343
408,1959,2,5_9,0.00595453
408,1960,2,5_9,0.00568036
408,1961,2,5_9,0.00541314
408,1962,2,5_9,0.00515295
408,1963,2,5_9,0.00490085
408,1964,2,5_9,0.00465585
408,1965,2,5_9,0.00441542
408,1966,2,5_9,0.00417986
408,1967,2,5_9,0.00394772
408,1968,2,5_9,0.00372139
408,1969,2,5_9,0.00350315
408,1970,2,5_9,0.00329039
408,1971,2,5_9,0.00308593
408,1972,2,5_9,0.00288861
408,1973,2,5_9,0.00270071
408,1974,2,5_9,0.00251976
408,1975,2,5_9,0.00234707
408,1976,2,5_9,0.00217816
408,1977,2,5_9,0.00201794
408,1978,2,5_9,0.00186159
408,1979,2,5_9,0.00171391
408,1980,2,5_9,0.00156935
408,1981,2,5_9,0.00143141
408,1982,2,5_9,0.00129922
408,1983,2,5_9,0.00117292
408,1984,2,5_9,0.00105272
408,1985,2,5_9,0.00093792
408,1986,2,5_9,0.00082853
408,1987,2,5_9,0.00073657
408,1988,2,5_9,0.00062465
408,1989,2,5_9,0.00053042
408,1990,2,5_9,0.00044157
408,1991,2,5_9,0.00035858
408,1992,2,5_9,0.00036263
408,1993,2,5_9,0.00043552
408,1994,2,5_9,0.00053493
408,1995,2,5_9,0.00336638
408,1996,2,5_9,0.00334114
408,1997,2,5_9,0.00331898
408,1998,2,5_9,0.00330531
408,1999,2,5_9,0.00329012
408,2000,2,5_9,0.0032824
408,2001,2,5_9,0.00327743
408,2002,2,5_9,0.00327232
408,2003,2,5_9,0.00066158
408,2004,2,5_9,0.0006723
408,2005,2,5_9,0.00068792
408,2006,2,5_9,0.00070072
408,2007,2,5_9,0.00071203
408,2008,2,5_9,0.00068598
408,2009,2,5_9,0.00067223
408,2010,2,5_9,0.00066102
408,2011,2,5_9,0.00064926
408,2012,2,5_9,0.00063933
408,2013,2,5_9,0.00062044
408,2014,2,5_9,0.00059284
408,2015,2,5_9,0.00058244
408,2016,2,5_9,0.0005875
408,2017,2,5_9,0.00057749
408,2018,2,5_9,0.00057871
408,2019,2,5_9,0.00054964
408,2020,2,5_9,0.00054432
408,2021,2,5_9,0.00055473
408,2022,2,5_9,0.00055534
408,2023,2,5_9,0.00055343
392,1950,2,5_9,0.00200391
392,1951,2,5_9,0.00179968
392,1952,2,5_9,0.0015112
392,1953,2,5_9,0.00141113
392,1954,2,5_9,0.00132302
392,1955,2,5_9,0.0011167
392,1956,2,5_9,0.00106659
392,1957,2,5_9,0.00105458
392,1958,2,5_9,0.00088441
392,1959,2,5_9,0.00088635
392,1960,2,5_9,0.00077427
392,1961,2,5_9,0.00066617
392,1962,2,5_9,0.00059214
392,1963,2,5_9,0.00050811
392,1964,2,5_9,0.00048809
392,1965,2,5_9,0.00044607
392,1966,2,5_9,0.00043005
392,1967,2,5_9,0.00038404
392,1968,2,5_9,0.00039805
392,1969,2,5_9,0.00036604
392,1970,2,5_9,0.00036004
392,1971,2,5_9,0.00034804
392,1972,2,5_9,0.00033203
392,1973,2,5_9,0.00032804
392,1974,2,5_9,0.00028402
392,1975,2,5_9,0.00026602
392,1976,2,5_9,0.00027002
392,1977,2,5_9,0.00025802
392,1978,2,5_9,0.00022201
392,1979,2,5_9,0.00020601
392,1980,2,5_9,0.00021201
392,1981,2,5_9,0.00019001
392,1982,2,5_9,0.00018401
392,1983,2,5_9,0.00018801
392,1984,2,5_9,0.00016801
392,1985,2,5_9,0.00015601
392,1986,2,5_9,0.000146
392,1987,2,5_9,0.00015
392,1988,2,5_9,0.00015001
392,1989,2,5_9,0.000152
392,1990,2,5_9,0.00014801
392,1991,2,5_9,0.00014801
392,1992,2,5_9,0.00014001
392,1993,2,5_9,0.00015601
392,1994,2,5_9,0.000138
392,1995,2,5_9,0.00015001
392,1996,2,5_9,0.000128
392,1997,2,5_9,0.000122
392,1998,2,5_9,0.000126
392,1999,2,5_9,0.000112
392,2000,2,5_9,0.000104
392,2001,2,5_9,0.000102
392,2002,2,5_9,0.00011
392,2003,2,5_9,0.0001
392,2004,2,5_9,7.6e-05
392,2005,2,5_9,8.6e-05
392,2006,2,5_9,9.2e-05
392,2007,2,5_9,8.4e-05
392,2008,2,5_9,8.6e-05
392,2009,2,5_9,8.8e-05
392,2010,2,5_9,8.4e-05
392,2011,2,5_9,0.000128
392,2012,2,5_9,7.8e-05
392,2013,2,5_9,7e-05
392,2014,2,5_9,7.2e-05
392,2015,2,5_9,7.8e-05
392,2016,2,5_9,6.2e-05
392,2017,2,5_9,5.4e-05
392,2018,2,5_9,6.2e-05
392,2019,2,5_9,7e-05
392,2020,2,5_9,6.4e-05
392,2021,2,5_9,5.4e-05
392,2022,2,5_9,6.014e-05
392,2023,2,5_9,6.132e-05
496,1950,2,5_9,0.00559002
496,1951,2,5_9,0.00541042
496,1952,2,5_9,0.00534974
496,1953,2,5_9,0.00529144
496,1954,2,5_9,0.00522996
496,1955,2,5_9,0.00515371
496,1956,2,5_9,0.00506994
496,1957,2,5_9,0.0063034
496,1958,2,5_9,0.00484434
496,1959,2,5_9,0.00472051
496,1960,2,5_9,0.00462738
496,1961,2,5_9,0.00453667
496,1962,2,5_9,0.00444589
496,1963,2,5_9,0.00433674
496,1964,2,5_9,0.00422851
496,1965,2,5_9,0.00410659
496,1966,2,5_9,0.0039917
496,1967,2,5_9,0.0038039
496,1968,2,5_9,0.00363766
496,1969,2,5_9,0.00346684
496,1970,2,5_9,0.00329
496,1971,2,5_9,0.00311386
496,1972,2,5_9,0.00294633
496,1973,2,5_9,0.00279676
496,1974,2,5_9,0.00266913
496,1975,2,5_9,0.0025677
496,1976,2,5_9,0.0024889
496,1977,2,5_9,0.00242913
496,1978,2,5_9,0.00238422
496,1979,2,5_9,0.00234744
496,1980,2,5_9,0.00231436
496,1981,2,5_9,0.00228284
496,1982,2,5_9,0.00225535
496,1983,2,5_9,0.00223377
496,1984,2,5_9,0.00221796
496,1985,2,5_9,0.00220709
496,1986,2,5_9,0.00219425
496,1987,2,5_9,0.00217449
496,1988,2,5_9,0.00214263
496,1989,2,5_9,0.00192018
496,1990,2,5_9,0.00155806
496,1991,2,5_9,0.00105604
496,1992,2,5_9,0.00075815
496,1993,2,5_9,0.00064734
496,1994,2,5_9,0.00065155
496,1995,2,5_9,0.00066973
496,1996,2,5_9,0.00065936
496,1997,2,5_9,0.00058963
496,1998,2,5_9,0.00050589
496,1999,2,5_9,0.00046178
496,2000,2,5_9,0.00042838
496,2001,2,5_9,0.00039383
496,2002,2,5_9,0.00035372
496,2003,2,5_9,0.00033724
496,2004,2,5_9,0.0003122
496,2005,2,5_9,0.00030683
496,2006,2,5_9,0.00030639
496,2007,2,5_9,0.00031853
496,2008,2,5_9,0.0003601
496,2009,2,5_9,0.00041897
496,2010,2,5_9,0.00050818
496,2011,2,5_9,0.00058844
496,2012,2,5_9,0.00053739
496,2013,2,5_9,0.00045333
496,2014,2,5_9,0.00036479
496,2015,2,5_9,0.00032384
496,2016,2,5_9,0.00027448
496,2017,2,5_9,0.00024115
496,2018,2,5_9,0.00020228
496,2019,2,5_9,0.00019998
496,2020,2,5_9,0.00028221
496,2021,2,5_9,0.00025952
496,2022,2,5_9,0.00016832
496,2023,2,5_9,0.00016488
410,1950,2,5_9,0.01499816
410,1951,2,5_9,0.01299465
410,1952,2,5_9,0.00896682
410,1953,2,5_9,0.01428896
410,1954,2,5_9,0.00959204
410,1955,2,5_9,0.00833817
410,1956,2,5_9,0.0074608
410,1957,2,5_9,0.00710641
410,1958,2,5_9,0.00726026
410,1959,2,5_9,0.00564591
410,1960,2,5_9,0.00530086
410,1961,2,5_9,0.00491039
410,1962,2,5_9,0.00448223
410,1963,2,5_9,0.00426349
410,1964,2,5_9,0.00397923
410,1965,2,5_9,0.0036833
410,1966,2,5_9,0.00351401
410,1967,2,5_9,0.0025265
410,1968,2,5_9,0.00224329
410,1969,2,5_9,0.00221517
410,1970,2,5_9,0.0016049
410,1971,2,5_9,0.00194929
410,1972,2,5_9,0.00175526
410,1973,2,5_9,0.00163829
410,1974,2,5_9,0.00153733
410,1975,2,5_9,0.00142999
410,1976,2,5_9,0.00154191
410,1977,2,5_9,0.00140317
410,1978,2,5_9,0.00130861
410,1979,2,5_9,0.00117349
410,1980,2,5_9,0.00123264
410,1981,2,5_9,0.00102826
410,1982,2,5_9,0.0009647
410,1983,2,5_9,0.00105313
410,1984,2,5_9,0.00082843
410,1985,2,5_9,0.00085615
410,1986,2,5_9,0.0007788
410,1987,2,5_9,0.00072421
410,1988,2,5_9,0.00067019
410,1989,2,5_9,0.00058027
410,1990,2,5_9,0.00059905
410,1991,2,5_9,0.00051554
410,1992,2,5_9,0.00046463
410,1993,2,5_9,0.00044069
410,1994,2,5_9,0.00040441
410,1995,2,5_9,0.00037112
410,1996,2,5_9,0.00033224
410,1997,2,5_9,0.00031146
410,1998,2,5_9,0.00028807
410,1999,2,5_9,0.00025585
410,2000,2,5_9,0.0002356
410,2001,2,5_9,0.00021904
410,2002,2,5_9,0.00021308
410,2003,2,5_9,0.0001977
410,2004,2,5_9,0.00018316
410,2005,2,5_9,0.00017587
410,2006,2,5_9,0.00016462
410,2007,2,5_9,0.00015231
410,2008,2,5_9,0.00014151
410,2009,2,5_9,0.0001307
410,2010,2,5_9,0.00012738
410,2011,2,5_9,0.00011746
410,2012,2,5_9,0.00011149
410,2013,2,5_9,0.00010839
410,2014,2,5_9,0.00010131
410,2015,2,5_9,9.728e-05
410,2016,2,5_9,9.028e-05
410,2017,2,5_9,8.648e-05
410,2018,2,5_9,8.858e-05
410,2019,2,5_9,8.284e-05
410,2020,2,5_9,6.116e-05
410,2021,2,5_9,5.505e-05
410,2022,2,5_9,5.133e-05
410,2023,2,5_9,0.00013138
4,1950,2,5_9,0.01069336
4,1951,2,5_9,0.01051065
4,1952,2,5_9,0.01033185
4,1953,2,5_9,0.01015192
4,1954,2,5_9,0.01023487
4,1955,2,5_9,0.00978248
4,1956,2,5_9,0.00961571
4,1957,2,5_9,0.00941739
4,1958,2,5_9,0.00924045
4,1959,2,5_9,0.00905871
4,1960,2,5_9,0.00890383
4,1961,2,5_9,0.00872096
4,1962,2,5_9,0.00856373
4,1963,2,5_9,0.00841773
4,1964,2,5_9,0.00825162
4,1965,2,5_9,0.00809784
4,1966,2,5_9,0.00793894
4,1967,2,5_9,0.00778797
4,1968,2,5_9,0.00765238
4,1969,2,5_9,0.00750342
4,1970,2,5_9,0.00734676
4,1971,2,5_9,0.0072022
4,1972,2,5_9,0.00704976
4,1973,2,5_9,0.00689067
4,1974,2,5_9,0.00674272
4,1975,2,5_9,0.00659793
4,1976,2,5_9,0.00645981
4,1977,2,5_9,0.00630873
4,1978,2,5_9,0.00675795
4,1979,2,5_9,0.00736917
4,1980,2,5_9,0.00726022
4,1981,2,5_9,0.00727015
4,1982,2,5_9,0.00896776
4,1983,2,5_9,0.00879373
4,1984,2,5_9,0.01178003
4,1985,2,5_9,0.01147061
4,1986,2,5_9,0.00814392
4,1987,2,5_9,0.00802614
4,1988,2,5_9,0.00621975
4,1989,2,5_9,0.00581812
4,1990,2,5_9,0.00564432
4,1991,2,5_9,0.00548398
4,1992,2,5_9,0.00493457
4,1993,2,5_9,0.00383207
4,1994,2,5_9,0.00355461
4,1995,2,5_9,0.00347593
4,1996,2,5_9,0.00328312
4,1997,2,5_9,0.00328896
4,1998,2,5_9,0.00359549
4,1999,2,5_9,0.00301962
4,2000,2,5_9,0.00288868
4,2001,2,5_9,0.00278646
4,2002,2,5_9,0.00278138
4,2003,2,5_9,0.00248701
4,2004,2,5_9,0.00237711
4,2005,2,5_9,0.00229758
4,2006,2,5_9,0.0022063
4,2007,2,5_9,0.00206568
4,2008,2,5_9,0.00196207
4,2009,2,5_9,0.00195329
4,2010,2,5_9,0.00188089
4,2011,2,5_9,0.00178158
4,2012,2,5_9,0.00170237
4,2013,2,5_9,0.00162356
4,2014,2,5_9,0.00163355
4,2015,2,5_9,0.00164707
4,2016,2,5_9,0.00156289
4,2017,2,5_9,0.00125065
4,2018,2,5_9,0.00119149
4,2019,2,5_9,0.00119971
4,2020,2,5_9,0.00121397
4,2021,2,5_9,0.00119599
4,2022,2,5_9,0.00106471
4,2023,2,5_9,0.00103927
50,1950,2,5_9,0.01135867
50,1951,2,5_9,0.01119465
50,1952,2,5_9,0.01101469
50,1953,2,5_9,0.01088625
50,1954,2,5_9,0.01052851
50,1955,2,5_9,0.0102997
50,1956,2,5_9,0.01014698
50,1957,2,5_9,0.00971945
50,1958,2,5_9,0.0095599
50,1959,2,5_9,0.00930346
50,1960,2,5_9,0.00932682
50,1961,2,5_9,0.00897481
50,1962,2,5_9,0.00843697
50,1963,2,5_9,0.00878446
50,1964,2,5_9,0.00804983
50,1965,2,5_9,0.00900677
50,1966,2,5_9,0.00770921
50,1967,2,5_9,0.00753787
50,1968,2,5_9,0.00740768
50,1969,2,5_9,0.0072931
50,1970,2,5_9,0.01330709
50,1971,2,5_9,0.01770801
50,1972,2,5_9,0.00671184
50,1973,2,5_9,0.00652967
50,1974,2,5_9,0.00656964
50,1975,2,5_9,0.00608404
50,1976,2,5_9,0.00593807
50,1977,2,5_9,0.00584094
50,1978,2,5_9,0.00576049
50,1979,2,5_9,0.0056678
50,1980,2,5_9,0.00559649
50,1981,2,5_9,0.00550982
50,1982,2,5_9,0.00538777
50,1983,2,5_9,0.00523573
50,1984,2,5_9,0.00507627
50,1985,2,5_9,0.00512753
50,1986,2,5_9,0.00473387
50,1987,2,5_9,0.00457629
50,1988,2,5_9,0.00443425
50,1989,2,5_9,0.00426337
50,1990,2,5_9,0.0041127
50,1991,2,5_9,0.00583745
50,1992,2,5_9,0.00380921
50,1993,2,5_9,0.00366644
50,1994,2,5_9,0.0035096
50,1995,2,5_9,0.00336146
50,1996,2,5_9,0.00318979
50,1997,2,5_9,0.00301533
50,1998,2,5_9,0.0028405
50,1999,2,5_9,0.00265334
50,2000,2,5_9,0.00247511
50,2001,2,5_9,0.00230597
50,2002,2,5_9,0.00214392
50,2003,2,5_9,0.00199414
50,2004,2,5_9,0.00186281
50,2005,2,5_9,0.00173958
50,2006,2,5_9,0.00164051
50,2007,2,5_9,0.00161535
50,2008,2,5_9,0.00151098
50,2009,2,5_9,0.00148295
50,2010,2,5_9,0.0014631
50,2011,2,5_9,0.00144342
50,2012,2,5_9,0.00141353
50,2013,2,5_9,0.00135927
50,2014,2,5_9,0.00127426
50,2015,2,5_9,0.00117046
50,2016,2,5_9,0.00105501
50,2017,2,5_9,0.0009396
50,2018,2,5_9,0.00082883
50,2019,2,5_9,0.00073072
50,2020,2,5_9,0.00046321
50,2021,2,5_9,0.00043103
50,2022,2,5_9,0.00042663
50,2023,2,5_9,0.00043677
64,1950,2,5_9,0.00798189
64,1951,2,5_9,0.00797439
64,1952,2,5_9,0.0079669
64,1953,2,5_9,0.00795566
64,1954,2,5_9,0.00793843
64,1955,2,5_9,0.00791329
64,1956,2,5_9,0.00787907
64,1957,2,5_9,0.00783503
64,1958,2,5_9,0.00778059
64,1959,2,5_9,0.00771503
64,1960,2,5_9,0.00763789
64,1961,2,5_9,0.00754842
64,1962,2,5_9,0.00743779
64,1963,2,5_9,0.00731543
64,1964,2,5_9,0.00717986
64,1965,2,5_9,0.0070321
64,1966,2,5_9,0.00687598
64,1967,2,5_9,0.00671443
64,1968,2,5_9,0.00655054
64,1969,2,5_9,0.00638886
64,1970,2,5_9,0.00622901
64,1971,2,5_9,0.00605968
64,1972,2,5_9,0.00588046
64,1973,2,5_9,0.00570571
64,1974,2,5_9,0.00553377
64,1975,2,5_9,0.00536491
64,1976,2,5_9,0.00517838
64,1977,2,5_9,0.00499429
64,1978,2,5_9,0.00481223
64,1979,2,5_9,0.00462758
64,1980,2,5_9,0.00444741
64,1981,2,5_9,0.00426951
64,1982,2,5_9,0.00407816
64,1983,2,5_9,0.00389726
64,1984,2,5_9,0.00372801
64,1985,2,5_9,0.00358319
64,1986,2,5_9,0.0034
64,1987,2,5_9,0.00321313
64,1988,2,5_9,0.0030465
64,1989,2,5_9,0.00288802
64,1990,2,5_9,0.00274321
64,1991,2,5_9,0.00262907
64,1992,2,5_9,0.00247232
64,1993,2,5_9,0.00233542
64,1994,2,5_9,0.00229219
64,1995,2,5_9,0.00208093
64,1996,2,5_9,0.00195437
64,1997,2,5_9,0.0018406
64,1998,2,5_9,0.00171866
64,1999,2,5_9,0.00159761
64,2000,2,5_9,0.00173625
64,2001,2,5_9,0.00138762
64,2002,2,5_9,0.00127424
64,2003,2,5_9,0.00116939
64,2004,2,5_9,0.00107638
64,2005,2,5_9,0.00099271
64,2006,2,5_9,0.00090099
64,2007,2,5_9,0.00082324
64,2008,2,5_9,0.00075721
64,2009,2,5_9,0.00074668
64,2010,2,5_9,0.00064177
64,2011,2,5_9,0.00059115
64,2012,2,5_9,0.00054766
64,2013,2,5_9,0.00051384
64,2014,2,5_9,0.00048621
64,2015,2,5_9,0.0004634
64,2016,2,5_9,0.00043942
64,2017,2,5_9,0.00041795
64,2018,2,5_9,0.00039879
64,2019,2,5_9,0.00038159
64,2020,2,5_9,0.0003659
64,2021,2,5_9,0.00036213
64,2022,2,5_9,0.00033854
64,2023,2,5_9,0.00032642
356,1950,2,5_9,0.00527451
356,1951,2,5_9,0.00528587
356,1952,2,5_9,0.00524954
356,1953,2,5_9,0.00531185
356,1954,2,5_9,0.00503841
356,1955,2,5_9,0.00497435
356,1956,2,5_9,0.0049477
356,1957,2,5_9,0.00497862
356,1958,2,5_9,0.00495603
356,1959,2,5_9,0.00486258
356,1960,2,5_9,0.00483463
356,1961,2,5_9,0.0048729
356,1962,2,5_9,0.00486267
356,1963,2,5_9,0.00484757
356,1964,2,5_9,0.00486211
356,1965,2,5_9,0.00558056
356,1966,2,5_9,0.00559433
356,1967,2,5_9,0.00563803
356,1968,2,5_9,0.0050231
356,1969,2,5_9,0.00507564
356,1970,2,5_9,0.00513576
356,1971,2,5_9,0.00521733
356,1972,2,5_9,0.00527735
356,1973,2,5_9,0.00529811
356,1974,2,5_9,0.00523583
356,1975,2,5_9,0.00521856
356,1976,2,5_9,0.00517551
356,1977,2,5_9,0.00514506
356,1978,2,5_9,0.00503834
356,1979,2,5_9,0.00493667
356,1980,2,5_9,0.00482793
356,1981,2,5_9,0.00470897
356,1982,2,5_9,0.00458647
356,1983,2,5_9,0.00446135
356,1984,2,5_9,0.00433403
356,1985,2,5_9,0.00420605
356,1986,2,5_9,0.00407545
356,1987,2,5_9,0.0039442
356,1988,2,5_9,0.0038122
356,1989,2,5_9,0.00367657
356,1990,2,5_9,0.00354625
356,1991,2,5_9,0.00341672
356,1992,2,5_9,0.00328955
356,1993,2,5_9,0.00317963
356,1994,2,5_9,0.0030499
356,1995,2,5_9,0.00293125
356,1996,2,5_9,0.00281182
356,1997,2,5_9,0.00268766
356,1998,2,5_9,0.00256878
356,1999,2,5_9,0.00244939
356,2000,2,5_9,0.00230788
356,2001,2,5_9,0.00219978
356,2002,2,5_9,0.00205686
356,2003,2,5_9,0.00193584
356,2004,2,5_9,0.00183452
356,2005,2,5_9,0.00170669
356,2006,2,5_9,0.00159459
356,2007,2,5_9,0.00148837
356,2008,2,5_9,0.00138543
356,2009,2,5_9,0.00128708
356,2010,2,5_9,0.00119167
356,2011,2,5_9,0.00110057
356,2012,2,5_9,0.00101406
356,2013,2,5_9,0.00093649
356,2014,2,5_9,0.00085653
356,2015,2,5_9,0.0007861
356,2016,2,5_9,0.00071913
356,2017,2,5_9,0.00065951
356,2018,2,5_9,0.00060293
356,2019,2,5_9,0.00055226
356,2020,2,5_9,0.00050513
356,2021,2,5_9,0.00046186
356,2022,2,5_9,0.00042239
356,2023,2,5_9,0.00038581
364,1950,2,5_9,0.00547953
364,1951,2,5_9,0.00547386
364,1952,2,5_9,0.0054534
364,1953,2,5_9,0.00551829
364,1954,2,5_9,0.00547812
364,1955,2,5_9,0.00538661
364,1956,2,5_9,0.0054
364,1957,2,5_9,0.00559188
364,1958,2,5_9,0.00526761
364,1959,2,5_9,0.00519834
364,1960,2,5_9,0.0051515
364,1961,2,5_9,0.00505234
364,1962,2,5_9,0.00549461
364,1963,2,5_9,0.00485682
364,1964,2,5_9,0.00474126
364,1965,2,5_9,0.00462109
364,1966,2,5_9,0.004467
364,1967,2,5_9,0.0043052
364,1968,2,5_9,0.00453863
364,1969,2,5_9,0.00394012
364,1970,2,5_9,0.00374287
364,1971,2,5_9,0.00352401
364,1972,2,5_9,0.00348615
364,1973,2,5_9,0.00309526
364,1974,2,5_9,0.00288191
364,1975,2,5_9,0.00267162
364,1976,2,5_9,0.00246434
364,1977,2,5_9,0.00229775
364,1978,2,5_9,0.00285658
364,1979,2,5_9,0.00189828
364,1980,2,5_9,0.00171435
364,1981,2,5_9,0.00164222
364,1982,2,5_9,0.00140922
364,1983,2,5_9,0.0012851
364,1984,2,5_9,0.00117512
364,1985,2,5_9,0.00108025
364,1986,2,5_9,0.00100129
364,1987,2,5_9,0.00093762
364,1988,2,5_9,0.00086669
364,1989,2,5_9,0.00082907
364,1990,2,5_9,0.00153216
364,1991,2,5_9,0.00073575
364,1992,2,5_9,0.00070496
364,1993,2,5_9,0.0006892
364,1994,2,5_9,0.00066098
364,1995,2,5_9,0.00064636
364,1996,2,5_9,0.00063351
364,1997,2,5_9,0.00066989
364,1998,2,5_9,0.00061515
364,1999,2,5_9,0.00060428
364,2000,2,5_9,0.00059332
364,2001,2,5_9,0.00058928
364,2002,2,5_9,0.0005772
364,2003,2,5_9,0.00098713
364,2004,2,5_9,0.00055126
364,2005,2,5_9,0.00054963
364,2006,2,5_9,0.00052782
364,2007,2,5_9,0.00051544
364,2008,2,5_9,0.00050441
364,2009,2,5_9,0.0004921
364,2010,2,5_9,0.00048138
364,2011,2,5_9,0.00047091
364,2012,2,5_9,0.00046507
364,2013,2,5_9,0.00045163
364,2014,2,5_9,0.00044158
364,2015,2,5_9,0.00043214
364,2016,2,5_9,0.00042201
364,2017,2,5_9,0.00041825
364,2018,2,5_9,0.00040338
364,2019,2,5_9,0.00039728
364,2020,2,5_9,0.00028541
364,2021,2,5_9,0.00038012
364,2022,2,5_9,0.00032518
364,2023,2,5_9,0.00036167
462,1950,2,5_9,0.00800526
462,1951,2,5_9,0.00777564
462,1952,2,5_9,0.00797505
462,1953,2,5_9,0.00815784
462,1954,2,5_9,0.00828943
462,1955,2,5_9,0.00838043
462,1956,2,5_9,0.00842661
462,1957,2,5_9,0.00845383
462,1958,2,5_9,0.00845039
462,1959,2,5_9,0.00842486
462,1960,2,5_9,0.00837612
462,1961,2,5_9,0.00831608
462,1962,2,5_9,0.0082392
462,1963,2,5_9,0.00813933
462,1964,2,5_9,0.00801085
462,1965,2,5_9,0.00787083
462,1966,2,5_9,0.00770552
462,1967,2,5_9,0.0075094
462,1968,2,5_9,0.00727126
462,1969,2,5_9,0.00699732
462,1970,2,5_9,0.00668863
462,1971,2,5_9,0.00635479
462,1972,2,5_9,0.00598926
462,1973,2,5_9,0.00560816
462,1974,2,5_9,0.0052201
462,1975,2,5_9,0.0048428
462,1976,2,5_9,0.00448062
462,1977,2,5_9,0.00414511
462,1978,2,5_9,0.00494592
462,1979,2,5_9,0.00356738
462,1980,2,5_9,0.00331846
462,1981,2,5_9,0.00308595
462,1982,2,5_9,0.00286374
462,1983,2,5_9,0.00264877
462,1984,2,5_9,0.00244494
462,1985,2,5_9,0.00225414
462,1986,2,5_9,0.0020788
462,1987,2,5_9,0.00191294
462,1988,2,5_9,0.0017553
462,1989,2,5_9,0.00160886
462,1990,2,5_9,0.00147188
462,1991,2,5_9,0.00133924
462,1992,2,5_9,0.00121097
462,1993,2,5_9,0.00108952
462,1994,2,5_9,0.00098184
462,1995,2,5_9,0.00088856
462,1996,2,5_9,0.0008074
462,1997,2,5_9,0.00073351
462,1998,2,5_9,0.00066412
462,1999,2,5_9,0.00057401
462,2000,2,5_9,0.00047612
462,2001,2,5_9,0.00037836
462,2002,2,5_9,0.00033972
462,2003,2,5_9,0.00033954
462,2004,2,5_9,0.00077295
462,2005,2,5_9,0.00037032
462,2006,2,5_9,0.00036628
462,2007,2,5_9,0.00035401
462,2008,2,5_9,0.0003495
462,2009,2,5_9,0.00032217
462,2010,2,5_9,0.00027143
462,2011,2,5_9,0.00023572
462,2012,2,5_9,0.00017198
462,2013,2,5_9,0.00014776
462,2014,2,5_9,0.00014586
462,2015,2,5_9,0.00020126
462,2016,2,5_9,0.00023499
462,2017,2,5_9,0.00024207
462,2018,2,5_9,0.00018678
462,2019,2,5_9,0.00013999
462,2020,2,5_9,0.00011872
462,2021,2,5_9,8.857e-05
462,2022,2,5_9,7.961e-05
462,2023,2,5_9,7.161e-05
524,1950,2,5_9,0.00576671
524,1951,2,5_9,0.00577068
524,1952,2,5_9,0.00577659
524,1953,2,5_9,0.00578613
524,1954,2,5_9,0.00574592
524,1955,2,5_9,0.00575664
524,1956,2,5_9,0.00578451
524,1957,2,5_9,0.00580571
524,1958,2,5_9,0.00580538
524,1959,2,5_9,0.00575634
524,1960,2,5_9,0.0057523
524,1961,2,5_9,0.0057417
524,1962,2,5_9,0.0057337
524,1963,2,5_9,0.00576086
524,1964,2,5_9,0.0056276
524,1965,2,5_9,0.00560112
524,1966,2,5_9,0.00555252
524,1967,2,5_9,0.00549258
524,1968,2,5_9,0.00541163
524,1969,2,5_9,0.00530629
524,1970,2,5_9,0.0052798
524,1971,2,5_9,0.0052171
524,1972,2,5_9,0.00513655
524,1973,2,5_9,0.00509214
524,1974,2,5_9,0.00505905
524,1975,2,5_9,0.00488018
524,1976,2,5_9,0.00479141
524,1977,2,5_9,0.00459373
524,1978,2,5_9,0.00447029
524,1979,2,5_9,0.00438821
524,1980,2,5_9,0.00431969
524,1981,2,5_9,0.00436617
524,1982,2,5_9,0.00433203
524,1983,2,5_9,0.00431295
524,1984,2,5_9,0.00424427
524,1985,2,5_9,0.00405838
524,1986,2,5_9,0.00388661
524,1987,2,5_9,0.00366502
524,1988,2,5_9,0.00350433
524,1989,2,5_9,0.00325264
524,1990,2,5_9,0.003081
524,1991,2,5_9,0.00282071
524,1992,2,5_9,0.0025009
524,1993,2,5_9,0.00225088
524,1994,2,5_9,0.0020524
524,1995,2,5_9,0.00193693
524,1996,2,5_9,0.00180893
524,1997,2,5_9,0.00167829
524,1998,2,5_9,0.00158355
524,1999,2,5_9,0.00156799
524,2000,2,5_9,0.00143511
524,2001,2,5_9,0.00128985
524,2002,2,5_9,0.00118331
524,2003,2,5_9,0.00109095
524,2004,2,5_9,0.00101016
524,2005,2,5_9,0.00094945
524,2006,2,5_9,0.00087698
524,2007,2,5_9,0.0008709
524,2008,2,5_9,0.0008668
524,2009,2,5_9,0.00089455
524,2010,2,5_9,0.00092742
524,2011,2,5_9,0.00091493
524,2012,2,5_9,0.0008994
524,2013,2,5_9,0.00089096
524,2014,2,5_9,0.00088758
524,2015,2,5_9,0.00116899
524,2016,2,5_9,0.00081092
524,2017,2,5_9,0.00077172
524,2018,2,5_9,0.00072951
524,2019,2,5_9,0.00070023
524,2020,2,5_9,0.00067362
524,2021,2,5_9,0.00064339
524,2022,2,5_9,0.00061407
524,2023,2,5_9,0.00058798
586,1950,2,5_9,0.00849756
586,1951,2,5_9,0.00825701
586,1952,2,5_9,0.00800714
586,1953,2,5_9,0.00779338
586,1954,2,5_9,0.00756794
586,1955,2,5_9,0.00737325
586,1956,2,5_9,0.00715221
586,1957,2,5_9,0.00695761
586,1958,2,5_9,0.00676888
586,1959,2,5_9,0.00660133
586,1960,2,5_9,0.00643666
586,1961,2,5_9,0.00620708
586,1962,2,5_9,0.00592522
586,1963,2,5_9,0.00555182
586,1964,2,5_9,0.00511514
586,1965,2,5_9,0.00501468
586,1966,2,5_9,0.00433027
586,1967,2,5_9,0.00387336
586,1968,2,5_9,0.0035151
586,1969,2,5_9,0.00324006
586,1970,2,5_9,0.00301621
586,1971,2,5_9,0.00407003
586,1972,2,5_9,0.00272287
586,1973,2,5_9,0.00263755
586,1974,2,5_9,0.00258083
586,1975,2,5_9,0.00238738
586,1976,2,5_9,0.00224935
586,1977,2,5_9,0.00207579
586,1978,2,5_9,0.00186381
586,1979,2,5_9,0.00164261
586,1980,2,5_9,0.00142916
586,1981,2,5_9,0.00125369
586,1982,2,5_9,0.00112343
586,1983,2,5_9,0.0010699
586,1984,2,5_9,0.00106493
586,1985,2,5_9,0.0011056
586,1986,2,5_9,0.00114832
586,1987,2,5_9,0.00118077
586,1988,2,5_9,0.00118609
586,1989,2,5_9,0.00118868
586,1990,2,5_9,0.00118943
586,1991,2,5_9,0.00123655
586,1992,2,5_9,0.00131193
586,1993,2,5_9,0.00138898
586,1994,2,5_9,0.00142269
586,1995,2,5_9,0.00146373
586,1996,2,5_9,0.0014565
586,1997,2,5_9,0.00144591
586,1998,2,5_9,0.0013674
586,1999,2,5_9,0.00129309
586,2000,2,5_9,0.00122588
586,2001,2,5_9,0.00116861
586,2002,2,5_9,0.00111319
586,2003,2,5_9,0.00105691
586,2004,2,5_9,0.00099108
586,2005,2,5_9,0.00135486
586,2006,2,5_9,0.00084619
586,2007,2,5_9,0.00079022
586,2008,2,5_9,0.00074286
586,2009,2,5_9,0.00072703
586,2010,2,5_9,0.00070705
586,2011,2,5_9,0.00067958
586,2012,2,5_9,0.00066405
586,2013,2,5_9,0.00065294
586,2014,2,5_9,0.00063518
586,2015,2,5_9,0.00061987
586,2016,2,5_9,0.00059508
586,2017,2,5_9,0.00057758
586,2018,2,5_9,0.00056257
586,2019,2,5_9,0.00054886
586,2020,2,5_9,0.00053583
586,2021,2,5_9,0.00052184
586,2022,2,5_9,0.00051401
586,2023,2,5_9,0.00049852
144,1950,2,5_9,0.0027443
144,1951,2,5_9,0.00260386
144,1952,2,5_9,0.00233522
144,1953,2,5_9,0.00248747
144,1954,2,5_9,0.00212372
144,1955,2,5_9,0.00200322
144,1956,2,5_9,0.00190543
144,1957,2,5_9,0.00184487
144,1958,2,5_9,0.00172514
144,1959,2,5_9,0.00157729
144,1960,2,5_9,0.00150916
144,1961,2,5_9,0.00143513
144,1962,2,5_9,0.00136764
144,1963,2,5_9,0.00130475
144,1964,2,5_9,0.00127648
144,1965,2,5_9,0.00119082
144,1966,2,5_9,0.0011385
144,1967,2,5_9,0.00108795
144,1968,2,5_9,0.00104505
144,1969,2,5_9,0.0010181
144,1970,2,5_9,0.00098481
144,1971,2,5_9,0.00097164
144,1972,2,5_9,0.00095049
144,1973,2,5_9,0.00092925
144,1974,2,5_9,0.00092166
144,1975,2,5_9,0.00086576
144,1976,2,5_9,0.0008209
144,1977,2,5_9,0.00077017
144,1978,2,5_9,0.00079734
144,1979,2,5_9,0.00067194
144,1980,2,5_9,0.00062709
144,1981,2,5_9,0.00059352
144,1982,2,5_9,0.00056001
144,1983,2,5_9,0.00055553
144,1984,2,5_9,0.00049776
144,1985,2,5_9,0.00046872
144,1986,2,5_9,0.00044577
144,1987,2,5_9,0.00042404
144,1988,2,5_9,0.00039722
144,1989,2,5_9,0.00066251
144,1990,2,5_9,0.00035628
144,1991,2,5_9,0.00035198
144,1992,2,5_9,0.00032875
144,1993,2,5_9,0.00030733
144,1994,2,5_9,0.00028717
144,1995,2,5_9,0.00027743
144,1996,2,5_9,0.00029563
144,1997,2,5_9,0.00026134
144,1998,2,5_9,0.00025402
144,1999,2,5_9,0.00024472
144,2000,2,5_9,0.0002335
144,2001,2,5_9,0.00022862
144,2002,2,5_9,0.00022148
144,2003,2,5_9,0.00022567
144,2004,2,5_9,0.00219374
144,2005,2,5_9,0.00020866
144,2006,2,5_9,0.00020345
144,2007,2,5_9,0.00019246
144,2008,2,5_9,0.00018138
144,2009,2,5_9,0.00083627
144,2010,2,5_9,0.00016244
144,2011,2,5_9,0.00016023
144,2012,2,5_9,0.00014664
144,2013,2,5_9,0.00014028
144,2014,2,5_9,0.00014132
144,2015,2,5_9,0.00012275
144,2016,2,5_9,0.00012379
144,2017,2,5_9,0.00013661
144,2018,2,5_9,0.00011205
144,2019,2,5_9,0.00011353
144,2020,2,5_9,0.00010258
144,2021,2,5_9,9.817e-05
144,2022,2,5_9,9.35e-05
144,2023,2,5_9,8.781e-05
96,1950,2,5_9,0.00429043
96,1951,2,5_9,0.00411914
96,1952,2,5_9,0.0039544
96,1953,2,5_9,0.00379207
96,1954,2,5_9,0.00363003
96,1955,2,5_9,0.00346698
96,1956,2,5_9,0.00331391
96,1957,2,5_9,0.00314757
96,1958,2,5_9,0.00298006
96,1959,2,5_9,0.0028054
96,1960,2,5_9,0.00264356
96,1961,2,5_9,0.00248912
96,1962,2,5_9,0.00235163
96,1963,2,5_9,0.00220766
96,1964,2,5_9,0.00208105
96,1965,2,5_9,0.00200656
96,1966,2,5_9,0.00185183
96,1967,2,5_9,0.00174694
96,1968,2,5_9,0.00164527
96,1969,2,5_9,0.00154782
96,1970,2,5_9,0.001452
96,1971,2,5_9,0.00135814
96,1972,2,5_9,0.00126631
96,1973,2,5_9,0.00117358
96,1974,2,5_9,0.00109134
96,1975,2,5_9,0.00101286
96,1976,2,5_9,0.00094006
96,1977,2,5_9,0.00087166
96,1978,2,5_9,0.0008126
96,1979,2,5_9,0.00075776
96,1980,2,5_9,0.00070602
96,1981,2,5_9,0.00066231
96,1982,2,5_9,0.00062114
96,1983,2,5_9,0.00058515
96,1984,2,5_9,0.00055576
96,1985,2,5_9,0.00052824
96,1986,2,5_9,0.0005037
96,1987,2,5_9,0.00048155
96,1988,2,5_9,0.0004647
96,1989,2,5_9,0.00044485
96,1990,2,5_9,0.00042568
96,1991,2,5_9,0.00040722
96,1992,2,5_9,0.00038915
96,1993,2,5_9,0.00037137
96,1994,2,5_9,0.00035518
96,1995,2,5_9,0.00033893
96,1996,2,5_9,0.00032382
96,1997,2,5_9,0.0003101
96,1998,2,5_9,0.00029737
96,1999,2,5_9,0.00028661
96,2000,2,5_9,0.00027683
96,2001,2,5_9,0.0002685
96,2002,2,5_9,0.00026204
96,2003,2,5_9,0.00025687
96,2004,2,5_9,0.00025295
96,2005,2,5_9,0.0002501
96,2006,2,5_9,0.00024787
96,2007,2,5_9,0.00024645
96,2008,2,5_9,0.00024546
96,2009,2,5_9,0.00024488
96,2010,2,5_9,0.00024463
96,2011,2,5_9,0.00024396
96,2012,2,5_9,0.00024375
96,2013,2,5_9,0.00024307
96,2014,2,5_9,0.00024265
96,2015,2,5_9,0.00024173
96,2016,2,5_9,0.0002405
96,2017,2,5_9,0.0002387
96,2018,2,5_9,0.00023637
96,2019,2,5_9,0.00023368
96,2020,2,5_9,0.00023067
96,2021,2,5_9,0.00022744
96,2022,2,5_9,0.00022467
96,2023,2,5_9,0.00022146
116,1950,2,5_9,0.0147049
116,1951,2,5_9,0.01458069
116,1952,2,5_9,0.01439575
116,1953,2,5_9,0.01426582
116,1954,2,5_9,0.01413985
116,1955,2,5_9,0.01391384
116,1956,2,5_9,0.01384795
116,1957,2,5_9,0.01364392
116,1958,2,5_9,0.0134902
116,1959,2,5_9,0.01317397
116,1960,2,5_9,0.0128252
116,1961,2,5_9,0.01250601
116,1962,2,5_9,0.01215961
116,1963,2,5_9,0.01182104
116,1964,2,5_9,0.01149015
116,1965,2,5_9,0.01117907
116,1966,2,5_9,0.0108779
116,1967,2,5_9,0.01050778
116,1968,2,5_9,0.01029526
116,1969,2,5_9,0.01002976
116,1970,2,5_9,0.00983068
116,1971,2,5_9,0.00966597
116,1972,2,5_9,0.00949857
116,1973,2,5_9,0.0094584
116,1974,2,5_9,0.00935417
116,1975,2,5_9,0.05333776
116,1976,2,5_9,0.0632477
116,1977,2,5_9,0.06540566
116,1978,2,5_9,0.06191765
116,1979,2,5_9,0.00829202
116,1980,2,5_9,0.00793986
116,1981,2,5_9,0.00764365
116,1982,2,5_9,0.00721719
116,1983,2,5_9,0.00692623
116,1984,2,5_9,0.00657445
116,1985,2,5_9,0.00626581
116,1986,2,5_9,0.00595336
116,1987,2,5_9,0.00568356
116,1988,2,5_9,0.00546683
116,1989,2,5_9,0.00523776
116,1990,2,5_9,0.00502065
116,1991,2,5_9,0.00499601
116,1992,2,5_9,0.0049042
116,1993,2,5_9,0.00481046
116,1994,2,5_9,0.00468681
116,1995,2,5_9,0.0044728
116,1996,2,5_9,0.0043194
116,1997,2,5_9,0.00417078
116,1998,2,5_9,0.0039827
116,1999,2,5_9,0.00373999
116,2000,2,5_9,0.0034631
116,2001,2,5_9,0.00321108
116,2002,2,5_9,0.00294961
116,2003,2,5_9,0.00272277
116,2004,2,5_9,0.00258045
116,2005,2,5_9,0.00242682
116,2006,2,5_9,0.00224704
116,2007,2,5_9,0.00211205
116,2008,2,5_9,0.0019812
116,2009,2,5_9,0.00182611
116,2010,2,5_9,0.00167827
116,2011,2,5_9,0.00151495
116,2012,2,5_9,0.00136238
116,2013,2,5_9,0.00125739
116,2014,2,5_9,0.00117388
116,2015,2,5_9,0.00111056
116,2016,2,5_9,0.00105931
116,2017,2,5_9,0.00101511
116,2018,2,5_9,0.00098204
116,2019,2,5_9,0.00095318
116,2020,2,5_9,0.000929
116,2021,2,5_9,0.00089252
116,2022,2,5_9,0.00086329
116,2023,2,5_9,0.00084244
360,1950,2,5_9,0.00823973
360,1951,2,5_9,0.00802652
360,1952,2,5_9,0.00769738
360,1953,2,5_9,0.00738774
360,1954,2,5_9,0.00709336
360,1955,2,5_9,0.0068112
360,1956,2,5_9,0.00652142
360,1957,2,5_9,0.00625745
360,1958,2,5_9,0.00599203
360,1959,2,5_9,0.00574646
360,1960,2,5_9,0.00551065
360,1961,2,5_9,0.00532326
360,1962,2,5_9,0.00509515
360,1963,2,5_9,0.00488082
360,1964,2,5_9,0.0046113
360,1965,2,5_9,0.00685294
360,1966,2,5_9,0.00506079
360,1967,2,5_9,0.0038895
360,1968,2,5_9,0.00370099
360,1969,2,5_9,0.00349937
360,1970,2,5_9,0.00329178
360,1971,2,5_9,0.00313213
360,1972,2,5_9,0.00299687
360,1973,2,5_9,0.00287341
360,1974,2,5_9,0.00273509
360,1975,2,5_9,0.00260784
360,1976,2,5_9,0.00250704
360,1977,2,5_9,0.00237776
360,1978,2,5_9,0.00228209
360,1979,2,5_9,0.00218804
360,1980,2,5_9,0.00209879
360,1981,2,5_9,0.00204006
360,1982,2,5_9,0.00191776
360,1983,2,5_9,0.00178766
360,1984,2,5_9,0.00169524
360,1985,2,5_9,0.00161575
360,1986,2,5_9,0.00156059
360,1987,2,5_9,0.00150424
360,1988,2,5_9,0.00147689
360,1989,2,5_9,0.00138906
360,1990,2,5_9,0.00135692
360,1991,2,5_9,0.00130123
360,1992,2,5_9,0.00124221
360,1993,2,5_9,0.0011235
360,1994,2,5_9,0.00112554
360,1995,2,5_9,0.00111332
360,1996,2,5_9,0.00108682
360,1997,2,5_9,0.00104846
360,1998,2,5_9,0.00102201
360,1999,2,5_9,0.00101972
360,2000,2,5_9,0.00098167
360,2001,2,5_9,0.00094587
360,2002,2,5_9,0.00089552
360,2003,2,5_9,0.00087823
360,2004,2,5_9,0.00168054
360,2005,2,5_9,0.00083161
360,2006,2,5_9,0.00083427
360,2007,2,5_9,0.00078339
360,2008,2,5_9,0.00076055
360,2009,2,5_9,0.0007483
360,2010,2,5_9,0.00073512
360,2011,2,5_9,0.00069959
360,2012,2,5_9,0.00067378
360,2013,2,5_9,0.00064943
360,2014,2,5_9,0.00062514
360,2015,2,5_9,0.00060343
360,2016,2,5_9,0.00058312
360,2017,2,5_9,0.0005614
360,2018,2,5_9,0.00056309
360,2019,2,5_9,0.00052518
360,2020,2,5_9,0.0005093
360,2021,2,5_9,0.00049379
360,2022,2,5_9,0.00047911
360,2023,2,5_9,0.00045907
418,1950,2,5_9,0.00620739
418,1951,2,5_9,0.00617492
418,1952,2,5_9,0.00612896
418,1953,2,5_9,0.00603051
418,1954,2,5_9,0.00598728
418,1955,2,5_9,0.00593035
418,1956,2,5_9,0.00589476
418,1957,2,5_9,0.00583944
418,1958,2,5_9,0.00574839
418,1959,2,5_9,0.00571411
418,1960,2,5_9,0.00566067
418,1961,2,5_9,0.00564148
418,1962,2,5_9,0.00555382
418,1963,2,5_9,0.00548775
418,1964,2,5_9,0.00544522
418,1965,2,5_9,0.00531603
418,1966,2,5_9,0.00535281
418,1967,2,5_9,0.00522487
418,1968,2,5_9,0.00514808
418,1969,2,5_9,0.0051135
418,1970,2,5_9,0.00506005
418,1971,2,5_9,0.00497657
418,1972,2,5_9,0.0049342
418,1973,2,5_9,0.00489573
418,1974,2,5_9,0.0048669
418,1975,2,5_9,0.00484377
418,1976,2,5_9,0.00494939
418,1977,2,5_9,0.00486177
418,1978,2,5_9,0.00478285
418,1979,2,5_9,0.00460982
418,1980,2,5_9,0.0043382
418,1981,2,5_9,0.00414774
418,1982,2,5_9,0.00395918
418,1983,2,5_9,0.00385019
418,1984,2,5_9,0.00371009
418,1985,2,5_9,0.0035718
418,1986,2,5_9,0.00344405
418,1987,2,5_9,0.00333783
418,1988,2,5_9,0.00321231
418,1989,2,5_9,0.0030648
418,1990,2,5_9,0.00299048
418,1991,2,5_9,0.00285244
418,1992,2,5_9,0.00281362
418,1993,2,5_9,0.00272816
418,1994,2,5_9,0.00274189
418,1995,2,5_9,0.00262394
418,1996,2,5_9,0.00254689
418,1997,2,5_9,0.00246034
418,1998,2,5_9,0.00244602
418,1999,2,5_9,0.00243655
418,2000,2,5_9,0.00233485
418,2001,2,5_9,0.00218819
418,2002,2,5_9,0.00209722
418,2003,2,5_9,0.00199542
418,2004,2,5_9,0.00187038
418,2005,2,5_9,0.00175129
418,2006,2,5_9,0.00167203
418,2007,2,5_9,0.00155619
418,2008,2,5_9,0.00146585
418,2009,2,5_9,0.00131768
418,2010,2,5_9,0.00119921
418,2011,2,5_9,0.00105943
418,2012,2,5_9,0.00096378
418,2013,2,5_9,0.00088847
418,2014,2,5_9,0.00080818
418,2015,2,5_9,0.0007744
418,2016,2,5_9,0.00073471
418,2017,2,5_9,0.0007048
418,2018,2,5_9,0.00069032
418,2019,2,5_9,0.00065073
418,2020,2,5_9,0.00062312
418,2021,2,5_9,0.00059822
418,2022,2,5_9,0.00057524
418,2023,2,5_9,0.00055407
458,1950,2,5_9,0.00481712
458,1951,2,5_9,0.00446994
458,1952,2,5_9,0.0042098
458,1953,2,5_9,0.00396404
458,1954,2,5_9,0.00373205
458,1955,2,5_9,0.00351401
458,1956,2,5_9,0.00336031
458,1957,2,5_9,0.0032122
458,1958,2,5_9,0.00306169
458,1959,2,5_9,0.00286449
458,1960,2,5_9,0.00267283
458,1961,2,5_9,0.00248857
458,1962,2,5_9,0.00230988
458,1963,2,5_9,0.00213669
458,1964,2,5_9,0.00200546
458,1965,2,5_9,0.00186225
458,1966,2,5_9,0.00177208
458,1967,2,5_9,0.00169318
458,1968,2,5_9,0.00164572
458,1969,2,5_9,0.00157704
458,1970,2,5_9,0.0015041
458,1971,2,5_9,0.00140013
458,1972,2,5_9,0.00130551
458,1973,2,5_9,0.0012132
458,1974,2,5_9,0.00112346
458,1975,2,5_9,0.00103851
458,1976,2,5_9,0.00096423
458,1977,2,5_9,0.00090253
458,1978,2,5_9,0.00085582
458,1979,2,5_9,0.00080724
458,1980,2,5_9,0.00076338
458,1981,2,5_9,0.00072154
458,1982,2,5_9,0.00068048
458,1983,2,5_9,0.00064144
458,1984,2,5_9,0.00059324
458,1985,2,5_9,0.0005606
458,1986,2,5_9,0.00053361
458,1987,2,5_9,0.00051753
458,1988,2,5_9,0.00049512
458,1989,2,5_9,0.00046955
458,1990,2,5_9,0.00045082
458,1991,2,5_9,0.00042758
458,1992,2,5_9,0.00040083
458,1993,2,5_9,0.0003735
458,1994,2,5_9,0.00033812
458,1995,2,5_9,0.00032126
458,1996,2,5_9,0.00033207
458,1997,2,5_9,0.0003085
458,1998,2,5_9,0.00030806
458,1999,2,5_9,0.0003035
458,2000,2,5_9,0.00028204
458,2001,2,5_9,0.0002628
458,2002,2,5_9,0.00024688
458,2003,2,5_9,0.00024267
458,2004,2,5_9,0.00024241
458,2005,2,5_9,0.00023194
458,2006,2,5_9,0.00022076
458,2007,2,5_9,0.00021129
458,2008,2,5_9,0.00020159
458,2009,2,5_9,0.00019812
458,2010,2,5_9,0.0001962
458,2011,2,5_9,0.00019431
458,2012,2,5_9,0.00019316
458,2013,2,5_9,0.00019522
458,2014,2,5_9,0.0001966
458,2015,2,5_9,0.00019615
458,2016,2,5_9,0.00019229
458,2017,2,5_9,0.00018588
458,2018,2,5_9,0.00017907
458,2019,2,5_9,0.00017263
458,2020,2,5_9,0.00016607
458,2021,2,5_9,0.00016086
458,2022,2,5_9,0.00015579
458,2023,2,5_9,0.0001483
104,1950,2,5_9,0.00660766
104,1951,2,5_9,0.00650854
104,1952,2,5_9,0.00616744
104,1953,2,5_9,0.00598385
104,1954,2,5_9,0.00578948
104,1955,2,5_9,0.00561265
104,1956,2,5_9,0.00548577
104,1957,2,5_9,0.00527094
104,1958,2,5_9,0.00513955
104,1959,2,5_9,0.00501878
104,1960,2,5_9,0.00490222
104,1961,2,5_9,0.00482357
104,1962,2,5_9,0.00466112
104,1963,2,5_9,0.00456546
104,1964,2,5_9,0.0043947
104,1965,2,5_9,0.00427568
104,1966,2,5_9,0.00407494
104,1967,2,5_9,0.00390993
104,1968,2,5_9,0.00382071
104,1969,2,5_9,0.00364619
104,1970,2,5_9,0.00352698
104,1971,2,5_9,0.00340928
104,1972,2,5_9,0.00333502
104,1973,2,5_9,0.00326735
104,1974,2,5_9,0.00320322
104,1975,2,5_9,0.00310891
104,1976,2,5_9,0.00303135
104,1977,2,5_9,0.0029621
104,1978,2,5_9,0.00291629
104,1979,2,5_9,0.00281838
104,1980,2,5_9,0.0027531
104,1981,2,5_9,0.00269609
104,1982,2,5_9,0.00260991
104,1983,2,5_9,0.00255303
104,1984,2,5_9,0.00250049
104,1985,2,5_9,0.00245434
104,1986,2,5_9,0.00240326
104,1987,2,5_9,0.00235241
104,1988,2,5_9,0.00231689
104,1989,2,5_9,0.00226132
104,1990,2,5_9,0.00221089
104,1991,2,5_9,0.00216816
104,1992,2,5_9,0.0020869
104,1993,2,5_9,0.00203236
104,1994,2,5_9,0.00196059
104,1995,2,5_9,0.00188538
104,1996,2,5_9,0.00176285
104,1997,2,5_9,0.00166599
104,1998,2,5_9,0.00159354
104,1999,2,5_9,0.00155859
104,2000,2,5_9,0.00151847
104,2001,2,5_9,0.00147818
104,2002,2,5_9,0.00144068
104,2003,2,5_9,0.00142202
104,2004,2,5_9,0.00141318
104,2005,2,5_9,0.00139212
104,2006,2,5_9,0.00135566
104,2007,2,5_9,0.00132389
104,2008,2,5_9,0.00576777
104,2009,2,5_9,0.0012259
104,2010,2,5_9,0.0011714
104,2011,2,5_9,0.0011131
104,2012,2,5_9,0.0010646
104,2013,2,5_9,0.00101794
104,2014,2,5_9,0.00094606
104,2015,2,5_9,0.00090629
104,2016,2,5_9,0.00086641
104,2017,2,5_9,0.00084296
104,2018,2,5_9,0.00080189
104,2019,2,5_9,0.00077309
104,2020,2,5_9,0.00075436
104,2021,2,5_9,0.00075575
104,2022,2,5_9,0.00075286
104,2023,2,5_9,0.00072516
608,1950,2,5_9,0.00302194
608,1951,2,5_9,0.0029663
608,1952,2,5_9,0.0028262
608,1953,2,5_9,0.00261783
608,1954,2,5_9,0.00249351
608,1955,2,5_9,0.0024098
608,1956,2,5_9,0.00225839
608,1957,2,5_9,0.00213384
608,1958,2,5_9,0.00202714
608,1959,2,5_9,0.00194046
608,1960,2,5_9,0.00185817
608,1961,2,5_9,0.00178645
608,1962,2,5_9,0.00172909
608,1963,2,5_9,0.00166413
608,1964,2,5_9,0.00166404
608,1965,2,5_9,0.00157744
608,1966,2,5_9,0.00152078
608,1967,2,5_9,0.00147771
608,1968,2,5_9,0.00145742
608,1969,2,5_9,0.00142772
608,1970,2,5_9,0.00155212
608,1971,2,5_9,0.0014154
608,1972,2,5_9,0.00146573
608,1973,2,5_9,0.00150857
608,1974,2,5_9,0.00148003
608,1975,2,5_9,0.00144192
608,1976,2,5_9,0.00150898
608,1977,2,5_9,0.00126603
608,1978,2,5_9,0.00121492
608,1979,2,5_9,0.00114123
608,1980,2,5_9,0.00109123
608,1981,2,5_9,0.0010886
608,1982,2,5_9,0.00103292
608,1983,2,5_9,0.00100696
608,1984,2,5_9,0.00106396
608,1985,2,5_9,0.00099442
608,1986,2,5_9,0.00100013
608,1987,2,5_9,0.00096562
608,1988,2,5_9,0.00093216
608,1989,2,5_9,0.0008901
608,1990,2,5_9,0.00091275
608,1991,2,5_9,0.00104923
608,1992,2,5_9,0.00084741
608,1993,2,5_9,0.00079818
608,1994,2,5_9,0.00074601
608,1995,2,5_9,0.00071511
608,1996,2,5_9,0.00063387
608,1997,2,5_9,0.00058978
608,1998,2,5_9,0.00056017
608,1999,2,5_9,0.0005091
608,2000,2,5_9,0.00060789
608,2001,2,5_9,0.00059698
608,2002,2,5_9,0.00054585
608,2003,2,5_9,0.00053586
608,2004,2,5_9,0.00050828
608,2005,2,5_9,0.00048699
608,2006,2,5_9,0.0005464
608,2007,2,5_9,0.00048404
608,2008,2,5_9,0.00050361
608,2009,2,5_9,0.0005085
608,2010,2,5_9,0.00052403
608,2011,2,5_9,0.00047246
608,2012,2,5_9,0.00047819
608,2013,2,5_9,0.00049873
608,2014,2,5_9,0.00044019
608,2015,2,5_9,0.00045496
608,2016,2,5_9,0.00048966
608,2017,2,5_9,0.00040609
608,2018,2,5_9,0.00048171
608,2019,2,5_9,0.00048892
608,2020,2,5_9,0.00033109
608,2021,2,5_9,0.00041258
608,2022,2,5_9,0.00047072
608,2023,2,5_9,0.00045554
702,1950,2,5_9,0.00243693
702,1951,2,5_9,0.00227445
702,1952,2,5_9,0.00212141
702,1953,2,5_9,0.00197879
702,1954,2,5_9,0.00150996
702,1955,2,5_9,0.00126256
702,1956,2,5_9,0.0011573
702,1957,2,5_9,0.00119458
702,1958,2,5_9,0.00109598
702,1959,2,5_9,0.00097981
702,1960,2,5_9,0.00092846
702,1961,2,5_9,0.00085172
702,1962,2,5_9,0.00075334
702,1963,2,5_9,0.00063501
702,1964,2,5_9,0.00060217
702,1965,2,5_9,0.00055678
702,1966,2,5_9,0.00054429
702,1967,2,5_9,0.00050921
702,1968,2,5_9,0.00051908
702,1969,2,5_9,0.00048618
702,1970,2,5_9,0.00049309
702,1971,2,5_9,0.00042421
702,1972,2,5_9,0.00045624
702,1973,2,5_9,0.00044071
702,1974,2,5_9,0.00043095
702,1975,2,5_9,0.00034148
702,1976,2,5_9,0.00030236
702,1977,2,5_9,0.00027221
702,1978,2,5_9,0.00028969
702,1979,2,5_9,0.00027452
702,1980,2,5_9,0.00028349
702,1981,2,5_9,0.00026591
702,1982,2,5_9,0.00026135
702,1983,2,5_9,0.00025702
702,1984,2,5_9,0.00024729
702,1985,2,5_9,0.00020265
702,1986,2,5_9,0.00019679
702,1987,2,5_9,0.00021041
702,1988,2,5_9,0.00025357
702,1989,2,5_9,0.00023177
702,1990,2,5_9,0.0002139
702,1991,2,5_9,0.00016913
702,1992,2,5_9,0.00018358
702,1993,2,5_9,0.00014701
702,1994,2,5_9,0.00016597
702,1995,2,5_9,0.00013402
702,1996,2,5_9,0.00014136
702,1997,2,5_9,0.00010987
702,1998,2,5_9,0.00012869
702,1999,2,5_9,0.00012372
702,2000,2,5_9,0.0001179
702,2001,2,5_9,0.00011166
702,2002,2,5_9,0.00010557
702,2003,2,5_9,0.00010651
702,2004,2,5_9,0.00010031
702,2005,2,5_9,0.00010631
702,2006,2,5_9,9.991e-05
702,2007,2,5_9,8.682e-05
702,2008,2,5_9,7.328e-05
702,2009,2,5_9,7.649e-05
702,2010,2,5_9,8.695e-05
702,2011,2,5_9,9.689e-05
702,2012,2,5_9,8.639e-05
702,2013,2,5_9,6.696e-05
702,2014,2,5_9,4.356e-05
702,2015,2,5_9,3.687e-05
702,2016,2,5_9,4.021e-05
702,2017,2,5_9,5.695e-05
702,2018,2,5_9,5.455e-05
702,2019,2,5_9,5.224e-05
702,2020,2,5_9,5.469e-05
702,2021,2,5_9,5.266e-05
702,2022,2,5_9,5.629e-05
702,2023,2,5_9,5.082e-05
764,1950,2,5_9,0.00558655
764,1951,2,5_9,0.00532423
764,1952,2,5_9,0.00521053
764,1953,2,5_9,0.00509474
764,1954,2,5_9,0.00499182
764,1955,2,5_9,0.00490929
764,1956,2,5_9,0.00482723
764,1957,2,5_9,0.00474405
764,1958,2,5_9,0.00468484
764,1959,2,5_9,0.00463055
764,1960,2,5_9,0.00472789
764,1961,2,5_9,0.0047739
764,1962,2,5_9,0.00481706
764,1963,2,5_9,0.00459674
764,1964,2,5_9,0.00447629
764,1965,2,5_9,0.00427879
764,1966,2,5_9,0.00412781
764,1967,2,5_9,0.00393828
764,1968,2,5_9,0.00371507
764,1969,2,5_9,0.00350757
764,1970,2,5_9,0.00331587
764,1971,2,5_9,0.00324334
764,1972,2,5_9,0.00313001
764,1973,2,5_9,0.0029989
764,1974,2,5_9,0.00279067
764,1975,2,5_9,0.00262782
764,1976,2,5_9,0.00248986
764,1977,2,5_9,0.00237898
764,1978,2,5_9,0.00223426
764,1979,2,5_9,0.00203419
764,1980,2,5_9,0.0018211
764,1981,2,5_9,0.00162729
764,1982,2,5_9,0.00148864
764,1983,2,5_9,0.00136959
764,1984,2,5_9,0.00122795
764,1985,2,5_9,0.00109534
764,1986,2,5_9,0.00096623
764,1987,2,5_9,0.00087804
764,1988,2,5_9,0.00079338
764,1989,2,5_9,0.00072791
764,1990,2,5_9,0.00065402
764,1991,2,5_9,0.00063311
764,1992,2,5_9,0.00061934
764,1993,2,5_9,0.00061364
764,1994,2,5_9,0.00056947
764,1995,2,5_9,0.00053165
764,1996,2,5_9,0.00049612
764,1997,2,5_9,0.00050744
764,1998,2,5_9,0.0005219
764,1999,2,5_9,0.00055847
764,2000,2,5_9,0.00060309
764,2001,2,5_9,0.00063204
764,2002,2,5_9,0.00063214
764,2003,2,5_9,0.00058827
764,2004,2,5_9,0.00066895
764,2005,2,5_9,0.00047408
764,2006,2,5_9,0.00043509
764,2007,2,5_9,0.00040119
764,2008,2,5_9,0.00037381
764,2009,2,5_9,0.00036295
764,2010,2,5_9,0.00035878
764,2011,2,5_9,0.0003601
764,2012,2,5_9,0.00034229
764,2013,2,5_9,0.00031868
764,2014,2,5_9,0.00029912
764,2015,2,5_9,0.00028132
764,2016,2,5_9,0.00027615
764,2017,2,5_9,0.00026889
764,2018,2,5_9,0.00025881
764,2019,2,5_9,0.0002499
764,2020,2,5_9,0.00023954
764,2021,2,5_9,0.00022982
764,2022,2,5_9,0.00026681
764,2023,2,5_9,0.00023995
626,1950,2,5_9,0.00998513
626,1951,2,5_9,0.00986546
626,1952,2,5_9,0.00974769
626,1953,2,5_9,0.0096314
626,1954,2,5_9,0.0095162
626,1955,2,5_9,0.00940161
626,1956,2,5_9,0.00928706
626,1957,2,5_9,0.00916428
626,1958,2,5_9,0.00903792
626,1959,2,5_9,0.00890906
626,1960,2,5_9,0.00877672
626,1961,2,5_9,0.00864003
626,1962,2,5_9,0.00849848
626,1963,2,5_9,0.00834966
626,1964,2,5_9,0.00818589
626,1965,2,5_9,0.00801893
626,1966,2,5_9,0.00785049
626,1967,2,5_9,0.00768244
626,1968,2,5_9,0.00751248
626,1969,2,5_9,0.00733364
626,1970,2,5_9,0.00716084
626,1971,2,5_9,0.006995
626,1972,2,5_9,0.00683657
626,1973,2,5_9,0.00668695
626,1974,2,5_9,0.00841281
626,1975,2,5_9,0.01325265
626,1976,2,5_9,0.0118564
626,1977,2,5_9,0.01320166
626,1978,2,5_9,0.0157216
626,1979,2,5_9,0.0145882
626,1980,2,5_9,0.00899903
626,1981,2,5_9,0.00841829
626,1982,2,5_9,0.00782403
626,1983,2,5_9,0.00770187
626,1984,2,5_9,0.00660951
626,1985,2,5_9,0.00695071
626,1986,2,5_9,0.00688732
626,1987,2,5_9,0.00625782
626,1988,2,5_9,0.00640786
626,1989,2,5_9,0.00632888
626,1990,2,5_9,0.00632521
626,1991,2,5_9,0.00646487
626,1992,2,5_9,0.00605799
626,1993,2,5_9,0.00580175
626,1994,2,5_9,0.00555855
626,1995,2,5_9,0.00582113
626,1996,2,5_9,0.00560768
626,1997,2,5_9,0.00536747
626,1998,2,5_9,0.00566922
626,1999,2,5_9,0.00659973
626,2000,2,5_9,0.00227141
626,2001,2,5_9,0.00214428
626,2002,2,5_9,0.00201625
626,2003,2,5_9,0.00190456
626,2004,2,5_9,0.00180112
626,2005,2,5_9,0.00171615
626,2006,2,5_9,0.00160264
626,2007,2,5_9,0.00152005
626,2008,2,5_9,0.00144716
626,2009,2,5_9,0.00138439
626,2010,2,5_9,0.0013171
626,2011,2,5_9,0.00125516
626,2012,2,5_9,0.00120045
626,2013,2,5_9,0.00115129
626,2014,2,5_9,0.00110761
626,2015,2,5_9,0.00106442
626,2016,2,5_9,0.00102509
626,2017,2,5_9,0.00098454
626,2018,2,5_9,0.0009396
626,2019,2,5_9,0.00089768
626,2020,2,5_9,0.00086032
626,2021,2,5_9,0.00087079
626,2022,2,5_9,0.0008015
626,2023,2,5_9,0.00075771
704,1950,2,5_9,0.00679043
704,1951,2,5_9,0.00648381
704,1952,2,5_9,0.00616739
704,1953,2,5_9,0.00595904
704,1954,2,5_9,0.00594305
704,1955,2,5_9,0.00507017
704,1956,2,5_9,0.00475702
704,1957,2,5_9,0.00450883
704,1958,2,5_9,0.00423844
704,1959,2,5_9,0.00401622
704,1960,2,5_9,0.00373822
704,1961,2,5_9,0.0035625
704,1962,2,5_9,0.00355264
704,1963,2,5_9,0.00382414
704,1964,2,5_9,0.00375939
704,1965,2,5_9,0.00366316
704,1966,2,5_9,0.00361016
704,1967,2,5_9,0.00361478
704,1968,2,5_9,0.00466295
704,1969,2,5_9,0.00400299
704,1970,2,5_9,0.00390581
704,1971,2,5_9,0.00368387
704,1972,2,5_9,0.00466546
704,1973,2,5_9,0.00356621
704,1974,2,5_9,0.00376512
704,1975,2,5_9,0.00192995
704,1976,2,5_9,0.0014643
704,1977,2,5_9,0.00132054
704,1978,2,5_9,0.00116576
704,1979,2,5_9,0.0010137
704,1980,2,5_9,0.0009363
704,1981,2,5_9,0.0008611
704,1982,2,5_9,0.00081953
704,1983,2,5_9,0.00080336
704,1984,2,5_9,0.00075608
704,1985,2,5_9,0.0007422
704,1986,2,5_9,0.0007042
704,1987,2,5_9,0.00066308
704,1988,2,5_9,0.00063718
704,1989,2,5_9,0.00064483
704,1990,2,5_9,0.00061602
704,1991,2,5_9,0.00061104
704,1992,2,5_9,0.00060635
704,1993,2,5_9,0.00060095
704,1994,2,5_9,0.00059434
704,1995,2,5_9,0.00055397
704,1996,2,5_9,0.00054748
704,1997,2,5_9,0.00057768
704,1998,2,5_9,0.00048575
704,1999,2,5_9,0.00046253
704,2000,2,5_9,0.00045496
704,2001,2,5_9,0.00044306
704,2002,2,5_9,0.00043195
704,2003,2,5_9,0.00042838
704,2004,2,5_9,0.00044492
704,2005,2,5_9,0.00044306
704,2006,2,5_9,0.0004461
704,2007,2,5_9,0.0004392
704,2008,2,5_9,0.00044008
704,2009,2,5_9,0.00043912
704,2010,2,5_9,0.00043255
704,2011,2,5_9,0.00043059
704,2012,2,5_9,0.00043003
704,2013,2,5_9,0.0004299
704,2014,2,5_9,0.00042649
704,2015,2,5_9,0.00042324
704,2016,2,5_9,0.00042301
704,2017,2,5_9,0.00042406
704,2018,2,5_9,0.0004205
704,2019,2,5_9,0.00041624
704,2020,2,5_9,0.0004197
704,2021,2,5_9,0.00041325
704,2022,2,5_9,0.00041039
704,2023,2,5_9,0.00040905
51,1950,2,5_9,0.00131827
51,1951,2,5_9,0.00126187
51,1952,2,5_9,0.00120812
51,1953,2,5_9,0.00115678
51,1954,2,5_9,0.00110771
51,1955,2,5_9,0.00106076
51,1956,2,5_9,0.00101585
51,1957,2,5_9,0.00097303
51,1958,2,5_9,0.00093234
51,1959,2,5_9,0.00089372
51,1960,2,5_9,0.00085728
51,1961,2,5_9,0.0008231
51,1962,2,5_9,0.00079133
51,1963,2,5_9,0.00076204
51,1964,2,5_9,0.00073541
51,1965,2,5_9,0.00071147
51,1966,2,5_9,0.00069024
51,1967,2,5_9,0.0006716
51,1968,2,5_9,0.00065539
51,1969,2,5_9,0.00064146
51,1970,2,5_9,0.00062961
51,1971,2,5_9,0.00061967
51,1972,2,5_9,0.00061314
51,1973,2,5_9,0.00060728
51,1974,2,5_9,0.00060146
51,1975,2,5_9,0.0005946
51,1976,2,5_9,0.00058704
51,1977,2,5_9,0.00057751
51,1978,2,5_9,0.00056743
51,1979,2,5_9,0.00055686
51,1980,2,5_9,0.00054631
51,1981,2,5_9,0.00053569
51,1982,2,5_9,0.00052425
51,1983,2,5_9,0.00051273
51,1984,2,5_9,0.00050077
51,1985,2,5_9,0.00048828
51,1986,2,5_9,0.0004752
51,1987,2,5_9,0.00046129
51,1988,2,5_9,0.00782736
51,1989,2,5_9,0.00043066
51,1990,2,5_9,0.00041683
51,1991,2,5_9,0.00039809
51,1992,2,5_9,0.00038945
51,1993,2,5_9,0.00036514
51,1994,2,5_9,0.00034621
51,1995,2,5_9,0.0003258
51,1996,2,5_9,0.0003083
51,1997,2,5_9,0.00029411
51,1998,2,5_9,0.00027954
51,1999,2,5_9,0.00026731
51,2000,2,5_9,0.00025643
51,2001,2,5_9,0.00024686
51,2002,2,5_9,0.00023854
51,2003,2,5_9,0.00023146
51,2004,2,5_9,0.00022574
51,2005,2,5_9,0.00022063
51,2006,2,5_9,0.00021655
51,2007,2,5_9,0.0002127
51,2008,2,5_9,0.0002096
51,2009,2,5_9,0.00020688
51,2010,2,5_9,0.00020442
51,2011,2,5_9,0.00020216
51,2012,2,5_9,0.00020125
51,2013,2,5_9,0.00019809
51,2014,2,5_9,0.00019587
51,2015,2,5_9,0.00019593
51,2016,2,5_9,0.00019217
51,2017,2,5_9,0.00018945
51,2018,2,5_9,0.00018722
51,2019,2,5_9,0.00018495
51,2020,2,5_9,9.506e-05
51,2021,2,5_9,0.00017728
51,2022,2,5_9,0.00012376
51,2023,2,5_9,0.00017615
31,1950,2,5_9,0.00313365
31,1951,2,5_9,0.00307092
31,1952,2,5_9,0.00301905
31,1953,2,5_9,0.00295483
31,1954,2,5_9,0.00289407
31,1955,2,5_9,0.00278454
31,1956,2,5_9,0.00270597
31,1957,2,5_9,0.00265668
31,1958,2,5_9,0.00255548
31,1959,2,5_9,0.00244439
31,1960,2,5_9,0.00232621
31,1961,2,5_9,0.00219601
31,1962,2,5_9,0.00206558
31,1963,2,5_9,0.00194329
31,1964,2,5_9,0.00182662
31,1965,2,5_9,0.00170121
31,1966,2,5_9,0.00158097
31,1967,2,5_9,0.00147866
31,1968,2,5_9,0.00138297
31,1969,2,5_9,0.00129212
31,1970,2,5_9,0.00121272
31,1971,2,5_9,0.00114596
31,1972,2,5_9,0.00108848
31,1973,2,5_9,0.00103787
31,1974,2,5_9,0.00098749
31,1975,2,5_9,0.00093587
31,1976,2,5_9,0.00090413
31,1977,2,5_9,0.00085375
31,1978,2,5_9,0.00080437
31,1979,2,5_9,0.0007661
31,1980,2,5_9,0.00071853
31,1981,2,5_9,0.00066365
31,1982,2,5_9,0.00067747
31,1983,2,5_9,0.00065703
31,1984,2,5_9,0.00072346
31,1985,2,5_9,0.00065001
31,1986,2,5_9,0.00076827
31,1987,2,5_9,0.00078357
31,1988,2,5_9,0.00090374
31,1989,2,5_9,0.00065399
31,1990,2,5_9,0.000564
31,1991,2,5_9,0.00065716
31,1992,2,5_9,0.00058672
31,1993,2,5_9,0.00061745
31,1994,2,5_9,0.00060258
31,1995,2,5_9,0.00071773
31,1996,2,5_9,0.00060639
31,1997,2,5_9,0.00066589
31,1998,2,5_9,0.00067385
31,1999,2,5_9,0.00066133
31,2000,2,5_9,0.00068893
31,2001,2,5_9,0.0006053
31,2002,2,5_9,0.00068383
31,2003,2,5_9,0.00064402
31,2004,2,5_9,0.0005145
31,2005,2,5_9,0.00056183
31,2006,2,5_9,0.00035612
31,2007,2,5_9,0.00037635
31,2008,2,5_9,0.00030431
31,2009,2,5_9,0.00041761
31,2010,2,5_9,0.00034758
31,2011,2,5_9,0.00028107
31,2012,2,5_9,0.00022628
31,2013,2,5_9,0.0002552
31,2014,2,5_9,0.00025454
31,2015,2,5_9,0.00023569
31,2016,2,5_9,0.00029725
31,2017,2,5_9,0.00026824
31,2018,2,5_9,0.00025389
31,2019,2,5_9,0.00027579
31,2020,2,5_9,0.00028478
31,2021,2,5_9,0.00025127
31,2022,2,5_9,0.0003475
31,2023,2,5_9,0.00022642
48,1950,2,5_9,0.00319952
48,1951,2,5_9,0.00330136
48,1952,2,5_9,0.00340839
48,1953,2,5_9,0.00348905
48,1954,2,5_9,0.00352978
48,1955,2,5_9,0.00351219
48,1956,2,5_9,0.00342898
48,1957,2,5_9,0.0032854
48,1958,2,5_9,0.00310664
48,1959,2,5_9,0.0029055
48,1960,2,5_9,0.00269557
48,1961,2,5_9,0.00248873
48,1962,2,5_9,0.00226802
48,1963,2,5_9,0.0020673
48,1964,2,5_9,0.00187765
48,1965,2,5_9,0.00170055
48,1966,2,5_9,0.0015369
48,1967,2,5_9,0.00138764
48,1968,2,5_9,0.00125328
48,1969,2,5_9,0.00113384
48,1970,2,5_9,0.00102916
48,1971,2,5_9,0.0009387
48,1972,2,5_9,0.00087465
48,1973,2,5_9,0.00079529
48,1974,2,5_9,0.00073914
48,1975,2,5_9,0.00069142
48,1976,2,5_9,0.00065088
48,1977,2,5_9,0.00061664
48,1978,2,5_9,0.00058632
48,1979,2,5_9,0.00055643
48,1980,2,5_9,0.00053576
48,1981,2,5_9,0.00051884
48,1982,2,5_9,0.0005057
48,1983,2,5_9,0.00049558
48,1984,2,5_9,0.00048788
48,1985,2,5_9,0.00048224
48,1986,2,5_9,0.00047904
48,1987,2,5_9,0.00047624
48,1988,2,5_9,0.00047442
48,1989,2,5_9,0.00047244
48,1990,2,5_9,0.00046885
48,1991,2,5_9,0.00046214
48,1992,2,5_9,0.00045112
48,1993,2,5_9,0.00043544
48,1994,2,5_9,0.00041586
48,1995,2,5_9,0.00039398
48,1996,2,5_9,0.00037168
48,1997,2,5_9,0.00035066
48,1998,2,5_9,0.00033206
48,1999,2,5_9,0.00031635
48,2000,2,5_9,0.00030348
48,2001,2,5_9,0.00029306
48,2002,2,5_9,0.0002846
48,2003,2,5_9,0.00027756
48,2004,2,5_9,0.00027131
48,2005,2,5_9,0.00026538
48,2006,2,5_9,0.00025934
48,2007,2,5_9,0.00025304
48,2008,2,5_9,0.00024649
48,2009,2,5_9,0.00023978
48,2010,2,5_9,0.00023308
48,2011,2,5_9,0.00022652
48,2012,2,5_9,0.00022008
48,2013,2,5_9,0.00021368
48,2014,2,5_9,0.00020735
48,2015,2,5_9,0.00020108
48,2016,2,5_9,0.00019489
48,2017,2,5_9,0.00018878
48,2018,2,5_9,0.00018278
48,2019,2,5_9,0.00017698
48,2020,2,5_9,0.00017831
48,2021,2,5_9,0.00016608
48,2022,2,5_9,0.00016096
48,2023,2,5_9,0.00015605
196,1950,2,5_9,0.00196758
196,1951,2,5_9,0.00183388
196,1952,2,5_9,0.00168603
196,1953,2,5_9,0.00169893
196,1954,2,5_9,0.00149347
196,1955,2,5_9,0.00138933
196,1956,2,5_9,0.00131023
196,1957,2,5_9,0.00124975
196,1958,2,5_9,0.00117742
196,1959,2,5_9,0.00110712
196,1960,2,5_9,0.00105658
196,1961,2,5_9,0.00098216
196,1962,2,5_9,0.00092356
196,1963,2,5_9,0.00163855
196,1964,2,5_9,0.00158346
196,1965,2,5_9,0.00078657
196,1966,2,5_9,0.00074304
196,1967,2,5_9,0.00070103
196,1968,2,5_9,0.0006647
196,1969,2,5_9,0.00063864
196,1970,2,5_9,0.00059475
196,1971,2,5_9,0.00056737
196,1972,2,5_9,0.00053897
196,1973,2,5_9,0.00050772
196,1974,2,5_9,0.00048115
196,1975,2,5_9,0.00044443
196,1976,2,5_9,0.00041667
196,1977,2,5_9,0.00039257
196,1978,2,5_9,0.00035916
196,1979,2,5_9,0.00033958
196,1980,2,5_9,0.00031111
196,1981,2,5_9,0.00028775
196,1982,2,5_9,0.00026469
196,1983,2,5_9,0.00024955
196,1984,2,5_9,0.00024745
196,1985,2,5_9,0.00022449
196,1986,2,5_9,0.00021279
196,1987,2,5_9,0.00019806
196,1988,2,5_9,0.00019179
196,1989,2,5_9,0.00017999
196,1990,2,5_9,0.00016784
196,1991,2,5_9,0.00016068
196,1992,2,5_9,0.00014617
196,1993,2,5_9,0.00014346
196,1994,2,5_9,0.00013678
196,1995,2,5_9,0.00013388
196,1996,2,5_9,0.00012725
196,1997,2,5_9,0.00012026
196,1998,2,5_9,0.00013676
196,1999,2,5_9,0.00011045
196,2000,2,5_9,0.00010973
196,2001,2,5_9,0.00010237
196,2002,2,5_9,9.32e-05
196,2003,2,5_9,8.73e-05
196,2004,2,5_9,8.358e-05
196,2005,2,5_9,7.799e-05
196,2006,2,5_9,7.304e-05
196,2007,2,5_9,6.78e-05
196,2008,2,5_9,6.124e-05
196,2009,2,5_9,5.691e-05
196,2010,2,5_9,5.481e-05
196,2011,2,5_9,5.38e-05
196,2012,2,5_9,5.05e-05
196,2013,2,5_9,4.923e-05
196,2014,2,5_9,4.914e-05
196,2015,2,5_9,4.851e-05
196,2016,2,5_9,4.826e-05
196,2017,2,5_9,4.834e-05
196,2018,2,5_9,4.697e-05
196,2019,2,5_9,4.652e-05
196,2020,2,5_9,8.697e-05
196,2021,2,5_9,4.378e-05
196,2022,2,5_9,0.00017993
196,2023,2,5_9,3.88e-05
268,1950,2,5_9,0.0009232
268,1951,2,5_9,0.00094554
268,1952,2,5_9,0.00092188
268,1953,2,5_9,0.00089651
268,1954,2,5_9,0.00087323
268,1955,2,5_9,0.00085025
268,1956,2,5_9,0.00082468
268,1957,2,5_9,0.0008037
268,1958,2,5_9,0.00078147
268,1959,2,5_9,0.00075575
268,1960,2,5_9,0.00073372
268,1961,2,5_9,0.00071153
268,1962,2,5_9,0.00069057
268,1963,2,5_9,0.00066891
268,1964,2,5_9,0.00064832
268,1965,2,5_9,0.00062698
268,1966,2,5_9,0.0006147
268,1967,2,5_9,0.0005951
268,1968,2,5_9,0.00057516
268,1969,2,5_9,0.00055558
268,1970,2,5_9,0.00053661
268,1971,2,5_9,0.00051785
268,1972,2,5_9,0.00049896
268,1973,2,5_9,0.00048064
268,1974,2,5_9,0.00046259
268,1975,2,5_9,0.00044489
268,1976,2,5_9,0.00042755
268,1977,2,5_9,0.00041026
268,1978,2,5_9,0.00039144
268,1979,2,5_9,0.00037499
268,1980,2,5_9,0.00036036
268,1981,2,5_9,0.00036632
268,1982,2,5_9,0.00037532
268,1983,2,5_9,0.00033257
268,1984,2,5_9,0.0004023
268,1985,2,5_9,0.00025738
268,1986,2,5_9,0.00030912
268,1987,2,5_9,0.00037134
268,1988,2,5_9,0.00034283
268,1989,2,5_9,0.00037019
268,1990,2,5_9,0.00034488
268,1991,2,5_9,0.00032617
268,1992,2,5_9,0.00032663
268,1993,2,5_9,0.0003222
268,1994,2,5_9,0.00025091
268,1995,2,5_9,0.0002201
268,1996,2,5_9,0.00020197
268,1997,2,5_9,0.00031012
268,1998,2,5_9,0.00031866
268,1999,2,5_9,0.00020959
268,2000,2,5_9,0.00021947
268,2001,2,5_9,0.00021033
268,2002,2,5_9,0.00021073
268,2003,2,5_9,0.00011971
268,2004,2,5_9,0.00024984
268,2005,2,5_9,0.00029054
268,2006,2,5_9,0.00021726
268,2007,2,5_9,0.00029097
268,2008,2,5_9,0.00031901
268,2009,2,5_9,0.000398
268,2010,2,5_9,0.00024057
268,2011,2,5_9,0.0003302
268,2012,2,5_9,0.00015048
268,2013,2,5_9,0.00021911
268,2014,2,5_9,0.00023971
268,2015,2,5_9,0.00019027
268,2016,2,5_9,0.00018921
268,2017,2,5_9,0.00017932
268,2018,2,5_9,0.00018735
268,2019,2,5_9,0.00011392
268,2020,2,5_9,0.0001032
268,2021,2,5_9,0.00010322
268,2022,2,5_9,0.00013364
268,2023,2,5_9,9.935e-05
368,1950,2,5_9,0.00371464
368,1951,2,5_9,0.00351492
368,1952,2,5_9,0.00332907
368,1953,2,5_9,0.00315823
368,1954,2,5_9,0.00298634
368,1955,2,5_9,0.00282446
368,1956,2,5_9,0.00267772
368,1957,2,5_9,0.0025315
368,1958,2,5_9,0.00238713
368,1959,2,5_9,0.00224728
368,1960,2,5_9,0.00210069
368,1961,2,5_9,0.00194432
368,1962,2,5_9,0.00178862
368,1963,2,5_9,0.00166213
368,1964,2,5_9,0.00165064
368,1965,2,5_9,0.0014077
368,1966,2,5_9,0.00129279
368,1967,2,5_9,0.00120828
368,1968,2,5_9,0.00119995
368,1969,2,5_9,0.00110514
368,1970,2,5_9,0.00106676
368,1971,2,5_9,0.0009859
368,1972,2,5_9,0.00096838
368,1973,2,5_9,0.00091904
368,1974,2,5_9,0.00094782
368,1975,2,5_9,0.00092367
368,1976,2,5_9,0.00081648
368,1977,2,5_9,0.00079182
368,1978,2,5_9,0.00077121
368,1979,2,5_9,0.0007539
368,1980,2,5_9,0.00073991
368,1981,2,5_9,0.0007284
368,1982,2,5_9,0.00071954
368,1983,2,5_9,0.00071256
368,1984,2,5_9,0.00070891
368,1985,2,5_9,0.00070702
368,1986,2,5_9,0.00070738
368,1987,2,5_9,0.00070958
368,1988,2,5_9,0.00164143
368,1989,2,5_9,0.00259953
368,1990,2,5_9,0.00258389
368,1991,2,5_9,0.00160008
368,1992,2,5_9,0.00077598
368,1993,2,5_9,0.00081539
368,1994,2,5_9,0.00091994
368,1995,2,5_9,0.0010472
368,1996,2,5_9,0.00115841
368,1997,2,5_9,0.00132436
368,1998,2,5_9,0.00135463
368,1999,2,5_9,0.00134503
368,2000,2,5_9,0.00126393
368,2001,2,5_9,0.00116324
368,2002,2,5_9,0.00107264
368,2003,2,5_9,0.00099276
368,2004,2,5_9,0.00093048
368,2005,2,5_9,0.00088393
368,2006,2,5_9,0.00084504
368,2007,2,5_9,0.00081335
368,2008,2,5_9,0.00078631
368,2009,2,5_9,0.00077387
368,2010,2,5_9,0.00075564
368,2011,2,5_9,0.0007107
368,2012,2,5_9,0.00066365
368,2013,2,5_9,0.000643
368,2014,2,5_9,0.00055469
368,2015,2,5_9,0.00053559
368,2016,2,5_9,0.00050087
368,2017,2,5_9,0.00047713
368,2018,2,5_9,0.00046684
368,2019,2,5_9,0.00046518
368,2020,2,5_9,0.00045911
368,2021,2,5_9,0.00042376
368,2022,2,5_9,0.00040865
368,2023,2,5_9,0.00039221
376,1950,2,5_9,0.00060745
376,1951,2,5_9,0.00069273
376,1952,2,5_9,0.00086119
376,1953,2,5_9,0.00075702
376,1954,2,5_9,0.00073321
376,1955,2,5_9,0.00051726
376,1956,2,5_9,0.00063364
376,1957,2,5_9,0.00079326
376,1958,2,5_9,0.00069011
376,1959,2,5_9,0.00057414
376,1960,2,5_9,0.00068707
376,1961,2,5_9,0.00055809
376,1962,2,5_9,0.00062658
376,1963,2,5_9,0.0004822
376,1964,2,5_9,0.00059062
376,1965,2,5_9,0.00032358
376,1966,2,5_9,0.00037067
376,1967,2,5_9,0.00044056
376,1968,2,5_9,0.00039145
376,1969,2,5_9,0.00041737
376,1970,2,5_9,0.00040028
376,1971,2,5_9,0.00037133
376,1972,2,5_9,0.00043324
376,1973,2,5_9,0.00039766
376,1974,2,5_9,0.00037909
376,1975,2,5_9,0.0003931
376,1976,2,5_9,0.00033293
376,1977,2,5_9,0.00034733
376,1978,2,5_9,0.00036329
376,1979,2,5_9,0.00030702
376,1980,2,5_9,0.00029462
376,1981,2,5_9,0.00021155
376,1982,2,5_9,0.00021348
376,1983,2,5_9,0.00022614
376,1984,2,5_9,0.000255
376,1985,2,5_9,0.00020141
376,1986,2,5_9,0.0001829
376,1987,2,5_9,0.00020333
376,1988,2,5_9,0.00019928
376,1989,2,5_9,0.00019078
376,1990,2,5_9,0.00021744
376,1991,2,5_9,0.00022556
376,1992,2,5_9,0.00018204
376,1993,2,5_9,0.00015974
376,1994,2,5_9,0.00016264
376,1995,2,5_9,0.00015226
376,1996,2,5_9,8.815e-05
376,1997,2,5_9,0.00014287
376,1998,2,5_9,0.00012866
376,1999,2,5_9,0.00012854
376,2000,2,5_9,0.00012266
376,2001,2,5_9,0.00012578
376,2002,2,5_9,0.00014339
376,2003,2,5_9,0.00014319
376,2004,2,5_9,9.76e-05
376,2005,2,5_9,8.275e-05
376,2006,2,5_9,0.00010896
376,2007,2,5_9,0.00012848
376,2008,2,5_9,0.00011675
376,2009,2,5_9,9.988e-05
376,2010,2,5_9,8.962e-05
376,2011,2,5_9,9.698e-05
376,2012,2,5_9,9.541e-05
376,2013,2,5_9,9.374e-05
376,2014,2,5_9,9.272e-05
376,2015,2,5_9,6.644e-05
376,2016,2,5_9,9.045e-05
376,2017,2,5_9,9.582e-05
376,2018,2,5_9,5.461e-05
376,2019,2,5_9,4.849e-05
376,2020,2,5_9,7.081e-05
376,2021,2,5_9,5.303e-05
376,2022,2,5_9,7.004e-05
376,2023,2,5_9,9.7e-05
400,1950,2,5_9,0.00594396
400,1951,2,5_9,0.00574556
400,1952,2,5_9,0.0055551
400,1953,2,5_9,0.00531802
400,1954,2,5_9,0.00510779
400,1955,2,5_9,0.00493731
400,1956,2,5_9,0.00468593
400,1957,2,5_9,0.00441632
400,1958,2,5_9,0.00410952
400,1959,2,5_9,0.00380218
400,1960,2,5_9,0.0035343
400,1961,2,5_9,0.00330925
400,1962,2,5_9,0.00310482
400,1963,2,5_9,0.00292565
400,1964,2,5_9,0.00272745
400,1965,2,5_9,0.00254703
400,1966,2,5_9,0.00248992
400,1967,2,5_9,0.00219779
400,1968,2,5_9,0.0020351
400,1969,2,5_9,0.00189116
400,1970,2,5_9,0.0020729
400,1971,2,5_9,0.00164507
400,1972,2,5_9,0.00151205
400,1973,2,5_9,0.00141361
400,1974,2,5_9,0.00132174
400,1975,2,5_9,0.00124125
400,1976,2,5_9,0.00117502
400,1977,2,5_9,0.00112078
400,1978,2,5_9,0.00106663
400,1979,2,5_9,0.001023
400,1980,2,5_9,0.00097811
400,1981,2,5_9,0.00093177
400,1982,2,5_9,0.00087614
400,1983,2,5_9,0.00081988
400,1984,2,5_9,0.00076257
400,1985,2,5_9,0.00070843
400,1986,2,5_9,0.00065649
400,1987,2,5_9,0.00061254
400,1988,2,5_9,0.00057186
400,1989,2,5_9,0.00054011
400,1990,2,5_9,0.000514
400,1991,2,5_9,0.00049454
400,1992,2,5_9,0.00047394
400,1993,2,5_9,0.00045809
400,1994,2,5_9,0.00044343
400,1995,2,5_9,0.00042991
400,1996,2,5_9,0.00041596
400,1997,2,5_9,0.00040105
400,1998,2,5_9,0.00038862
400,1999,2,5_9,0.00037554
400,2000,2,5_9,0.00036476
400,2001,2,5_9,0.00035165
400,2002,2,5_9,0.00034241
400,2003,2,5_9,0.00032999
400,2004,2,5_9,0.00032172
400,2005,2,5_9,0.00031871
400,2006,2,5_9,0.00030577
400,2007,2,5_9,0.00029986
400,2008,2,5_9,0.00029572
400,2009,2,5_9,0.00029087
400,2010,2,5_9,0.00028912
400,2011,2,5_9,0.00028466
400,2012,2,5_9,0.00027941
400,2013,2,5_9,0.00027277
400,2014,2,5_9,0.00026288
400,2015,2,5_9,0.00024923
400,2016,2,5_9,0.00023604
400,2017,2,5_9,0.00022467
400,2018,2,5_9,0.000216
400,2019,2,5_9,0.00020577
400,2020,2,5_9,0.00020011
400,2021,2,5_9,0.00019609
400,2022,2,5_9,0.00019302
400,2023,2,5_9,0.0001882
414,1950,2,5_9,0.00206073
414,1951,2,5_9,0.00196978
414,1952,2,5_9,0.00187899
414,1953,2,5_9,0.00178623
414,1954,2,5_9,0.00169017
414,1955,2,5_9,0.00158992
414,1956,2,5_9,0.00148556
414,1957,2,5_9,0.00137832
414,1958,2,5_9,0.00126968
414,1959,2,5_9,0.00116125
414,1960,2,5_9,0.00105474
414,1961,2,5_9,0.00095221
414,1962,2,5_9,0.00085599
414,1963,2,5_9,0.00076787
414,1964,2,5_9,0.00068887
414,1965,2,5_9,0.00061938
414,1966,2,5_9,0.00055929
414,1967,2,5_9,0.00050844
414,1968,2,5_9,0.00046639
414,1969,2,5_9,0.00043256
414,1970,2,5_9,0.00040632
414,1971,2,5_9,0.00038708
414,1972,2,5_9,0.0003736
414,1973,2,5_9,0.00036424
414,1974,2,5_9,0.00035761
414,1975,2,5_9,0.00035327
414,1976,2,5_9,0.00034797
414,1977,2,5_9,0.0003431
414,1978,2,5_9,0.00033739
414,1979,2,5_9,0.00033047
414,1980,2,5_9,0.00032218
414,1981,2,5_9,0.00031256
414,1982,2,5_9,0.00030182
414,1983,2,5_9,0.00029066
414,1984,2,5_9,0.00027983
414,1985,2,5_9,0.00026991
414,1986,2,5_9,0.00026124
414,1987,2,5_9,0.00025403
414,1988,2,5_9,0.00024827
414,1989,2,5_9,0.00024385
414,1990,2,5_9,0.00040206
414,1991,2,5_9,0.00023877
414,1992,2,5_9,0.00023786
414,1993,2,5_9,0.00023804
414,1994,2,5_9,0.00023884
414,1995,2,5_9,0.00023984
414,1996,2,5_9,0.00024089
414,1997,2,5_9,0.00024169
414,1998,2,5_9,0.00023998
414,1999,2,5_9,0.00023827
414,2000,2,5_9,0.00023579
414,2001,2,5_9,0.00023267
414,2002,2,5_9,0.000229
414,2003,2,5_9,0.00022488
414,2004,2,5_9,0.0002204
414,2005,2,5_9,0.00021569
414,2006,2,5_9,0.00021088
414,2007,2,5_9,0.0002061
414,2008,2,5_9,0.00020148
414,2009,2,5_9,0.00019716
414,2010,2,5_9,0.00019324
414,2011,2,5_9,0.00018984
414,2012,2,5_9,0.00018712
414,2013,2,5_9,0.00018525
414,2014,2,5_9,0.00018436
414,2015,2,5_9,0.00018724
414,2016,2,5_9,0.00018508
414,2017,2,5_9,0.0001863
414,2018,2,5_9,0.00018792
414,2019,2,5_9,0.00018911
414,2020,2,5_9,0.0001961
414,2021,2,5_9,0.00019819
414,2022,2,5_9,9.956e-05
414,2023,2,5_9,0.00019231
422,1950,2,5_9,0.00153723
422,1951,2,5_9,0.00148167
422,1952,2,5_9,0.00142825
422,1953,2,5_9,0.00137709
422,1954,2,5_9,0.00132017
422,1955,2,5_9,0.0014281
422,1956,2,5_9,0.00129597
422,1957,2,5_9,0.00116696
422,1958,2,5_9,0.00112385
422,1959,2,5_9,0.001084
422,1960,2,5_9,0.00104797
422,1961,2,5_9,0.00101513
422,1962,2,5_9,0.00097913
422,1963,2,5_9,0.00095079
422,1964,2,5_9,0.00093083
422,1965,2,5_9,0.00091105
422,1966,2,5_9,0.0008942
422,1967,2,5_9,0.00087946
422,1968,2,5_9,0.00086811
422,1969,2,5_9,0.00085816
422,1970,2,5_9,0.00085011
422,1971,2,5_9,0.00084236
422,1972,2,5_9,0.00083523
422,1973,2,5_9,0.00082752
422,1974,2,5_9,0.00081881
422,1975,2,5_9,0.00090133
422,1976,2,5_9,0.01077096
422,1977,2,5_9,0.00221694
422,1978,2,5_9,0.00232497
422,1979,2,5_9,0.00245955
422,1980,2,5_9,0.0024057
422,1981,2,5_9,0.00235119
422,1982,2,5_9,0.0062199
422,1983,2,5_9,0.00132742
422,1984,2,5_9,0.00128772
422,1985,2,5_9,0.00125497
422,1986,2,5_9,0.00121963
422,1987,2,5_9,0.00206366
422,1988,2,5_9,0.00201532
422,1989,2,5_9,0.00055705
422,1990,2,5_9,0.00053117
422,1991,2,5_9,0.0005029
422,1992,2,5_9,0.00048726
422,1993,2,5_9,0.00044655
422,1994,2,5_9,0.00040935
422,1995,2,5_9,0.00038821
422,1996,2,5_9,0.00038042
422,1997,2,5_9,0.00034521
422,1998,2,5_9,0.00033628
422,1999,2,5_9,0.00032321
422,2000,2,5_9,0.0003087
422,2001,2,5_9,0.00028506
422,2002,2,5_9,0.00026763
422,2003,2,5_9,0.00025403
422,2004,2,5_9,0.00024263
422,2005,2,5_9,0.00023422
422,2006,2,5_9,0.0002264
422,2007,2,5_9,0.00022047
422,2008,2,5_9,0.00021954
422,2009,2,5_9,0.00021085
422,2010,2,5_9,0.00020624
422,2011,2,5_9,0.0002022
422,2012,2,5_9,0.00020261
422,2013,2,5_9,0.00020884
422,2014,2,5_9,0.0002081
422,2015,2,5_9,0.00020403
422,2016,2,5_9,0.00018842
422,2017,2,5_9,0.00018892
422,2018,2,5_9,0.00019184
422,2019,2,5_9,0.00018957
422,2020,2,5_9,0.00020472
422,2021,2,5_9,0.0002221
422,2022,2,5_9,0.00018795
422,2023,2,5_9,0.00020032
512,1950,2,5_9,0.00276494
512,1951,2,5_9,0.00279719
512,1952,2,5_9,0.00283562
512,1953,2,5_9,0.00288034
512,1954,2,5_9,0.00293118
512,1955,2,5_9,0.00298778
512,1956,2,5_9,0.0030489
512,1957,2,5_9,0.00311221
512,1958,2,5_9,0.00317483
512,1959,2,5_9,0.00323381
512,1960,2,5_9,0.00328473
512,1961,2,5_9,0.00332338
512,1962,2,5_9,0.00334588
512,1963,2,5_9,0.00334988
512,1964,2,5_9,0.00333411
512,1965,2,5_9,0.00329995
512,1966,2,5_9,0.00324871
512,1967,2,5_9,0.00318236
512,1968,2,5_9,0.00310263
512,1969,2,5_9,0.00301103
512,1970,2,5_9,0.00298212
512,1971,2,5_9,0.00287717
512,1972,2,5_9,0.00267538
512,1973,2,5_9,0.00254489
512,1974,2,5_9,0.00240428
512,1975,2,5_9,0.00225371
512,1976,2,5_9,0.0020935
512,1977,2,5_9,0.0020899
512,1978,2,5_9,0.00175643
512,1979,2,5_9,0.00159023
512,1980,2,5_9,0.00143154
512,1981,2,5_9,0.00131561
512,1982,2,5_9,0.00114854
512,1983,2,5_9,0.00102751
512,1984,2,5_9,0.00092076
512,1985,2,5_9,0.000828
512,1986,2,5_9,0.00074846
512,1987,2,5_9,0.00068109
512,1988,2,5_9,0.00062413
512,1989,2,5_9,0.00057548
512,1990,2,5_9,0.00053342
512,1991,2,5_9,0.00049659
512,1992,2,5_9,0.00046391
512,1993,2,5_9,0.00043466
512,1994,2,5_9,0.00040846
512,1995,2,5_9,0.00038507
512,1996,2,5_9,0.00036427
512,1997,2,5_9,0.00034586
512,1998,2,5_9,0.00032968
512,1999,2,5_9,0.00031567
512,2000,2,5_9,0.00030371
512,2001,2,5_9,0.0002937
512,2002,2,5_9,0.00029049
512,2003,2,5_9,0.00030032
512,2004,2,5_9,0.00027424
512,2005,2,5_9,0.00027053
512,2006,2,5_9,0.00026765
512,2007,2,5_9,0.00031754
512,2008,2,5_9,0.000263
512,2009,2,5_9,0.00026069
512,2010,2,5_9,0.00025849
512,2011,2,5_9,0.00025663
512,2012,2,5_9,0.00025535
512,2013,2,5_9,0.00025492
512,2014,2,5_9,0.00025552
512,2015,2,5_9,0.00025694
512,2016,2,5_9,0.00025884
512,2017,2,5_9,0.00026086
512,2018,2,5_9,0.00026266
512,2019,2,5_9,0.00026391
512,2020,2,5_9,0.00012461
512,2021,2,5_9,0.00022186
512,2022,2,5_9,0.00025315
512,2023,2,5_9,0.0002632
634,1950,2,5_9,0.00364624
634,1951,2,5_9,0.00348768
634,1952,2,5_9,0.00333533
634,1953,2,5_9,0.00318696
634,1954,2,5_9,0.00304146
634,1955,2,5_9,0.00289806
634,1956,2,5_9,0.00275646
634,1957,2,5_9,0.00261674
634,1958,2,5_9,0.00247873
634,1959,2,5_9,0.00234241
634,1960,2,5_9,0.00220775
634,1961,2,5_9,0.00207483
634,1962,2,5_9,0.00194422
634,1963,2,5_9,0.00181674
634,1964,2,5_9,0.00169338
634,1965,2,5_9,0.00157515
634,1966,2,5_9,0.00146314
634,1967,2,5_9,0.00135796
634,1968,2,5_9,0.00126015
634,1969,2,5_9,0.0011698
634,1970,2,5_9,0.00108679
634,1971,2,5_9,0.00100943
634,1972,2,5_9,0.00093752
634,1973,2,5_9,0.00087082
634,1974,2,5_9,0.00080984
634,1975,2,5_9,0.00075353
634,1976,2,5_9,0.00070303
634,1977,2,5_9,0.00065739
634,1978,2,5_9,0.00061668
634,1979,2,5_9,0.00057955
634,1980,2,5_9,0.00054552
634,1981,2,5_9,0.00050867
634,1982,2,5_9,0.00047904
634,1983,2,5_9,0.00045118
634,1984,2,5_9,0.00042494
634,1985,2,5_9,0.00040024
634,1986,2,5_9,0.00037693
634,1987,2,5_9,0.00035501
634,1988,2,5_9,0.00033468
634,1989,2,5_9,0.00031616
634,1990,2,5_9,0.00029975
634,1991,2,5_9,0.00028568
634,1992,2,5_9,0.00027416
634,1993,2,5_9,0.00026524
634,1994,2,5_9,0.00025864
634,1995,2,5_9,0.00025401
634,1996,2,5_9,0.000251
634,1997,2,5_9,0.00024921
634,1998,2,5_9,0.00024831
634,1999,2,5_9,0.00024765
634,2000,2,5_9,0.00024698
634,2001,2,5_9,0.00024595
634,2002,2,5_9,0.00024423
634,2003,2,5_9,0.0002416
634,2004,2,5_9,0.00023804
634,2005,2,5_9,0.00023376
634,2006,2,5_9,0.00022892
634,2007,2,5_9,0.00022367
634,2008,2,5_9,0.00021809
634,2009,2,5_9,0.00021228
634,2010,2,5_9,0.00020628
634,2011,2,5_9,0.00020007
634,2012,2,5_9,0.00019368
634,2013,2,5_9,0.00018702
634,2014,2,5_9,0.00018016
634,2015,2,5_9,0.00017316
634,2016,2,5_9,0.00016616
634,2017,2,5_9,0.00015933
634,2018,2,5_9,0.00015284
634,2019,2,5_9,0.00014677
634,2020,2,5_9,0.00012898
634,2021,2,5_9,0.00010658
634,2022,2,5_9,0.00014261
634,2023,2,5_9,0.00012653
682,1950,2,5_9,0.00669054
682,1951,2,5_9,0.00655794
682,1952,2,5_9,0.00642628
682,1953,2,5_9,0.00629491
682,1954,2,5_9,0.00616331
682,1955,2,5_9,0.006031
682,1956,2,5_9,0.00589782
682,1957,2,5_9,0.00576397
682,1958,2,5_9,0.00562955
682,1959,2,5_9,0.00549447
682,1960,2,5_9,0.00535845
682,1961,2,5_9,0.00522072
682,1962,2,5_9,0.00507972
682,1963,2,5_9,0.00493361
682,1964,2,5_9,0.00478411
682,1965,2,5_9,0.00462279
682,1966,2,5_9,0.00445577
682,1967,2,5_9,0.00427834
682,1968,2,5_9,0.00408902
682,1969,2,5_9,0.00388523
682,1970,2,5_9,0.00366886
682,1971,2,5_9,0.00343707
682,1972,2,5_9,0.00320094
682,1973,2,5_9,0.00296543
682,1974,2,5_9,0.0027369
682,1975,2,5_9,0.00252458
682,1976,2,5_9,0.0023169
682,1977,2,5_9,0.00212866
682,1978,2,5_9,0.00195518
682,1979,2,5_9,0.00179629
682,1980,2,5_9,0.00165154
682,1981,2,5_9,0.00152001
682,1982,2,5_9,0.00140083
682,1983,2,5_9,0.00129272
682,1984,2,5_9,0.00119415
682,1985,2,5_9,0.00110563
682,1986,2,5_9,0.00102168
682,1987,2,5_9,0.00094596
682,1988,2,5_9,0.00087695
682,1989,2,5_9,0.00081415
682,1990,2,5_9,0.00075722
682,1991,2,5_9,0.00070841
682,1992,2,5_9,0.0006594
682,1993,2,5_9,0.00061757
682,1994,2,5_9,0.00057966
682,1995,2,5_9,0.00054501
682,1996,2,5_9,0.00051302
682,1997,2,5_9,0.00048336
682,1998,2,5_9,0.00045555
682,1999,2,5_9,0.00042981
682,2000,2,5_9,0.00041166
682,2001,2,5_9,0.00038739
682,2002,2,5_9,0.00036917
682,2003,2,5_9,0.00035505
682,2004,2,5_9,0.00034471
682,2005,2,5_9,0.0003367
682,2006,2,5_9,0.00032809
682,2007,2,5_9,0.00032412
682,2008,2,5_9,0.00032263
682,2009,2,5_9,0.0003278
682,2010,2,5_9,0.00032527
682,2011,2,5_9,0.00032546
682,2012,2,5_9,0.00032429
682,2013,2,5_9,0.00031954
682,2014,2,5_9,0.00031011
682,2015,2,5_9,0.00029681
682,2016,2,5_9,0.00028112
682,2017,2,5_9,0.00026437
682,2018,2,5_9,0.00024772
682,2019,2,5_9,0.00023205
682,2020,2,5_9,0.0002183
682,2021,2,5_9,0.00020737
682,2022,2,5_9,0.00020006
682,2023,2,5_9,0.0001995
275,1950,2,5_9,0.004637
275,1951,2,5_9,0.00457595
275,1952,2,5_9,0.00451626
275,1953,2,5_9,0.00445543
275,1954,2,5_9,0.00439188
275,1955,2,5_9,0.00432428
275,1956,2,5_9,0.00424489
275,1957,2,5_9,0.00415609
275,1958,2,5_9,0.00406194
275,1959,2,5_9,0.00396303
275,1960,2,5_9,0.00386018
275,1961,2,5_9,0.00375439
275,1962,2,5_9,0.00363612
275,1963,2,5_9,0.00350813
275,1964,2,5_9,0.00338127
275,1965,2,5_9,0.00325673
275,1966,2,5_9,0.00312818
275,1967,2,5_9,0.00299177
275,1968,2,5_9,0.00286385
275,1969,2,5_9,0.00274581
275,1970,2,5_9,0.00263348
275,1971,2,5_9,0.00252031
275,1972,2,5_9,0.00241417
275,1973,2,5_9,0.00231174
275,1974,2,5_9,0.00221
275,1975,2,5_9,0.00208541
275,1976,2,5_9,0.00196037
275,1977,2,5_9,0.00184254
275,1978,2,5_9,0.00172527
275,1979,2,5_9,0.0016062
275,1980,2,5_9,0.00150224
275,1981,2,5_9,0.00141329
275,1982,2,5_9,0.00132015
275,1983,2,5_9,0.00122562
275,1984,2,5_9,0.00114128
275,1985,2,5_9,0.00106593
275,1986,2,5_9,0.0009981
275,1987,2,5_9,0.00092351
275,1988,2,5_9,0.00086
275,1989,2,5_9,0.00080577
275,1990,2,5_9,0.00075934
275,1991,2,5_9,0.00071946
275,1992,2,5_9,0.000683
275,1993,2,5_9,0.00064222
275,1994,2,5_9,0.00060709
275,1995,2,5_9,0.00057649
275,1996,2,5_9,0.00055344
275,1997,2,5_9,0.00052573
275,1998,2,5_9,0.00050509
275,1999,2,5_9,0.00048491
275,2000,2,5_9,0.00046696
275,2001,2,5_9,0.00044811
275,2002,2,5_9,0.00046445
275,2003,2,5_9,0.00041235
275,2004,2,5_9,0.00039662
275,2005,2,5_9,0.00038197
275,2006,2,5_9,0.0003683
275,2007,2,5_9,0.00035541
275,2008,2,5_9,0.00045793
275,2009,2,5_9,0.00047241
275,2010,2,5_9,0.00032556
275,2011,2,5_9,0.00031561
275,2012,2,5_9,0.00031199
275,2013,2,5_9,0.00028915
275,2014,2,5_9,0.0004897
275,2015,2,5_9,0.0002846
275,2016,2,5_9,0.00026743
275,2017,2,5_9,0.00025438
275,2018,2,5_9,0.00026769
275,2019,2,5_9,0.00024012
275,2020,2,5_9,0.00022525
275,2021,2,5_9,0.00024187
275,2022,2,5_9,0.00022468
275,2023,2,5_9,0.00269429
760,1950,2,5_9,0.00431076
760,1951,2,5_9,0.00416748
760,1952,2,5_9,0.00404615
760,1953,2,5_9,0.00388516
760,1954,2,5_9,0.00372291
760,1955,2,5_9,0.00356808
760,1956,2,5_9,0.00341799
760,1957,2,5_9,0.00327042
760,1958,2,5_9,0.00312815
760,1959,2,5_9,0.00299383
760,1960,2,5_9,0.00286887
760,1961,2,5_9,0.0027565
760,1962,2,5_9,0.00265526
760,1963,2,5_9,0.00255853
760,1964,2,5_9,0.00246185
760,1965,2,5_9,0.00236728
760,1966,2,5_9,0.00227118
760,1967,2,5_9,0.00216531
760,1968,2,5_9,0.00204298
760,1969,2,5_9,0.00193165
760,1970,2,5_9,0.00180699
760,1971,2,5_9,0.00166218
760,1972,2,5_9,0.00151029
760,1973,2,5_9,0.0013262
760,1974,2,5_9,0.00111246
760,1975,2,5_9,0.00091808
760,1976,2,5_9,0.00077044
760,1977,2,5_9,0.00068114
760,1978,2,5_9,0.00061593
760,1979,2,5_9,0.00060724
760,1980,2,5_9,0.00060646
760,1981,2,5_9,0.00107364
760,1982,2,5_9,0.00184173
760,1983,2,5_9,0.00066024
760,1984,2,5_9,0.00065551
760,1985,2,5_9,0.00065071
760,1986,2,5_9,0.00062307
760,1987,2,5_9,0.00058068
760,1988,2,5_9,0.00053427
760,1989,2,5_9,0.0004922
760,1990,2,5_9,0.00045214
760,1991,2,5_9,0.00043098
760,1992,2,5_9,0.00042193
760,1993,2,5_9,0.000426
760,1994,2,5_9,0.00044212
760,1995,2,5_9,0.00046802
760,1996,2,5_9,0.00049999
760,1997,2,5_9,0.00052593
760,1998,2,5_9,0.00053786
760,1999,2,5_9,0.00052286
760,2000,2,5_9,0.00049373
760,2001,2,5_9,0.00045695
760,2002,2,5_9,0.00042468
760,2003,2,5_9,0.00038653
760,2004,2,5_9,0.00036385
760,2005,2,5_9,0.00034452
760,2006,2,5_9,0.00033007
760,2007,2,5_9,0.00031825
760,2008,2,5_9,0.00031383
760,2009,2,5_9,0.00030869
760,2010,2,5_9,0.00030805
760,2011,2,5_9,0.00049419
760,2012,2,5_9,0.00135107
760,2013,2,5_9,0.00152661
760,2014,2,5_9,0.00141783
760,2015,2,5_9,0.00151435
760,2016,2,5_9,0.00114791
760,2017,2,5_9,0.00117632
760,2018,2,5_9,0.00113406
760,2019,2,5_9,0.00058998
760,2020,2,5_9,0.00041828
760,2021,2,5_9,0.00034494
760,2022,2,5_9,0.00038398
760,2023,2,5_9,0.00064467
792,1950,2,5_9,0.00224684
792,1951,2,5_9,0.00250655
792,1952,2,5_9,0.00123194
792,1953,2,5_9,0.00304242
792,1954,2,5_9,0.00209167
792,1955,2,5_9,0.00208781
792,1956,2,5_9,0.00196829
792,1957,2,5_9,0.00206446
792,1958,2,5_9,0.00222665
792,1959,2,5_9,0.0019155
792,1960,2,5_9,0.00201594
792,1961,2,5_9,0.00184253
792,1962,2,5_9,0.00154792
792,1963,2,5_9,0.00151548
792,1964,2,5_9,0.00143537
792,1965,2,5_9,0.00147412
792,1966,2,5_9,0.00136259
792,1967,2,5_9,0.00134986
792,1968,2,5_9,0.00131038
792,1969,2,5_9,0.00123219
792,1970,2,5_9,0.001232
792,1971,2,5_9,0.00114153
792,1972,2,5_9,0.00107855
792,1973,2,5_9,0.00100796
792,1974,2,5_9,0.00096989
792,1975,2,5_9,0.00097092
792,1976,2,5_9,0.00096733
792,1977,2,5_9,0.00083899
792,1978,2,5_9,0.00078915
792,1979,2,5_9,0.00075468
792,1980,2,5_9,0.0007554
792,1981,2,5_9,0.00068549
792,1982,2,5_9,0.00069687
792,1983,2,5_9,0.00068694
792,1984,2,5_9,0.0006329
792,1985,2,5_9,0.00058628
792,1986,2,5_9,0.00055275
792,1987,2,5_9,0.00053204
792,1988,2,5_9,0.00049782
792,1989,2,5_9,0.00046417
792,1990,2,5_9,0.00043872
792,1991,2,5_9,0.00040739
792,1992,2,5_9,0.00040492
792,1993,2,5_9,0.0003684
792,1994,2,5_9,0.00034489
792,1995,2,5_9,0.000326
792,1996,2,5_9,0.0003043
792,1997,2,5_9,0.00028603
792,1998,2,5_9,0.00027045
792,1999,2,5_9,0.00054921
792,2000,2,5_9,0.00023535
792,2001,2,5_9,0.00021984
792,2002,2,5_9,0.00020547
792,2003,2,5_9,0.0001932
792,2004,2,5_9,0.00017927
792,2005,2,5_9,0.0001655
792,2006,2,5_9,0.00015455
792,2007,2,5_9,0.00014422
792,2008,2,5_9,0.00013271
792,2009,2,5_9,0.00012489
792,2010,2,5_9,0.00011562
792,2011,2,5_9,0.00011905
792,2012,2,5_9,0.00010024
792,2013,2,5_9,8.83e-05
792,2014,2,5_9,8.362e-05
792,2015,2,5_9,7.204e-05
792,2016,2,5_9,6.794e-05
792,2017,2,5_9,6.47e-05
792,2018,2,5_9,5.97e-05
792,2019,2,5_9,5.587e-05
792,2020,2,5_9,5.146e-05
792,2021,2,5_9,4.864e-05
792,2022,2,5_9,4.733e-05
792,2023,2,5_9,0.00059987
784,1950,2,5_9,0.00165992
784,1951,2,5_9,0.00169307
784,1952,2,5_9,0.00172693
784,1953,2,5_9,0.00176019
784,1954,2,5_9,0.0017916
784,1955,2,5_9,0.0018199
784,1956,2,5_9,0.00185161
784,1957,2,5_9,0.00187419
784,1958,2,5_9,0.00188494
784,1959,2,5_9,0.00187762
784,1960,2,5_9,0.00185425
784,1961,2,5_9,0.00181122
784,1962,2,5_9,0.00175671
784,1963,2,5_9,0.00169186
784,1964,2,5_9,0.00162075
784,1965,2,5_9,0.00154525
784,1966,2,5_9,0.00145472
784,1967,2,5_9,0.00136682
784,1968,2,5_9,0.00127909
784,1969,2,5_9,0.00119412
784,1970,2,5_9,0.00111386
784,1971,2,5_9,0.00103981
784,1972,2,5_9,0.00097277
784,1973,2,5_9,0.00091235
784,1974,2,5_9,0.00085815
784,1975,2,5_9,0.00080967
784,1976,2,5_9,0.00076649
784,1977,2,5_9,0.00072805
784,1978,2,5_9,0.00069349
784,1979,2,5_9,0.00066236
784,1980,2,5_9,0.00063419
784,1981,2,5_9,0.00060876
784,1982,2,5_9,0.00058594
784,1983,2,5_9,0.00056578
784,1984,2,5_9,0.00054858
784,1985,2,5_9,0.00053427
784,1986,2,5_9,0.00052284
784,1987,2,5_9,0.00051411
784,1988,2,5_9,0.0005081
784,1989,2,5_9,0.00050481
784,1990,2,5_9,0.00050435
784,1991,2,5_9,0.00050687
784,1992,2,5_9,0.00051266
784,1993,2,5_9,0.00052084
784,1994,2,5_9,0.00052767
784,1995,2,5_9,0.00052955
784,1996,2,5_9,0.00051992
784,1997,2,5_9,0.00049555
784,1998,2,5_9,0.00045577
784,1999,2,5_9,0.00040754
784,2000,2,5_9,0.00035788
784,2001,2,5_9,0.00031181
784,2002,2,5_9,0.00027169
784,2003,2,5_9,0.00023922
784,2004,2,5_9,0.00021363
784,2005,2,5_9,0.00019369
784,2006,2,5_9,0.00017816
784,2007,2,5_9,0.00016617
784,2008,2,5_9,0.000157
784,2009,2,5_9,0.00015016
784,2010,2,5_9,0.00014505
784,2011,2,5_9,0.00014096
784,2012,2,5_9,0.00013752
784,2013,2,5_9,0.00013419
784,2014,2,5_9,0.00013046
784,2015,2,5_9,0.00012594
784,2016,2,5_9,0.00012026
784,2017,2,5_9,0.00011318
784,2018,2,5_9,0.00010458
784,2019,2,5_9,9.45e-05
784,2020,2,5_9,8.768e-05
784,2021,2,5_9,6.253e-05
784,2022,2,5_9,0.00010649
784,2023,2,5_9,5.17e-05
887,1950,2,5_9,0.00461183
887,1951,2,5_9,0.00457872
887,1952,2,5_9,0.00454469
887,1953,2,5_9,0.00451181
887,1954,2,5_9,0.00447844
887,1955,2,5_9,0.00441185
887,1956,2,5_9,0.00437984
887,1957,2,5_9,0.00432058
887,1958,2,5_9,0.00428386
887,1959,2,5_9,0.0042207
887,1960,2,5_9,0.00415874
887,1961,2,5_9,0.00408232
887,1962,2,5_9,0.00432647
887,1963,2,5_9,0.00465565
887,1964,2,5_9,0.0041957
887,1965,2,5_9,0.00408641
887,1966,2,5_9,0.00403962
887,1967,2,5_9,0.00392073
887,1968,2,5_9,0.00382934
887,1969,2,5_9,0.00343023
887,1970,2,5_9,0.00337285
887,1971,2,5_9,0.00325703
887,1972,2,5_9,0.00315525
887,1973,2,5_9,0.00308453
887,1974,2,5_9,0.00301123
887,1975,2,5_9,0.00296079
887,1976,2,5_9,0.00289308
887,1977,2,5_9,0.00280146
887,1978,2,5_9,0.00268984
887,1979,2,5_9,0.00260587
887,1980,2,5_9,0.00248803
887,1981,2,5_9,0.00237945
887,1982,2,5_9,0.00245841
887,1983,2,5_9,0.00220025
887,1984,2,5_9,0.00209467
887,1985,2,5_9,0.00201421
887,1986,2,5_9,0.00193915
887,1987,2,5_9,0.00186683
887,1988,2,5_9,0.00181717
887,1989,2,5_9,0.00175562
887,1990,2,5_9,0.00169916
887,1991,2,5_9,0.00160545
887,1992,2,5_9,0.00154285
887,1993,2,5_9,0.00148321
887,1994,2,5_9,0.00141994
887,1995,2,5_9,0.00135263
887,1996,2,5_9,0.00130862
887,1997,2,5_9,0.00124242
887,1998,2,5_9,0.00119431
887,1999,2,5_9,0.00114439
887,2000,2,5_9,0.00110146
887,2001,2,5_9,0.00105381
887,2002,2,5_9,0.00098482
887,2003,2,5_9,0.00092358
887,2004,2,5_9,0.00087965
887,2005,2,5_9,0.00083337
887,2006,2,5_9,0.00079282
887,2007,2,5_9,0.0007539
887,2008,2,5_9,0.00072244
887,2009,2,5_9,0.00069753
887,2010,2,5_9,0.00067066
887,2011,2,5_9,0.0006597
887,2012,2,5_9,0.0006563
887,2013,2,5_9,0.00061784
887,2014,2,5_9,0.0006249
887,2015,2,5_9,0.00074158
887,2016,2,5_9,0.0007084
887,2017,2,5_9,0.00068675
887,2018,2,5_9,0.00076789
887,2019,2,5_9,0.00075815
887,2020,2,5_9,0.00061706
887,2021,2,5_9,0.00062355
887,2022,2,5_9,0.00057615
887,2023,2,5_9,0.00053191
112,1950,2,5_9,0.0015781
112,1951,2,5_9,0.00147368
112,1952,2,5_9,0.00128223
112,1953,2,5_9,0.00111665
112,1954,2,5_9,0.0009682
112,1955,2,5_9,0.00083611
112,1956,2,5_9,0.00071854
112,1957,2,5_9,0.00061816
112,1958,2,5_9,0.00052551
112,1959,2,5_9,0.00056187
112,1960,2,5_9,0.00049727
112,1961,2,5_9,0.00055379
112,1962,2,5_9,0.00033869
112,1963,2,5_9,0.00031934
112,1964,2,5_9,0.00027444
112,1965,2,5_9,0.00031462
112,1966,2,5_9,0.00029445
112,1967,2,5_9,0.00020169
112,1968,2,5_9,0.0002127
112,1969,2,5_9,0.00024488
112,1970,2,5_9,0.00028707
112,1971,2,5_9,0.00025377
112,1972,2,5_9,0.000238
112,1973,2,5_9,0.00025493
112,1974,2,5_9,0.00027609
112,1975,2,5_9,0.00024434
112,1976,2,5_9,0.00019284
112,1977,2,5_9,0.00014444
112,1978,2,5_9,0.00016692
112,1979,2,5_9,0.00021169
112,1980,2,5_9,0.00026416
112,1981,2,5_9,0.00036432
112,1982,2,5_9,0.00032344
112,1983,2,5_9,0.00032173
112,1984,2,5_9,0.00025488
112,1985,2,5_9,0.00030458
112,1986,2,5_9,0.00034331
112,1987,2,5_9,0.00032209
112,1988,2,5_9,0.00027212
112,1989,2,5_9,0.000253
112,1990,2,5_9,0.00025184
112,1991,2,5_9,0.00029713
112,1992,2,5_9,0.00021628
112,1993,2,5_9,0.00019577
112,1994,2,5_9,0.00019036
112,1995,2,5_9,0.00025434
112,1996,2,5_9,0.00028631
112,1997,2,5_9,0.00026326
112,1998,2,5_9,0.0002768
112,1999,2,5_9,0.00025834
112,2000,2,5_9,0.00025197
112,2001,2,5_9,0.00022974
112,2002,2,5_9,0.00024008
112,2003,2,5_9,0.00024929
112,2004,2,5_9,0.00024193
112,2005,2,5_9,0.00023181
112,2006,2,5_9,0.00019975
112,2007,2,5_9,0.00022309
112,2008,2,5_9,0.00018634
112,2009,2,5_9,0.00017141
112,2010,2,5_9,0.00010048
112,2011,2,5_9,6.041e-05
112,2012,2,5_9,8.914e-05
112,2013,2,5_9,0.00012564
112,2014,2,5_9,0.00012373
112,2015,2,5_9,0.00011965
112,2016,2,5_9,9.341e-05
112,2017,2,5_9,8.241e-05
112,2018,2,5_9,4.963e-05
112,2019,2,5_9,3.677e-05
112,2020,2,5_9,6.027e-05
112,2021,2,5_9,5.84e-05
112,2022,2,5_9,5.674e-05
112,2023,2,5_9,5.497e-05
100,1950,2,5_9,0.00154419
100,1951,2,5_9,0.00164291
100,1952,2,5_9,0.00141844
100,1953,2,5_9,0.00112854
100,1954,2,5_9,0.00083616
100,1955,2,5_9,0.00074831
100,1956,2,5_9,0.00079807
100,1957,2,5_9,0.00076816
100,1958,2,5_9,0.00063415
100,1959,2,5_9,0.00063217
100,1960,2,5_9,0.00056611
100,1961,2,5_9,0.00058008
100,1962,2,5_9,0.00045206
100,1963,2,5_9,0.00060409
100,1964,2,5_9,0.00047606
100,1965,2,5_9,0.00042606
100,1966,2,5_9,0.00045406
100,1967,2,5_9,0.00040806
100,1968,2,5_9,0.00039004
100,1969,2,5_9,0.00045806
100,1970,2,5_9,0.00037201
100,1971,2,5_9,0.00039399
100,1972,2,5_9,0.00040204
100,1973,2,5_9,0.000422
100,1974,2,5_9,0.00039404
100,1975,2,5_9,0.00038205
100,1976,2,5_9,0.00035402
100,1977,2,5_9,0.00037001
100,1978,2,5_9,0.00038804
100,1979,2,5_9,0.00038204
100,1980,2,5_9,0.00035404
100,1981,2,5_9,0.00037202
100,1982,2,5_9,0.00041802
100,1983,2,5_9,0.00037607
100,1984,2,5_9,0.00036001
100,1985,2,5_9,0.00035404
100,1986,2,5_9,0.00028
100,1987,2,5_9,0.00036006
100,1988,2,5_9,0.00032202
100,1989,2,5_9,0.00036202
100,1990,2,5_9,0.00036998
100,1991,2,5_9,0.00031401
100,1992,2,5_9,0.00041804
100,1993,2,5_9,0.00033405
100,1994,2,5_9,0.00025601
100,1995,2,5_9,0.00034603
100,1996,2,5_9,0.00032802
100,1997,2,5_9,0.00034602
100,1998,2,5_9,0.000332
100,1999,2,5_9,0.00028204
100,2000,2,5_9,0.00027003
100,2001,2,5_9,0.000258
100,2002,2,5_9,0.00025202
100,2003,2,5_9,0.000158
100,2004,2,5_9,0.00014999
100,2005,2,5_9,0.00026401
100,2006,2,5_9,0.00033801
100,2007,2,5_9,0.00022603
100,2008,2,5_9,0.000262
100,2009,2,5_9,0.000166
100,2010,2,5_9,0.000216
100,2011,2,5_9,0.000224
100,2012,2,5_9,0.00020801
100,2013,2,5_9,0.000168
100,2014,2,5_9,0.00015599
100,2015,2,5_9,0.000138
100,2016,2,5_9,0.000162
100,2017,2,5_9,6.5e-05
100,2018,2,5_9,0.000154
100,2019,2,5_9,0.00016
100,2020,2,5_9,7.276e-05
100,2021,2,5_9,0.000188
100,2022,2,5_9,0.00018943
100,2023,2,5_9,0.00013517
203,1950,2,5_9,0.00070011
203,1951,2,5_9,0.00057204
203,1952,2,5_9,0.00053004
203,1953,2,5_9,0.00042808
203,1954,2,5_9,0.00042406
203,1955,2,5_9,0.00039005
203,1956,2,5_9,0.00038405
203,1957,2,5_9,0.00041404
203,1958,2,5_9,0.00035804
203,1959,2,5_9,0.00033601
203,1960,2,5_9,0.00031803
203,1961,2,5_9,0.00037005
203,1962,2,5_9,0.00037002
203,1963,2,5_9,0.00035003
203,1964,2,5_9,0.00035603
203,1965,2,5_9,0.00037803
203,1966,2,5_9,0.00031202
203,1967,2,5_9,0.00031604
203,1968,2,5_9,0.00027801
203,1969,2,5_9,0.00033401
203,1970,2,5_9,0.00029803
203,1971,2,5_9,0.00036602
203,1972,2,5_9,0.00031604
203,1973,2,5_9,0.00024202
203,1974,2,5_9,0.00029802
203,1975,2,5_9,0.00029202
203,1976,2,5_9,0.00024803
203,1977,2,5_9,0.00029003
203,1978,2,5_9,0.00028002
203,1979,2,5_9,0.000286
203,1980,2,5_9,0.00030603
203,1981,2,5_9,0.00024401
203,1982,2,5_9,0.00026201
203,1983,2,5_9,0.00027202
203,1984,2,5_9,0.00021201
203,1985,2,5_9,0.00026801
203,1986,2,5_9,0.000224
203,1987,2,5_9,0.000208
203,1988,2,5_9,0.000204
203,1989,2,5_9,0.000204
203,1990,2,5_9,0.000186
203,1991,2,5_9,0.00018601
203,1992,2,5_9,0.00021
203,1993,2,5_9,0.000162
203,1994,2,5_9,0.00020801
203,1995,2,5_9,0.000232
203,1996,2,5_9,0.000166
203,1997,2,5_9,0.000182
203,1998,2,5_9,0.00013
203,1999,2,5_9,0.00018599
203,2000,2,5_9,0.00013
203,2001,2,5_9,0.00012401
203,2002,2,5_9,0.000124
203,2003,2,5_9,0.00010199
203,2004,2,5_9,0.000114
203,2005,2,5_9,0.000114
203,2006,2,5_9,9.2e-05
203,2007,2,5_9,8.8e-05
203,2008,2,5_9,6.6e-05
203,2009,2,5_9,0.000108
203,2010,2,5_9,0.00010601
203,2011,2,5_9,7.8e-05
203,2012,2,5_9,0.000122
203,2013,2,5_9,8e-05
203,2014,2,5_9,8.8e-05
203,2015,2,5_9,8.6e-05
203,2016,2,5_9,6.4e-05
203,2017,2,5_9,7.2e-05
203,2018,2,5_9,0.00010399
203,2019,2,5_9,9.2e-05
203,2020,2,5_9,5.8e-05
203,2021,2,5_9,9.6e-05
203,2022,2,5_9,9.125e-05
203,2023,2,5_9,7.908e-05
348,1950,2,5_9,0.00107425
348,1951,2,5_9,0.00090616
348,1952,2,5_9,0.00061411
348,1953,2,5_9,0.0006741
348,1954,2,5_9,0.00049008
348,1955,2,5_9,0.00059806
348,1956,2,5_9,0.00050805
348,1957,2,5_9,0.00044205
348,1958,2,5_9,0.00041605
348,1959,2,5_9,0.00043203
348,1960,2,5_9,0.00037603
348,1961,2,5_9,0.00036404
348,1962,2,5_9,0.00040204
348,1963,2,5_9,0.00032401
348,1964,2,5_9,0.00037204
348,1965,2,5_9,0.00034202
348,1966,2,5_9,0.00027003
348,1967,2,5_9,0.00033205
348,1968,2,5_9,0.00037404
348,1969,2,5_9,0.00029001
348,1970,2,5_9,0.00033802
348,1971,2,5_9,0.00033402
348,1972,2,5_9,0.00029204
348,1973,2,5_9,0.00025601
348,1974,2,5_9,0.00035
348,1975,2,5_9,0.00026799
348,1976,2,5_9,0.00027602
348,1977,2,5_9,0.00029602
348,1978,2,5_9,0.00024602
348,1979,2,5_9,0.000244
348,1980,2,5_9,0.00023202
348,1981,2,5_9,0.00021201
348,1982,2,5_9,0.000258
348,1983,2,5_9,0.00027202
348,1984,2,5_9,0.00019601
348,1985,2,5_9,0.00023401
348,1986,2,5_9,0.00023203
348,1987,2,5_9,0.00021601
348,1988,2,5_9,0.00017001
348,1989,2,5_9,0.00025001
348,1990,2,5_9,0.000276
348,1991,2,5_9,0.00020801
348,1992,2,5_9,0.00020199
348,1993,2,5_9,0.00016399
348,1994,2,5_9,0.00017
348,1995,2,5_9,0.000178
348,1996,2,5_9,0.00019801
348,1997,2,5_9,0.000166
348,1998,2,5_9,0.00016201
348,1999,2,5_9,0.00016
348,2000,2,5_9,0.00014
348,2001,2,5_9,0.00013
348,2002,2,5_9,0.00013601
348,2003,2,5_9,0.00017199
348,2004,2,5_9,0.00014
348,2005,2,5_9,0.000136
348,2006,2,5_9,6.8e-05
348,2007,2,5_9,0.000128
348,2008,2,5_9,0.000124
348,2009,2,5_9,0.000112
348,2010,2,5_9,8.2e-05
348,2011,2,5_9,7.8e-05
348,2012,2,5_9,0.000124
348,2013,2,5_9,8.2e-05
348,2014,2,5_9,7.6e-05
348,2015,2,5_9,0.00010199
348,2016,2,5_9,7e-05
348,2017,2,5_9,0.00013601
348,2018,2,5_9,5.6e-05
348,2019,2,5_9,0.0001
348,2020,2,5_9,6.4e-05
348,2021,2,5_9,6.2e-05
348,2022,2,5_9,0.00010586
348,2023,2,5_9,8.831e-05
616,1950,2,5_9,0.00150588
616,1951,2,5_9,0.00145335
616,1952,2,5_9,0.00137379
616,1953,2,5_9,0.0011749
616,1954,2,5_9,0.00105215
616,1955,2,5_9,0.00094674
616,1956,2,5_9,0.00084229
616,1957,2,5_9,0.00068571
616,1958,2,5_9,0.00061508
616,1959,2,5_9,0.00051873
616,1960,2,5_9,0.00048339
616,1961,2,5_9,0.00043472
616,1962,2,5_9,0.00042205
616,1963,2,5_9,0.00041671
616,1964,2,5_9,0.0003987
616,1965,2,5_9,0.00038403
616,1966,2,5_9,0.00037069
616,1967,2,5_9,0.00036003
616,1968,2,5_9,0.0003667
616,1969,2,5_9,0.0003667
616,1970,2,5_9,0.00037403
616,1971,2,5_9,0.00036602
616,1972,2,5_9,0.00035869
616,1973,2,5_9,0.00033135
616,1974,2,5_9,0.00032336
616,1975,2,5_9,0.00032802
616,1976,2,5_9,0.00033802
616,1977,2,5_9,0.00033935
616,1978,2,5_9,0.00031801
616,1979,2,5_9,0.00031468
616,1980,2,5_9,0.00030401
616,1981,2,5_9,0.00030201
616,1982,2,5_9,0.00028801
616,1983,2,5_9,0.00026867
616,1984,2,5_9,0.00025334
616,1985,2,5_9,0.00023734
616,1986,2,5_9,0.00022534
616,1987,2,5_9,0.00021401
616,1988,2,5_9,0.00022334
616,1989,2,5_9,0.00022734
616,1990,2,5_9,0.00023467
616,1991,2,5_9,0.00021667
616,1992,2,5_9,0.00021134
616,1993,2,5_9,0.00020067
616,1994,2,5_9,0.00018804
616,1995,2,5_9,0.00018534
616,1996,2,5_9,0.00018467
616,1997,2,5_9,0.00018902
616,1998,2,5_9,0.0001735
616,1999,2,5_9,0.00015079
616,2000,2,5_9,0.000144
616,2001,2,5_9,0.00014449
616,2002,2,5_9,0.00014568
616,2003,2,5_9,0.00013667
616,2004,2,5_9,0.00013867
616,2005,2,5_9,0.00013537
616,2006,2,5_9,0.00012933
616,2007,2,5_9,0.00011339
616,2008,2,5_9,0.00011208
616,2009,2,5_9,0.00011032
616,2010,2,5_9,0.00010631
616,2011,2,5_9,9.667e-05
616,2012,2,5_9,8.937e-05
616,2013,2,5_9,8.815e-05
616,2014,2,5_9,8.667e-05
616,2015,2,5_9,8.737e-05
616,2016,2,5_9,8.403e-05
616,2017,2,5_9,8.021e-05
616,2018,2,5_9,8e-05
616,2019,2,5_9,9.014e-05
616,2020,2,5_9,6.8e-05
616,2021,2,5_9,7.2e-05
616,2022,2,5_9,8.691e-05
616,2023,2,5_9,7.807e-05
498,1950,2,5_9,0.00295481
498,1951,2,5_9,0.00280893
498,1952,2,5_9,0.00267477
498,1953,2,5_9,0.00254628
498,1954,2,5_9,0.00241177
498,1955,2,5_9,0.00229282
498,1956,2,5_9,0.00218175
498,1957,2,5_9,0.00207947
498,1958,2,5_9,0.00198141
498,1959,2,5_9,0.00189389
498,1960,2,5_9,0.00181918
498,1961,2,5_9,0.00174932
498,1962,2,5_9,0.00168334
498,1963,2,5_9,0.00162473
498,1964,2,5_9,0.00157219
498,1965,2,5_9,0.0015258
498,1966,2,5_9,0.0014841
498,1967,2,5_9,0.0014499
498,1968,2,5_9,0.00142029
498,1969,2,5_9,0.00138686
498,1970,2,5_9,0.00134913
498,1971,2,5_9,0.0013081
498,1972,2,5_9,0.00126877
498,1973,2,5_9,0.00123287
498,1974,2,5_9,0.00119591
498,1975,2,5_9,0.00115989
498,1976,2,5_9,0.00112268
498,1977,2,5_9,0.00108646
498,1978,2,5_9,0.00104966
498,1979,2,5_9,0.00095686
498,1980,2,5_9,0.00084262
498,1981,2,5_9,0.00068716
498,1982,2,5_9,0.00060126
498,1983,2,5_9,0.00052586
498,1984,2,5_9,0.00050579
498,1985,2,5_9,0.00047816
498,1986,2,5_9,0.00046834
498,1987,2,5_9,0.0004524
498,1988,2,5_9,0.00044369
498,1989,2,5_9,0.00043747
498,1990,2,5_9,0.00043836
498,1991,2,5_9,0.00042889
498,1992,2,5_9,0.00042376
498,1993,2,5_9,0.00041665
498,1994,2,5_9,0.00042825
498,1995,2,5_9,0.00041208
498,1996,2,5_9,0.00040692
498,1997,2,5_9,0.00040094
498,1998,2,5_9,0.00040006
498,1999,2,5_9,0.00037991
498,2000,2,5_9,0.0003589
498,2001,2,5_9,0.000326
498,2002,2,5_9,0.00030804
498,2003,2,5_9,0.00028518
498,2004,2,5_9,0.00026942
498,2005,2,5_9,0.00024996
498,2006,2,5_9,0.00023802
498,2007,2,5_9,0.0002274
498,2008,2,5_9,0.00022073
498,2009,2,5_9,0.00021628
498,2010,2,5_9,0.00021634
498,2011,2,5_9,0.00021592
498,2012,2,5_9,0.00020631
498,2013,2,5_9,0.00020414
498,2014,2,5_9,0.0002043
498,2015,2,5_9,0.00021228
498,2016,2,5_9,0.00021414
498,2017,2,5_9,0.00021662
498,2018,2,5_9,0.00021104
498,2019,2,5_9,0.0002144
498,2020,2,5_9,0.0002001
498,2021,2,5_9,0.00014727
498,2022,2,5_9,0.00013699
498,2023,2,5_9,0.00014086
642,1950,2,5_9,0.00104081
642,1951,2,5_9,0.00098808
642,1952,2,5_9,0.00092065
642,1953,2,5_9,0.00085603
642,1954,2,5_9,0.00081658
642,1955,2,5_9,0.00078751
642,1956,2,5_9,0.0007514
642,1957,2,5_9,0.00072199
642,1958,2,5_9,0.00068733
642,1959,2,5_9,0.0006467
642,1960,2,5_9,0.00059767
642,1961,2,5_9,0.00054858
642,1962,2,5_9,0.00049671
642,1963,2,5_9,0.00045684
642,1964,2,5_9,0.0004312
642,1965,2,5_9,0.00044869
642,1966,2,5_9,0.00050111
642,1967,2,5_9,0.0005132
642,1968,2,5_9,0.0006161
642,1969,2,5_9,0.00061008
642,1970,2,5_9,0.00059759
642,1971,2,5_9,0.00054609
642,1972,2,5_9,0.00052607
642,1973,2,5_9,0.00055007
642,1974,2,5_9,0.00046606
642,1975,2,5_9,0.00051195
642,1976,2,5_9,0.0004921
642,1977,2,5_9,0.00060911
642,1978,2,5_9,0.00054009
642,1979,2,5_9,0.00048631
642,1980,2,5_9,0.00052008
642,1981,2,5_9,0.00056011
642,1982,2,5_9,0.00055409
642,1983,2,5_9,0.00051004
642,1984,2,5_9,0.00054809
642,1985,2,5_9,0.00056807
642,1986,2,5_9,0.00057008
642,1987,2,5_9,0.00059814
642,1988,2,5_9,0.0005361
642,1989,2,5_9,0.00058014
642,1990,2,5_9,0.00048047
642,1991,2,5_9,0.00045356
642,1992,2,5_9,0.00036803
642,1993,2,5_9,0.00042628
642,1994,2,5_9,0.00055238
642,1995,2,5_9,0.00059818
642,1996,2,5_9,0.00064606
642,1997,2,5_9,0.00069795
642,1998,2,5_9,0.00063586
642,1999,2,5_9,0.00044998
642,2000,2,5_9,0.00035003
642,2001,2,5_9,0.00030402
642,2002,2,5_9,0.00031402
642,2003,2,5_9,0.00028603
642,2004,2,5_9,0.00024201
642,2005,2,5_9,0.00027801
642,2006,2,5_9,0.00025201
642,2007,2,5_9,0.00025401
642,2008,2,5_9,0.00025403
642,2009,2,5_9,0.00020801
642,2010,2,5_9,0.000226
642,2011,2,5_9,0.00014
642,2012,2,5_9,0.00016601
642,2013,2,5_9,0.000152
642,2014,2,5_9,0.000168
642,2015,2,5_9,0.000152
642,2016,2,5_9,0.000162
642,2017,2,5_9,0.00013601
642,2018,2,5_9,0.00014
642,2019,2,5_9,0.000118
642,2020,2,5_9,0.000124
642,2021,2,5_9,0.00013
642,2022,2,5_9,0.00013789
642,2023,2,5_9,9.595e-05
643,1950,2,5_9,0.00270876
643,1951,2,5_9,0.00270603
643,1952,2,5_9,0.00224279
643,1953,2,5_9,0.00197635
643,1954,2,5_9,0.00166951
643,1955,2,5_9,0.00148624
643,1956,2,5_9,0.00098039
643,1957,2,5_9,0.00094831
643,1958,2,5_9,0.00085246
643,1959,2,5_9,0.00079994
643,1960,2,5_9,0.00072123
643,1961,2,5_9,0.00067372
643,1962,2,5_9,0.00062236
643,1963,2,5_9,0.00059638
643,1964,2,5_9,0.00055935
643,1965,2,5_9,0.00052924
643,1966,2,5_9,0.00053362
643,1967,2,5_9,0.00051554
643,1968,2,5_9,0.00049946
643,1969,2,5_9,0.00048617
643,1970,2,5_9,0.00051363
643,1971,2,5_9,0.00049206
643,1972,2,5_9,0.00049986
643,1973,2,5_9,0.00048833
643,1974,2,5_9,0.00049374
643,1975,2,5_9,0.0004805
643,1976,2,5_9,0.00047597
643,1977,2,5_9,0.00048387
643,1978,2,5_9,0.00042833
643,1979,2,5_9,0.00045877
643,1980,2,5_9,0.00044839
643,1981,2,5_9,0.00049228
643,1982,2,5_9,0.00041256
643,1983,2,5_9,0.00040759
643,1984,2,5_9,0.00044031
643,1985,2,5_9,0.00040391
643,1986,2,5_9,0.00038448
643,1987,2,5_9,0.00036979
643,1988,2,5_9,0.00038087
643,1989,2,5_9,0.00038311
643,1990,2,5_9,0.00036145
643,1991,2,5_9,0.00039191
643,1992,2,5_9,0.00039061
643,1993,2,5_9,0.00043543
643,1994,2,5_9,0.00041446
643,1995,2,5_9,0.0004321
643,1996,2,5_9,0.00037082
643,1997,2,5_9,0.00033911
643,1998,2,5_9,0.0003568
643,1999,2,5_9,0.00036489
643,2000,2,5_9,0.00035356
643,2001,2,5_9,0.00035684
643,2002,2,5_9,0.00033855
643,2003,2,5_9,0.00032206
643,2004,2,5_9,0.00031792
643,2005,2,5_9,0.00030638
643,2006,2,5_9,0.00027661
643,2007,2,5_9,0.00026551
643,2008,2,5_9,0.00024294
643,2009,2,5_9,0.0002454
643,2010,2,5_9,0.00036667
643,2011,2,5_9,0.00022378
643,2012,2,5_9,0.00021812
643,2013,2,5_9,0.00020451
643,2014,2,5_9,0.00019917
643,2015,2,5_9,0.0001921
643,2016,2,5_9,0.00018876
643,2017,2,5_9,0.00018346
643,2018,2,5_9,0.0001618
643,2019,2,5_9,0.00014302
643,2020,2,5_9,0.00012214
643,2021,2,5_9,0.00012803
643,2022,2,5_9,0.00011403
643,2023,2,5_9,0.00011992
703,1950,2,5_9,0.00094616
703,1951,2,5_9,0.00077624
703,1952,2,5_9,0.00050999
703,1953,2,5_9,0.00056214
703,1954,2,5_9,0.0005721
703,1955,2,5_9,0.00050405
703,1956,2,5_9,0.00054202
703,1957,2,5_9,0.00055603
703,1958,2,5_9,0.00042404
703,1959,2,5_9,0.00040602
703,1960,2,5_9,0.00032405
703,1961,2,5_9,0.00041603
703,1962,2,5_9,0.00042199
703,1963,2,5_9,0.00042808
703,1964,2,5_9,0.00036402
703,1965,2,5_9,0.00041009
703,1966,2,5_9,0.00037004
703,1967,2,5_9,0.00035604
703,1968,2,5_9,0.00035607
703,1969,2,5_9,0.00046003
703,1970,2,5_9,0.00038207
703,1971,2,5_9,0.00036006
703,1972,2,5_9,0.00040606
703,1973,2,5_9,0.00035002
703,1974,2,5_9,0.00033203
703,1975,2,5_9,0.00045603
703,1976,2,5_9,0.00036605
703,1977,2,5_9,0.00033398
703,1978,2,5_9,0.00038007
703,1979,2,5_9,0.000232
703,1980,2,5_9,0.00023803
703,1981,2,5_9,0.00030802
703,1982,2,5_9,0.00026201
703,1983,2,5_9,0.00028002
703,1984,2,5_9,0.000242
703,1985,2,5_9,0.00026403
703,1986,2,5_9,0.00021603
703,1987,2,5_9,0.00024402
703,1988,2,5_9,0.00019799
703,1989,2,5_9,0.00025601
703,1990,2,5_9,0.00021201
703,1991,2,5_9,0.00026801
703,1992,2,5_9,0.000244
703,1993,2,5_9,0.00018201
703,1994,2,5_9,0.00017802
703,1995,2,5_9,0.000188
703,1996,2,5_9,0.00022803
703,1997,2,5_9,0.00022203
703,1998,2,5_9,0.000186
703,1999,2,5_9,0.00023001
703,2000,2,5_9,0.00019801
703,2001,2,5_9,0.00014
703,2002,2,5_9,0.00017399
703,2003,2,5_9,0.00010799
703,2004,2,5_9,0.000192
703,2005,2,5_9,0.00015202
703,2006,2,5_9,0.00016
703,2007,2,5_9,0.00023002
703,2008,2,5_9,0.000108
703,2009,2,5_9,0.000112
703,2010,2,5_9,0.000162
703,2011,2,5_9,0.00015602
703,2012,2,5_9,9.2e-05
703,2013,2,5_9,0.00016001
703,2014,2,5_9,8.5e-05
703,2015,2,5_9,8.4e-05
703,2016,2,5_9,0.000128
703,2017,2,5_9,0.000117
703,2018,2,5_9,0.00015401
703,2019,2,5_9,0.00011489
703,2020,2,5_9,0.000104
703,2021,2,5_9,8.4e-05
703,2022,2,5_9,0.00012428
703,2023,2,5_9,0.00010237
804,1950,2,5_9,0.00182584
804,1951,2,5_9,0.00178558
804,1952,2,5_9,0.0015987
804,1953,2,5_9,0.00132406
804,1954,2,5_9,0.00108682
804,1955,2,5_9,0.00090291
804,1956,2,5_9,0.00079254
804,1957,2,5_9,0.00072804
804,1958,2,5_9,0.00068649
804,1959,2,5_9,0.00062144
804,1960,2,5_9,0.00057474
804,1961,2,5_9,0.00053726
804,1962,2,5_9,0.0005334
804,1963,2,5_9,0.00050939
804,1964,2,5_9,0.00047271
804,1965,2,5_9,0.00045271
804,1966,2,5_9,0.00045937
804,1967,2,5_9,0.00046604
804,1968,2,5_9,0.00046071
804,1969,2,5_9,0.00047338
804,1970,2,5_9,0.00047604
804,1971,2,5_9,0.0004947
804,1972,2,5_9,0.00047537
804,1973,2,5_9,0.00047937
804,1974,2,5_9,0.00046804
804,1975,2,5_9,0.00046204
804,1976,2,5_9,0.00045737
804,1977,2,5_9,0.00044737
804,1978,2,5_9,0.00045269
804,1979,2,5_9,0.00043269
804,1980,2,5_9,0.00041469
804,1981,2,5_9,0.00041003
804,1982,2,5_9,0.00041336
804,1983,2,5_9,0.00041669
804,1984,2,5_9,0.00041202
804,1985,2,5_9,0.00039802
804,1986,2,5_9,0.00037802
804,1987,2,5_9,0.00036801
804,1988,2,5_9,0.00036735
804,1989,2,5_9,0.00035869
804,1990,2,5_9,0.00035602
804,1991,2,5_9,0.00035512
804,1992,2,5_9,0.00036336
804,1993,2,5_9,0.00035948
804,1994,2,5_9,0.0003643
804,1995,2,5_9,0.00036817
804,1996,2,5_9,0.00036404
804,1997,2,5_9,0.00034701
804,1998,2,5_9,0.00032427
804,1999,2,5_9,0.00030069
804,2000,2,5_9,0.00029764
804,2001,2,5_9,0.00029681
804,2002,2,5_9,0.00029401
804,2003,2,5_9,0.00029268
804,2004,2,5_9,0.00029202
804,2005,2,5_9,0.00028602
804,2006,2,5_9,0.00027604
804,2007,2,5_9,0.00026601
804,2008,2,5_9,0.0002492
804,2009,2,5_9,0.00022201
804,2010,2,5_9,0.00019742
804,2011,2,5_9,0.00019867
804,2012,2,5_9,0.00018534
804,2013,2,5_9,0.00017231
804,2014,2,5_9,0.00016993
804,2015,2,5_9,0.00015864
804,2016,2,5_9,0.00015317
804,2017,2,5_9,0.00015432
804,2018,2,5_9,0.0001349
804,2019,2,5_9,0.00011972
804,2020,2,5_9,0.00011831
804,2021,2,5_9,0.00011967
804,2022,2,5_9,0.00019767
804,2023,2,5_9,0.00011846
208,1950,2,5_9,0.000374
208,1951,2,5_9,0.000332
208,1952,2,5_9,0.00041204
208,1953,2,5_9,0.00036003
208,1954,2,5_9,0.00028401
208,1955,2,5_9,0.00031006
208,1956,2,5_9,0.00023001
208,1957,2,5_9,0.00030402
208,1958,2,5_9,0.00027599
208,1959,2,5_9,0.000442
208,1960,2,5_9,0.00027403
208,1961,2,5_9,0.00032201
208,1962,2,5_9,0.000304
208,1963,2,5_9,0.00027804
208,1964,2,5_9,0.00033601
208,1965,2,5_9,0.00034604
208,1966,2,5_9,0.00028801
208,1967,2,5_9,0.00039203
208,1968,2,5_9,0.00030402
208,1969,2,5_9,0.000364
208,1970,2,5_9,0.00037999
208,1971,2,5_9,0.00035598
208,1972,2,5_9,0.00029605
208,1973,2,5_9,0.00031803
208,1974,2,5_9,0.00022802
208,1975,2,5_9,0.00039601
208,1976,2,5_9,0.000242
208,1977,2,5_9,0.00022802
208,1978,2,5_9,0.00025801
208,1979,2,5_9,0.00020001
208,1980,2,5_9,0.00016201
208,1981,2,5_9,0.00026001
208,1982,2,5_9,0.00016801
208,1983,2,5_9,0.00020398
208,1984,2,5_9,0.00013
208,1985,2,5_9,0.00021202
208,1986,2,5_9,0.000176
208,1987,2,5_9,0.00013799
208,1988,2,5_9,0.000116
208,1989,2,5_9,0.00019002
208,1990,2,5_9,0.00018401
208,1991,2,5_9,0.000184
208,1992,2,5_9,0.000111
208,1993,2,5_9,0.000138
208,1994,2,5_9,0.00016999
208,1995,2,5_9,0.000136
208,1996,2,5_9,0.000122
208,1997,2,5_9,4.6e-05
208,1998,2,5_9,9.2e-05
208,1999,2,5_9,9e-05
208,2000,2,5_9,6.3e-05
208,2001,2,5_9,0.000124
208,2002,2,5_9,6e-05
208,2003,2,5_9,8.8e-05
208,2004,2,5_9,8.4e-05
208,2005,2,5_9,5.4e-05
208,2006,2,5_9,8.4e-05
208,2007,2,5_9,7.2e-05
208,2008,2,5_9,6.9e-05
208,2009,2,5_9,8.8e-05
208,2010,2,5_9,5.9e-05
208,2011,2,5_9,0.00012
208,2012,2,5_9,4.1e-05
208,2013,2,5_9,7.2e-05
208,2014,2,5_9,3.3e-05
208,2015,2,5_9,6.6e-05
208,2016,2,5_9,0.0001
208,2017,2,5_9,3.9e-05
208,2018,2,5_9,5.8e-05
208,2019,2,5_9,7.8e-05
208,2020,2,5_9,4.3e-05
208,2021,2,5_9,4.8e-05
208,2022,2,5_9,5.2e-05
208,2023,2,5_9,7.133e-05
233,1950,2,5_9,0.00076785
233,1951,2,5_9,0.00072709
233,1952,2,5_9,0.00068809
233,1953,2,5_9,0.00065423
233,1954,2,5_9,0.00062055
233,1955,2,5_9,0.00058837
233,1956,2,5_9,0.0005623
233,1957,2,5_9,0.00053673
233,1958,2,5_9,0.00060373
233,1959,2,5_9,0.00060798
233,1960,2,5_9,0.00070595
233,1961,2,5_9,0.00052803
233,1962,2,5_9,0.00052612
233,1963,2,5_9,0.00050809
233,1964,2,5_9,0.00020803
233,1965,2,5_9,0.00041207
233,1966,2,5_9,0.00042804
233,1967,2,5_9,0.00028203
233,1968,2,5_9,0.00055595
233,1969,2,5_9,0.00036201
233,1970,2,5_9,0.00045011
233,1971,2,5_9,0.00032694
233,1972,2,5_9,0.0004641
233,1973,2,5_9,0.00053004
233,1974,2,5_9,0.00041607
233,1975,2,5_9,0.00032905
233,1976,2,5_9,0.00035799
233,1977,2,5_9,0.00023002
233,1978,2,5_9,0.00022603
233,1979,2,5_9,0.00044807
233,1980,2,5_9,0.00060002
233,1981,2,5_9,0.00044608
233,1982,2,5_9,0.00044608
233,1983,2,5_9,0.00048004
233,1984,2,5_9,0.00048207
233,1985,2,5_9,0.00044404
233,1986,2,5_9,0.00033
233,1987,2,5_9,0.00027701
233,1988,2,5_9,0.00054615
233,1989,2,5_9,0.00043206
233,1990,2,5_9,0.00037603
233,1991,2,5_9,0.00025796
233,1992,2,5_9,0.0003691
233,1993,2,5_9,0.00044608
233,1994,2,5_9,0.00031096
233,1995,2,5_9,0.00029696
233,1996,2,5_9,0.00038202
233,1997,2,5_9,0.00023397
233,1998,2,5_9,0.00028602
233,1999,2,5_9,0.00030799
233,2000,2,5_9,0.0003411
233,2001,2,5_9,0.00032006
233,2002,2,5_9,0.00027202
233,2003,2,5_9,0.000134
233,2004,2,5_9,0.00014102
233,2005,2,5_9,0.00024101
233,2006,2,5_9,0.00020699
233,2007,2,5_9,0.00013801
233,2008,2,5_9,4.1e-05
233,2009,2,5_9,0.00025506
233,2010,2,5_9,0.00022006
233,2011,2,5_9,7e-05
233,2012,2,5_9,9.5e-05
233,2013,2,5_9,0.00015
233,2014,2,5_9,8.801e-05
233,2015,2,5_9,0.00011301
233,2016,2,5_9,0.00014002
233,2017,2,5_9,6e-05
233,2018,2,5_9,3.8e-05
233,2019,2,5_9,0.00017302
233,2020,2,5_9,9.099e-05
233,2021,2,5_9,3.9e-05
233,2022,2,5_9,8.67e-05
233,2023,2,5_9,0.0001496
234,1950,2,5_9,0.00195011
234,1951,2,5_9,0.00173627
234,1952,2,5_9,0.00154536
234,1953,2,5_9,0.00133974
234,1954,2,5_9,0.00112134
234,1955,2,5_9,0.00090709
234,1956,2,5_9,0.00071801
234,1957,2,5_9,0.00056962
234,1958,2,5_9,0.0004607
234,1959,2,5_9,0.00038407
234,1960,2,5_9,0.00033001
234,1961,2,5_9,0.0002922
234,1962,2,5_9,0.00026434
234,1963,2,5_9,0.00024309
234,1964,2,5_9,0.00022708
234,1965,2,5_9,0.00021498
234,1966,2,5_9,0.00020618
234,1967,2,5_9,0.00019983
234,1968,2,5_9,0.00019376
234,1969,2,5_9,0.00018993
234,1970,2,5_9,0.00018617
234,1971,2,5_9,0.00018181
234,1972,2,5_9,0.00017805
234,1973,2,5_9,0.00017491
234,1974,2,5_9,0.0001747
234,1975,2,5_9,0.00017412
234,1976,2,5_9,0.00017501
234,1977,2,5_9,0.00017355
234,1978,2,5_9,0.00017232
234,1979,2,5_9,0.00017073
234,1980,2,5_9,0.00016535
234,1981,2,5_9,0.00015782
234,1982,2,5_9,0.00015019
234,1983,2,5_9,0.00014292
234,1984,2,5_9,0.00013628
234,1985,2,5_9,0.00013042
234,1986,2,5_9,0.00012504
234,1987,2,5_9,0.00012045
234,1988,2,5_9,0.0001161
234,1989,2,5_9,0.00011221
234,1990,2,5_9,0.00010909
234,1991,2,5_9,0.00010664
234,1992,2,5_9,0.00010497
234,1993,2,5_9,0.00010374
234,1994,2,5_9,0.00010292
234,1995,2,5_9,0.00010212
234,1996,2,5_9,0.00010111
234,1997,2,5_9,9.974e-05
234,1998,2,5_9,9.811e-05
234,1999,2,5_9,9.626e-05
234,2000,2,5_9,9.46e-05
234,2001,2,5_9,9.306e-05
234,2002,2,5_9,9.178e-05
234,2003,2,5_9,9.088e-05
234,2004,2,5_9,9.028e-05
234,2005,2,5_9,8.951e-05
234,2006,2,5_9,8.86e-05
234,2007,2,5_9,8.716e-05
234,2008,2,5_9,8.537e-05
234,2009,2,5_9,8.332e-05
234,2010,2,5_9,8.127e-05
234,2011,2,5_9,7.906e-05
234,2012,2,5_9,7.704e-05
234,2013,2,5_9,7.509e-05
234,2014,2,5_9,7.336e-05
234,2015,2,5_9,7.181e-05
234,2016,2,5_9,7.017e-05
234,2017,2,5_9,6.858e-05
234,2018,2,5_9,6.709e-05
234,2019,2,5_9,6.557e-05
234,2020,2,5_9,6.406e-05
234,2021,2,5_9,6.283e-05
234,2022,2,5_9,6.177e-05
234,2023,2,5_9,5.955e-05
246,1950,2,5_9,0.00075003
246,1951,2,5_9,0.00062413
246,1952,2,5_9,0.00059207
246,1953,2,5_9,0.00059618
246,1954,2,5_9,0.00044803
246,1955,2,5_9,0.00050603
246,1956,2,5_9,0.00052601
246,1957,2,5_9,0.00052604
246,1958,2,5_9,0.00035803
246,1959,2,5_9,0.00037803
246,1960,2,5_9,0.0004141
246,1961,2,5_9,0.00041203
246,1962,2,5_9,0.00037604
246,1963,2,5_9,0.00035607
246,1964,2,5_9,0.00034005
246,1965,2,5_9,0.00050211
246,1966,2,5_9,0.00041403
246,1967,2,5_9,0.000394
246,1968,2,5_9,0.00036401
246,1969,2,5_9,0.00043803
246,1970,2,5_9,0.00035203
246,1971,2,5_9,0.00037601
246,1972,2,5_9,0.000382
246,1973,2,5_9,0.00038807
246,1974,2,5_9,0.00033403
246,1975,2,5_9,0.00029999
246,1976,2,5_9,0.00024599
246,1977,2,5_9,0.000214
246,1978,2,5_9,0.000192
246,1979,2,5_9,0.00021402
246,1980,2,5_9,0.00015
246,1981,2,5_9,0.00021999
246,1982,2,5_9,0.00017202
246,1983,2,5_9,0.00018801
246,1984,2,5_9,0.00018001
246,1985,2,5_9,0.00019
246,1986,2,5_9,0.000103
246,1987,2,5_9,0.00016
246,1988,2,5_9,0.00013399
246,1989,2,5_9,0.000104
246,1990,2,5_9,0.00018
246,1991,2,5_9,0.00016201
246,1992,2,5_9,0.000222
246,1993,2,5_9,0.000114
246,1994,2,5_9,0.00013801
246,1995,2,5_9,0.000118
246,1996,2,5_9,0.00014801
246,1997,2,5_9,0.000152
246,1998,2,5_9,9e-05
246,1999,2,5_9,0.00014801
246,2000,2,5_9,0.00010999
246,2001,2,5_9,8.6e-05
246,2002,2,5_9,0.000128
246,2003,2,5_9,8.6e-05
246,2004,2,5_9,0.000106
246,2005,2,5_9,0.00021002
246,2006,2,5_9,0.000126
246,2007,2,5_9,0.000108
246,2008,2,5_9,9.1e-05
246,2009,2,5_9,5.8e-05
246,2010,2,5_9,0.000112
246,2011,2,5_9,9e-05
246,2012,2,5_9,0.000124
246,2013,2,5_9,3.5e-05
246,2014,2,5_9,0.000108
246,2015,2,5_9,5.7e-05
246,2016,2,5_9,9.401e-05
246,2017,2,5_9,8.4e-05
246,2018,2,5_9,4.5e-05
246,2019,2,5_9,3.4e-05
246,2020,2,5_9,3.1e-05
246,2021,2,5_9,8.6e-05
246,2022,2,5_9,0.00017318
246,2023,2,5_9,0.00010449
831,1950,2,5_9,0.00033986
831,1951,2,5_9,0.000321
831,1952,2,5_9,0.00033188
831,1953,2,5_9,0.00028975
831,1954,2,5_9,0.00029474
831,1955,2,5_9,0.00036095
831,1956,2,5_9,0.00021307
831,1957,2,5_9,0.00026398
831,1958,2,5_9,0.00027902
831,1959,2,5_9,0.00023333
831,1960,2,5_9,0.00025098
831,1961,2,5_9,0.00028955
831,1962,2,5_9,0.0002576
831,1963,2,5_9,0.00020052
831,1964,2,5_9,0.00029212
831,1965,2,5_9,0.00035362
831,1966,2,5_9,0.00030109
831,1967,2,5_9,0.00028362
831,1968,2,5_9,0.00028971
831,1969,2,5_9,0.00030482
831,1970,2,5_9,0.00030732
831,1971,2,5_9,0.00027946
831,1972,2,5_9,0.00029713
831,1973,2,5_9,0.00024203
831,1974,2,5_9,0.00023796
831,1975,2,5_9,0.00024986
831,1976,2,5_9,0.00025664
831,1977,2,5_9,0.0002432
831,1978,2,5_9,0.00025262
831,1979,2,5_9,0.0002517
831,1980,2,5_9,0.00023905
831,1981,2,5_9,0.00022505
831,1982,2,5_9,0.00034622
831,1983,2,5_9,0.00021363
831,1984,2,5_9,0.00021214
831,1985,2,5_9,0.00019909
831,1986,2,5_9,0.00022631
831,1987,2,5_9,0.00020902
831,1988,2,5_9,0.00018971
831,1989,2,5_9,0.00018685
831,1990,2,5_9,0.00022548
831,1991,2,5_9,0.00018342
831,1992,2,5_9,0.00017906
831,1993,2,5_9,0.00020176
831,1994,2,5_9,0.00021443
831,1995,2,5_9,0.00017917
831,1996,2,5_9,0.00019431
831,1997,2,5_9,0.00017248
831,1998,2,5_9,0.00016231
831,1999,2,5_9,0.0001642
831,2000,2,5_9,0.00016412
831,2001,2,5_9,0.0001614
831,2002,2,5_9,0.00015979
831,2003,2,5_9,0.00016043
831,2004,2,5_9,0.000148
831,2005,2,5_9,0.00014399
831,2006,2,5_9,0.00013595
831,2007,2,5_9,0.00013438
831,2008,2,5_9,0.00013108
831,2009,2,5_9,0.00012476
831,2010,2,5_9,0.00012014
831,2011,2,5_9,0.00011548
831,2012,2,5_9,0.00012153
831,2013,2,5_9,0.00011371
831,2014,2,5_9,0.00011124
831,2015,2,5_9,0.00011554
831,2016,2,5_9,0.0001183
831,2017,2,5_9,0.00011832
831,2018,2,5_9,0.00010869
831,2019,2,5_9,0.00010451
831,2020,2,5_9,0.00010049
831,2021,2,5_9,0.00012024
831,2022,2,5_9,0.00010499
831,2023,2,5_9,0.00010237
352,1950,2,5_9,0.00042205
352,1951,2,5_9,0.0006701
352,1952,2,5_9,0.00040829
352,1953,2,5_9,0.00097246
352,1954,2,5_9,0.00034211
352,1955,2,5_9,0.00057756
352,1956,2,5_9,0.00021404
352,1957,2,5_9,0.00075202
352,1958,2,5_9,0.00010599
352,1959,2,5_9,0.00033517
352,1960,2,5_9,4.691e-05
352,1961,2,5_9,0.00021906
352,1962,2,5_9,0.0003968
352,1963,2,5_9,0.00030313
352,1964,2,5_9,0.00045411
352,1965,2,5_9,0.00012102
352,1966,2,5_9,0.0002881
352,1967,2,5_9,0.00017803
352,1968,2,5_9,0.00044205
352,1969,2,5_9,4.691e-05
352,1970,2,5_9,0.00035797
352,1971,2,5_9,0.00027008
352,1972,2,5_9,0.00021706
352,1973,2,5_9,0.00026885
352,1974,2,5_9,0.00033846
352,1975,2,5_9,0.00038399
352,1976,2,5_9,0.00015229
352,1977,2,5_9,0.00019798
352,1978,2,5_9,0.00029995
352,1979,2,5_9,0.00013102
352,1980,2,5_9,0.00019488
352,1981,2,5_9,0.00039177
352,1982,2,5_9,0.00022191
352,1983,2,5_9,0.00044583
352,1984,2,5_9,0.00031903
352,1985,2,5_9,4.691e-05
352,1986,2,5_9,0.00022504
352,1987,2,5_9,4.691e-05
352,1988,2,5_9,0.00012889
352,1989,2,5_9,0.00030705
352,1990,2,5_9,0.00013191
352,1991,2,5_9,4.691e-05
352,1992,2,5_9,0.0001329
352,1993,2,5_9,4.691e-05
352,1994,2,5_9,0.00031488
352,1995,2,5_9,0.00033209
352,1996,2,5_9,4.691e-05
352,1997,2,5_9,0.000297
352,1998,2,5_9,0.00012792
352,1999,2,5_9,0.0001249
352,2000,2,5_9,4.691e-05
352,2001,2,5_9,0.00020791
352,2002,2,5_9,0.00046781
352,2003,2,5_9,0.00012991
352,2004,2,5_9,0.00012889
352,2005,2,5_9,0.00013192
352,2006,2,5_9,0.00014002
352,2007,2,5_9,0.0001309
352,2008,2,5_9,0.00012889
352,2009,2,5_9,4.691e-05
352,2010,2,5_9,4.691e-05
352,2011,2,5_9,0.00013802
352,2012,2,5_9,4.691e-05
352,2013,2,5_9,0.00013402
352,2014,2,5_9,0.0001289
352,2015,2,5_9,4.691e-05
352,2016,2,5_9,0.0001249
352,2017,2,5_9,0.00022608
352,2018,2,5_9,4.691e-05
352,2019,2,5_9,4.691e-05
352,2020,2,5_9,0.00012391
352,2021,2,5_9,4.691e-05
352,2022,2,5_9,3.762e-05
352,2023,2,5_9,4.127e-05
372,1950,2,5_9,0.00083833
372,1951,2,5_9,0.00068614
372,1952,2,5_9,0.00066613
372,1953,2,5_9,0.0007082
372,1954,2,5_9,0.00051808
372,1955,2,5_9,0.00053211
372,1956,2,5_9,0.00049614
372,1957,2,5_9,0.00053399
372,1958,2,5_9,0.00033404
372,1959,2,5_9,0.00044408
372,1960,2,5_9,0.00047407
372,1961,2,5_9,0.00039607
372,1962,2,5_9,0.00044206
372,1963,2,5_9,0.000322
372,1964,2,5_9,0.00039605
372,1965,2,5_9,0.00037408
372,1966,2,5_9,0.00038403
372,1967,2,5_9,0.00031798
372,1968,2,5_9,0.000258
372,1969,2,5_9,0.00032199
372,1970,2,5_9,0.00033603
372,1971,2,5_9,0.00026202
372,1972,2,5_9,0.000386
372,1973,2,5_9,0.00023198
372,1974,2,5_9,0.00021601
372,1975,2,5_9,0.00027401
372,1976,2,5_9,0.00024
372,1977,2,5_9,0.00030802
372,1978,2,5_9,0.00023001
372,1979,2,5_9,0.00028601
372,1980,2,5_9,0.000228
372,1981,2,5_9,0.00024801
372,1982,2,5_9,0.00024801
372,1983,2,5_9,0.00016801
372,1984,2,5_9,0.00020801
372,1985,2,5_9,0.000156
372,1986,2,5_9,0.00017002
372,1987,2,5_9,0.00016801
372,1988,2,5_9,0.00013201
372,1989,2,5_9,0.00013601
372,1990,2,5_9,0.000138
372,1991,2,5_9,0.000154
372,1992,2,5_9,0.000117
372,1993,2,5_9,0.00012201
372,1994,2,5_9,6.5e-05
372,1995,2,5_9,8.6e-05
372,1996,2,5_9,8.2e-05
372,1997,2,5_9,9.6e-05
372,1998,2,5_9,0.00013599
372,1999,2,5_9,0.000114
372,2000,2,5_9,0.000148
372,2001,2,5_9,0.000124
372,2002,2,5_9,8.6e-05
372,2003,2,5_9,8e-05
372,2004,2,5_9,0.00011001
372,2005,2,5_9,7.9e-05
372,2006,2,5_9,6.7e-05
372,2007,2,5_9,5.8e-05
372,2008,2,5_9,6.5e-05
372,2009,2,5_9,8.601e-05
372,2010,2,5_9,8.1e-05
372,2011,2,5_9,5.6e-05
372,2012,2,5_9,6.8e-05
372,2013,2,5_9,0.00011
372,2014,2,5_9,9.4e-05
372,2015,2,5_9,3.9e-05
372,2016,2,5_9,5.5e-05
372,2017,2,5_9,8.6e-05
372,2018,2,5_9,3.3e-05
372,2019,2,5_9,4.2e-05
372,2020,2,5_9,3.6e-05
372,2021,2,5_9,3.2e-05
372,2022,2,5_9,3.971e-05
372,2023,2,5_9,3.654e-05
833,1950,2,5_9,0.00174026
833,1951,2,5_9,0.00167428
833,1952,2,5_9,0.0016068
833,1953,2,5_9,0.0014973
833,1954,2,5_9,0.00140921
833,1955,2,5_9,0.00132944
833,1956,2,5_9,0.00127924
833,1957,2,5_9,0.00125626
833,1958,2,5_9,0.00124524
833,1959,2,5_9,0.00124635
833,1960,2,5_9,0.00125509
833,1961,2,5_9,0.00125754
833,1962,2,5_9,0.00124508
833,1963,2,5_9,0.00121943
833,1964,2,5_9,0.00117234
833,1965,2,5_9,0.00111888
833,1966,2,5_9,0.00106879
833,1967,2,5_9,0.00102676
833,1968,2,5_9,0.00100155
833,1969,2,5_9,0.00098519
833,1970,2,5_9,0.00096678
833,1971,2,5_9,0.00094632
833,1972,2,5_9,0.0009253
833,1973,2,5_9,0.00089113
833,1974,2,5_9,0.00085804
833,1975,2,5_9,0.00082193
833,1976,2,5_9,0.00078671
833,1977,2,5_9,0.00075244
833,1978,2,5_9,0.0007285
833,1979,2,5_9,0.00070145
833,1980,2,5_9,0.00067408
833,1981,2,5_9,0.00064818
833,1982,2,5_9,0.00062546
833,1983,2,5_9,0.00060418
833,1984,2,5_9,0.00058579
833,1985,2,5_9,0.00057105
833,1986,2,5_9,0.00055332
833,1987,2,5_9,0.00054042
833,1988,2,5_9,0.00052672
833,1989,2,5_9,0.0005152
833,1990,2,5_9,0.00050281
833,1991,2,5_9,0.00049445
833,1992,2,5_9,0.00048901
833,1993,2,5_9,0.00048722
833,1994,2,5_9,0.00048403
833,1995,2,5_9,0.00048381
833,1996,2,5_9,0.00048181
833,1997,2,5_9,0.00047914
833,1998,2,5_9,0.0004752
833,1999,2,5_9,0.0004715
833,2000,2,5_9,0.00046279
833,2001,2,5_9,0.00045256
833,2002,2,5_9,0.0004419
833,2003,2,5_9,0.00043062
833,2004,2,5_9,0.00041681
833,2005,2,5_9,0.00040458
833,2006,2,5_9,0.00039359
833,2007,2,5_9,0.00038311
833,2008,2,5_9,0.00036854
833,2009,2,5_9,0.0003571
833,2010,2,5_9,0.00034722
833,2011,2,5_9,0.00034035
833,2012,2,5_9,0.00033506
833,2013,2,5_9,0.00033184
833,2014,2,5_9,0.00032896
833,2015,2,5_9,0.00032515
833,2016,2,5_9,0.00031825
833,2017,2,5_9,0.00031151
833,2018,2,5_9,0.00030504
833,2019,2,5_9,0.00029747
833,2020,2,5_9,0.00029215
833,2021,2,5_9,0.00028925
833,2022,2,5_9,0.0002875
833,2023,2,5_9,0.00028609
832,1950,2,5_9,0.00048009
832,1951,2,5_9,0.00046829
832,1952,2,5_9,0.00045745
832,1953,2,5_9,0.00044716
832,1954,2,5_9,0.00043715
832,1955,2,5_9,0.00042554
832,1956,2,5_9,0.00041133
832,1957,2,5_9,0.00040148
832,1958,2,5_9,0.00038929
832,1959,2,5_9,0.00037893
832,1960,2,5_9,0.00037407
832,1961,2,5_9,0.000369
832,1962,2,5_9,0.00035677
832,1963,2,5_9,0.00035064
832,1964,2,5_9,0.0003463
832,1965,2,5_9,0.00034328
832,1966,2,5_9,0.00034521
832,1967,2,5_9,0.00035236
832,1968,2,5_9,0.00035722
832,1969,2,5_9,0.00035652
832,1970,2,5_9,0.00035204
832,1971,2,5_9,0.00034065
832,1972,2,5_9,0.00032853
832,1973,2,5_9,0.00031749
832,1974,2,5_9,0.00031317
832,1975,2,5_9,0.00031228
832,1976,2,5_9,0.00031306
832,1977,2,5_9,0.00031377
832,1978,2,5_9,0.00030973
832,1979,2,5_9,0.00030044
832,1980,2,5_9,0.00028469
832,1981,2,5_9,0.00027012
832,1982,2,5_9,0.00025685
832,1983,2,5_9,0.00024892
832,1984,2,5_9,0.00024133
832,1985,2,5_9,0.00023798
832,1986,2,5_9,0.00023398
832,1987,2,5_9,0.00022954
832,1988,2,5_9,0.0002237
832,1989,2,5_9,0.00022135
832,1990,2,5_9,0.00021813
832,1991,2,5_9,0.00021539
832,1992,2,5_9,0.00021209
832,1993,2,5_9,0.00020921
832,1994,2,5_9,0.00020401
832,1995,2,5_9,0.00019929
832,1996,2,5_9,0.00019436
832,1997,2,5_9,0.00018942
832,1998,2,5_9,0.00018521
832,1999,2,5_9,0.0001819
832,2000,2,5_9,0.00017823
832,2001,2,5_9,0.00017472
832,2002,2,5_9,0.00017136
832,2003,2,5_9,0.00016627
832,2004,2,5_9,0.00016121
832,2005,2,5_9,0.00015678
832,2006,2,5_9,0.00015296
832,2007,2,5_9,0.00014921
832,2008,2,5_9,0.00014701
832,2009,2,5_9,0.0001449
832,2010,2,5_9,0.00014258
832,2011,2,5_9,0.00014026
832,2012,2,5_9,0.00013925
832,2013,2,5_9,0.00013837
832,2014,2,5_9,0.00013854
832,2015,2,5_9,0.00014032
832,2016,2,5_9,0.00014317
832,2017,2,5_9,0.00014609
832,2018,2,5_9,0.00014947
832,2019,2,5_9,0.00015279
832,2020,2,5_9,0.00015564
832,2021,2,5_9,0.00015844
832,2022,2,5_9,0.00015964
832,2023,2,5_9,0.00016095
428,1950,2,5_9,0.00092441
428,1951,2,5_9,0.00086085
428,1952,2,5_9,0.00080718
428,1953,2,5_9,0.00075442
428,1954,2,5_9,0.0007077
428,1955,2,5_9,0.00066492
428,1956,2,5_9,0.0006241
428,1957,2,5_9,0.00066752
428,1958,2,5_9,0.00062377
428,1959,2,5_9,0.00058207
428,1960,2,5_9,0.00065205
428,1961,2,5_9,0.00055603
428,1962,2,5_9,0.00059613
428,1963,2,5_9,0.00054805
428,1964,2,5_9,0.00047404
428,1965,2,5_9,0.000488
428,1966,2,5_9,0.00043808
428,1967,2,5_9,0.00046009
428,1968,2,5_9,0.00051411
428,1969,2,5_9,0.00063199
428,1970,2,5_9,0.00057011
428,1971,2,5_9,0.00036404
428,1972,2,5_9,0.00042002
428,1973,2,5_9,0.00040208
428,1974,2,5_9,0.000352
428,1975,2,5_9,0.00044799
428,1976,2,5_9,0.00040199
428,1977,2,5_9,0.000544
428,1978,2,5_9,0.00050408
428,1979,2,5_9,0.00065018
428,1980,2,5_9,0.00052792
428,1981,2,5_9,0.000336
428,1982,2,5_9,0.00053814
428,1983,2,5_9,0.00035003
428,1984,2,5_9,0.00037599
428,1985,2,5_9,0.00042003
428,1986,2,5_9,0.00040009
428,1987,2,5_9,0.00034001
428,1988,2,5_9,0.00041405
428,1989,2,5_9,0.00044213
428,1990,2,5_9,0.00040002
428,1991,2,5_9,0.00048998
428,1992,2,5_9,0.00039207
428,1993,2,5_9,0.00033605
428,1994,2,5_9,0.000376
428,1995,2,5_9,0.00040203
428,1996,2,5_9,0.00025002
428,1997,2,5_9,0.00029403
428,1998,2,5_9,0.00035201
428,1999,2,5_9,0.00026401
428,2000,2,5_9,0.00023002
428,2001,2,5_9,0.00023003
428,2002,2,5_9,0.00034004
428,2003,2,5_9,0.00021102
428,2004,2,5_9,0.00031004
428,2005,2,5_9,0.00022805
428,2006,2,5_9,0.00026198
428,2007,2,5_9,0.00020202
428,2008,2,5_9,0.00013116
428,2009,2,5_9,0.00025202
428,2010,2,5_9,0.000116
428,2011,2,5_9,0.00016801
428,2012,2,5_9,0.000109
428,2013,2,5_9,0.00011201
428,2014,2,5_9,0.00013601
428,2015,2,5_9,0.00021402
428,2016,2,5_9,0.00016601
428,2017,2,5_9,0.00012701
428,2018,2,5_9,0.00012799
428,2019,2,5_9,9.917e-05
428,2020,2,5_9,9.5e-05
428,2021,2,5_9,7.7e-05
428,2022,2,5_9,9.852e-05
428,2023,2,5_9,8.443e-05
440,1950,2,5_9,0.00079217
440,1951,2,5_9,0.00078312
440,1952,2,5_9,0.00077491
440,1953,2,5_9,0.00076249
440,1954,2,5_9,0.00074962
440,1955,2,5_9,0.00073517
440,1956,2,5_9,0.00071512
440,1957,2,5_9,0.00072902
440,1958,2,5_9,0.00066753
440,1959,2,5_9,0.0006103
440,1960,2,5_9,0.00073405
440,1961,2,5_9,0.00054614
440,1962,2,5_9,0.00062822
440,1963,2,5_9,0.0005101
440,1964,2,5_9,0.00052399
440,1965,2,5_9,0.00050206
440,1966,2,5_9,0.00037597
440,1967,2,5_9,0.00049205
440,1968,2,5_9,0.000332
440,1969,2,5_9,0.00037001
440,1970,2,5_9,0.00047615
440,1971,2,5_9,0.00050603
440,1972,2,5_9,0.00044004
440,1973,2,5_9,0.00035799
440,1974,2,5_9,0.000368
440,1975,2,5_9,0.00045801
440,1976,2,5_9,0.00035205
440,1977,2,5_9,0.00056414
440,1978,2,5_9,0.00040601
440,1979,2,5_9,0.00045005
440,1980,2,5_9,0.00032401
440,1981,2,5_9,0.00038804
440,1982,2,5_9,0.000488
440,1983,2,5_9,0.00046809
440,1984,2,5_9,0.00043602
440,1985,2,5_9,0.000278
440,1986,2,5_9,0.000382
440,1987,2,5_9,0.00029003
440,1988,2,5_9,0.00035806
440,1989,2,5_9,0.00041803
440,1990,2,5_9,0.00033999
440,1991,2,5_9,0.00037001
440,1992,2,5_9,0.00030603
440,1993,2,5_9,0.00035006
440,1994,2,5_9,0.00031805
440,1995,2,5_9,0.00030404
440,1996,2,5_9,0.00026202
440,1997,2,5_9,0.000216
440,1998,2,5_9,0.00030804
440,1999,2,5_9,0.00026002
440,2000,2,5_9,0.000178
440,2001,2,5_9,0.000126
440,2002,2,5_9,0.000188
440,2003,2,5_9,0.000156
440,2004,2,5_9,0.00022805
440,2005,2,5_9,0.00017802
440,2006,2,5_9,0.000192
440,2007,2,5_9,0.00022001
440,2008,2,5_9,0.00020603
440,2009,2,5_9,0.00011299
440,2010,2,5_9,0.000159
440,2011,2,5_9,0.00012499
440,2012,2,5_9,0.00019802
440,2013,2,5_9,0.000244
440,2014,2,5_9,0.00012501
440,2015,2,5_9,0.000148
440,2016,2,5_9,0.00013301
440,2017,2,5_9,0.000103
440,2018,2,5_9,8.9e-05
440,2019,2,5_9,0.00015398
440,2020,2,5_9,5.6e-05
440,2021,2,5_9,0.000124
440,2022,2,5_9,0.00017207
440,2023,2,5_9,0.00012776
578,1950,2,5_9,0.00054611
578,1951,2,5_9,0.00052802
578,1952,2,5_9,0.00046208
578,1953,2,5_9,0.00036003
578,1954,2,5_9,0.0005241
578,1955,2,5_9,0.00035805
578,1956,2,5_9,0.00041606
578,1957,2,5_9,0.00034602
578,1958,2,5_9,0.00031007
578,1959,2,5_9,0.000378
578,1960,2,5_9,0.00034205
578,1961,2,5_9,0.00036805
578,1962,2,5_9,0.00035206
578,1963,2,5_9,0.00029999
578,1964,2,5_9,0.00030202
578,1965,2,5_9,0.00037404
578,1966,2,5_9,0.000368
578,1967,2,5_9,0.00025803
578,1968,2,5_9,0.00024204
578,1969,2,5_9,0.00033604
578,1970,2,5_9,0.00028402
578,1971,2,5_9,0.00030401
578,1972,2,5_9,0.00034805
578,1973,2,5_9,0.00032803
578,1974,2,5_9,0.00030802
578,1975,2,5_9,0.000182
578,1976,2,5_9,0.00027602
578,1977,2,5_9,0.000244
578,1978,2,5_9,0.00029804
578,1979,2,5_9,0.00017201
578,1980,2,5_9,0.000164
578,1981,2,5_9,0.00017801
578,1982,2,5_9,0.00015801
578,1983,2,5_9,0.00019803
578,1984,2,5_9,0.00013701
578,1985,2,5_9,0.00023403
578,1986,2,5_9,0.00016801
578,1987,2,5_9,0.000158
578,1988,2,5_9,0.000136
578,1989,2,5_9,0.000112
578,1990,2,5_9,0.00017599
578,1991,2,5_9,0.00022201
578,1992,2,5_9,0.000166
578,1993,2,5_9,0.000109
578,1994,2,5_9,0.00015601
578,1995,2,5_9,0.00013
578,1996,2,5_9,7.9e-05
578,1997,2,5_9,0.00016001
578,1998,2,5_9,7.7e-05
578,1999,2,5_9,0.00013201
578,2000,2,5_9,0.00011999
578,2001,2,5_9,9.2e-05
578,2002,2,5_9,0.0001
578,2003,2,5_9,8.6e-05
578,2004,2,5_9,0.000128
578,2005,2,5_9,9.101e-05
578,2006,2,5_9,0.00013599
578,2007,2,5_9,8.2e-05
578,2008,2,5_9,9e-05
578,2009,2,5_9,9.9e-05
578,2010,2,5_9,9.4e-05
578,2011,2,5_9,5.1e-05
578,2012,2,5_9,8.2e-05
578,2013,2,5_9,6.8e-05
578,2014,2,5_9,5e-05
578,2015,2,5_9,2.4e-05
578,2016,2,5_9,3.9e-05
578,2017,2,5_9,6.8e-05
578,2018,2,5_9,5.2e-05
578,2019,2,5_9,4.913e-05
578,2020,2,5_9,6.4e-05
578,2021,2,5_9,3.513e-05
578,2022,2,5_9,5.8e-05
578,2023,2,5_9,5.034e-05
752,1950,2,5_9,0.00046007
752,1951,2,5_9,0.00042404
752,1952,2,5_9,0.00035203
752,1953,2,5_9,0.00038603
752,1954,2,5_9,0.00037802
752,1955,2,5_9,0.00045802
752,1956,2,5_9,0.00034404
752,1957,2,5_9,0.00037002
752,1958,2,5_9,0.00032201
752,1959,2,5_9,0.00033804
752,1960,2,5_9,0.00032604
752,1961,2,5_9,0.00036602
752,1962,2,5_9,0.00039405
752,1963,2,5_9,0.00029202
752,1964,2,5_9,0.00030202
752,1965,2,5_9,0.00031804
752,1966,2,5_9,0.00034402
752,1967,2,5_9,0.00025601
752,1968,2,5_9,0.00037202
752,1969,2,5_9,0.00029001
752,1970,2,5_9,0.00035404
752,1971,2,5_9,0.000212
752,1972,2,5_9,0.00028201
752,1973,2,5_9,0.00025201
752,1974,2,5_9,0.00027605
752,1975,2,5_9,0.00025401
752,1976,2,5_9,0.00023601
752,1977,2,5_9,0.00016999
752,1978,2,5_9,0.00019201
752,1979,2,5_9,0.00018401
752,1980,2,5_9,0.000162
752,1981,2,5_9,0.000136
752,1982,2,5_9,0.000152
752,1983,2,5_9,0.000122
752,1984,2,5_9,0.000124
752,1985,2,5_9,0.00010401
752,1986,2,5_9,0.00012
752,1987,2,5_9,0.000112
752,1988,2,5_9,0.000126
752,1989,2,5_9,0.00011101
752,1990,2,5_9,0.000132
752,1991,2,5_9,9.8e-05
752,1992,2,5_9,0.00012401
752,1993,2,5_9,0.00013
752,1994,2,5_9,8.4e-05
752,1995,2,5_9,9e-05
752,1996,2,5_9,9.8e-05
752,1997,2,5_9,7.4e-05
752,1998,2,5_9,8.4e-05
752,1999,2,5_9,0.00011
752,2000,2,5_9,9.6e-05
752,2001,2,5_9,9.6e-05
752,2002,2,5_9,7.8e-05
752,2003,2,5_9,6.8e-05
752,2004,2,5_9,0.00011
752,2005,2,5_9,6.8e-05
752,2006,2,5_9,5.9e-05
752,2007,2,5_9,9.2e-05
752,2008,2,5_9,4.9e-05
752,2009,2,5_9,7.8e-05
752,2010,2,5_9,7.6e-05
752,2011,2,5_9,0.0001
752,2012,2,5_9,5.4e-05
752,2013,2,5_9,6.6e-05
752,2014,2,5_9,8.8e-05
752,2015,2,5_9,7.68e-05
752,2016,2,5_9,7.4e-05
752,2017,2,5_9,6.2e-05
752,2018,2,5_9,6.2e-05
752,2019,2,5_9,4.6e-05
752,2020,2,5_9,4.6e-05
752,2021,2,5_9,4.6e-05
752,2022,2,5_9,5.4e-05
752,2023,2,5_9,4.101e-05
826,1950,2,5_9,0.00053206
826,1951,2,5_9,0.00045804
826,1952,2,5_9,0.00041206
826,1953,2,5_9,0.00041404
826,1954,2,5_9,0.00034204
826,1955,2,5_9,0.00037404
826,1956,2,5_9,0.00034003
826,1957,2,5_9,0.00035603
826,1958,2,5_9,0.00031603
826,1959,2,5_9,0.00033004
826,1960,2,5_9,0.00035602
826,1961,2,5_9,0.00032202
826,1962,2,5_9,0.00032604
826,1963,2,5_9,0.00031203
826,1964,2,5_9,0.00031402
826,1965,2,5_9,0.00030203
826,1966,2,5_9,0.00029602
826,1967,2,5_9,0.00029401
826,1968,2,5_9,0.00030801
826,1969,2,5_9,0.00025802
826,1970,2,5_9,0.00028203
826,1971,2,5_9,0.00028401
826,1972,2,5_9,0.00029001
826,1973,2,5_9,0.00026802
826,1974,2,5_9,0.00025801
826,1975,2,5_9,0.00024401
826,1976,2,5_9,0.00023801
826,1977,2,5_9,0.00020201
826,1978,2,5_9,0.000234
826,1979,2,5_9,0.00021601
826,1980,2,5_9,0.00022001
826,1981,2,5_9,0.00019601
826,1982,2,5_9,0.00017801
826,1983,2,5_9,0.00019401
826,1984,2,5_9,0.00018601
826,1985,2,5_9,0.000188
826,1986,2,5_9,0.000162
826,1987,2,5_9,0.000154
826,1988,2,5_9,0.000152
826,1989,2,5_9,0.000154
826,1990,2,5_9,0.000138
826,1991,2,5_9,0.000158
826,1992,2,5_9,0.000138
826,1993,2,5_9,0.00013
826,1994,2,5_9,0.000108
826,1995,2,5_9,0.00012
826,1996,2,5_9,0.000112
826,1997,2,5_9,0.000114
826,1998,2,5_9,0.000112
826,1999,2,5_9,0.000104
826,2000,2,5_9,9.4e-05
826,2001,2,5_9,0.000114
826,2002,2,5_9,0.0001
826,2003,2,5_9,0.0001
826,2004,2,5_9,8.6e-05
826,2005,2,5_9,8.6e-05
826,2006,2,5_9,8.8e-05
826,2007,2,5_9,8.2e-05
826,2008,2,5_9,9.4e-05
826,2009,2,5_9,8.8e-05
826,2010,2,5_9,8.4e-05
826,2011,2,5_9,6.6e-05
826,2012,2,5_9,8.2e-05
826,2013,2,5_9,7.2e-05
826,2014,2,5_9,7.6e-05
826,2015,2,5_9,7e-05
826,2016,2,5_9,6e-05
826,2017,2,5_9,7e-05
826,2018,2,5_9,7.6e-05
826,2019,2,5_9,6.4e-05
826,2020,2,5_9,4.4e-05
826,2021,2,5_9,6.469e-05
826,2022,2,5_9,7.614e-05
826,2023,2,5_9,6.074e-05
8,1950,2,5_9,0.00469722
8,1951,2,5_9,0.0045725
8,1952,2,5_9,0.00438143
8,1953,2,5_9,0.00403743
8,1954,2,5_9,0.00398882
8,1955,2,5_9,0.0038208
8,1956,2,5_9,0.00355102
8,1957,2,5_9,0.00292006
8,1958,2,5_9,0.0022388
8,1959,2,5_9,0.00174358
8,1960,2,5_9,0.00142488
8,1961,2,5_9,0.00135816
8,1962,2,5_9,0.00125122
8,1963,2,5_9,0.00117282
8,1964,2,5_9,0.00112681
8,1965,2,5_9,0.00114548
8,1966,2,5_9,0.00111695
8,1967,2,5_9,0.00108932
8,1968,2,5_9,0.00104845
8,1969,2,5_9,0.00101162
8,1970,2,5_9,0.00097334
8,1971,2,5_9,0.00093326
8,1972,2,5_9,0.00088961
8,1973,2,5_9,0.00084373
8,1974,2,5_9,0.00079542
8,1975,2,5_9,0.00074498
8,1976,2,5_9,0.00069226
8,1977,2,5_9,0.0006369
8,1978,2,5_9,0.00058785
8,1979,2,5_9,0.0005552
8,1980,2,5_9,0.00051616
8,1981,2,5_9,0.00049999
8,1982,2,5_9,0.00049816
8,1983,2,5_9,0.0004949
8,1984,2,5_9,0.00049223
8,1985,2,5_9,0.00043699
8,1986,2,5_9,0.00039613
8,1987,2,5_9,0.00041673
8,1988,2,5_9,0.00052696
8,1989,2,5_9,0.00059206
8,1990,2,5_9,0.0006135
8,1991,2,5_9,0.00059895
8,1992,2,5_9,0.00055971
8,1993,2,5_9,0.00050817
8,1994,2,5_9,0.00048089
8,1995,2,5_9,0.00045974
8,1996,2,5_9,0.00045884
8,1997,2,5_9,0.00059407
8,1998,2,5_9,0.00045479
8,1999,2,5_9,0.00044277
8,2000,2,5_9,0.00042988
8,2001,2,5_9,0.00041988
8,2002,2,5_9,0.00042283
8,2003,2,5_9,0.00043272
8,2004,2,5_9,0.00045084
8,2005,2,5_9,0.00045773
8,2006,2,5_9,0.00043954
8,2007,2,5_9,0.000407
8,2008,2,5_9,0.00037149
8,2009,2,5_9,0.00034168
8,2010,2,5_9,0.00032246
8,2011,2,5_9,0.00031821
8,2012,2,5_9,0.00032388
8,2013,2,5_9,0.00032003
8,2014,2,5_9,0.00030267
8,2015,2,5_9,0.00027995
8,2016,2,5_9,0.00025526
8,2017,2,5_9,0.00022553
8,2018,2,5_9,0.0002094
8,2019,2,5_9,0.000205
8,2020,2,5_9,8.127e-05
8,2021,2,5_9,0.00016324
8,2022,2,5_9,0.00021729
8,2023,2,5_9,0.00017254
20,1950,2,5_9,0.00063464
20,1951,2,5_9,0.0006038
20,1952,2,5_9,0.00057285
20,1953,2,5_9,0.00052682
20,1954,2,5_9,0.00048043
20,1955,2,5_9,0.00044967
20,1956,2,5_9,0.00042562
20,1957,2,5_9,0.00040368
20,1958,2,5_9,0.0003746
20,1959,2,5_9,0.00035003
20,1960,2,5_9,0.00032164
20,1961,2,5_9,0.00029887
20,1962,2,5_9,0.00027837
20,1963,2,5_9,0.00026275
20,1964,2,5_9,0.00024826
20,1965,2,5_9,0.00023995
20,1966,2,5_9,0.00023515
20,1967,2,5_9,0.00023365
20,1968,2,5_9,0.00023316
20,1969,2,5_9,0.00023346
20,1970,2,5_9,0.00023161
20,1971,2,5_9,0.00022909
20,1972,2,5_9,0.00022348
20,1973,2,5_9,0.00021752
20,1974,2,5_9,0.00021106
20,1975,2,5_9,0.00020476
20,1976,2,5_9,0.0001972
20,1977,2,5_9,0.00019017
20,1978,2,5_9,0.00018226
20,1979,2,5_9,0.00017477
20,1980,2,5_9,0.0001677
20,1981,2,5_9,0.00016213
20,1982,2,5_9,0.00015734
20,1983,2,5_9,0.00015359
20,1984,2,5_9,0.00015018
20,1985,2,5_9,0.00014742
20,1986,2,5_9,0.00014397
20,1987,2,5_9,0.0001409
20,1988,2,5_9,0.00013833
20,1989,2,5_9,0.00013642
20,1990,2,5_9,0.00013398
20,1991,2,5_9,0.00013266
20,1992,2,5_9,0.00013049
20,1993,2,5_9,0.00012719
20,1994,2,5_9,0.00012323
20,1995,2,5_9,0.00012014
20,1996,2,5_9,0.000117
20,1997,2,5_9,0.00011411
20,1998,2,5_9,0.00011199
20,1999,2,5_9,0.00010917
20,2000,2,5_9,0.00010876
20,2001,2,5_9,0.00010783
20,2002,2,5_9,0.00010832
20,2003,2,5_9,0.00010852
20,2004,2,5_9,0.00011039
20,2005,2,5_9,0.00010639
20,2006,2,5_9,0.00010215
20,2007,2,5_9,9.724e-05
20,2008,2,5_9,9.332e-05
20,2009,2,5_9,8.95e-05
20,2010,2,5_9,8.863e-05
20,2011,2,5_9,8.854e-05
20,2012,2,5_9,8.88e-05
20,2013,2,5_9,8.901e-05
20,2014,2,5_9,8.931e-05
20,2015,2,5_9,8.981e-05
20,2016,2,5_9,9.119e-05
20,2017,2,5_9,9.295e-05
20,2018,2,5_9,9.45e-05
20,2019,2,5_9,9.568e-05
20,2020,2,5_9,9.694e-05
20,2021,2,5_9,9.638e-05
20,2022,2,5_9,9.6e-05
20,2023,2,5_9,9.56e-05
70,1950,2,5_9,0.00243871
70,1951,2,5_9,0.002282
70,1952,2,5_9,0.00206423
70,1953,2,5_9,0.00221284
70,1954,2,5_9,0.00198392
70,1955,2,5_9,0.00179984
70,1956,2,5_9,0.00133258
70,1957,2,5_9,0.00123465
70,1958,2,5_9,0.0011013
70,1959,2,5_9,0.0009059
70,1960,2,5_9,0.00078557
70,1961,2,5_9,0.00071536
70,1962,2,5_9,0.00071052
70,1963,2,5_9,0.00061861
70,1964,2,5_9,0.00055631
70,1965,2,5_9,0.00052932
70,1966,2,5_9,0.00052104
70,1967,2,5_9,0.00052303
70,1968,2,5_9,0.00050608
70,1969,2,5_9,0.00051367
70,1970,2,5_9,0.0005194
70,1971,2,5_9,0.00050734
70,1972,2,5_9,0.00049557
70,1973,2,5_9,0.00047556
70,1974,2,5_9,0.00047573
70,1975,2,5_9,0.00047787
70,1976,2,5_9,0.00044757
70,1977,2,5_9,0.00038943
70,1978,2,5_9,0.00035794
70,1979,2,5_9,0.00034252
70,1980,2,5_9,0.00037357
70,1981,2,5_9,0.00037574
70,1982,2,5_9,0.00037497
70,1983,2,5_9,0.00032785
70,1984,2,5_9,0.00030136
70,1985,2,5_9,0.00025577
70,1986,2,5_9,0.00026029
70,1987,2,5_9,0.00025687
70,1988,2,5_9,0.0002567
70,1989,2,5_9,0.00022428
70,1990,2,5_9,0.00020624
70,1991,2,5_9,0.00020202
70,1992,2,5_9,0.00324023
70,1993,2,5_9,0.00336083
70,1994,2,5_9,0.00018077
70,1995,2,5_9,0.00060974
70,1996,2,5_9,0.00016377
70,1997,2,5_9,0.00014771
70,1998,2,5_9,0.00012403
70,1999,2,5_9,0.00010957
70,2000,2,5_9,0.00010566
70,2001,2,5_9,0.00014498
70,2002,2,5_9,0.00012383
70,2003,2,5_9,0.0001243
70,2004,2,5_9,0.00010407
70,2005,2,5_9,0.00012096
70,2006,2,5_9,0.00014016
70,2007,2,5_9,0.00012941
70,2008,2,5_9,0.00011253
70,2009,2,5_9,7.628e-05
70,2010,2,5_9,6.477e-05
70,2011,2,5_9,5.994e-05
70,2012,2,5_9,3.153e-05
70,2013,2,5_9,2.535e-05
70,2014,2,5_9,1.905e-05
70,2015,2,5_9,2.399e-05
70,2016,2,5_9,4.849e-05
70,2017,2,5_9,0.00011205
70,2018,2,5_9,5.618e-05
70,2019,2,5_9,1.118e-05
70,2020,2,5_9,1.685e-05
70,2021,2,5_9,1.693e-05
70,2022,2,5_9,1.747e-05
70,2023,2,5_9,7.71e-06
191,1950,2,5_9,0.00135355
191,1951,2,5_9,0.0013054
191,1952,2,5_9,0.00120175
191,1953,2,5_9,0.00106273
191,1954,2,5_9,0.00100794
191,1955,2,5_9,0.00085542
191,1956,2,5_9,0.00081061
191,1957,2,5_9,0.00073319
191,1958,2,5_9,0.0006967
191,1959,2,5_9,0.00062334
191,1960,2,5_9,0.00054719
191,1961,2,5_9,0.00044593
191,1962,2,5_9,0.00037027
191,1963,2,5_9,0.00038389
191,1964,2,5_9,0.00043232
191,1965,2,5_9,0.00044435
191,1966,2,5_9,0.00042347
191,1967,2,5_9,0.00040891
191,1968,2,5_9,0.0004398
191,1969,2,5_9,0.00043229
191,1970,2,5_9,0.00046059
191,1971,2,5_9,0.0004709
191,1972,2,5_9,0.00047172
191,1973,2,5_9,0.00040084
191,1974,2,5_9,0.00037476
191,1975,2,5_9,0.00035815
191,1976,2,5_9,0.00039905
191,1977,2,5_9,0.00036969
191,1978,2,5_9,0.00039153
191,1979,2,5_9,0.00037495
191,1980,2,5_9,0.00040467
191,1981,2,5_9,0.00035856
191,1982,2,5_9,0.00035281
191,1983,2,5_9,0.00032581
191,1984,2,5_9,0.00032061
191,1985,2,5_9,0.00030673
191,1986,2,5_9,0.00029687
191,1987,2,5_9,0.00027957
191,1988,2,5_9,0.00024157
191,1989,2,5_9,0.00024062
191,1990,2,5_9,0.00022458
191,1991,2,5_9,0.00039404
191,1992,2,5_9,0.00027391
191,1993,2,5_9,0.00024008
191,1994,2,5_9,0.00019814
191,1995,2,5_9,0.00021354
191,1996,2,5_9,0.00020429
191,1997,2,5_9,0.00016959
191,1998,2,5_9,0.0001616
191,1999,2,5_9,0.00014195
191,2000,2,5_9,0.00014503
191,2001,2,5_9,0.0001347
191,2002,2,5_9,0.00013733
191,2003,2,5_9,0.00017996
191,2004,2,5_9,0.000115
191,2005,2,5_9,0.00011229
191,2006,2,5_9,0.000125
191,2007,2,5_9,0.00012067
191,2008,2,5_9,0.00011867
191,2009,2,5_9,9.434e-05
191,2010,2,5_9,0.00010567
191,2011,2,5_9,0.00010233
191,2012,2,5_9,0.00010567
191,2013,2,5_9,9.434e-05
191,2014,2,5_9,9.739e-05
191,2015,2,5_9,9.533e-05
191,2016,2,5_9,0.00012267
191,2017,2,5_9,0.00016
191,2018,2,5_9,6.599e-05
191,2019,2,5_9,7.828e-05
191,2020,2,5_9,0.00011801
191,2021,2,5_9,9.798e-05
191,2022,2,5_9,8.852e-05
191,2023,2,5_9,6.678e-05
292,1950,2,5_9,0.00135145
292,1951,2,5_9,0.00129969
292,1952,2,5_9,0.00121757
292,1953,2,5_9,0.0011143
292,1954,2,5_9,0.00098874
292,1955,2,5_9,0.00083451
292,1956,2,5_9,0.00074051
292,1957,2,5_9,0.00071263
292,1958,2,5_9,0.00069065
292,1959,2,5_9,0.00069217
292,1960,2,5_9,0.00072945
292,1961,2,5_9,0.0007898
292,1962,2,5_9,0.00083316
292,1963,2,5_9,0.00084168
292,1964,2,5_9,0.00080542
292,1965,2,5_9,0.00073777
292,1966,2,5_9,0.00068187
292,1967,2,5_9,0.0006374
292,1968,2,5_9,0.00061309
292,1969,2,5_9,0.00060016
292,1970,2,5_9,0.00059735
292,1971,2,5_9,0.00058156
292,1972,2,5_9,0.00056299
292,1973,2,5_9,0.00054411
292,1974,2,5_9,0.00053032
292,1975,2,5_9,0.00051721
292,1976,2,5_9,0.00051079
292,1977,2,5_9,0.00050809
292,1978,2,5_9,0.0005057
292,1979,2,5_9,0.00050459
292,1980,2,5_9,0.00050146
292,1981,2,5_9,0.00049672
292,1982,2,5_9,0.00048767
292,1983,2,5_9,0.00047858
292,1984,2,5_9,0.00046485
292,1985,2,5_9,0.00045257
292,1986,2,5_9,0.00044139
292,1987,2,5_9,0.00043017
292,1988,2,5_9,0.00041929
292,1989,2,5_9,0.00041066
292,1990,2,5_9,0.00040224
292,1991,2,5_9,0.00039433
292,1992,2,5_9,0.00038912
292,1993,2,5_9,0.00038502
292,1994,2,5_9,0.00038043
292,1995,2,5_9,0.00037567
292,1996,2,5_9,0.00037156
292,1997,2,5_9,0.000364
292,1998,2,5_9,0.00035513
292,1999,2,5_9,0.00034632
292,2000,2,5_9,0.00033579
292,2001,2,5_9,0.00032474
292,2002,2,5_9,0.00031718
292,2003,2,5_9,0.00030936
292,2004,2,5_9,0.00030027
292,2005,2,5_9,0.00029102
292,2006,2,5_9,0.00028174
292,2007,2,5_9,0.00027065
292,2008,2,5_9,0.00026002
292,2009,2,5_9,0.00025009
292,2010,2,5_9,0.00024128
292,2011,2,5_9,0.00023421
292,2012,2,5_9,0.00022884
292,2013,2,5_9,0.00022549
292,2014,2,5_9,0.00022336
292,2015,2,5_9,0.00022199
292,2016,2,5_9,0.00022018
292,2017,2,5_9,0.00021762
292,2018,2,5_9,0.00021415
292,2019,2,5_9,0.00021054
292,2020,2,5_9,0.0002074
292,2021,2,5_9,0.00021779
292,2022,2,5_9,0.0002028
292,2023,2,5_9,0.00020164
300,1950,2,5_9,0.00080095
300,1951,2,5_9,0.00075817
300,1952,2,5_9,0.0007212
300,1953,2,5_9,0.00073654
300,1954,2,5_9,0.00065986
300,1955,2,5_9,0.00067854
300,1956,2,5_9,0.00066335
300,1957,2,5_9,0.00063798
300,1958,2,5_9,0.00057453
300,1959,2,5_9,0.00065952
300,1960,2,5_9,0.00048302
300,1961,2,5_9,0.00056536
300,1962,2,5_9,0.00051625
300,1963,2,5_9,0.00050319
300,1964,2,5_9,0.00052102
300,1965,2,5_9,0.00045905
300,1966,2,5_9,0.00044908
300,1967,2,5_9,0.00047198
300,1968,2,5_9,0.00043376
300,1969,2,5_9,0.00043097
300,1970,2,5_9,0.00039513
300,1971,2,5_9,0.00039046
300,1972,2,5_9,0.00039847
300,1973,2,5_9,0.00036898
300,1974,2,5_9,0.00036432
300,1975,2,5_9,0.00031735
300,1976,2,5_9,0.00033352
300,1977,2,5_9,0.00031328
300,1978,2,5_9,0.00028952
300,1979,2,5_9,0.00026583
300,1980,2,5_9,0.00026611
300,1981,2,5_9,0.0002396
300,1982,2,5_9,0.00023879
300,1983,2,5_9,0.00022665
300,1984,2,5_9,0.00019872
300,1985,2,5_9,0.00020842
300,1986,2,5_9,0.00018441
300,1987,2,5_9,0.00023505
300,1988,2,5_9,0.00016649
300,1989,2,5_9,0.00016442
300,1990,2,5_9,0.0001603
300,1991,2,5_9,0.00014482
300,1992,2,5_9,0.00015133
300,1993,2,5_9,0.00012258
300,1994,2,5_9,0.00013691
300,1995,2,5_9,0.00011901
300,1996,2,5_9,0.00011519
300,1997,2,5_9,0.00010399
300,1998,2,5_9,0.00010647
300,1999,2,5_9,0.00011402
300,2000,2,5_9,9.789e-05
300,2001,2,5_9,9.533e-05
300,2002,2,5_9,8.64e-05
300,2003,2,5_9,9.317e-05
300,2004,2,5_9,8.179e-05
300,2005,2,5_9,7.353e-05
300,2006,2,5_9,7.425e-05
300,2007,2,5_9,5.664e-05
300,2008,2,5_9,6.557e-05
300,2009,2,5_9,5.771e-05
300,2010,2,5_9,5.81e-05
300,2011,2,5_9,5.954e-05
300,2012,2,5_9,4.238e-05
300,2013,2,5_9,4.97e-05
300,2014,2,5_9,5.312e-05
300,2015,2,5_9,6.415e-05
300,2016,2,5_9,3.054e-05
300,2017,2,5_9,4.519e-05
300,2018,2,5_9,4.256e-05
300,2019,2,5_9,5.464e-05
300,2020,2,5_9,4.071e-05
300,2021,2,5_9,5.4e-05
300,2022,2,5_9,0.00013447
300,2023,2,5_9,2.845e-05
336,1950,2,5_9,0.00101775
336,1951,2,5_9,0.00109432
336,1952,2,5_9,0.00102445
336,1953,2,5_9,0.0009441
336,1954,2,5_9,0.00076836
336,1955,2,5_9,0.00072192
336,1956,2,5_9,0.00077012
336,1957,2,5_9,0.00072819
336,1958,2,5_9,0.00060723
336,1959,2,5_9,0.00055901
336,1960,2,5_9,0.00055167
336,1961,2,5_9,0.00048565
336,1962,2,5_9,0.00053444
336,1963,2,5_9,0.00051898
336,1964,2,5_9,0.00044116
336,1965,2,5_9,0.00044761
336,1966,2,5_9,0.00040483
336,1967,2,5_9,0.0004048
336,1968,2,5_9,0.00041127
336,1969,2,5_9,0.000404
336,1970,2,5_9,0.00036738
336,1971,2,5_9,0.00034934
336,1972,2,5_9,0.0003354
336,1973,2,5_9,0.00033879
336,1974,2,5_9,0.00030562
336,1975,2,5_9,0.00030455
336,1976,2,5_9,0.00029146
336,1977,2,5_9,0.00027633
336,1978,2,5_9,0.00026098
336,1979,2,5_9,0.00025195
336,1980,2,5_9,0.00024824
336,1981,2,5_9,0.0002438
336,1982,2,5_9,0.00023421
336,1983,2,5_9,0.00023707
336,1984,2,5_9,0.00022881
336,1985,2,5_9,0.00022105
336,1986,2,5_9,0.00021504
336,1987,2,5_9,0.00020582
336,1988,2,5_9,0.00020334
336,1989,2,5_9,0.0001947
336,1990,2,5_9,0.00019289
336,1991,2,5_9,0.00019139
336,1992,2,5_9,0.00018393
336,1993,2,5_9,0.00019085
336,1994,2,5_9,0.00017835
336,1995,2,5_9,0.00017477
336,1996,2,5_9,0.00016396
336,1997,2,5_9,0.0001727
336,1998,2,5_9,0.00016754
336,1999,2,5_9,0.00016313
336,2000,2,5_9,0.00015863
336,2001,2,5_9,0.00014823
336,2002,2,5_9,0.00014734
336,2003,2,5_9,0.00015043
336,2004,2,5_9,0.00014478
336,2005,2,5_9,0.0001384
336,2006,2,5_9,0.000129
336,2007,2,5_9,0.00012988
336,2008,2,5_9,0.00012873
336,2009,2,5_9,0.00013172
336,2010,2,5_9,0.00012822
336,2011,2,5_9,0.00012665
336,2012,2,5_9,0.00012262
336,2013,2,5_9,0.00011453
336,2014,2,5_9,0.00011326
336,2015,2,5_9,0.00011713
336,2016,2,5_9,0.00011202
336,2017,2,5_9,0.00011378
336,2018,2,5_9,0.00010623
336,2019,2,5_9,0.00010207
336,2020,2,5_9,0.00010817
336,2021,2,5_9,0.00010984
336,2022,2,5_9,0.0001047
336,2023,2,5_9,0.00010847
380,1950,2,5_9,0.00085421
380,1951,2,5_9,0.00082819
380,1952,2,5_9,0.00078219
380,1953,2,5_9,0.00077017
380,1954,2,5_9,0.00065613
380,1955,2,5_9,0.00066016
380,1956,2,5_9,0.0006461
380,1957,2,5_9,0.00067011
380,1958,2,5_9,0.00063813
380,1959,2,5_9,0.00058808
380,1960,2,5_9,0.00052208
380,1961,2,5_9,0.00050207
380,1962,2,5_9,0.00048406
380,1963,2,5_9,0.00051406
380,1964,2,5_9,0.00040404
380,1965,2,5_9,0.00044604
380,1966,2,5_9,0.00037204
380,1967,2,5_9,0.00038203
380,1968,2,5_9,0.00036403
380,1969,2,5_9,0.00034603
380,1970,2,5_9,0.00032403
380,1971,2,5_9,0.00033603
380,1972,2,5_9,0.00032201
380,1973,2,5_9,0.00031202
380,1974,2,5_9,0.00027401
380,1975,2,5_9,0.00026202
380,1976,2,5_9,0.00026401
380,1977,2,5_9,0.00025201
380,1978,2,5_9,0.00022201
380,1979,2,5_9,0.000218
380,1980,2,5_9,0.000278
380,1981,2,5_9,0.0002
380,1982,2,5_9,0.000202
380,1983,2,5_9,0.00019601
380,1984,2,5_9,0.000172
380,1985,2,5_9,0.00017
380,1986,2,5_9,0.00016601
380,1987,2,5_9,0.000152
380,1988,2,5_9,0.000148
380,1989,2,5_9,0.00015
380,1990,2,5_9,0.000142
380,1991,2,5_9,0.000138
380,1992,2,5_9,0.000144
380,1993,2,5_9,0.00018201
380,1994,2,5_9,0.00016601
380,1995,2,5_9,0.00016401
380,1996,2,5_9,0.00016
380,1997,2,5_9,0.00014401
380,1998,2,5_9,0.000116
380,1999,2,5_9,0.000108
380,2000,2,5_9,0.000108
380,2001,2,5_9,9e-05
380,2002,2,5_9,9.4e-05
380,2003,2,5_9,8.6e-05
380,2004,2,5_9,7.8e-05
380,2005,2,5_9,9e-05
380,2006,2,5_9,7.2e-05
380,2007,2,5_9,7.8e-05
380,2008,2,5_9,7e-05
380,2009,2,5_9,8.6e-05
380,2010,2,5_9,6.4e-05
380,2011,2,5_9,8.2e-05
380,2012,2,5_9,6.4e-05
380,2013,2,5_9,5.2e-05
380,2014,2,5_9,5.8e-05
380,2015,2,5_9,5.2e-05
380,2016,2,5_9,7e-05
380,2017,2,5_9,7.2e-05
380,2018,2,5_9,5.2e-05
380,2019,2,5_9,5.2e-05
380,2020,2,5_9,5.6e-05
380,2021,2,5_9,5.6e-05
380,2022,2,5_9,0.00012454
380,2023,2,5_9,4.692e-05
412,1950,2,5_9,0.00516816
412,1951,2,5_9,0.00505217
412,1952,2,5_9,0.00451375
412,1953,2,5_9,0.00601504
412,1954,2,5_9,0.00300969
412,1955,2,5_9,0.00401658
412,1956,2,5_9,0.00297477
412,1957,2,5_9,0.00395164
412,1958,2,5_9,0.00178266
412,1959,2,5_9,0.00178939
412,1960,2,5_9,0.00186948
412,1961,2,5_9,0.00121664
412,1962,2,5_9,0.00198131
412,1963,2,5_9,0.00150476
412,1964,2,5_9,0.00130953
412,1965,2,5_9,0.0011881
412,1966,2,5_9,0.00090958
412,1967,2,5_9,0.00107677
412,1968,2,5_9,0.00102038
412,1969,2,5_9,0.00102912
412,1970,2,5_9,0.00068178
412,1971,2,5_9,0.00069351
412,1972,2,5_9,0.00068363
412,1973,2,5_9,0.00075136
412,1974,2,5_9,0.00060516
412,1975,2,5_9,0.00094603
412,1976,2,5_9,0.000751
412,1977,2,5_9,0.00079576
412,1978,2,5_9,0.0007617
412,1979,2,5_9,0.00074934
412,1980,2,5_9,0.00068962
412,1981,2,5_9,0.0006851
412,1982,2,5_9,0.00077667
412,1983,2,5_9,0.00070133
412,1984,2,5_9,0.00057529
412,1985,2,5_9,0.00098092
412,1986,2,5_9,0.000675
412,1987,2,5_9,0.0004458
412,1988,2,5_9,0.00057139
412,1989,2,5_9,0.00048161
412,1990,2,5_9,0.00047497
412,1991,2,5_9,0.00020151
412,1992,2,5_9,0.00031927
412,1993,2,5_9,0.00026175
412,1994,2,5_9,0.00020534
412,1995,2,5_9,0.0002131
412,1996,2,5_9,0.00019177
412,1997,2,5_9,0.0001955
412,1998,2,5_9,0.00031361
412,1999,2,5_9,0.00206508
412,2000,2,5_9,0.00020563
412,2001,2,5_9,0.00020252
412,2002,2,5_9,0.00019937
412,2003,2,5_9,0.00019449
412,2004,2,5_9,0.00019096
412,2005,2,5_9,0.00016601
412,2006,2,5_9,0.00025352
412,2007,2,5_9,0.00017213
412,2008,2,5_9,0.0001456
412,2009,2,5_9,0.00014605
412,2010,2,5_9,0.00022095
412,2011,2,5_9,0.00020131
412,2012,2,5_9,0.00010623
412,2013,2,5_9,0.00013637
412,2014,2,5_9,0.00011182
412,2015,2,5_9,9.692e-05
412,2016,2,5_9,0.00011458
412,2017,2,5_9,0.00017481
412,2018,2,5_9,7.335e-05
412,2019,2,5_9,0.00015083
412,2020,2,5_9,3.68e-05
412,2021,2,5_9,0.0001586
412,2022,2,5_9,3.646e-05
412,2023,2,5_9,0.00012775
470,1950,2,5_9,0.00064297
470,1951,2,5_9,0.00061936
470,1952,2,5_9,0.00062054
470,1953,2,5_9,0.00058641
470,1954,2,5_9,0.00060968
470,1955,2,5_9,0.0005295
470,1956,2,5_9,0.00043053
470,1957,2,5_9,0.00040721
470,1958,2,5_9,0.00030616
470,1959,2,5_9,0.00031348
470,1960,2,5_9,0.00039118
470,1961,2,5_9,0.00040025
470,1962,2,5_9,0.00032914
470,1963,2,5_9,0.00035556
470,1964,2,5_9,0.00023742
470,1965,2,5_9,0.00019731
470,1966,2,5_9,0.00021552
470,1967,2,5_9,0.00022391
470,1968,2,5_9,0.00020915
470,1969,2,5_9,0.00026263
470,1970,2,5_9,0.00033747
470,1971,2,5_9,0.00034321
470,1972,2,5_9,0.00036179
470,1973,2,5_9,0.00041063
470,1974,2,5_9,0.00040378
470,1975,2,5_9,0.0002304
470,1976,2,5_9,0.00024611
470,1977,2,5_9,0.0002251
470,1978,2,5_9,0.0002172
470,1979,2,5_9,0.00016399
470,1980,2,5_9,0.00023645
470,1981,2,5_9,0.00018486
470,1982,2,5_9,0.00021037
470,1983,2,5_9,0.00022208
470,1984,2,5_9,0.00020527
470,1985,2,5_9,0.00014575
470,1986,2,5_9,0.00019021
470,1987,2,5_9,0.00014624
470,1988,2,5_9,0.00010145
470,1989,2,5_9,0.0001018
470,1990,2,5_9,8.788e-05
470,1991,2,5_9,7.399e-05
470,1992,2,5_9,7.45e-05
470,1993,2,5_9,7.439e-05
470,1994,2,5_9,8.965e-05
470,1995,2,5_9,0.00022325
470,1996,2,5_9,0.00022311
470,1997,2,5_9,0.00048682
470,1998,2,5_9,0.00019258
470,1999,2,5_9,0.00028906
470,2000,2,5_9,0.00030868
470,2001,2,5_9,0.00022111
470,2002,2,5_9,0.00019258
470,2003,2,5_9,0.00031469
470,2004,2,5_9,0.00019258
470,2005,2,5_9,0.00039792
470,2006,2,5_9,0.00019258
470,2007,2,5_9,0.00029862
470,2008,2,5_9,0.0002371
470,2009,2,5_9,0.00024871
470,2010,2,5_9,0.00019258
470,2011,2,5_9,0.00030062
470,2012,2,5_9,0.00019258
470,2013,2,5_9,0.00019258
470,2014,2,5_9,0.00019258
470,2015,2,5_9,0.0003347
470,2016,2,5_9,0.00019258
470,2017,2,5_9,0.00019258
470,2018,2,5_9,0.00027078
470,2019,2,5_9,0.00023071
470,2020,2,5_9,0.00019258
470,2021,2,5_9,0.0002766
470,2022,2,5_9,0.0002572
470,2023,2,5_9,0.00020789
499,1950,2,5_9,0.00188899
499,1951,2,5_9,0.00181912
499,1952,2,5_9,0.00175193
499,1953,2,5_9,0.00184166
499,1954,2,5_9,0.00170933
499,1955,2,5_9,0.00169048
499,1956,2,5_9,0.00142552
499,1957,2,5_9,0.00125686
499,1958,2,5_9,0.00105769
499,1959,2,5_9,0.00099789
499,1960,2,5_9,0.00093666
499,1961,2,5_9,0.00106506
499,1962,2,5_9,0.00084676
499,1963,2,5_9,0.00090654
499,1964,2,5_9,0.00083699
499,1965,2,5_9,0.00084635
499,1966,2,5_9,0.00068133
499,1967,2,5_9,0.00065426
499,1968,2,5_9,0.00050582
499,1969,2,5_9,0.00046195
499,1970,2,5_9,0.0002773
499,1971,2,5_9,0.00025317
499,1972,2,5_9,0.00030895
499,1973,2,5_9,0.00036176
499,1974,2,5_9,0.0003962
499,1975,2,5_9,0.00048289
499,1976,2,5_9,0.00047849
499,1977,2,5_9,0.00047313
499,1978,2,5_9,0.0004265
499,1979,2,5_9,0.00060352
499,1980,2,5_9,0.00039152
499,1981,2,5_9,0.00036504
499,1982,2,5_9,0.00030858
499,1983,2,5_9,0.00025889
499,1984,2,5_9,0.0002029
499,1985,2,5_9,0.00015799
499,1986,2,5_9,0.00018995
499,1987,2,5_9,0.00019762
499,1988,2,5_9,0.00022115
499,1989,2,5_9,0.00022923
499,1990,2,5_9,0.00020402
499,1991,2,5_9,0.00015264
499,1992,2,5_9,0.00016859
499,1993,2,5_9,0.00016881
499,1994,2,5_9,0.00015319
499,1995,2,5_9,0.00013962
499,1996,2,5_9,0.00016962
499,1997,2,5_9,0.00016957
499,1998,2,5_9,0.00013412
499,1999,2,5_9,0.00016053
499,2000,2,5_9,0.00016794
499,2001,2,5_9,0.00017302
499,2002,2,5_9,0.00013843
499,2003,2,5_9,0.00018212
499,2004,2,5_9,0.00019243
499,2005,2,5_9,0.00019946
499,2006,2,5_9,0.00019209
499,2007,2,5_9,0.00022735
499,2008,2,5_9,0.00023377
499,2009,2,5_9,0.00022614
499,2010,2,5_9,0.00021402
499,2011,2,5_9,0.00020642
499,2012,2,5_9,0.00018151
499,2013,2,5_9,0.0001514
499,2014,2,5_9,0.0001712
499,2015,2,5_9,0.00011842
499,2016,2,5_9,0.00029789
499,2017,2,5_9,0.00031504
499,2018,2,5_9,0.00011953
499,2019,2,5_9,0.00011842
499,2020,2,5_9,0.00014341
499,2021,2,5_9,0.00011842
499,2022,2,5_9,0.0001412
499,2023,2,5_9,0.00011786
807,1950,2,5_9,0.00334217
807,1951,2,5_9,0.0038606
807,1952,2,5_9,0.00251288
807,1953,2,5_9,0.00243051
807,1954,2,5_9,0.00153576
807,1955,2,5_9,0.00161439
807,1956,2,5_9,0.00165294
807,1957,2,5_9,0.00149898
807,1958,2,5_9,0.00118858
807,1959,2,5_9,0.00103924
807,1960,2,5_9,0.00090598
807,1961,2,5_9,0.00068699
807,1962,2,5_9,0.00112739
807,1963,2,5_9,0.00093702
807,1964,2,5_9,0.00072954
807,1965,2,5_9,0.00065444
807,1966,2,5_9,0.00052312
807,1967,2,5_9,0.00065616
807,1968,2,5_9,0.00051306
807,1969,2,5_9,0.00069811
807,1970,2,5_9,0.0005462
807,1971,2,5_9,0.0005973
807,1972,2,5_9,0.00051962
807,1973,2,5_9,0.00048844
807,1974,2,5_9,0.00040762
807,1975,2,5_9,0.00054174
807,1976,2,5_9,0.00033472
807,1977,2,5_9,0.00046839
807,1978,2,5_9,0.00050607
807,1979,2,5_9,0.00033347
807,1980,2,5_9,0.00041185
807,1981,2,5_9,0.00048487
807,1982,2,5_9,0.00049216
807,1983,2,5_9,0.0004262
807,1984,2,5_9,0.000438
807,1985,2,5_9,0.00038175
807,1986,2,5_9,0.00037802
807,1987,2,5_9,0.00035942
807,1988,2,5_9,0.00021879
807,1989,2,5_9,0.00036092
807,1990,2,5_9,0.00026502
807,1991,2,5_9,0.00028426
807,1992,2,5_9,0.00030372
807,1993,2,5_9,0.00021822
807,1994,2,5_9,0.0003301
807,1995,2,5_9,0.00020651
807,1996,2,5_9,0.00026594
807,1997,2,5_9,0.00028174
807,1998,2,5_9,0.00032516
807,1999,2,5_9,0.00016275
807,2000,2,5_9,0.00016289
807,2001,2,5_9,0.00020318
807,2002,2,5_9,0.00020522
807,2003,2,5_9,0.00012083
807,2004,2,5_9,0.0001741
807,2005,2,5_9,9.69e-05
807,2006,2,5_9,0.00015386
807,2007,2,5_9,0.00018979
807,2008,2,5_9,0.00015432
807,2009,2,5_9,0.00010505
807,2010,2,5_9,0.00012513
807,2011,2,5_9,9.375e-05
807,2012,2,5_9,3.313e-05
807,2013,2,5_9,0.0001168
807,2014,2,5_9,0.00012992
807,2015,2,5_9,0.00022048
807,2016,2,5_9,8.352e-05
807,2017,2,5_9,6.637e-05
807,2018,2,5_9,0.00012862
807,2019,2,5_9,0.00021753
807,2020,2,5_9,9.664e-05
807,2021,2,5_9,0.00010367
807,2022,2,5_9,7.081e-05
807,2023,2,5_9,0.00017419
620,1950,2,5_9,0.00179903
620,1951,2,5_9,0.00183907
620,1952,2,5_9,0.00162472
620,1953,2,5_9,0.00140288
620,1954,2,5_9,0.00147492
620,1955,2,5_9,0.00134083
620,1956,2,5_9,0.00130891
620,1957,2,5_9,0.00135881
620,1958,2,5_9,0.00112258
620,1959,2,5_9,0.00115854
620,1960,2,5_9,0.00093842
620,1961,2,5_9,0.00112462
620,1962,2,5_9,0.00102642
620,1963,2,5_9,0.00109037
620,1964,2,5_9,0.0011506
620,1965,2,5_9,0.00089627
620,1966,2,5_9,0.00083832
620,1967,2,5_9,0.00071818
620,1968,2,5_9,0.00066614
620,1969,2,5_9,0.00060209
620,1970,2,5_9,0.00071813
620,1971,2,5_9,0.00076019
620,1972,2,5_9,0.00059612
620,1973,2,5_9,0.0006461
620,1974,2,5_9,0.00061207
620,1975,2,5_9,0.00060407
620,1976,2,5_9,0.0005721
620,1977,2,5_9,0.00044601
620,1978,2,5_9,0.00046404
620,1979,2,5_9,0.00041203
620,1980,2,5_9,0.00043605
620,1981,2,5_9,0.00043202
620,1982,2,5_9,0.00041803
620,1983,2,5_9,0.00035406
620,1984,2,5_9,0.00030002
620,1985,2,5_9,0.000284
620,1986,2,5_9,0.00036804
620,1987,2,5_9,0.00034603
620,1988,2,5_9,0.00024401
620,1989,2,5_9,0.00030403
620,1990,2,5_9,0.00033001
620,1991,2,5_9,0.00031804
620,1992,2,5_9,0.00032803
620,1993,2,5_9,0.000236
620,1994,2,5_9,0.00034402
620,1995,2,5_9,0.000256
620,1996,2,5_9,0.00028003
620,1997,2,5_9,0.00021001
620,1998,2,5_9,0.00027401
620,1999,2,5_9,0.00022001
620,2000,2,5_9,0.00019201
620,2001,2,5_9,0.00019
620,2002,2,5_9,0.00017001
620,2003,2,5_9,0.00016
620,2004,2,5_9,0.000146
620,2005,2,5_9,0.00014801
620,2006,2,5_9,0.000144
620,2007,2,5_9,8.6e-05
620,2008,2,5_9,9.8e-05
620,2009,2,5_9,9.6e-05
620,2010,2,5_9,0.000106
620,2011,2,5_9,0.000114
620,2012,2,5_9,0.00012599
620,2013,2,5_9,8.8e-05
620,2014,2,5_9,6.4e-05
620,2015,2,5_9,0.000108
620,2016,2,5_9,6e-05
620,2017,2,5_9,7.8e-05
620,2018,2,5_9,8.8e-05
620,2019,2,5_9,4e-05
620,2020,2,5_9,9.4e-05
620,2021,2,5_9,0.000102
620,2022,2,5_9,0.00013011
620,2023,2,5_9,3.886e-05
674,1950,2,5_9,0.00032206
674,1951,2,5_9,0.00031291
674,1952,2,5_9,0.0003039
674,1953,2,5_9,0.00029533
674,1954,2,5_9,0.00028668
674,1955,2,5_9,0.00027691
674,1956,2,5_9,0.00026815
674,1957,2,5_9,0.00025899
674,1958,2,5_9,0.00024925
674,1959,2,5_9,0.00024053
674,1960,2,5_9,0.00023189
674,1961,2,5_9,0.00022186
674,1962,2,5_9,0.00021399
674,1963,2,5_9,0.00021
674,1964,2,5_9,0.00020529
674,1965,2,5_9,0.00020316
674,1966,2,5_9,0.00019971
674,1967,2,5_9,0.00019669
674,1968,2,5_9,0.00019178
674,1969,2,5_9,0.00018585
674,1970,2,5_9,0.00017972
674,1971,2,5_9,0.00017338
674,1972,2,5_9,0.0001656
674,1973,2,5_9,0.0001585
674,1974,2,5_9,0.00015189
674,1975,2,5_9,0.00014818
674,1976,2,5_9,0.00014514
674,1977,2,5_9,0.00014023
674,1978,2,5_9,0.00013419
674,1979,2,5_9,0.00012802
674,1980,2,5_9,0.00012192
674,1981,2,5_9,0.00011666
674,1982,2,5_9,0.00011123
674,1983,2,5_9,0.00010721
674,1984,2,5_9,0.00010476
674,1985,2,5_9,0.00010298
674,1986,2,5_9,0.00010127
674,1987,2,5_9,9.966e-05
674,1988,2,5_9,9.835e-05
674,1989,2,5_9,9.589e-05
674,1990,2,5_9,9.347e-05
674,1991,2,5_9,9.091e-05
674,1992,2,5_9,8.739e-05
674,1993,2,5_9,8.375e-05
674,1994,2,5_9,7.98e-05
674,1995,2,5_9,7.596e-05
674,1996,2,5_9,7.288e-05
674,1997,2,5_9,6.98e-05
674,1998,2,5_9,6.797e-05
674,1999,2,5_9,6.729e-05
674,2000,2,5_9,6.64e-05
674,2001,2,5_9,6.576e-05
674,2002,2,5_9,6.509e-05
674,2003,2,5_9,6.446e-05
674,2004,2,5_9,6.266e-05
674,2005,2,5_9,5.869e-05
674,2006,2,5_9,5.484e-05
674,2007,2,5_9,5.104e-05
674,2008,2,5_9,4.797e-05
674,2009,2,5_9,4.512e-05
674,2010,2,5_9,4.32e-05
674,2011,2,5_9,4.149e-05
674,2012,2,5_9,4.036e-05
674,2013,2,5_9,3.955e-05
674,2014,2,5_9,3.89e-05
674,2015,2,5_9,3.86e-05
674,2016,2,5_9,3.84e-05
674,2017,2,5_9,3.853e-05
674,2018,2,5_9,3.85e-05
674,2019,2,5_9,3.836e-05
674,2020,2,5_9,3.835e-05
674,2021,2,5_9,3.829e-05
674,2022,2,5_9,3.823e-05
674,2023,2,5_9,3.824e-05
688,1950,2,5_9,0.00188252
688,1951,2,5_9,0.00181592
688,1952,2,5_9,0.00156796
688,1953,2,5_9,0.00129585
688,1954,2,5_9,0.00119709
688,1955,2,5_9,0.00110971
688,1956,2,5_9,0.00101897
688,1957,2,5_9,0.00089668
688,1958,2,5_9,0.00077158
688,1959,2,5_9,0.00067666
688,1960,2,5_9,0.0006081
688,1961,2,5_9,0.00059682
688,1962,2,5_9,0.00056017
688,1963,2,5_9,0.00053281
688,1964,2,5_9,0.00049783
688,1965,2,5_9,0.00048313
688,1966,2,5_9,0.00048567
688,1967,2,5_9,0.00044671
688,1968,2,5_9,0.00041658
688,1969,2,5_9,0.00036819
688,1970,2,5_9,0.00035609
688,1971,2,5_9,0.00033346
688,1972,2,5_9,0.00035318
688,1973,2,5_9,0.0003814
688,1974,2,5_9,0.00038781
688,1975,2,5_9,0.00036206
688,1976,2,5_9,0.00033071
688,1977,2,5_9,0.00032337
688,1978,2,5_9,0.00032664
688,1979,2,5_9,0.00033444
688,1980,2,5_9,0.00032831
688,1981,2,5_9,0.00033011
688,1982,2,5_9,0.00029724
688,1983,2,5_9,0.00028783
688,1984,2,5_9,0.00030404
688,1985,2,5_9,0.00029
688,1986,2,5_9,0.00028968
688,1987,2,5_9,0.00027812
688,1988,2,5_9,0.00029212
688,1989,2,5_9,0.00028295
688,1990,2,5_9,0.000277
688,1991,2,5_9,0.00029127
688,1992,2,5_9,0.00027516
688,1993,2,5_9,0.00024233
688,1994,2,5_9,0.0002045
688,1995,2,5_9,0.00022332
688,1996,2,5_9,0.00023673
688,1997,2,5_9,0.0002463
688,1998,2,5_9,0.00035701
688,1999,2,5_9,0.00082629
688,2000,2,5_9,0.0001971
688,2001,2,5_9,0.00017467
688,2002,2,5_9,0.0001621
688,2003,2,5_9,0.00015333
688,2004,2,5_9,0.000146
688,2005,2,5_9,0.00014883
688,2006,2,5_9,0.00014334
688,2007,2,5_9,0.00013
688,2008,2,5_9,0.00012733
688,2009,2,5_9,0.000116
688,2010,2,5_9,0.00013169
688,2011,2,5_9,0.00011567
688,2012,2,5_9,0.00011966
688,2013,2,5_9,9.9e-05
688,2014,2,5_9,0.00011389
688,2015,2,5_9,9.633e-05
688,2016,2,5_9,9.233e-05
688,2017,2,5_9,8.4e-05
688,2018,2,5_9,0.00010821
688,2019,2,5_9,5.604e-05
688,2020,2,5_9,6.6e-05
688,2021,2,5_9,8e-05
688,2022,2,5_9,0.00010369
688,2023,2,5_9,4.809e-05
705,1950,2,5_9,0.0009455
705,1951,2,5_9,0.00090165
705,1952,2,5_9,0.00074795
705,1953,2,5_9,0.00071855
705,1954,2,5_9,0.00074048
705,1955,2,5_9,0.00080014
705,1956,2,5_9,0.00079842
705,1957,2,5_9,0.00078395
705,1958,2,5_9,0.00066365
705,1959,2,5_9,0.00058422
705,1960,2,5_9,0.00048162
705,1961,2,5_9,0.00044438
705,1962,2,5_9,0.00039822
705,1963,2,5_9,0.00033051
705,1964,2,5_9,0.00037692
705,1965,2,5_9,0.0003757
705,1966,2,5_9,0.00050472
705,1967,2,5_9,0.00049331
705,1968,2,5_9,0.00053356
705,1969,2,5_9,0.00047067
705,1970,2,5_9,0.00044162
705,1971,2,5_9,0.0003736
705,1972,2,5_9,0.00029046
705,1973,2,5_9,0.00027873
705,1974,2,5_9,0.00027023
705,1975,2,5_9,0.00028239
705,1976,2,5_9,0.00024407
705,1977,2,5_9,0.00026256
705,1978,2,5_9,0.00027225
705,1979,2,5_9,0.0002701
705,1980,2,5_9,0.00022192
705,1981,2,5_9,0.00022619
705,1982,2,5_9,0.00022033
705,1983,2,5_9,0.00022531
705,1984,2,5_9,0.00023067
705,1985,2,5_9,0.00022601
705,1986,2,5_9,0.00019468
705,1987,2,5_9,0.00021203
705,1988,2,5_9,0.00025136
705,1989,2,5_9,0.0002827
705,1990,2,5_9,0.00022867
705,1991,2,5_9,0.00018668
705,1992,2,5_9,0.00015534
705,1993,2,5_9,0.00018734
705,1994,2,5_9,0.00020734
705,1995,2,5_9,0.00018737
705,1996,2,5_9,0.00013507
705,1997,2,5_9,8.828e-05
705,1998,2,5_9,8.565e-05
705,1999,2,5_9,0.00010962
705,2000,2,5_9,0.00011426
705,2001,2,5_9,0.0001362
705,2002,2,5_9,0.00012523
705,2003,2,5_9,0.0001751
705,2004,2,5_9,0.00013301
705,2005,2,5_9,0.00011974
705,2006,2,5_9,0.00013087
705,2007,2,5_9,0.0001574
705,2008,2,5_9,0.00016086
705,2009,2,5_9,0.00016252
705,2010,2,5_9,0.00012123
705,2011,2,5_9,8.278e-05
705,2012,2,5_9,5.996e-05
705,2013,2,5_9,6.144e-05
705,2014,2,5_9,9.04e-05
705,2015,2,5_9,9.08e-05
705,2016,2,5_9,9.184e-05
705,2017,2,5_9,8.967e-05
705,2018,2,5_9,0.00010463
705,2019,2,5_9,9.902e-05
705,2020,2,5_9,9.259e-05
705,2021,2,5_9,9.408e-05
705,2022,2,5_9,1.924e-05
705,2023,2,5_9,8.941e-05
724,1950,2,5_9,0.00176105
724,1951,2,5_9,0.00160467
724,1952,2,5_9,0.00135856
724,1953,2,5_9,0.00107426
724,1954,2,5_9,0.00094024
724,1955,2,5_9,0.00094231
724,1956,2,5_9,0.00080027
724,1957,2,5_9,0.00083623
724,1958,2,5_9,0.00066411
724,1959,2,5_9,0.00065212
724,1960,2,5_9,0.00055007
724,1961,2,5_9,0.00056404
724,1962,2,5_9,0.00054208
724,1963,2,5_9,0.00052605
724,1964,2,5_9,0.00045005
724,1965,2,5_9,0.00039802
724,1966,2,5_9,0.00038404
724,1967,2,5_9,0.00036804
724,1968,2,5_9,0.00037002
724,1969,2,5_9,0.00034802
724,1970,2,5_9,0.00036403
724,1971,2,5_9,0.00036002
724,1972,2,5_9,0.00036402
724,1973,2,5_9,0.00033602
724,1974,2,5_9,0.00034201
724,1975,2,5_9,0.00032202
724,1976,2,5_9,0.00028602
724,1977,2,5_9,0.00028001
724,1978,2,5_9,0.000294
724,1979,2,5_9,0.00028001
724,1980,2,5_9,0.00028602
724,1981,2,5_9,0.00023601
724,1982,2,5_9,0.000212
724,1983,2,5_9,0.00020801
724,1984,2,5_9,0.000196
724,1985,2,5_9,0.000208
724,1986,2,5_9,0.000218
724,1987,2,5_9,0.000182
724,1988,2,5_9,0.000168
724,1989,2,5_9,0.00018601
724,1990,2,5_9,0.00018801
724,1991,2,5_9,0.000168
724,1992,2,5_9,0.00018001
724,1993,2,5_9,0.000166
724,1994,2,5_9,0.00016601
724,1995,2,5_9,0.00014
724,1996,2,5_9,0.00014801
724,1997,2,5_9,0.000146
724,1998,2,5_9,0.000116
724,1999,2,5_9,0.00011
724,2000,2,5_9,0.000118
724,2001,2,5_9,0.000102
724,2002,2,5_9,0.00013
724,2003,2,5_9,9.8e-05
724,2004,2,5_9,8.6e-05
724,2005,2,5_9,0.0001
724,2006,2,5_9,7.2e-05
724,2007,2,5_9,8.6e-05
724,2008,2,5_9,8.4e-05
724,2009,2,5_9,8.2e-05
724,2010,2,5_9,6.8e-05
724,2011,2,5_9,7e-05
724,2012,2,5_9,7.8e-05
724,2013,2,5_9,8.4e-05
724,2014,2,5_9,6.6e-05
724,2015,2,5_9,6.4e-05
724,2016,2,5_9,5.8e-05
724,2017,2,5_9,6.8e-05
724,2018,2,5_9,6.2e-05
724,2019,2,5_9,5.4e-05
724,2020,2,5_9,6.2e-05
724,2021,2,5_9,5.564e-05
724,2022,2,5_9,0.00011696
724,2023,2,5_9,5.019e-05
40,1950,2,5_9,0.00073816
40,1951,2,5_9,0.00073214
40,1952,2,5_9,0.00049811
40,1953,2,5_9,0.00053008
40,1954,2,5_9,0.0005981
40,1955,2,5_9,0.00063009
40,1956,2,5_9,0.00049208
40,1957,2,5_9,0.00054013
40,1958,2,5_9,0.00041404
40,1959,2,5_9,0.00058203
40,1960,2,5_9,0.00039206
40,1961,2,5_9,0.00044605
40,1962,2,5_9,0.00040405
40,1963,2,5_9,0.00035603
40,1964,2,5_9,0.00043601
40,1965,2,5_9,0.00040206
40,1966,2,5_9,0.00035601
40,1967,2,5_9,0.00035601
40,1968,2,5_9,0.00044404
40,1969,2,5_9,0.00037602
40,1970,2,5_9,0.00032803
40,1971,2,5_9,0.00032404
40,1972,2,5_9,0.00034803
40,1973,2,5_9,0.00031802
40,1974,2,5_9,0.000344
40,1975,2,5_9,0.00031804
40,1976,2,5_9,0.00027203
40,1977,2,5_9,0.00025601
40,1978,2,5_9,0.00019601
40,1979,2,5_9,0.00028205
40,1980,2,5_9,0.00026202
40,1981,2,5_9,0.000218
40,1982,2,5_9,0.00024403
40,1983,2,5_9,0.000246
40,1984,2,5_9,0.00017001
40,1985,2,5_9,0.000168
40,1986,2,5_9,0.00020999
40,1987,2,5_9,0.00017599
40,1988,2,5_9,0.000166
40,1989,2,5_9,0.00014201
40,1990,2,5_9,0.000136
40,1991,2,5_9,0.00014201
40,1992,2,5_9,0.000124
40,1993,2,5_9,0.00017801
40,1994,2,5_9,0.00012399
40,1995,2,5_9,9.8e-05
40,1996,2,5_9,0.00017201
40,1997,2,5_9,0.000122
40,1998,2,5_9,0.000136
40,1999,2,5_9,0.0001
40,2000,2,5_9,0.000108
40,2001,2,5_9,9e-05
40,2002,2,5_9,7e-05
40,2003,2,5_9,6.2e-05
40,2004,2,5_9,0.000126
40,2005,2,5_9,0.000112
40,2006,2,5_9,8e-05
40,2007,2,5_9,5.8e-05
40,2008,2,5_9,8.6e-05
40,2009,2,5_9,8.6e-05
40,2010,2,5_9,0.000104
40,2011,2,5_9,9.8e-05
40,2012,2,5_9,8.2e-05
40,2013,2,5_9,9.2e-05
40,2014,2,5_9,0.000102
40,2015,2,5_9,4e-05
40,2016,2,5_9,9e-05
40,2017,2,5_9,5.2e-05
40,2018,2,5_9,6.2e-05
40,2019,2,5_9,5.4e-05
40,2020,2,5_9,5e-05
40,2021,2,5_9,6.6e-05
40,2022,2,5_9,6.68e-05
40,2023,2,5_9,5.146e-05
56,1950,2,5_9,0.00053204
56,1951,2,5_9,0.00059609
56,1952,2,5_9,0.00046004
56,1953,2,5_9,0.00040399
56,1954,2,5_9,0.00050405
56,1955,2,5_9,0.00052813
56,1956,2,5_9,0.00042805
56,1957,2,5_9,0.00045609
56,1958,2,5_9,0.0004761
56,1959,2,5_9,0.00045809
56,1960,2,5_9,0.00037201
56,1961,2,5_9,0.00041004
56,1962,2,5_9,0.00046008
56,1963,2,5_9,0.00033405
56,1964,2,5_9,0.00040404
56,1965,2,5_9,0.000354
56,1966,2,5_9,0.00038603
56,1967,2,5_9,0.00037403
56,1968,2,5_9,0.00038204
56,1969,2,5_9,0.00034802
56,1970,2,5_9,0.00034002
56,1971,2,5_9,0.00033201
56,1972,2,5_9,0.000334
56,1973,2,5_9,0.000362
56,1974,2,5_9,0.00029401
56,1975,2,5_9,0.00023001
56,1976,2,5_9,0.00027003
56,1977,2,5_9,0.00031601
56,1978,2,5_9,0.00032599
56,1979,2,5_9,0.000302
56,1980,2,5_9,0.00024201
56,1981,2,5_9,0.00025403
56,1982,2,5_9,0.00024601
56,1983,2,5_9,0.000224
56,1984,2,5_9,0.000196
56,1985,2,5_9,0.000222
56,1986,2,5_9,0.00019998
56,1987,2,5_9,0.000182
56,1988,2,5_9,0.000132
56,1989,2,5_9,0.000188
56,1990,2,5_9,0.00022201
56,1991,2,5_9,0.000148
56,1992,2,5_9,0.000148
56,1993,2,5_9,0.00016
56,1994,2,5_9,0.000136
56,1995,2,5_9,0.000146
56,1996,2,5_9,9.6e-05
56,1997,2,5_9,0.000124
56,1998,2,5_9,0.000176
56,1999,2,5_9,0.00013
56,2000,2,5_9,8.6e-05
56,2001,2,5_9,0.00015
56,2002,2,5_9,0.000116
56,2003,2,5_9,8.8e-05
56,2004,2,5_9,8.8e-05
56,2005,2,5_9,0.000128
56,2006,2,5_9,9.4e-05
56,2007,2,5_9,8.4e-05
56,2008,2,5_9,8.4e-05
56,2009,2,5_9,0.000114
56,2010,2,5_9,6.2e-05
56,2011,2,5_9,0.000108
56,2012,2,5_9,0.000104
56,2013,2,5_9,8.2e-05
56,2014,2,5_9,6e-05
56,2015,2,5_9,8.4e-05
56,2016,2,5_9,7.2e-05
56,2017,2,5_9,7.4e-05
56,2018,2,5_9,7.2e-05
56,2019,2,5_9,6.6e-05
56,2020,2,5_9,5.8e-05
56,2021,2,5_9,6e-05
56,2022,2,5_9,8.106e-05
56,2023,2,5_9,6.224e-05
250,1950,2,5_9,0.00056609
250,1951,2,5_9,0.00053408
250,1952,2,5_9,0.00045206
250,1953,2,5_9,0.00044006
250,1954,2,5_9,0.00038605
250,1955,2,5_9,0.00037005
250,1956,2,5_9,0.00037203
250,1957,2,5_9,0.00038603
250,1958,2,5_9,0.00035803
250,1959,2,5_9,0.00040004
250,1960,2,5_9,0.00033404
250,1961,2,5_9,0.00032202
250,1962,2,5_9,0.00033203
250,1963,2,5_9,0.00034403
250,1964,2,5_9,0.00031203
250,1965,2,5_9,0.00031002
250,1966,2,5_9,0.00032203
250,1967,2,5_9,0.00030201
250,1968,2,5_9,0.00032403
250,1969,2,5_9,0.00033803
250,1970,2,5_9,0.00032402
250,1971,2,5_9,0.00032602
250,1972,2,5_9,0.00033603
250,1973,2,5_9,0.00032603
250,1974,2,5_9,0.00030401
250,1975,2,5_9,0.00027601
250,1976,2,5_9,0.00028602
250,1977,2,5_9,0.000278
250,1978,2,5_9,0.00027201
250,1979,2,5_9,0.00027001
250,1980,2,5_9,0.00025202
250,1981,2,5_9,0.00025801
250,1982,2,5_9,0.00024601
250,1983,2,5_9,0.00024001
250,1984,2,5_9,0.000216
250,1985,2,5_9,0.00020601
250,1986,2,5_9,0.00019801
250,1987,2,5_9,0.00020201
250,1988,2,5_9,0.00017
250,1989,2,5_9,0.00018
250,1990,2,5_9,0.000164
250,1991,2,5_9,0.00017
250,1992,2,5_9,0.000164
250,1993,2,5_9,0.000156
250,1994,2,5_9,0.000142
250,1995,2,5_9,0.000132
250,1996,2,5_9,0.00013
250,1997,2,5_9,0.000112
250,1998,2,5_9,0.000126
250,1999,2,5_9,0.000126
250,2000,2,5_9,0.00011
250,2001,2,5_9,9.4e-05
250,2002,2,5_9,0.00011
250,2003,2,5_9,0.0001
250,2004,2,5_9,8.6e-05
250,2005,2,5_9,8.6e-05
250,2006,2,5_9,8.4e-05
250,2007,2,5_9,9.2e-05
250,2008,2,5_9,8.2e-05
250,2009,2,5_9,8.2e-05
250,2010,2,5_9,7.2e-05
250,2011,2,5_9,7.2e-05
250,2012,2,5_9,7.2e-05
250,2013,2,5_9,8.4e-05
250,2014,2,5_9,7.2e-05
250,2015,2,5_9,6.8e-05
250,2016,2,5_9,6.6e-05
250,2017,2,5_9,5.6e-05
250,2018,2,5_9,6.8e-05
250,2019,2,5_9,6.6e-05
250,2020,2,5_9,5.6e-05
250,2021,2,5_9,5.2e-05
250,2022,2,5_9,7.93e-05
250,2023,2,5_9,5.93e-05
276,1950,2,5_9,0.00056168
276,1951,2,5_9,0.0005413
276,1952,2,5_9,0.00052167
276,1953,2,5_9,0.00050276
276,1954,2,5_9,0.00048453
276,1955,2,5_9,0.00046697
276,1956,2,5_9,0.00045006
276,1957,2,5_9,0.00048408
276,1958,2,5_9,0.00042205
276,1959,2,5_9,0.00043205
276,1960,2,5_9,0.00041205
276,1961,2,5_9,0.00042004
276,1962,2,5_9,0.00042004
276,1963,2,5_9,0.00039603
276,1964,2,5_9,0.00040604
276,1965,2,5_9,0.00037204
276,1966,2,5_9,0.00039203
276,1967,2,5_9,0.00038804
276,1968,2,5_9,0.00040404
276,1969,2,5_9,0.00042403
276,1970,2,5_9,0.00038403
276,1971,2,5_9,0.00039803
276,1972,2,5_9,0.00036803
276,1973,2,5_9,0.00038403
276,1974,2,5_9,0.00032203
276,1975,2,5_9,0.00034403
276,1976,2,5_9,0.00031402
276,1977,2,5_9,0.00031001
276,1978,2,5_9,0.00029802
276,1979,2,5_9,0.00028002
276,1980,2,5_9,0.00025401
276,1981,2,5_9,0.00024802
276,1982,2,5_9,0.00023202
276,1983,2,5_9,0.00022001
276,1984,2,5_9,0.00021401
276,1985,2,5_9,0.00022001
276,1986,2,5_9,0.000188
276,1987,2,5_9,0.000166
276,1988,2,5_9,0.00018601
276,1989,2,5_9,0.00017801
276,1990,2,5_9,0.00019801
276,1991,2,5_9,0.000172
276,1992,2,5_9,0.00015601
276,1993,2,5_9,0.00014
276,1994,2,5_9,0.000132
276,1995,2,5_9,0.000148
276,1996,2,5_9,0.00011
276,1997,2,5_9,0.000106
276,1998,2,5_9,9.8e-05
276,1999,2,5_9,0.000114
276,2000,2,5_9,9.8e-05
276,2001,2,5_9,9.8e-05
276,2002,2,5_9,9e-05
276,2003,2,5_9,0.000106
276,2004,2,5_9,8.6e-05
276,2005,2,5_9,0.000102
276,2006,2,5_9,7.2e-05
276,2007,2,5_9,7e-05
276,2008,2,5_9,7.8e-05
276,2009,2,5_9,8.4e-05
276,2010,2,5_9,8e-05
276,2011,2,5_9,8.6e-05
276,2012,2,5_9,7.4e-05
276,2013,2,5_9,7.8e-05
276,2014,2,5_9,5.6e-05
276,2015,2,5_9,6.2e-05
276,2016,2,5_9,7.2e-05
276,2017,2,5_9,7.2e-05
276,2018,2,5_9,6.8e-05
276,2019,2,5_9,6.8e-05
276,2020,2,5_9,5.6e-05
276,2021,2,5_9,6.2e-05
276,2022,2,5_9,8.892e-05
276,2023,2,5_9,6.228e-05
438,1950,2,5_9,0.00092638
438,1951,2,5_9,0.00083919
438,1952,2,5_9,0.000777
438,1953,2,5_9,0.00068694
438,1954,2,5_9,0.00060626
438,1955,2,5_9,0.00051818
438,1956,2,5_9,0.00046761
438,1957,2,5_9,0.00042519
438,1958,2,5_9,0.0003927
438,1959,2,5_9,0.00036367
438,1960,2,5_9,0.00035352
438,1961,2,5_9,0.00035703
438,1962,2,5_9,0.00036844
438,1963,2,5_9,0.00036744
438,1964,2,5_9,0.00035879
438,1965,2,5_9,0.00034202
438,1966,2,5_9,0.0003127
438,1967,2,5_9,0.00028814
438,1968,2,5_9,0.00026891
438,1969,2,5_9,0.00025878
438,1970,2,5_9,0.00024963
438,1971,2,5_9,0.00024594
438,1972,2,5_9,0.00024167
438,1973,2,5_9,0.00024099
438,1974,2,5_9,0.00023908
438,1975,2,5_9,0.00023831
438,1976,2,5_9,0.00024082
438,1977,2,5_9,0.00024222
438,1978,2,5_9,0.00024741
438,1979,2,5_9,0.00024674
438,1980,2,5_9,0.00024434
438,1981,2,5_9,0.00023381
438,1982,2,5_9,0.00022579
438,1983,2,5_9,0.00020764
438,1984,2,5_9,0.00019525
438,1985,2,5_9,0.00018179
438,1986,2,5_9,0.00017381
438,1987,2,5_9,0.00016597
438,1988,2,5_9,0.00016342
438,1989,2,5_9,0.00016056
438,1990,2,5_9,0.00015961
438,1991,2,5_9,0.00015991
438,1992,2,5_9,0.00016102
438,1993,2,5_9,0.00016402
438,1994,2,5_9,0.00016676
438,1995,2,5_9,0.00016866
438,1996,2,5_9,0.00016909
438,1997,2,5_9,0.0001686
438,1998,2,5_9,0.00016553
438,1999,2,5_9,0.00016319
438,2000,2,5_9,0.0001602
438,2001,2,5_9,0.00015452
438,2002,2,5_9,0.00014911
438,2003,2,5_9,0.00014367
438,2004,2,5_9,0.00013543
438,2005,2,5_9,0.00012995
438,2006,2,5_9,0.0001271
438,2007,2,5_9,0.00012409
438,2008,2,5_9,0.00012097
438,2009,2,5_9,0.00012108
438,2010,2,5_9,0.00012056
438,2011,2,5_9,0.00012004
438,2012,2,5_9,0.00012027
438,2013,2,5_9,0.00012097
438,2014,2,5_9,0.00011981
438,2015,2,5_9,0.00011697
438,2016,2,5_9,0.0001149
438,2017,2,5_9,0.00011148
438,2018,2,5_9,0.00010875
438,2019,2,5_9,0.00010711
438,2020,2,5_9,0.00010735
438,2021,2,5_9,0.00010621
438,2022,2,5_9,0.00010592
438,2023,2,5_9,0.00010575
442,1950,2,5_9,0.00068596
442,1951,2,5_9,0.00065486
442,1952,2,5_9,0.00133811
442,1953,2,5_9,0.00068325
442,1954,2,5_9,0.00104143
442,1955,2,5_9,0.00066953
442,1956,2,5_9,0.00089621
442,1957,2,5_9,0.00108784
442,1958,2,5_9,0.0008799
442,1959,2,5_9,0.00060983
442,1960,2,5_9,0.00090586
442,1961,2,5_9,0.00087965
442,1962,2,5_9,0.00093238
442,1963,2,5_9,0.00053585
442,1964,2,5_9,0.00076
442,1965,2,5_9,0.00066194
442,1966,2,5_9,0.00100565
442,1967,2,5_9,0.00084159
442,1968,2,5_9,0.00071179
442,1969,2,5_9,0.00092783
442,1970,2,5_9,0.00109597
442,1971,2,5_9,0.00081025
442,1972,2,5_9,0.00069584
442,1973,2,5_9,0.00100985
442,1974,2,5_9,0.00075588
442,1975,2,5_9,0.00075204
442,1976,2,5_9,0.00056597
442,1977,2,5_9,0.00079757
442,1978,2,5_9,0.00073982
442,1979,2,5_9,0.00095206
442,1980,2,5_9,0.00070966
442,1981,2,5_9,0.0007636
442,1982,2,5_9,0.00126038
442,1983,2,5_9,0.00071176
442,1984,2,5_9,0.00085759
442,1985,2,5_9,0.00090367
442,1986,2,5_9,0.00064966
442,1987,2,5_9,0.00079575
442,1988,2,5_9,0.00069978
442,1989,2,5_9,0.00085759
442,1990,2,5_9,0.00092583
442,1991,2,5_9,0.00088402
442,1992,2,5_9,0.00077786
442,1993,2,5_9,0.00085759
442,1994,2,5_9,0.00068767
442,1995,2,5_9,0.00085759
442,1996,2,5_9,0.00093975
442,1997,2,5_9,0.00083383
442,1998,2,5_9,0.00067968
442,1999,2,5_9,0.00080391
442,2000,2,5_9,0.00067568
442,2001,2,5_9,0.00085759
442,2002,2,5_9,0.0006738
442,2003,2,5_9,0.00092967
442,2004,2,5_9,0.0006738
442,2005,2,5_9,0.0006099
442,2006,2,5_9,0.0006738
442,2007,2,5_9,0.0006738
442,2008,2,5_9,0.00072784
442,2009,2,5_9,0.00072385
442,2010,2,5_9,0.00085759
442,2011,2,5_9,0.00077757
442,2012,2,5_9,0.00085759
442,2013,2,5_9,0.00085759
442,2014,2,5_9,0.00064181
442,2015,2,5_9,0.00085759
442,2016,2,5_9,0.00085759
442,2017,2,5_9,0.00071986
442,2018,2,5_9,0.00085759
442,2019,2,5_9,0.00085759
442,2020,2,5_9,0.00076756
442,2021,2,5_9,0.00085759
442,2022,2,5_9,0.00091564
442,2023,2,5_9,0.00077989
492,1950,2,5_9,0.00059875
492,1951,2,5_9,0.00057929
492,1952,2,5_9,0.00053843
492,1953,2,5_9,0.00049405
492,1954,2,5_9,0.00045285
492,1955,2,5_9,0.00042437
492,1956,2,5_9,0.00039953
492,1957,2,5_9,0.00039
492,1958,2,5_9,0.00037755
492,1959,2,5_9,0.00036528
492,1960,2,5_9,0.00033376
492,1961,2,5_9,0.0003182
492,1962,2,5_9,0.00030973
492,1963,2,5_9,0.00031329
492,1964,2,5_9,0.00030662
492,1965,2,5_9,0.00029988
492,1966,2,5_9,0.00028865
492,1967,2,5_9,0.00028308
492,1968,2,5_9,0.00027673
492,1969,2,5_9,0.00027611
492,1970,2,5_9,0.00027523
492,1971,2,5_9,0.00027631
492,1972,2,5_9,0.00027628
492,1973,2,5_9,0.00027687
492,1974,2,5_9,0.00027284
492,1975,2,5_9,0.0002637
492,1976,2,5_9,0.00025128
492,1977,2,5_9,0.00024255
492,1978,2,5_9,0.00023725
492,1979,2,5_9,0.00023543
492,1980,2,5_9,0.00023327
492,1981,2,5_9,0.00023104
492,1982,2,5_9,0.0002229
492,1983,2,5_9,0.00021206
492,1984,2,5_9,0.00019898
492,1985,2,5_9,0.00018364
492,1986,2,5_9,0.00016773
492,1987,2,5_9,0.00015314
492,1988,2,5_9,0.00014504
492,1989,2,5_9,0.00013896
492,1990,2,5_9,0.00013457
492,1991,2,5_9,0.00012842
492,1992,2,5_9,0.0001227
492,1993,2,5_9,0.00011784
492,1994,2,5_9,0.00011386
492,1995,2,5_9,0.00011081
492,1996,2,5_9,0.00010826
492,1997,2,5_9,0.00010603
492,1998,2,5_9,0.00010419
492,1999,2,5_9,0.00010276
492,2000,2,5_9,9.942e-05
492,2001,2,5_9,9.358e-05
492,2002,2,5_9,8.504e-05
492,2003,2,5_9,7.869e-05
492,2004,2,5_9,7.517e-05
492,2005,2,5_9,7.613e-05
492,2006,2,5_9,7.894e-05
492,2007,2,5_9,8.248e-05
492,2008,2,5_9,8.467e-05
492,2009,2,5_9,8.553e-05
492,2010,2,5_9,8.418e-05
492,2011,2,5_9,8.189e-05
492,2012,2,5_9,7.832e-05
492,2013,2,5_9,7.505e-05
492,2014,2,5_9,7.318e-05
492,2015,2,5_9,7.215e-05
492,2016,2,5_9,7.125e-05
492,2017,2,5_9,7.058e-05
492,2018,2,5_9,7.047e-05
492,2019,2,5_9,7.091e-05
492,2020,2,5_9,7.002e-05
492,2021,2,5_9,6.929e-05
492,2022,2,5_9,6.885e-05
492,2023,2,5_9,6.914e-05
528,1950,2,5_9,0.00046809
528,1951,2,5_9,0.00051407
528,1952,2,5_9,0.00049208
528,1953,2,5_9,0.0006181
528,1954,2,5_9,0.00042407
528,1955,2,5_9,0.00042803
528,1956,2,5_9,0.00044205
528,1957,2,5_9,0.00041604
528,1958,2,5_9,0.00035403
528,1959,2,5_9,0.00045206
528,1960,2,5_9,0.00040004
528,1961,2,5_9,0.00034403
528,1962,2,5_9,0.00036205
528,1963,2,5_9,0.00038604
528,1964,2,5_9,0.00039206
528,1965,2,5_9,0.00037003
528,1966,2,5_9,0.00031802
528,1967,2,5_9,0.00033202
528,1968,2,5_9,0.00037403
528,1969,2,5_9,0.00034403
528,1970,2,5_9,0.00031003
528,1971,2,5_9,0.00029604
528,1972,2,5_9,0.00029601
528,1973,2,5_9,0.000296
528,1974,2,5_9,0.00031402
528,1975,2,5_9,0.00028802
528,1976,2,5_9,0.00030201
528,1977,2,5_9,0.00027201
528,1978,2,5_9,0.00024002
528,1979,2,5_9,0.000242
528,1980,2,5_9,0.000222
528,1981,2,5_9,0.0002
528,1982,2,5_9,0.00020801
528,1983,2,5_9,0.000188
528,1984,2,5_9,0.00017801
528,1985,2,5_9,0.000136
528,1986,2,5_9,0.000152
528,1987,2,5_9,0.00014401
528,1988,2,5_9,0.000166
528,1989,2,5_9,0.00013
528,1990,2,5_9,0.000138
528,1991,2,5_9,0.00016001
528,1992,2,5_9,0.00014001
528,1993,2,5_9,0.000154
528,1994,2,5_9,0.00012
528,1995,2,5_9,0.00011001
528,1996,2,5_9,0.000118
528,1997,2,5_9,0.0001
528,1998,2,5_9,0.0001
528,1999,2,5_9,0.00011
528,2000,2,5_9,0.000104
528,2001,2,5_9,8.2e-05
528,2002,2,5_9,9.8e-05
528,2003,2,5_9,0.00011
528,2004,2,5_9,8.4e-05
528,2005,2,5_9,6.2e-05
528,2006,2,5_9,9.4e-05
528,2007,2,5_9,8.8e-05
528,2008,2,5_9,7.2e-05
528,2009,2,5_9,8.4e-05
528,2010,2,5_9,8e-05
528,2011,2,5_9,5.2e-05
528,2012,2,5_9,7.8e-05
528,2013,2,5_9,5.8e-05
528,2014,2,5_9,7e-05
528,2015,2,5_9,6.6e-05
528,2016,2,5_9,7e-05
528,2017,2,5_9,7.4e-05
528,2018,2,5_9,7.4e-05
528,2019,2,5_9,5.4e-05
528,2020,2,5_9,5.4e-05
528,2021,2,5_9,7.8e-05
528,2022,2,5_9,6.867e-05
528,2023,2,5_9,6.401e-05
756,1950,2,5_9,0.00054205
756,1951,2,5_9,0.0006241
756,1952,2,5_9,0.00051411
756,1953,2,5_9,0.00056412
756,1954,2,5_9,0.00048605
756,1955,2,5_9,0.00040603
756,1956,2,5_9,0.00044005
756,1957,2,5_9,0.00042802
756,1958,2,5_9,0.00035802
756,1959,2,5_9,0.00045002
756,1960,2,5_9,0.00033603
756,1961,2,5_9,0.00041609
756,1962,2,5_9,0.0004241
756,1963,2,5_9,0.00045609
756,1964,2,5_9,0.00033402
756,1965,2,5_9,0.00034006
756,1966,2,5_9,0.00040205
756,1967,2,5_9,0.00039007
756,1968,2,5_9,0.00040606
756,1969,2,5_9,0.00034003
756,1970,2,5_9,0.00040803
756,1971,2,5_9,0.00041802
756,1972,2,5_9,0.00038602
756,1973,2,5_9,0.00031203
756,1974,2,5_9,0.00031603
756,1975,2,5_9,0.00031803
756,1976,2,5_9,0.000246
756,1977,2,5_9,0.00033001
756,1978,2,5_9,0.00027003
756,1979,2,5_9,0.00025604
756,1980,2,5_9,0.00020801
756,1981,2,5_9,0.00024003
756,1982,2,5_9,0.000216
756,1983,2,5_9,0.00024002
756,1984,2,5_9,0.00016601
756,1985,2,5_9,0.000214
756,1986,2,5_9,0.000134
756,1987,2,5_9,0.00017397
756,1988,2,5_9,0.00015201
756,1989,2,5_9,0.000142
756,1990,2,5_9,0.00015999
756,1991,2,5_9,0.00016401
756,1992,2,5_9,0.00014799
756,1993,2,5_9,0.00016201
756,1994,2,5_9,9.4e-05
756,1995,2,5_9,0.000134
756,1996,2,5_9,0.000112
756,1997,2,5_9,0.00012
756,1998,2,5_9,8.6e-05
756,1999,2,5_9,9.8e-05
756,2000,2,5_9,8e-05
756,2001,2,5_9,8.4e-05
756,2002,2,5_9,0.000108
756,2003,2,5_9,7.6e-05
756,2004,2,5_9,0.000122
756,2005,2,5_9,8.2e-05
756,2006,2,5_9,9.4e-05
756,2007,2,5_9,8.2e-05
756,2008,2,5_9,6.7e-05
756,2009,2,5_9,9.4e-05
756,2010,2,5_9,6.9e-05
756,2011,2,5_9,8.6e-05
756,2012,2,5_9,9e-05
756,2013,2,5_9,6.2e-05
756,2014,2,5_9,4.4e-05
756,2015,2,5_9,7.6e-05
756,2016,2,5_9,5.7e-05
756,2017,2,5_9,5.4e-05
756,2018,2,5_9,6.4e-05
756,2019,2,5_9,7.4e-05
756,2020,2,5_9,6.8e-05
756,2021,2,5_9,8.4e-05
756,2022,2,5_9,7.991e-05
756,2023,2,5_9,6.693e-05
660,1950,2,5_9,0.00241262
660,1951,2,5_9,0.00231456
660,1952,2,5_9,0.00222857
660,1953,2,5_9,0.00213364
660,1954,2,5_9,0.00203881
660,1955,2,5_9,0.00193663
660,1956,2,5_9,0.00184108
660,1957,2,5_9,0.00174712
660,1958,2,5_9,0.00166209
660,1959,2,5_9,0.00157112
660,1960,2,5_9,0.00254625
660,1961,2,5_9,0.00141173
660,1962,2,5_9,0.00133561
660,1963,2,5_9,0.00126205
660,1964,2,5_9,0.0011908
660,1965,2,5_9,0.00112091
660,1966,2,5_9,0.00105688
660,1967,2,5_9,0.00101005
660,1968,2,5_9,0.00096446
660,1969,2,5_9,0.00092056
660,1970,2,5_9,0.00087765
660,1971,2,5_9,0.00083516
660,1972,2,5_9,0.00079518
660,1973,2,5_9,0.00075708
660,1974,2,5_9,0.00072116
660,1975,2,5_9,0.0006872
660,1976,2,5_9,0.00065423
660,1977,2,5_9,0.000625
660,1978,2,5_9,0.00059892
660,1979,2,5_9,0.00057313
660,1980,2,5_9,0.00055029
660,1981,2,5_9,0.0005289
660,1982,2,5_9,0.00051115
660,1983,2,5_9,0.00049142
660,1984,2,5_9,0.00047564
660,1985,2,5_9,0.00046064
660,1986,2,5_9,0.00044397
660,1987,2,5_9,0.00042516
660,1988,2,5_9,0.00040347
660,1989,2,5_9,0.00037907
660,1990,2,5_9,0.00035681
660,1991,2,5_9,0.00033044
660,1992,2,5_9,0.0003068
660,1993,2,5_9,0.00028513
660,1994,2,5_9,0.00026595
660,1995,2,5_9,0.00024955
660,1996,2,5_9,0.00023482
660,1997,2,5_9,0.00022145
660,1998,2,5_9,0.00020918
660,1999,2,5_9,0.00019792
660,2000,2,5_9,0.00018732
660,2001,2,5_9,0.00017692
660,2002,2,5_9,0.00016661
660,2003,2,5_9,0.00015683
660,2004,2,5_9,0.00014737
660,2005,2,5_9,0.00013868
660,2006,2,5_9,0.00012995
660,2007,2,5_9,0.0001229
660,2008,2,5_9,0.00011725
660,2009,2,5_9,0.00011192
660,2010,2,5_9,0.00010694
660,2011,2,5_9,0.00010375
660,2012,2,5_9,0.00010067
660,2013,2,5_9,9.831e-05
660,2014,2,5_9,9.637e-05
660,2015,2,5_9,9.473e-05
660,2016,2,5_9,9.326e-05
660,2017,2,5_9,0.00050973
660,2018,2,5_9,9.001e-05
660,2019,2,5_9,8.788e-05
660,2020,2,5_9,8.595e-05
660,2021,2,5_9,8.426e-05
660,2022,2,5_9,8.224e-05
660,2023,2,5_9,8.03e-05
28,1950,2,5_9,0.0022701
28,1951,2,5_9,0.00212681
28,1952,2,5_9,0.00204029
28,1953,2,5_9,0.00195305
28,1954,2,5_9,0.00187439
28,1955,2,5_9,0.00179062
28,1956,2,5_9,0.00171085
28,1957,2,5_9,0.00162623
28,1958,2,5_9,0.00154079
28,1959,2,5_9,0.00145123
28,1960,2,5_9,0.00140862
28,1961,2,5_9,0.0012616
28,1962,2,5_9,0.00116269
28,1963,2,5_9,0.00106127
28,1964,2,5_9,0.00096312
28,1965,2,5_9,0.00087049
28,1966,2,5_9,0.00078611
28,1967,2,5_9,0.00071038
28,1968,2,5_9,0.00064381
28,1969,2,5_9,0.000588
28,1970,2,5_9,0.00053978
28,1971,2,5_9,0.00049853
28,1972,2,5_9,0.00046288
28,1973,2,5_9,0.00043253
28,1974,2,5_9,0.00040552
28,1975,2,5_9,0.00038229
28,1976,2,5_9,0.00036082
28,1977,2,5_9,0.0003402
28,1978,2,5_9,0.00032055
28,1979,2,5_9,0.00030294
28,1980,2,5_9,0.00028887
28,1981,2,5_9,0.0002775
28,1982,2,5_9,0.00026849
28,1983,2,5_9,0.00026156
28,1984,2,5_9,0.00025645
28,1985,2,5_9,0.00025345
28,1986,2,5_9,0.00025245
28,1987,2,5_9,0.00025331
28,1988,2,5_9,0.00025604
28,1989,2,5_9,0.00030628
28,1990,2,5_9,0.00026525
28,1991,2,5_9,0.0002708
28,1992,2,5_9,0.00027592
28,1993,2,5_9,0.00027666
28,1994,2,5_9,0.0002724
28,1995,2,5_9,0.00030758
28,1996,2,5_9,0.00025501
28,1997,2,5_9,0.0002461
28,1998,2,5_9,0.00027955
28,1999,2,5_9,0.00027129
28,2000,2,5_9,0.00021407
28,2001,2,5_9,0.00019962
28,2002,2,5_9,0.00018799
28,2003,2,5_9,0.0002271
28,2004,2,5_9,0.00026704
28,2005,2,5_9,0.0002897
28,2006,2,5_9,0.0002592
28,2007,2,5_9,0.00022023
28,2008,2,5_9,0.00019152
28,2009,2,5_9,0.00017024
28,2010,2,5_9,0.0001502
28,2011,2,5_9,0.0001441
28,2012,2,5_9,0.00014473
28,2013,2,5_9,0.0001508
28,2014,2,5_9,0.00015071
28,2015,2,5_9,0.00012943
28,2016,2,5_9,0.00013071
28,2017,2,5_9,0.00017078
28,2018,2,5_9,0.00020208
28,2019,2,5_9,0.00022649
28,2020,2,5_9,0.00023487
28,2021,2,5_9,0.00021996
28,2022,2,5_9,0.00021518
28,2023,2,5_9,0.00021393
533,1950,2,5_9,0.00168318
533,1951,2,5_9,0.00157881
533,1952,2,5_9,0.00147487
533,1953,2,5_9,0.00138736
533,1954,2,5_9,0.00128605
533,1955,2,5_9,0.00119107
533,1956,2,5_9,0.00110798
533,1957,2,5_9,0.00103331
533,1958,2,5_9,0.00095658
533,1959,2,5_9,0.00089549
533,1960,2,5_9,0.00083652
533,1961,2,5_9,0.00100172
533,1962,2,5_9,0.00092783
533,1963,2,5_9,0.00089059
533,1964,2,5_9,0.00082315
533,1965,2,5_9,0.00082205
533,1966,2,5_9,0.00078211
533,1967,2,5_9,0.00074046
533,1968,2,5_9,0.00070236
533,1969,2,5_9,0.00065909
533,1970,2,5_9,0.00063166
533,1971,2,5_9,0.00058821
533,1972,2,5_9,0.00054444
533,1973,2,5_9,0.00050518
533,1974,2,5_9,0.00047572
533,1975,2,5_9,0.00044457
533,1976,2,5_9,0.0004251
533,1977,2,5_9,0.00041623
533,1978,2,5_9,0.00040542
533,1979,2,5_9,0.00040019
533,1980,2,5_9,0.00039353
533,1981,2,5_9,0.0003855
533,1982,2,5_9,0.00037707
533,1983,2,5_9,0.00036917
533,1984,2,5_9,0.00034138
533,1985,2,5_9,0.00032913
533,1986,2,5_9,0.00032103
533,1987,2,5_9,0.00031678
533,1988,2,5_9,0.00031662
533,1989,2,5_9,0.00032869
533,1990,2,5_9,0.00033398
533,1991,2,5_9,0.00035167
533,1992,2,5_9,0.00036438
533,1993,2,5_9,0.00037103
533,1994,2,5_9,0.00037199
533,1995,2,5_9,0.0003647
533,1996,2,5_9,0.00036295
533,1997,2,5_9,0.00035508
533,1998,2,5_9,0.0003435
533,1999,2,5_9,0.00032169
533,2000,2,5_9,0.00031402
533,2001,2,5_9,0.00025845
533,2002,2,5_9,0.00030221
533,2003,2,5_9,0.00028896
533,2004,2,5_9,0.00029052
533,2005,2,5_9,0.00028545
533,2006,2,5_9,0.00029245
533,2007,2,5_9,0.00028929
533,2008,2,5_9,0.00026639
533,2009,2,5_9,0.00026013
533,2010,2,5_9,0.00024925
533,2011,2,5_9,0.00024121
533,2012,2,5_9,0.0002336
533,2013,2,5_9,0.00021783
533,2014,2,5_9,0.00024469
533,2015,2,5_9,0.00024343
533,2016,2,5_9,0.00024769
533,2017,2,5_9,0.00024073
533,2018,2,5_9,0.00023655
533,2019,2,5_9,0.00023318
533,2020,2,5_9,0.00022704
533,2021,2,5_9,0.00021764
533,2022,2,5_9,0.00021892
533,2023,2,5_9,0.00022948
44,1950,2,5_9,0.00116794
44,1951,2,5_9,0.00113544
44,1952,2,5_9,0.00106792
44,1953,2,5_9,0.0010387
44,1954,2,5_9,0.00100976
44,1955,2,5_9,0.0009822
44,1956,2,5_9,0.00095306
44,1957,2,5_9,0.00092501
44,1958,2,5_9,0.00089688
44,1959,2,5_9,0.00087001
44,1960,2,5_9,0.0008428
44,1961,2,5_9,0.00081671
44,1962,2,5_9,0.00079111
44,1963,2,5_9,0.00076623
44,1964,2,5_9,0.00074129
44,1965,2,5_9,0.00071657
44,1966,2,5_9,0.00074019
44,1967,2,5_9,0.00067152
44,1968,2,5_9,0.00064945
44,1969,2,5_9,0.00062717
44,1970,2,5_9,0.000605
44,1971,2,5_9,0.00058385
44,1972,2,5_9,0.00054653
44,1973,2,5_9,0.00051145
44,1974,2,5_9,0.00048002
44,1975,2,5_9,0.0004739
44,1976,2,5_9,0.00048526
44,1977,2,5_9,0.00050927
44,1978,2,5_9,0.00053582
44,1979,2,5_9,0.00055793
44,1980,2,5_9,0.00056747
44,1981,2,5_9,0.0005619
44,1982,2,5_9,0.00053605
44,1983,2,5_9,0.00049915
44,1984,2,5_9,0.0004616
44,1985,2,5_9,0.00043422
44,1986,2,5_9,0.00041652
44,1987,2,5_9,0.00040663
44,1988,2,5_9,0.00039044
44,1989,2,5_9,0.00036833
44,1990,2,5_9,0.00033834
44,1991,2,5_9,0.00031026
44,1992,2,5_9,0.00031179
44,1993,2,5_9,0.00028672
44,1994,2,5_9,0.00029656
44,1995,2,5_9,0.00031331
44,1996,2,5_9,0.00032881
44,1997,2,5_9,0.00034242
44,1998,2,5_9,0.00035315
44,1999,2,5_9,0.00036312
44,2000,2,5_9,0.00035799
44,2001,2,5_9,0.00035706
44,2002,2,5_9,0.00035003
44,2003,2,5_9,0.00033267
44,2004,2,5_9,0.00035796
44,2005,2,5_9,0.00027355
44,2006,2,5_9,0.00023561
44,2007,2,5_9,0.00021274
44,2008,2,5_9,0.00019701
44,2009,2,5_9,0.00020278
44,2010,2,5_9,0.00022134
44,2011,2,5_9,0.00023526
44,2012,2,5_9,0.00024731
44,2013,2,5_9,0.00023732
44,2014,2,5_9,0.00022543
44,2015,2,5_9,0.00033768
44,2016,2,5_9,0.00018937
44,2017,2,5_9,0.00017733
44,2018,2,5_9,0.00017106
44,2019,2,5_9,0.00155054
44,2020,2,5_9,0.00016021
44,2021,2,5_9,0.0001562
44,2022,2,5_9,0.00014922
44,2023,2,5_9,0.00014416
52,1950,2,5_9,0.00070799
52,1951,2,5_9,0.00073383
52,1952,2,5_9,0.00074614
52,1953,2,5_9,0.00078057
52,1954,2,5_9,0.00073783
52,1955,2,5_9,0.00119153
52,1956,2,5_9,0.00085215
52,1957,2,5_9,0.00071487
52,1958,2,5_9,0.00072679
52,1959,2,5_9,0.00069728
52,1960,2,5_9,0.00073983
52,1961,2,5_9,0.00067897
52,1962,2,5_9,0.00066005
52,1963,2,5_9,0.00062818
52,1964,2,5_9,0.00069303
52,1965,2,5_9,0.00065713
52,1966,2,5_9,0.00063287
52,1967,2,5_9,0.00057186
52,1968,2,5_9,0.00052652
52,1969,2,5_9,0.00050134
52,1970,2,5_9,0.00045852
52,1971,2,5_9,0.00043569
52,1972,2,5_9,0.00039898
52,1973,2,5_9,0.00040577
52,1974,2,5_9,0.00034788
52,1975,2,5_9,0.00036916
52,1976,2,5_9,0.00032626
52,1977,2,5_9,0.00034733
52,1978,2,5_9,0.00024836
52,1979,2,5_9,0.00025738
52,1980,2,5_9,0.00021364
52,1981,2,5_9,0.0002483
52,1982,2,5_9,0.00022248
52,1983,2,5_9,0.00028224
52,1984,2,5_9,0.00031394
52,1985,2,5_9,0.00037497
52,1986,2,5_9,0.00033949
52,1987,2,5_9,0.00032461
52,1988,2,5_9,0.00036104
52,1989,2,5_9,0.00039769
52,1990,2,5_9,0.00031831
52,1991,2,5_9,0.0002773
52,1992,2,5_9,0.00021192
52,1993,2,5_9,0.00023475
52,1994,2,5_9,0.00024855
52,1995,2,5_9,0.00020563
52,1996,2,5_9,0.00016343
52,1997,2,5_9,0.00016529
52,1998,2,5_9,0.0001491
52,1999,2,5_9,0.0001485
52,2000,2,5_9,0.00015039
52,2001,2,5_9,0.00014499
52,2002,2,5_9,0.0001603
52,2003,2,5_9,0.00016031
52,2004,2,5_9,0.00019191
52,2005,2,5_9,0.00023492
52,2006,2,5_9,0.00023398
52,2007,2,5_9,0.00021453
52,2008,2,5_9,0.00020417
52,2009,2,5_9,0.00020654
52,2010,2,5_9,0.00019765
52,2011,2,5_9,0.00018545
52,2012,2,5_9,0.00017405
52,2013,2,5_9,0.00016352
52,2014,2,5_9,0.00015352
52,2015,2,5_9,0.00014375
52,2016,2,5_9,0.00013489
52,2017,2,5_9,0.0001327
52,2018,2,5_9,0.00011986
52,2019,2,5_9,0.00011268
52,2020,2,5_9,0.00010841
52,2021,2,5_9,9.918e-05
52,2022,2,5_9,9.334e-05
52,2023,2,5_9,8.786e-05
535,1950,2,5_9,0.00145748
535,1951,2,5_9,0.00127741
535,1952,2,5_9,0.00086282
535,1953,2,5_9,0.00088065
535,1954,2,5_9,0.000797
535,1955,2,5_9,0.00077354
535,1956,2,5_9,0.00082242
535,1957,2,5_9,0.00066252
535,1958,2,5_9,0.00063837
535,1959,2,5_9,0.00060583
535,1960,2,5_9,0.00055552
535,1961,2,5_9,0.00061075
535,1962,2,5_9,0.00058444
535,1963,2,5_9,0.00043281
535,1964,2,5_9,0.00042182
535,1965,2,5_9,0.00057803
535,1966,2,5_9,0.00041959
535,1967,2,5_9,0.0003309
535,1968,2,5_9,0.00035257
535,1969,2,5_9,0.00030588
535,1970,2,5_9,0.00029738
535,1971,2,5_9,0.00030823
535,1972,2,5_9,0.0002996
535,1973,2,5_9,0.00028725
535,1974,2,5_9,0.0002874
535,1975,2,5_9,0.00028041
535,1976,2,5_9,0.0002682
535,1977,2,5_9,0.00028235
535,1978,2,5_9,0.00029581
535,1979,2,5_9,0.00026303
535,1980,2,5_9,0.0002664
535,1981,2,5_9,0.00027912
535,1982,2,5_9,0.00025631
535,1983,2,5_9,0.00026019
535,1984,2,5_9,0.00026167
535,1985,2,5_9,0.0002545
535,1986,2,5_9,0.00025155
535,1987,2,5_9,0.00026536
535,1988,2,5_9,0.00026257
535,1989,2,5_9,0.00026231
535,1990,2,5_9,0.00025454
535,1991,2,5_9,0.00025252
535,1992,2,5_9,0.00025719
535,1993,2,5_9,0.00023683
535,1994,2,5_9,0.00024467
535,1995,2,5_9,0.0002272
535,1996,2,5_9,0.0002252
535,1997,2,5_9,0.00023419
535,1998,2,5_9,0.00020367
535,1999,2,5_9,0.00020418
535,2000,2,5_9,0.0001992
535,2001,2,5_9,0.00020023
535,2002,2,5_9,0.00019123
535,2003,2,5_9,0.00019537
535,2004,2,5_9,0.00020592
535,2005,2,5_9,0.00019364
535,2006,2,5_9,0.0001914
535,2007,2,5_9,0.00018734
535,2008,2,5_9,0.00019244
535,2009,2,5_9,0.00019233
535,2010,2,5_9,0.00018594
535,2011,2,5_9,0.0002016
535,2012,2,5_9,0.00021129
535,2013,2,5_9,0.00019801
535,2014,2,5_9,0.00018904
535,2015,2,5_9,0.0001797
535,2016,2,5_9,0.00020496
535,2017,2,5_9,0.0001853
535,2018,2,5_9,0.0002031
535,2019,2,5_9,0.00018462
535,2020,2,5_9,0.00019281
535,2021,2,5_9,0.00016709
535,2022,2,5_9,0.00017608
535,2023,2,5_9,0.00018999
92,1950,2,5_9,0.00378482
92,1951,2,5_9,0.00359725
92,1952,2,5_9,0.00332525
92,1953,2,5_9,0.00304616
92,1954,2,5_9,0.00272324
92,1955,2,5_9,0.00242703
92,1956,2,5_9,0.00212929
92,1957,2,5_9,0.00187886
92,1958,2,5_9,0.00169676
92,1959,2,5_9,0.001553
92,1960,2,5_9,0.00143707
92,1961,2,5_9,0.00134174
92,1962,2,5_9,0.00126397
92,1963,2,5_9,0.00119491
92,1964,2,5_9,0.00113463
92,1965,2,5_9,0.00107702
92,1966,2,5_9,0.00102143
92,1967,2,5_9,0.00096924
92,1968,2,5_9,0.00091582
92,1969,2,5_9,0.00087111
92,1970,2,5_9,0.00082087
92,1971,2,5_9,0.00077674
92,1972,2,5_9,0.00073627
92,1973,2,5_9,0.00069754
92,1974,2,5_9,0.00065932
92,1975,2,5_9,0.00063027
92,1976,2,5_9,0.0006021
92,1977,2,5_9,0.0005786
92,1978,2,5_9,0.00055516
92,1979,2,5_9,0.00053436
92,1980,2,5_9,0.0005112
92,1981,2,5_9,0.00049345
92,1982,2,5_9,0.00047632
92,1983,2,5_9,0.00046207
92,1984,2,5_9,0.00045049
92,1985,2,5_9,0.00043871
92,1986,2,5_9,0.00042661
92,1987,2,5_9,0.00041091
92,1988,2,5_9,0.00039296
92,1989,2,5_9,0.00037274
92,1990,2,5_9,0.00035289
92,1991,2,5_9,0.00032974
92,1992,2,5_9,0.0003097
92,1993,2,5_9,0.00029072
92,1994,2,5_9,0.00026677
92,1995,2,5_9,0.00024612
92,1996,2,5_9,0.00023084
92,1997,2,5_9,0.00021996
92,1998,2,5_9,0.00021288
92,1999,2,5_9,0.00020971
92,2000,2,5_9,0.00020764
92,2001,2,5_9,0.00020485
92,2002,2,5_9,0.00019672
92,2003,2,5_9,0.00018622
92,2004,2,5_9,0.00017286
92,2005,2,5_9,0.0001615
92,2006,2,5_9,0.00015168
92,2007,2,5_9,0.00014435
92,2008,2,5_9,0.00013622
92,2009,2,5_9,0.00013036
92,2010,2,5_9,0.00012679
92,2011,2,5_9,0.00012375
92,2012,2,5_9,0.00012078
92,2013,2,5_9,0.00011998
92,2014,2,5_9,0.00011875
92,2015,2,5_9,0.00011834
92,2016,2,5_9,0.00011763
92,2017,2,5_9,0.00059902
92,2018,2,5_9,0.00011499
92,2019,2,5_9,0.00011326
92,2020,2,5_9,0.0001112
92,2021,2,5_9,0.00010959
92,2022,2,5_9,0.00010705
92,2023,2,5_9,0.00010469
136,1950,2,5_9,0.00339174
136,1951,2,5_9,0.00326735
136,1952,2,5_9,0.0031466
136,1953,2,5_9,0.00302924
136,1954,2,5_9,0.00291376
136,1955,2,5_9,0.00279222
136,1956,2,5_9,0.00268266
136,1957,2,5_9,0.00257423
136,1958,2,5_9,0.0024612
136,1959,2,5_9,0.00234262
136,1960,2,5_9,0.00222338
136,1961,2,5_9,0.00208358
136,1962,2,5_9,0.00194523
136,1963,2,5_9,0.0018061
136,1964,2,5_9,0.00167783
136,1965,2,5_9,0.00155361
136,1966,2,5_9,0.00141136
136,1967,2,5_9,0.00136592
136,1968,2,5_9,0.0013229
136,1969,2,5_9,0.00127561
136,1970,2,5_9,0.00121845
136,1971,2,5_9,0.00114979
136,1972,2,5_9,0.00107113
136,1973,2,5_9,0.00098669
136,1974,2,5_9,0.00090089
136,1975,2,5_9,0.00082285
136,1976,2,5_9,0.00075492
136,1977,2,5_9,0.0006949
136,1978,2,5_9,0.00064365
136,1979,2,5_9,0.00059721
136,1980,2,5_9,0.00055376
136,1981,2,5_9,0.00051541
136,1982,2,5_9,0.00048021
136,1983,2,5_9,0.00044938
136,1984,2,5_9,0.00042724
136,1985,2,5_9,0.00040505
136,1986,2,5_9,0.00038682
136,1987,2,5_9,0.00037175
136,1988,2,5_9,0.00035917
136,1989,2,5_9,0.00034819
136,1990,2,5_9,0.00033805
136,1991,2,5_9,0.00032792
136,1992,2,5_9,0.00031752
136,1993,2,5_9,0.00030698
136,1994,2,5_9,0.00029643
136,1995,2,5_9,0.00028508
136,1996,2,5_9,0.00027774
136,1997,2,5_9,0.00027064
136,1998,2,5_9,0.00026519
136,1999,2,5_9,0.00026178
136,2000,2,5_9,0.00025988
136,2001,2,5_9,0.00025865
136,2002,2,5_9,0.0002578
136,2003,2,5_9,0.00025628
136,2004,2,5_9,0.00032622
136,2005,2,5_9,0.00024733
136,2006,2,5_9,0.00024238
136,2007,2,5_9,0.00023846
136,2008,2,5_9,0.00023368
136,2009,2,5_9,0.00022812
136,2010,2,5_9,0.00021909
136,2011,2,5_9,0.00020737
136,2012,2,5_9,0.00019273
136,2013,2,5_9,0.00017614
136,2014,2,5_9,0.00017329
136,2015,2,5_9,0.00016936
136,2016,2,5_9,0.00016521
136,2017,2,5_9,0.0001617
136,2018,2,5_9,0.00015873
136,2019,2,5_9,0.00015511
136,2020,2,5_9,0.00015181
136,2021,2,5_9,0.00014893
136,2022,2,5_9,0.00014407
136,2023,2,5_9,0.0001403
192,1950,2,5_9,0.00155573
192,1951,2,5_9,0.00150975
192,1952,2,5_9,0.00144726
192,1953,2,5_9,0.00138403
192,1954,2,5_9,0.00132501
192,1955,2,5_9,0.00126922
192,1956,2,5_9,0.00120438
192,1957,2,5_9,0.00114701
192,1958,2,5_9,0.00109617
192,1959,2,5_9,0.0010696
192,1960,2,5_9,0.0010295
192,1961,2,5_9,0.0009911
192,1962,2,5_9,0.00095169
192,1963,2,5_9,0.00124675
192,1964,2,5_9,0.00089362
192,1965,2,5_9,0.00087061
192,1966,2,5_9,0.00084488
192,1967,2,5_9,0.00081318
192,1968,2,5_9,0.00078313
192,1969,2,5_9,0.00075218
192,1970,2,5_9,0.00072545
192,1971,2,5_9,0.00069215
192,1972,2,5_9,0.00066247
192,1973,2,5_9,0.00063349
192,1974,2,5_9,0.00060504
192,1975,2,5_9,0.00057747
192,1976,2,5_9,0.00055032
192,1977,2,5_9,0.00047607
192,1978,2,5_9,0.00043114
192,1979,2,5_9,0.00038863
192,1980,2,5_9,0.0004044
192,1981,2,5_9,0.00039639
192,1982,2,5_9,0.00039513
192,1983,2,5_9,0.0003885
192,1984,2,5_9,0.00039315
192,1985,2,5_9,0.00038753
192,1986,2,5_9,0.0003776
192,1987,2,5_9,0.00035934
192,1988,2,5_9,0.00034088
192,1989,2,5_9,0.00033216
192,1990,2,5_9,0.00032664
192,1991,2,5_9,0.00030252
192,1992,2,5_9,0.00028165
192,1993,2,5_9,0.00026895
192,1994,2,5_9,0.00028566
192,1995,2,5_9,0.00030128
192,1996,2,5_9,0.00028023
192,1997,2,5_9,0.00025899
192,1998,2,5_9,0.00023878
192,1999,2,5_9,0.00023117
192,2000,2,5_9,0.00021509
192,2001,2,5_9,0.00020198
192,2002,2,5_9,0.00017112
192,2003,2,5_9,0.00017095
192,2004,2,5_9,0.00014351
192,2005,2,5_9,0.00014685
192,2006,2,5_9,0.00013078
192,2007,2,5_9,0.00013038
192,2008,2,5_9,0.00014791
192,2009,2,5_9,0.00016226
192,2010,2,5_9,0.00017638
192,2011,2,5_9,0.00016997
192,2012,2,5_9,0.00015191
192,2013,2,5_9,0.00015554
192,2014,2,5_9,0.00015211
192,2015,2,5_9,0.00017094
192,2016,2,5_9,0.00013943
192,2017,2,5_9,8.397e-05
192,2018,2,5_9,0.00016422
192,2019,2,5_9,0.00019653
192,2020,2,5_9,0.00015924
192,2021,2,5_9,0.00016543
192,2022,2,5_9,0.00017795
192,2023,2,5_9,0.00017044
531,1950,2,5_9,0.00179073
531,1951,2,5_9,0.00168257
531,1952,2,5_9,0.00159803
531,1953,2,5_9,0.0015189
531,1954,2,5_9,0.00143596
531,1955,2,5_9,0.00135521
531,1956,2,5_9,0.0012724
531,1957,2,5_9,0.00119651
531,1958,2,5_9,0.00113942
531,1959,2,5_9,0.00108087
531,1960,2,5_9,0.0010333
531,1961,2,5_9,0.00099547
531,1962,2,5_9,0.0009516
531,1963,2,5_9,0.00091432
531,1964,2,5_9,0.00087807
531,1965,2,5_9,0.00084372
531,1966,2,5_9,0.0008111
531,1967,2,5_9,0.00077329
531,1968,2,5_9,0.00074407
531,1969,2,5_9,0.00071061
531,1970,2,5_9,0.00067751
531,1971,2,5_9,0.0006465
531,1972,2,5_9,0.00061731
531,1973,2,5_9,0.00058971
531,1974,2,5_9,0.00055893
531,1975,2,5_9,0.0005342
531,1976,2,5_9,0.00051012
531,1977,2,5_9,0.00048779
531,1978,2,5_9,0.00047016
531,1979,2,5_9,0.00045059
531,1980,2,5_9,0.00043567
531,1981,2,5_9,0.00042151
531,1982,2,5_9,0.00041053
531,1983,2,5_9,0.00039978
531,1984,2,5_9,0.00038954
531,1985,2,5_9,0.00038176
531,1986,2,5_9,0.00037417
531,1987,2,5_9,0.00036568
531,1988,2,5_9,0.00035955
531,1989,2,5_9,0.00045872
531,1990,2,5_9,0.00034751
531,1991,2,5_9,0.00034078
531,1992,2,5_9,0.0003331
531,1993,2,5_9,0.00032921
531,1994,2,5_9,0.00032307
531,1995,2,5_9,0.000338
531,1996,2,5_9,0.00031417
531,1997,2,5_9,0.00030895
531,1998,2,5_9,0.00030541
531,1999,2,5_9,0.00030038
531,2000,2,5_9,0.00029488
531,2001,2,5_9,0.00029146
531,2002,2,5_9,0.0002867
531,2003,2,5_9,0.00028156
531,2004,2,5_9,0.00027652
531,2005,2,5_9,0.00027163
531,2006,2,5_9,0.00026684
531,2007,2,5_9,0.00026218
531,2008,2,5_9,0.00025719
531,2009,2,5_9,0.00025228
531,2010,2,5_9,0.00023069
531,2011,2,5_9,0.00021509
531,2012,2,5_9,0.0002072
531,2013,2,5_9,0.00020095
531,2014,2,5_9,0.00019625
531,2015,2,5_9,0.00019087
531,2016,2,5_9,0.00019093
531,2017,2,5_9,0.00019007
531,2018,2,5_9,0.00018907
531,2019,2,5_9,0.00018794
531,2020,2,5_9,0.00018678
531,2021,2,5_9,0.00018575
531,2022,2,5_9,0.00018444
531,2023,2,5_9,0.0001833
212,1950,2,5_9,0.00679809
212,1951,2,5_9,0.00593219
212,1952,2,5_9,0.00513715
212,1953,2,5_9,0.00442285
212,1954,2,5_9,0.00382824
212,1955,2,5_9,0.00331057
212,1956,2,5_9,0.00288663
212,1957,2,5_9,0.00256346
212,1958,2,5_9,0.00230402
212,1959,2,5_9,0.0020704
212,1960,2,5_9,0.00190165
212,1961,2,5_9,0.00173111
212,1962,2,5_9,0.00156208
212,1963,2,5_9,0.00142539
212,1964,2,5_9,0.00131565
212,1965,2,5_9,0.00123094
212,1966,2,5_9,0.00116609
212,1967,2,5_9,0.00113223
212,1968,2,5_9,0.00109881
212,1969,2,5_9,0.00105876
212,1970,2,5_9,0.00099267
212,1971,2,5_9,0.00091251
212,1972,2,5_9,0.00080979
212,1973,2,5_9,0.00072527
212,1974,2,5_9,0.00066321
212,1975,2,5_9,0.00061689
212,1976,2,5_9,0.00058728
212,1977,2,5_9,0.00056595
212,1978,2,5_9,0.00053943
212,1979,2,5_9,0.00128728
212,1980,2,5_9,0.0004888
212,1981,2,5_9,0.00046258
212,1982,2,5_9,0.00044657
212,1983,2,5_9,0.00042463
212,1984,2,5_9,0.00045295
212,1985,2,5_9,0.00039367
212,1986,2,5_9,0.0003854
212,1987,2,5_9,0.00038956
212,1988,2,5_9,0.00040826
212,1989,2,5_9,0.00042856
212,1990,2,5_9,0.00044592
212,1991,2,5_9,0.00045977
212,1992,2,5_9,0.00045443
212,1993,2,5_9,0.00044265
212,1994,2,5_9,0.00043046
212,1995,2,5_9,0.00046335
212,1996,2,5_9,0.00041337
212,1997,2,5_9,0.00040626
212,1998,2,5_9,0.00039791
212,1999,2,5_9,0.0003876
212,2000,2,5_9,0.00037522
212,2001,2,5_9,0.00036415
212,2002,2,5_9,0.00035761
212,2003,2,5_9,0.00035473
212,2004,2,5_9,0.00034969
212,2005,2,5_9,0.0003451
212,2006,2,5_9,0.00034273
212,2007,2,5_9,0.00038205
212,2008,2,5_9,0.0003362
212,2009,2,5_9,0.00033936
212,2010,2,5_9,0.00034844
212,2011,2,5_9,0.00035978
212,2012,2,5_9,0.00037304
212,2013,2,5_9,0.00038581
212,2014,2,5_9,0.0003889
212,2015,2,5_9,0.00105145
212,2016,2,5_9,0.00037191
212,2017,2,5_9,0.00177908
212,2018,2,5_9,0.00034085
212,2019,2,5_9,0.00033541
212,2020,2,5_9,0.00032249
212,2021,2,5_9,0.00031951
212,2022,2,5_9,0.00031911
212,2023,2,5_9,0.00031871
214,1950,2,5_9,0.00521877
214,1951,2,5_9,0.00495611
214,1952,2,5_9,0.00470673
214,1953,2,5_9,0.0044893
214,1954,2,5_9,0.00427524
214,1955,2,5_9,0.00406456
214,1956,2,5_9,0.00386955
214,1957,2,5_9,0.00368545
214,1958,2,5_9,0.00350924
214,1959,2,5_9,0.00333862
214,1960,2,5_9,0.00317252
214,1961,2,5_9,0.00300592
214,1962,2,5_9,0.00284325
214,1963,2,5_9,0.00283605
214,1964,2,5_9,0.00254452
214,1965,2,5_9,0.00240502
214,1966,2,5_9,0.00230176
214,1967,2,5_9,0.0021534
214,1968,2,5_9,0.00203424
214,1969,2,5_9,0.00192373
214,1970,2,5_9,0.00181588
214,1971,2,5_9,0.00171769
214,1972,2,5_9,0.00162686
214,1973,2,5_9,0.00154308
214,1974,2,5_9,0.00146288
214,1975,2,5_9,0.00138993
214,1976,2,5_9,0.00131581
214,1977,2,5_9,0.00124559
214,1978,2,5_9,0.0011836
214,1979,2,5_9,0.00149313
214,1980,2,5_9,0.00107862
214,1981,2,5_9,0.00103509
214,1982,2,5_9,0.00098757
214,1983,2,5_9,0.00093696
214,1984,2,5_9,0.00088143
214,1985,2,5_9,0.00083008
214,1986,2,5_9,0.00078278
214,1987,2,5_9,0.00073776
214,1988,2,5_9,0.00069798
214,1989,2,5_9,0.0006627
214,1990,2,5_9,0.00063043
214,1991,2,5_9,0.00059714
214,1992,2,5_9,0.00056774
214,1993,2,5_9,0.00054179
214,1994,2,5_9,0.00051649
214,1995,2,5_9,0.0005001
214,1996,2,5_9,0.0004873
214,1997,2,5_9,0.00046819
214,1998,2,5_9,0.00051749
214,1999,2,5_9,0.00044158
214,2000,2,5_9,0.00042656
214,2001,2,5_9,0.00040603
214,2002,2,5_9,0.00039173
214,2003,2,5_9,0.00038848
214,2004,2,5_9,0.00048858
214,2005,2,5_9,0.00040722
214,2006,2,5_9,0.00036864
214,2007,2,5_9,0.00037149
214,2008,2,5_9,0.00031103
214,2009,2,5_9,0.00025902
214,2010,2,5_9,0.00020658
214,2011,2,5_9,0.00019099
214,2012,2,5_9,0.00014915
214,2013,2,5_9,0.0001495
214,2014,2,5_9,0.00015009
214,2015,2,5_9,0.00019952
214,2016,2,5_9,0.00014142
214,2017,2,5_9,0.00012635
214,2018,2,5_9,4.408e-05
214,2019,2,5_9,0.0001451
214,2020,2,5_9,0.00012101
214,2021,2,5_9,0.00010485
214,2022,2,5_9,0.00012523
214,2023,2,5_9,9.122e-05
308,1950,2,5_9,0.00147186
308,1951,2,5_9,0.00139535
308,1952,2,5_9,0.00130871
308,1953,2,5_9,0.00121901
308,1954,2,5_9,0.00113214
308,1955,2,5_9,0.00105223
308,1956,2,5_9,0.00098119
308,1957,2,5_9,0.00091804
308,1958,2,5_9,0.00086258
308,1959,2,5_9,0.00081445
308,1960,2,5_9,0.00077345
308,1961,2,5_9,0.00074156
308,1962,2,5_9,0.00072576
308,1963,2,5_9,0.00081238
308,1964,2,5_9,0.00077819
308,1965,2,5_9,0.00087552
308,1966,2,5_9,0.00105732
308,1967,2,5_9,0.00134831
308,1968,2,5_9,0.00175737
308,1969,2,5_9,0.00225189
308,1970,2,5_9,0.00270507
308,1971,2,5_9,0.00289775
308,1972,2,5_9,0.00273518
308,1973,2,5_9,0.00235223
308,1974,2,5_9,0.00191431
308,1975,2,5_9,0.00152809
308,1976,2,5_9,0.00123313
308,1977,2,5_9,0.00102546
308,1978,2,5_9,0.00087709
308,1979,2,5_9,0.00076882
308,1980,2,5_9,0.00068946
308,1981,2,5_9,0.00063183
308,1982,2,5_9,0.00059121
308,1983,2,5_9,0.00056228
308,1984,2,5_9,0.00053929
308,1985,2,5_9,0.00051869
308,1986,2,5_9,0.0004966
308,1987,2,5_9,0.0004705
308,1988,2,5_9,0.00044082
308,1989,2,5_9,0.00041079
308,1990,2,5_9,0.00038275
308,1991,2,5_9,0.00035831
308,1992,2,5_9,0.00033851
308,1993,2,5_9,0.00032343
308,1994,2,5_9,0.00031173
308,1995,2,5_9,0.00030224
308,1996,2,5_9,0.00029396
308,1997,2,5_9,0.0002859
308,1998,2,5_9,0.00027746
308,1999,2,5_9,0.00026958
308,2000,2,5_9,0.00026359
308,2001,2,5_9,0.00026085
308,2002,2,5_9,0.00026285
308,2003,2,5_9,0.00027157
308,2004,2,5_9,0.00082964
308,2005,2,5_9,0.00031059
308,2006,2,5_9,0.00033904
308,2007,2,5_9,0.00037092
308,2008,2,5_9,0.00040211
308,2009,2,5_9,0.00042798
308,2010,2,5_9,0.00044662
308,2011,2,5_9,0.00045714
308,2012,2,5_9,0.00045923
308,2013,2,5_9,0.0004533
308,2014,2,5_9,0.00044026
308,2015,2,5_9,0.00042134
308,2016,2,5_9,0.00039798
308,2017,2,5_9,0.00037174
308,2018,2,5_9,0.0003441
308,2019,2,5_9,0.00031639
308,2020,2,5_9,0.00028956
308,2021,2,5_9,0.00026412
308,2022,2,5_9,0.00024042
308,2023,2,5_9,0.00021877
312,1950,2,5_9,0.00175451
312,1951,2,5_9,0.00165559
312,1952,2,5_9,0.00152466
312,1953,2,5_9,0.00156343
312,1954,2,5_9,0.00134674
312,1955,2,5_9,0.00126167
312,1956,2,5_9,0.00116661
312,1957,2,5_9,0.00110851
312,1958,2,5_9,0.00102018
312,1959,2,5_9,0.00099508
312,1960,2,5_9,0.00089849
312,1961,2,5_9,0.00085628
312,1962,2,5_9,0.00084459
312,1963,2,5_9,0.00082497
312,1964,2,5_9,0.00089338
312,1965,2,5_9,0.00076893
312,1966,2,5_9,0.00089496
312,1967,2,5_9,0.000776
312,1968,2,5_9,0.00072718
312,1969,2,5_9,0.00072613
312,1970,2,5_9,0.00066198
312,1971,2,5_9,0.00065127
312,1972,2,5_9,0.00057711
312,1973,2,5_9,0.00058438
312,1974,2,5_9,0.00055991
312,1975,2,5_9,0.00052601
312,1976,2,5_9,0.0004895
312,1977,2,5_9,0.00045156
312,1978,2,5_9,0.00042926
312,1979,2,5_9,0.0003964
312,1980,2,5_9,0.00036893
312,1981,2,5_9,0.00034521
312,1982,2,5_9,0.00031564
312,1983,2,5_9,0.00029245
312,1984,2,5_9,0.00027277
312,1985,2,5_9,0.00025718
312,1986,2,5_9,0.00024533
312,1987,2,5_9,0.00022957
312,1988,2,5_9,0.00021615
312,1989,2,5_9,0.00022797
312,1990,2,5_9,0.00019532
312,1991,2,5_9,0.00018595
312,1992,2,5_9,0.00017687
312,1993,2,5_9,0.00016972
312,1994,2,5_9,0.00016318
312,1995,2,5_9,0.00015275
312,1996,2,5_9,0.00014672
312,1997,2,5_9,0.00013707
312,1998,2,5_9,0.00012796
312,1999,2,5_9,0.0001334
312,2000,2,5_9,0.00011254
312,2001,2,5_9,0.00010941
312,2002,2,5_9,0.00010218
312,2003,2,5_9,9.973e-05
312,2004,2,5_9,9.564e-05
312,2005,2,5_9,9.325e-05
312,2006,2,5_9,9.248e-05
312,2007,2,5_9,9.102e-05
312,2008,2,5_9,9.274e-05
312,2009,2,5_9,8.951e-05
312,2010,2,5_9,8.622e-05
312,2011,2,5_9,8.574e-05
312,2012,2,5_9,8.795e-05
312,2013,2,5_9,8.389e-05
312,2014,2,5_9,8.197e-05
312,2015,2,5_9,7.678e-05
312,2016,2,5_9,9.192e-05
312,2017,2,5_9,9.307e-05
312,2018,2,5_9,2.784e-05
312,2019,2,5_9,7.321e-05
312,2020,2,5_9,2.802e-05
312,2021,2,5_9,8.148e-05
312,2022,2,5_9,2.378e-05
312,2023,2,5_9,1.859e-05
332,1950,2,5_9,0.00417667
332,1951,2,5_9,0.00407597
332,1952,2,5_9,0.00402728
332,1953,2,5_9,0.00392875
332,1954,2,5_9,0.00408388
332,1955,2,5_9,0.00376245
332,1956,2,5_9,0.00369038
332,1957,2,5_9,0.00362665
332,1958,2,5_9,0.00357466
332,1959,2,5_9,0.0035391
332,1960,2,5_9,0.00348705
332,1961,2,5_9,0.00344795
332,1962,2,5_9,0.00341639
332,1963,2,5_9,0.00516968
332,1964,2,5_9,0.003387
332,1965,2,5_9,0.00332819
332,1966,2,5_9,0.003458
332,1967,2,5_9,0.00327867
332,1968,2,5_9,0.00325652
332,1969,2,5_9,0.00323936
332,1970,2,5_9,0.00323338
332,1971,2,5_9,0.00324103
332,1972,2,5_9,0.0032764
332,1973,2,5_9,0.00330535
332,1974,2,5_9,0.00335634
332,1975,2,5_9,0.00341037
332,1976,2,5_9,0.00347388
332,1977,2,5_9,0.003536
332,1978,2,5_9,0.00359682
332,1979,2,5_9,0.00365641
332,1980,2,5_9,0.0037584
332,1981,2,5_9,0.00374536
332,1982,2,5_9,0.00376453
332,1983,2,5_9,0.00376326
332,1984,2,5_9,0.00374769
332,1985,2,5_9,0.0037156
332,1986,2,5_9,0.00369702
332,1987,2,5_9,0.00365232
332,1988,2,5_9,0.00362923
332,1989,2,5_9,0.00358307
332,1990,2,5_9,0.0035406
332,1991,2,5_9,0.00347452
332,1992,2,5_9,0.0033859
332,1993,2,5_9,0.0032895
332,1994,2,5_9,0.00338055
332,1995,2,5_9,0.00302085
332,1996,2,5_9,0.00289604
332,1997,2,5_9,0.0027533
332,1998,2,5_9,0.00266012
332,1999,2,5_9,0.00249782
332,2000,2,5_9,0.00239062
332,2001,2,5_9,0.00229398
332,2002,2,5_9,0.00218925
332,2003,2,5_9,0.00208825
332,2004,2,5_9,0.0026478
332,2005,2,5_9,0.00186761
332,2006,2,5_9,0.00174938
332,2007,2,5_9,0.0016692
332,2008,2,5_9,0.00167825
332,2009,2,5_9,0.00151546
332,2010,2,5_9,0.01104
332,2011,2,5_9,0.00163691
332,2012,2,5_9,0.00143112
332,2013,2,5_9,0.00133129
332,2014,2,5_9,0.00125045
332,2015,2,5_9,0.00119972
332,2016,2,5_9,0.00124056
332,2017,2,5_9,0.00107686
332,2018,2,5_9,0.00103369
332,2019,2,5_9,0.00099047
332,2020,2,5_9,0.00095474
332,2021,2,5_9,0.00115447
332,2022,2,5_9,0.00093054
332,2023,2,5_9,0.00088393
388,1950,2,5_9,0.00280196
388,1951,2,5_9,0.00277336
388,1952,2,5_9,0.00244239
388,1953,2,5_9,0.00227763
388,1954,2,5_9,0.0021205
388,1955,2,5_9,0.00197407
388,1956,2,5_9,0.0018375
388,1957,2,5_9,0.00170988
388,1958,2,5_9,0.001585
388,1959,2,5_9,0.00147802
388,1960,2,5_9,0.00138435
388,1961,2,5_9,0.00130166
388,1962,2,5_9,0.00123115
388,1963,2,5_9,0.001176
388,1964,2,5_9,0.0011125
388,1965,2,5_9,0.00106179
388,1966,2,5_9,0.00101549
388,1967,2,5_9,0.00097761
388,1968,2,5_9,0.00093051
388,1969,2,5_9,0.00091249
388,1970,2,5_9,0.0008964
388,1971,2,5_9,0.000876
388,1972,2,5_9,0.0008373
388,1973,2,5_9,0.00078602
388,1974,2,5_9,0.00073125
388,1975,2,5_9,0.00068665
388,1976,2,5_9,0.00064611
388,1977,2,5_9,0.00061577
388,1978,2,5_9,0.00058759
388,1979,2,5_9,0.00057571
388,1980,2,5_9,0.00054672
388,1981,2,5_9,0.00052333
388,1982,2,5_9,0.00050111
388,1983,2,5_9,0.00047893
388,1984,2,5_9,0.00047063
388,1985,2,5_9,0.00045898
388,1986,2,5_9,0.00045689
388,1987,2,5_9,0.00042779
388,1988,2,5_9,0.00044198
388,1989,2,5_9,0.00039944
388,1990,2,5_9,0.00038762
388,1991,2,5_9,0.00038122
388,1992,2,5_9,0.00036639
388,1993,2,5_9,0.00035898
388,1994,2,5_9,0.0003494
388,1995,2,5_9,0.00033709
388,1996,2,5_9,0.00032434
388,1997,2,5_9,0.00031452
388,1998,2,5_9,0.00030507
388,1999,2,5_9,0.00029624
388,2000,2,5_9,0.00028785
388,2001,2,5_9,0.0003034
388,2002,2,5_9,0.00028607
388,2003,2,5_9,0.00027438
388,2004,2,5_9,0.00028008
388,2005,2,5_9,0.00027235
388,2006,2,5_9,0.00027003
388,2007,2,5_9,0.00026941
388,2008,2,5_9,0.00027431
388,2009,2,5_9,0.00026645
388,2010,2,5_9,0.00027458
388,2011,2,5_9,0.00026521
388,2012,2,5_9,0.00026506
388,2013,2,5_9,0.00026361
388,2014,2,5_9,0.00026358
388,2015,2,5_9,0.00026445
388,2016,2,5_9,0.00026477
388,2017,2,5_9,0.00026471
388,2018,2,5_9,0.00028977
388,2019,2,5_9,0.00030333
388,2020,2,5_9,0.00029538
388,2021,2,5_9,0.00030054
388,2022,2,5_9,0.00030991
388,2023,2,5_9,0.00031135
474,1950,2,5_9,0.00153104
474,1951,2,5_9,0.00154379
474,1952,2,5_9,0.00150689
474,1953,2,5_9,0.00135609
474,1954,2,5_9,0.00121118
474,1955,2,5_9,0.0011751
474,1956,2,5_9,0.00092931
474,1957,2,5_9,0.00095229
474,1958,2,5_9,0.00096897
474,1959,2,5_9,0.00082201
474,1960,2,5_9,0.00080892
474,1961,2,5_9,0.00083394
474,1962,2,5_9,0.00079176
474,1963,2,5_9,0.00083346
474,1964,2,5_9,0.00070156
474,1965,2,5_9,0.00073522
474,1966,2,5_9,0.00066378
474,1967,2,5_9,0.00069874
474,1968,2,5_9,0.00057623
474,1969,2,5_9,0.00059092
474,1970,2,5_9,0.00074207
474,1971,2,5_9,0.00049272
474,1972,2,5_9,0.00047784
474,1973,2,5_9,0.00045777
474,1974,2,5_9,0.00040003
474,1975,2,5_9,0.00039977
474,1976,2,5_9,0.00037429
474,1977,2,5_9,0.00035706
474,1978,2,5_9,0.00031169
474,1979,2,5_9,0.000286
474,1980,2,5_9,0.00027219
474,1981,2,5_9,0.00024511
474,1982,2,5_9,0.00022581
474,1983,2,5_9,0.00020639
474,1984,2,5_9,0.00019415
474,1985,2,5_9,0.00018198
474,1986,2,5_9,0.00017096
474,1987,2,5_9,0.00016503
474,1988,2,5_9,0.00015257
474,1989,2,5_9,0.00014809
474,1990,2,5_9,0.00016775
474,1991,2,5_9,0.00012496
474,1992,2,5_9,0.00011713
474,1993,2,5_9,0.00012642
474,1994,2,5_9,0.00011371
474,1995,2,5_9,0.00011481
474,1996,2,5_9,0.00011148
474,1997,2,5_9,0.0001087
474,1998,2,5_9,0.00010615
474,1999,2,5_9,0.00010124
474,2000,2,5_9,9.936e-05
474,2001,2,5_9,9.745e-05
474,2002,2,5_9,9.228e-05
474,2003,2,5_9,9.29e-05
474,2004,2,5_9,8.885e-05
474,2005,2,5_9,9.242e-05
474,2006,2,5_9,7.88e-05
474,2007,2,5_9,0.00010338
474,2008,2,5_9,9.655e-05
474,2009,2,5_9,7.63e-05
474,2010,2,5_9,0.00011874
474,2011,2,5_9,7.647e-05
474,2012,2,5_9,8.603e-05
474,2013,2,5_9,8.794e-05
474,2014,2,5_9,9.745e-05
474,2015,2,5_9,9.86e-05
474,2016,2,5_9,8.774e-05
474,2017,2,5_9,0.00010466
474,2018,2,5_9,0.00010435
474,2019,2,5_9,8.654e-05
474,2020,2,5_9,3.439e-05
474,2021,2,5_9,3.435e-05
474,2022,2,5_9,2.637e-05
474,2023,2,5_9,0.00017944
500,1950,2,5_9,0.00331997
500,1951,2,5_9,0.0031382
500,1952,2,5_9,0.00295638
500,1953,2,5_9,0.00278514
500,1954,2,5_9,0.00262374
500,1955,2,5_9,0.00245554
500,1956,2,5_9,0.00229971
500,1957,2,5_9,0.00214601
500,1958,2,5_9,0.00199213
500,1959,2,5_9,0.00185772
500,1960,2,5_9,0.00172793
500,1961,2,5_9,0.00163869
500,1962,2,5_9,0.00156427
500,1963,2,5_9,0.00151535
500,1964,2,5_9,0.00147519
500,1965,2,5_9,0.0014383
500,1966,2,5_9,0.00138733
500,1967,2,5_9,0.00130925
500,1968,2,5_9,0.00121164
500,1969,2,5_9,0.00110795
500,1970,2,5_9,0.00100095
500,1971,2,5_9,0.00090564
500,1972,2,5_9,0.00082071
500,1973,2,5_9,0.00075241
500,1974,2,5_9,0.00069703
500,1975,2,5_9,0.0006501
500,1976,2,5_9,0.00061251
500,1977,2,5_9,0.0005827
500,1978,2,5_9,0.00055984
500,1979,2,5_9,0.00054254
500,1980,2,5_9,0.00053072
500,1981,2,5_9,0.00052359
500,1982,2,5_9,0.0005199
500,1983,2,5_9,0.00051787
500,1984,2,5_9,0.00051718
500,1985,2,5_9,0.0005169
500,1986,2,5_9,0.00051592
500,1987,2,5_9,0.00051378
500,1988,2,5_9,0.000509
500,1989,2,5_9,0.00193268
500,1990,2,5_9,0.00049033
500,1991,2,5_9,0.00047493
500,1992,2,5_9,0.00045641
500,1993,2,5_9,0.00043655
500,1994,2,5_9,0.00041578
500,1995,2,5_9,0.00039484
500,1996,2,5_9,0.00037574
500,1997,2,5_9,0.00425444
500,1998,2,5_9,0.00034482
500,1999,2,5_9,0.00033232
500,2000,2,5_9,0.00032123
500,2001,2,5_9,0.00031345
500,2002,2,5_9,0.00030542
500,2003,2,5_9,0.00029835
500,2004,2,5_9,0.0002921
500,2005,2,5_9,0.00028676
500,2006,2,5_9,0.00028164
500,2007,2,5_9,0.00027794
500,2008,2,5_9,0.00027546
500,2009,2,5_9,0.00027155
500,2010,2,5_9,0.00027031
500,2011,2,5_9,0.00026737
500,2012,2,5_9,0.00026492
500,2013,2,5_9,0.00026286
500,2014,2,5_9,0.00025971
500,2015,2,5_9,0.00025701
500,2016,2,5_9,0.00025429
500,2017,2,5_9,0.00025146
500,2018,2,5_9,0.0002486
500,2019,2,5_9,0.00024561
500,2020,2,5_9,0.00024209
500,2021,2,5_9,0.00023898
500,2022,2,5_9,0.00023589
500,2023,2,5_9,0.00023253
630,1950,2,5_9,0.00113074
630,1951,2,5_9,0.00115781
630,1952,2,5_9,0.00104826
630,1953,2,5_9,0.00089705
630,1954,2,5_9,0.00085891
630,1955,2,5_9,0.00083283
630,1956,2,5_9,0.00080548
630,1957,2,5_9,0.00076125
630,1958,2,5_9,0.000748
630,1959,2,5_9,0.00068437
630,1960,2,5_9,0.00065889
630,1961,2,5_9,0.00068643
630,1962,2,5_9,0.00064562
630,1963,2,5_9,0.00062759
630,1964,2,5_9,0.00064111
630,1965,2,5_9,0.00058395
630,1966,2,5_9,0.00056032
630,1967,2,5_9,0.00053225
630,1968,2,5_9,0.00053882
630,1969,2,5_9,0.0005835
630,1970,2,5_9,0.00059631
630,1971,2,5_9,0.00051601
630,1972,2,5_9,0.00051957
630,1973,2,5_9,0.00048361
630,1974,2,5_9,0.00044658
630,1975,2,5_9,0.00041246
630,1976,2,5_9,0.00038471
630,1977,2,5_9,0.00036759
630,1978,2,5_9,0.00034105
630,1979,2,5_9,0.00033502
630,1980,2,5_9,0.00031497
630,1981,2,5_9,0.00030723
630,1982,2,5_9,0.0003062
630,1983,2,5_9,0.00028541
630,1984,2,5_9,0.00028518
630,1985,2,5_9,0.00041022
630,1986,2,5_9,0.00026642
630,1987,2,5_9,0.00025684
630,1988,2,5_9,0.00025958
630,1989,2,5_9,0.00028315
630,1990,2,5_9,0.00026102
630,1991,2,5_9,0.00021627
630,1992,2,5_9,0.00022089
630,1993,2,5_9,0.00020526
630,1994,2,5_9,0.00021384
630,1995,2,5_9,0.00021599
630,1996,2,5_9,0.00021162
630,1997,2,5_9,0.00018969
630,1998,2,5_9,0.00018662
630,1999,2,5_9,0.00017414
630,2000,2,5_9,0.00016451
630,2001,2,5_9,0.0001537
630,2002,2,5_9,0.00014411
630,2003,2,5_9,0.00013949
630,2004,2,5_9,0.00014061
630,2005,2,5_9,0.00013616
630,2006,2,5_9,0.00012148
630,2007,2,5_9,0.000116
630,2008,2,5_9,0.00011309
630,2009,2,5_9,0.0001035
630,2010,2,5_9,0.00010614
630,2011,2,5_9,0.00010419
630,2012,2,5_9,0.00010088
630,2013,2,5_9,9.434e-05
630,2014,2,5_9,9.315e-05
630,2015,2,5_9,8.699e-05
630,2016,2,5_9,9.268e-05
630,2017,2,5_9,0.00061958
630,2018,2,5_9,9.596e-05
630,2019,2,5_9,9.098e-05
630,2020,2,5_9,3.951e-05
630,2021,2,5_9,8.125e-05
630,2022,2,5_9,0.00012535
630,2023,2,5_9,8.409e-05
652,1950,2,5_9,0.00305125
652,1951,2,5_9,0.0028537
652,1952,2,5_9,0.00258322
652,1953,2,5_9,0.002423
652,1954,2,5_9,0.00232001
652,1955,2,5_9,0.00226674
652,1956,2,5_9,0.00220308
652,1957,2,5_9,0.00214587
652,1958,2,5_9,0.002079
652,1959,2,5_9,0.00201976
652,1960,2,5_9,0.00199581
652,1961,2,5_9,0.00191611
652,1962,2,5_9,0.00185231
652,1963,2,5_9,0.0018517
652,1964,2,5_9,0.00177424
652,1965,2,5_9,0.00165546
652,1966,2,5_9,0.00159023
652,1967,2,5_9,0.00147775
652,1968,2,5_9,0.00129438
652,1969,2,5_9,0.00116827
652,1970,2,5_9,0.00106061
652,1971,2,5_9,0.00094301
652,1972,2,5_9,0.00084263
652,1973,2,5_9,0.00074875
652,1974,2,5_9,0.00062887
652,1975,2,5_9,0.00051523
652,1976,2,5_9,0.00042415
652,1977,2,5_9,0.00035512
652,1978,2,5_9,0.00030374
652,1979,2,5_9,0.00027413
652,1980,2,5_9,0.00025286
652,1981,2,5_9,0.00023877
652,1982,2,5_9,0.00022848
652,1983,2,5_9,0.0002196
652,1984,2,5_9,0.00020979
652,1985,2,5_9,0.00020082
652,1986,2,5_9,0.00019221
652,1987,2,5_9,0.00018359
652,1988,2,5_9,0.00017745
652,1989,2,5_9,0.00017225
652,1990,2,5_9,0.00016748
652,1991,2,5_9,0.00016329
652,1992,2,5_9,0.00015962
652,1993,2,5_9,0.00015542
652,1994,2,5_9,0.00015131
652,1995,2,5_9,0.00014713
652,1996,2,5_9,0.00014261
652,1997,2,5_9,0.00013817
652,1998,2,5_9,0.00013385
652,1999,2,5_9,0.00012966
652,2000,2,5_9,0.00012559
652,2001,2,5_9,0.00012167
652,2002,2,5_9,0.00011789
652,2003,2,5_9,0.00011423
652,2004,2,5_9,0.00010896
652,2005,2,5_9,0.00010359
652,2006,2,5_9,9.849e-05
652,2007,2,5_9,9.339e-05
652,2008,2,5_9,8.911e-05
652,2009,2,5_9,8.736e-05
652,2010,2,5_9,8.57e-05
652,2011,2,5_9,8.419e-05
652,2012,2,5_9,8.337e-05
652,2013,2,5_9,8.289e-05
652,2014,2,5_9,8.126e-05
652,2015,2,5_9,7.956e-05
652,2016,2,5_9,7.848e-05
652,2017,2,5_9,0.00071559
652,2018,2,5_9,7.746e-05
652,2019,2,5_9,7.867e-05
652,2020,2,5_9,8.131e-05
652,2021,2,5_9,8.386e-05
652,2022,2,5_9,8.539e-05
652,2023,2,5_9,8.716e-05
659,1950,2,5_9,0.00297712
659,1951,2,5_9,0.00288588
659,1952,2,5_9,0.00279827
659,1953,2,5_9,0.00271969
659,1954,2,5_9,0.00268155
659,1955,2,5_9,0.00266689
659,1956,2,5_9,0.00266598
659,1957,2,5_9,0.00265492
659,1958,2,5_9,0.00262303
659,1959,2,5_9,0.00255868
659,1960,2,5_9,0.00246727
659,1961,2,5_9,0.00233461
659,1962,2,5_9,0.00222335
659,1963,2,5_9,0.00210439
659,1964,2,5_9,0.00199186
659,1965,2,5_9,0.00189817
659,1966,2,5_9,0.00182015
659,1967,2,5_9,0.00176682
659,1968,2,5_9,0.0017305
659,1969,2,5_9,0.0016856
659,1970,2,5_9,0.00162879
659,1971,2,5_9,0.00154203
659,1972,2,5_9,0.00145178
659,1973,2,5_9,0.00136505
659,1974,2,5_9,0.00129705
659,1975,2,5_9,0.00124649
659,1976,2,5_9,0.00120039
659,1977,2,5_9,0.00116509
659,1978,2,5_9,0.00116556
659,1979,2,5_9,0.00114467
659,1980,2,5_9,0.00111963
659,1981,2,5_9,0.00109705
659,1982,2,5_9,0.0010647
659,1983,2,5_9,0.0010267
659,1984,2,5_9,0.00098194
659,1985,2,5_9,0.00095938
659,1986,2,5_9,0.00096317
659,1987,2,5_9,0.00098659
659,1988,2,5_9,0.00101274
659,1989,2,5_9,0.0010437
659,1990,2,5_9,0.00097647
659,1991,2,5_9,0.00091504
659,1992,2,5_9,0.00084513
659,1993,2,5_9,0.00078654
659,1994,2,5_9,0.00076058
659,1995,2,5_9,0.00074513
659,1996,2,5_9,0.00072864
659,1997,2,5_9,0.00069884
659,1998,2,5_9,0.00082729
659,1999,2,5_9,0.0005929
659,2000,2,5_9,0.00053081
659,2001,2,5_9,0.00047455
659,2002,2,5_9,0.00043619
659,2003,2,5_9,0.0004022
659,2004,2,5_9,0.00038336
659,2005,2,5_9,0.00037332
659,2006,2,5_9,0.00036263
659,2007,2,5_9,0.00035694
659,2008,2,5_9,0.0003584
659,2009,2,5_9,0.00035865
659,2010,2,5_9,0.00035848
659,2011,2,5_9,0.00035839
659,2012,2,5_9,0.00035464
659,2013,2,5_9,0.00034853
659,2014,2,5_9,0.0003421
659,2015,2,5_9,0.00033408
659,2016,2,5_9,0.00032907
659,2017,2,5_9,0.00032437
659,2018,2,5_9,0.00032777
659,2019,2,5_9,0.00031303
659,2020,2,5_9,0.00030711
659,2021,2,5_9,0.00029952
659,2022,2,5_9,0.00029262
659,2023,2,5_9,0.00028537
662,1950,2,5_9,0.0055614
662,1951,2,5_9,0.00489856
662,1952,2,5_9,0.00389812
662,1953,2,5_9,0.00343101
662,1954,2,5_9,0.00297755
662,1955,2,5_9,0.0028403
662,1956,2,5_9,0.00277286
662,1957,2,5_9,0.00280383
662,1958,2,5_9,0.00256421
662,1959,2,5_9,0.0024253
662,1960,2,5_9,0.0022844
662,1961,2,5_9,0.00195213
662,1962,2,5_9,0.00180661
662,1963,2,5_9,0.0017873
662,1964,2,5_9,0.00158015
662,1965,2,5_9,0.00151156
662,1966,2,5_9,0.00143549
662,1967,2,5_9,0.00135588
662,1968,2,5_9,0.00129336
662,1969,2,5_9,0.00125599
662,1970,2,5_9,0.00121806
662,1971,2,5_9,0.00118958
662,1972,2,5_9,0.00115928
662,1973,2,5_9,0.00121597
662,1974,2,5_9,0.00106839
662,1975,2,5_9,0.00095737
662,1976,2,5_9,0.00088488
662,1977,2,5_9,0.00076802
662,1978,2,5_9,0.0007688
662,1979,2,5_9,0.0007921
662,1980,2,5_9,0.00086321
662,1981,2,5_9,0.00067422
662,1982,2,5_9,0.00066415
662,1983,2,5_9,0.00056617
662,1984,2,5_9,0.00047938
662,1985,2,5_9,0.00047429
662,1986,2,5_9,0.0004803
662,1987,2,5_9,0.00054723
662,1988,2,5_9,0.00055968
662,1989,2,5_9,0.0005289
662,1990,2,5_9,0.0005449
662,1991,2,5_9,0.00051362
662,1992,2,5_9,0.00044375
662,1993,2,5_9,0.00042955
662,1994,2,5_9,0.0004713
662,1995,2,5_9,0.0004307
662,1996,2,5_9,0.00048338
662,1997,2,5_9,0.00054516
662,1998,2,5_9,0.0005576
662,1999,2,5_9,0.00052178
662,2000,2,5_9,0.00047741
662,2001,2,5_9,0.00040175
662,2002,2,5_9,0.00035323
662,2003,2,5_9,0.00031862
662,2004,2,5_9,0.00030194
662,2005,2,5_9,0.00029536
662,2006,2,5_9,0.00028012
662,2007,2,5_9,0.00029027
662,2008,2,5_9,0.00028033
662,2009,2,5_9,0.00026813
662,2010,2,5_9,0.00040882
662,2011,2,5_9,0.00029992
662,2012,2,5_9,0.00031143
662,2013,2,5_9,0.00032238
662,2014,2,5_9,0.0002869
662,2015,2,5_9,0.00027384
662,2016,2,5_9,0.00028502
662,2017,2,5_9,0.00026772
662,2018,2,5_9,0.00026113
662,2019,2,5_9,0.00027228
662,2020,2,5_9,0.00027329
662,2021,2,5_9,0.00027253
662,2022,2,5_9,0.00026053
662,2023,2,5_9,0.00026036
663,1950,2,5_9,0.00091999
663,1951,2,5_9,0.00087569
663,1952,2,5_9,0.00087483
663,1953,2,5_9,0.00082996
663,1954,2,5_9,0.00079218
663,1955,2,5_9,0.00074712
663,1956,2,5_9,0.00070795
663,1957,2,5_9,0.00067072
663,1958,2,5_9,0.0006359
663,1959,2,5_9,0.0006026
663,1960,2,5_9,0.00057069
663,1961,2,5_9,0.00054207
663,1962,2,5_9,0.0005131
663,1963,2,5_9,0.0004818
663,1964,2,5_9,0.00045299
663,1965,2,5_9,0.00042659
663,1966,2,5_9,0.00039757
663,1967,2,5_9,0.00037036
663,1968,2,5_9,0.00034631
663,1969,2,5_9,0.00032434
663,1970,2,5_9,0.00030918
663,1971,2,5_9,0.00029764
663,1972,2,5_9,0.00028807
663,1973,2,5_9,0.00028045
663,1974,2,5_9,0.00027475
663,1975,2,5_9,0.00027037
663,1976,2,5_9,0.00026683
663,1977,2,5_9,0.00026397
663,1978,2,5_9,0.0002608
663,1979,2,5_9,0.00025727
663,1980,2,5_9,0.00025334
663,1981,2,5_9,0.00024926
663,1982,2,5_9,0.00024499
663,1983,2,5_9,0.00024194
663,1984,2,5_9,0.00023894
663,1985,2,5_9,0.00023603
663,1986,2,5_9,0.00023285
663,1987,2,5_9,0.00022933
663,1988,2,5_9,0.00022541
663,1989,2,5_9,0.00022158
663,1990,2,5_9,0.00021762
663,1991,2,5_9,0.00021363
663,1992,2,5_9,0.00021019
663,1993,2,5_9,0.00020671
663,1994,2,5_9,0.000203
663,1995,2,5_9,0.00019912
663,1996,2,5_9,0.00019517
663,1997,2,5_9,0.00019068
663,1998,2,5_9,0.00018605
663,1999,2,5_9,0.00018173
663,2000,2,5_9,0.00017786
663,2001,2,5_9,0.00017436
663,2002,2,5_9,0.00017112
663,2003,2,5_9,0.00016805
663,2004,2,5_9,0.00016505
663,2005,2,5_9,0.0001621
663,2006,2,5_9,0.00015926
663,2007,2,5_9,0.00015619
663,2008,2,5_9,0.00015326
663,2009,2,5_9,0.00015063
663,2010,2,5_9,0.00014742
663,2011,2,5_9,0.00014359
663,2012,2,5_9,0.00014037
663,2013,2,5_9,0.00013704
663,2014,2,5_9,0.00013328
663,2015,2,5_9,0.00013083
663,2016,2,5_9,0.00012907
663,2017,2,5_9,0.00063505
663,2018,2,5_9,0.00012679
663,2019,2,5_9,0.00012688
663,2020,2,5_9,0.00012676
663,2021,2,5_9,0.00012677
663,2022,2,5_9,0.00012686
663,2023,2,5_9,0.00012694
670,1950,2,5_9,0.00348727
670,1951,2,5_9,0.00259541
670,1952,2,5_9,0.00250696
670,1953,2,5_9,0.00167901
670,1954,2,5_9,0.00100953
670,1955,2,5_9,0.0016846
670,1956,2,5_9,0.00048873
670,1957,2,5_9,0.00031771
670,1958,2,5_9,0.00050107
670,1959,2,5_9,0.00055165
670,1960,2,5_9,0.00051375
670,1961,2,5_9,0.00056651
670,1962,2,5_9,0.00062692
670,1963,2,5_9,0.00069354
670,1964,2,5_9,0.00076611
670,1965,2,5_9,0.00082137
670,1966,2,5_9,0.00079449
670,1967,2,5_9,0.00079502
670,1968,2,5_9,0.00074169
670,1969,2,5_9,0.00071652
670,1970,2,5_9,0.00072156
670,1971,2,5_9,0.00073473
670,1972,2,5_9,0.00074867
670,1973,2,5_9,0.00073868
670,1974,2,5_9,0.00070355
670,1975,2,5_9,0.0006697
670,1976,2,5_9,0.00062286
670,1977,2,5_9,0.00060876
670,1978,2,5_9,0.000595
670,1979,2,5_9,0.00052513
670,1980,2,5_9,0.00056843
670,1981,2,5_9,0.00055561
670,1982,2,5_9,0.0005431
670,1983,2,5_9,0.00051981
670,1984,2,5_9,0.00046683
670,1985,2,5_9,0.0003995
670,1986,2,5_9,0.00033716
670,1987,2,5_9,0.00031891
670,1988,2,5_9,0.0002997
670,1989,2,5_9,0.00031647
670,1990,2,5_9,0.00032664
670,1991,2,5_9,0.00033772
670,1992,2,5_9,0.00014755
670,1993,2,5_9,0.00036291
670,1994,2,5_9,0.00037721
670,1995,2,5_9,0.00039279
670,1996,2,5_9,0.00038748
670,1997,2,5_9,0.00039565
670,1998,2,5_9,0.00039473
670,1999,2,5_9,0.00039678
670,2000,2,5_9,0.00037935
670,2001,2,5_9,0.0003628
670,2002,2,5_9,0.00048796
670,2003,2,5_9,0.00033217
670,2004,2,5_9,0.000318
670,2005,2,5_9,0.00030455
670,2006,2,5_9,0.0002948
670,2007,2,5_9,0.00028887
670,2008,2,5_9,0.00026008
670,2009,2,5_9,0.00022808
670,2010,2,5_9,0.00020616
670,2011,2,5_9,0.00017106
670,2012,2,5_9,0.0001421
670,2013,2,5_9,1.1e-07
670,2014,2,5_9,9.838e-05
670,2015,2,5_9,0.00023908
670,2016,2,5_9,0.00023222
670,2017,2,5_9,0.00022338
670,2018,2,5_9,0.00040359
670,2019,2,5_9,0.00031888
670,2020,2,5_9,1.1e-07
670,2021,2,5_9,1e-07
670,2022,2,5_9,0.00040234
670,2023,2,5_9,0.00040211
534,1950,2,5_9,0.00159772
534,1951,2,5_9,0.00149613
534,1952,2,5_9,0.0015027
534,1953,2,5_9,0.00141575
534,1954,2,5_9,0.0013536
534,1955,2,5_9,0.00126645
534,1956,2,5_9,0.00120094
534,1957,2,5_9,0.00114639
534,1958,2,5_9,0.00109995
534,1959,2,5_9,0.00105253
534,1960,2,5_9,0.00100434
534,1961,2,5_9,0.00096289
534,1962,2,5_9,0.00091777
534,1963,2,5_9,0.0008593
534,1964,2,5_9,0.00080886
534,1965,2,5_9,0.00075797
534,1966,2,5_9,0.00068854
534,1967,2,5_9,0.00062108
534,1968,2,5_9,0.00056704
534,1969,2,5_9,0.00051568
534,1970,2,5_9,0.00047377
534,1971,2,5_9,0.00044949
534,1972,2,5_9,0.00042891
534,1973,2,5_9,0.00041278
534,1974,2,5_9,0.00040319
534,1975,2,5_9,0.00039793
534,1976,2,5_9,0.00039689
534,1977,2,5_9,0.000401
534,1978,2,5_9,0.00040349
534,1979,2,5_9,0.00040195
534,1980,2,5_9,0.0003971
534,1981,2,5_9,0.00038747
534,1982,2,5_9,0.00037518
534,1983,2,5_9,0.00036615
534,1984,2,5_9,0.00036013
534,1985,2,5_9,0.0003564
534,1986,2,5_9,0.00035472
534,1987,2,5_9,0.00035502
534,1988,2,5_9,0.00035367
534,1989,2,5_9,0.00035239
534,1990,2,5_9,0.00035014
534,1991,2,5_9,0.00034785
534,1992,2,5_9,0.00034386
534,1993,2,5_9,0.00033862
534,1994,2,5_9,0.00033136
534,1995,2,5_9,0.00032097
534,1996,2,5_9,0.00030972
534,1997,2,5_9,0.00029772
534,1998,2,5_9,0.0002864
534,1999,2,5_9,0.00027612
534,2000,2,5_9,0.00027038
534,2001,2,5_9,0.00026609
534,2002,2,5_9,0.00026223
534,2003,2,5_9,0.00025955
534,2004,2,5_9,0.00025567
534,2005,2,5_9,0.00024929
534,2006,2,5_9,0.00024296
534,2007,2,5_9,0.00023949
534,2008,2,5_9,0.0002367
534,2009,2,5_9,0.00023649
534,2010,2,5_9,0.0002353
534,2011,2,5_9,0.00023401
534,2012,2,5_9,0.00022807
534,2013,2,5_9,0.00022169
534,2014,2,5_9,0.00021465
534,2015,2,5_9,0.00021217
534,2016,2,5_9,0.00021192
534,2017,2,5_9,0.00037539
534,2018,2,5_9,0.00022071
534,2019,2,5_9,0.00022108
534,2020,2,5_9,0.00021725
534,2021,2,5_9,0.00021233
534,2022,2,5_9,0.00020686
534,2023,2,5_9,0.00020206
780,1950,2,5_9,0.00125677
780,1951,2,5_9,0.00120993
780,1952,2,5_9,0.0011651
780,1953,2,5_9,0.00107263
780,1954,2,5_9,0.00095109
780,1955,2,5_9,0.00091981
780,1956,2,5_9,0.00085414
780,1957,2,5_9,0.00081304
780,1958,2,5_9,0.00072337
780,1959,2,5_9,0.00064587
780,1960,2,5_9,0.00057186
780,1961,2,5_9,0.00050026
780,1962,2,5_9,0.00049575
780,1963,2,5_9,0.00054978
780,1964,2,5_9,0.00051922
780,1965,2,5_9,0.00050714
780,1966,2,5_9,0.00054242
780,1967,2,5_9,0.00055049
780,1968,2,5_9,0.00056522
780,1969,2,5_9,0.00057579
780,1970,2,5_9,0.00061526
780,1971,2,5_9,0.00055343
780,1972,2,5_9,0.00055705
780,1973,2,5_9,0.00056554
780,1974,2,5_9,0.00055735
780,1975,2,5_9,0.00049883
780,1976,2,5_9,0.00050667
780,1977,2,5_9,0.00048153
780,1978,2,5_9,0.00046498
780,1979,2,5_9,0.00046714
780,1980,2,5_9,0.00049814
780,1981,2,5_9,0.00049838
780,1982,2,5_9,0.00045908
780,1983,2,5_9,0.00041873
780,1984,2,5_9,0.00034952
780,1985,2,5_9,0.00028918
780,1986,2,5_9,0.00025898
780,1987,2,5_9,0.00026883
780,1988,2,5_9,0.00026623
780,1989,2,5_9,0.00030625
780,1990,2,5_9,0.00032018
780,1991,2,5_9,0.00033894
780,1992,2,5_9,0.00033678
780,1993,2,5_9,0.00034084
780,1994,2,5_9,0.00029384
780,1995,2,5_9,0.00027976
780,1996,2,5_9,0.00030707
780,1997,2,5_9,0.00031182
780,1998,2,5_9,0.00029539
780,1999,2,5_9,0.00034834
780,2000,2,5_9,0.00035531
780,2001,2,5_9,0.00031068
780,2002,2,5_9,0.00028528
780,2003,2,5_9,0.00025754
780,2004,2,5_9,0.0002118
780,2005,2,5_9,0.00020256
780,2006,2,5_9,0.00019843
780,2007,2,5_9,0.00020327
780,2008,2,5_9,0.00022252
780,2009,2,5_9,0.00022356
780,2010,2,5_9,0.00021952
780,2011,2,5_9,0.00021233
780,2012,2,5_9,0.0001997
780,2013,2,5_9,0.00018041
780,2014,2,5_9,0.00016887
780,2015,2,5_9,0.00014528
780,2016,2,5_9,0.00014752
780,2017,2,5_9,0.00014914
780,2018,2,5_9,0.00020232
780,2019,2,5_9,0.00021459
780,2020,2,5_9,0.00020361
780,2021,2,5_9,0.00020646
780,2022,2,5_9,0.00022022
780,2023,2,5_9,0.00022451
796,1950,2,5_9,0.00424442
796,1951,2,5_9,0.00401359
796,1952,2,5_9,0.00379226
796,1953,2,5_9,0.00359076
796,1954,2,5_9,0.00341351
796,1955,2,5_9,0.00323324
796,1956,2,5_9,0.00306251
796,1957,2,5_9,0.00289991
796,1958,2,5_9,0.00274419
796,1959,2,5_9,0.00258541
796,1960,2,5_9,0.00244622
796,1961,2,5_9,0.00229424
796,1962,2,5_9,0.00219966
796,1963,2,5_9,0.00209891
796,1964,2,5_9,0.0019989
796,1965,2,5_9,0.00189908
796,1966,2,5_9,0.00181001
796,1967,2,5_9,0.00172257
796,1968,2,5_9,0.0016417
796,1969,2,5_9,0.00155844
796,1970,2,5_9,0.00147434
796,1971,2,5_9,0.00140044
796,1972,2,5_9,0.00133197
796,1973,2,5_9,0.00126792
796,1974,2,5_9,0.00120458
796,1975,2,5_9,0.00114957
796,1976,2,5_9,0.00109276
796,1977,2,5_9,0.00103605
796,1978,2,5_9,0.00098427
796,1979,2,5_9,0.00093679
796,1980,2,5_9,0.00088867
796,1981,2,5_9,0.00084446
796,1982,2,5_9,0.00080472
796,1983,2,5_9,0.00076833
796,1984,2,5_9,0.00073036
796,1985,2,5_9,0.00069426
796,1986,2,5_9,0.00065819
796,1987,2,5_9,0.00062132
796,1988,2,5_9,0.0005839
796,1989,2,5_9,0.00055127
796,1990,2,5_9,0.00052083
796,1991,2,5_9,0.0004944
796,1992,2,5_9,0.00047006
796,1993,2,5_9,0.00045296
796,1994,2,5_9,0.00043342
796,1995,2,5_9,0.00041447
796,1996,2,5_9,0.00039523
796,1997,2,5_9,0.00037484
796,1998,2,5_9,0.00035221
796,1999,2,5_9,0.00032779
796,2000,2,5_9,0.00030094
796,2001,2,5_9,0.00027463
796,2002,2,5_9,0.00024972
796,2003,2,5_9,0.00022794
796,2004,2,5_9,0.00021069
796,2005,2,5_9,0.00019774
796,2006,2,5_9,0.00018934
796,2007,2,5_9,0.00018347
796,2008,2,5_9,0.00041605
796,2009,2,5_9,0.0001788
796,2010,2,5_9,0.00017671
796,2011,2,5_9,0.0001737
796,2012,2,5_9,0.00017047
796,2013,2,5_9,0.00016603
796,2014,2,5_9,0.0001615
796,2015,2,5_9,0.00015738
796,2016,2,5_9,0.00015311
796,2017,2,5_9,0.00015085
796,2018,2,5_9,0.00014821
796,2019,2,5_9,0.00014604
796,2020,2,5_9,0.00014391
796,2021,2,5_9,0.00014198
796,2022,2,5_9,0.00014006
796,2023,2,5_9,0.00013817
850,1950,2,5_9,0.00225316
850,1951,2,5_9,0.00364542
850,1952,2,5_9,0.00227043
850,1953,2,5_9,0.00100487
850,1954,2,5_9,0.00112472
850,1955,2,5_9,0.00097852
850,1956,2,5_9,0.00210429
850,1957,2,5_9,0.00186104
850,1958,2,5_9,0.00080955
850,1959,2,5_9,0.00182509
850,1960,2,5_9,0.00141805
850,1961,2,5_9,0.0014612
850,1962,2,5_9,0.00185869
850,1963,2,5_9,0.00237232
850,1964,2,5_9,0.00146215
850,1965,2,5_9,0.00086612
850,1966,2,5_9,0.00161927
850,1967,2,5_9,0.00137345
850,1968,2,5_9,0.00113636
850,1969,2,5_9,0.00095237
850,1970,2,5_9,0.00079473
850,1971,2,5_9,0.00067415
850,1972,2,5_9,0.00120746
850,1973,2,5_9,0.00061313
850,1974,2,5_9,0.00060038
850,1975,2,5_9,0.00058374
850,1976,2,5_9,0.00057227
850,1977,2,5_9,0.0005618
850,1978,2,5_9,0.0005523
850,1979,2,5_9,0.00054309
850,1980,2,5_9,0.00050859
850,1981,2,5_9,0.0004955
850,1982,2,5_9,0.00048306
850,1983,2,5_9,0.00046839
850,1984,2,5_9,0.00045495
850,1985,2,5_9,0.00045547
850,1986,2,5_9,0.00043355
850,1987,2,5_9,0.00042079
850,1988,2,5_9,0.00040509
850,1989,2,5_9,0.00040027
850,1990,2,5_9,0.00039681
850,1991,2,5_9,0.00039156
850,1992,2,5_9,0.00038654
850,1993,2,5_9,0.0003841
850,1994,2,5_9,0.00037992
850,1995,2,5_9,0.00047561
850,1996,2,5_9,0.00037141
850,1997,2,5_9,0.00037884
850,1998,2,5_9,0.0003835
850,1999,2,5_9,0.00040723
850,2000,2,5_9,0.00032173
850,2001,2,5_9,0.00032182
850,2002,2,5_9,0.00032104
850,2003,2,5_9,0.0003551
850,2004,2,5_9,0.0003543
850,2005,2,5_9,0.00032726
850,2006,2,5_9,0.00030809
850,2007,2,5_9,0.00029719
850,2008,2,5_9,0.00028847
850,2009,2,5_9,0.00027157
850,2010,2,5_9,0.00025459
850,2011,2,5_9,0.000247
850,2012,2,5_9,0.00023607
850,2013,2,5_9,0.00022532
850,2014,2,5_9,0.00021658
850,2015,2,5_9,0.00020871
850,2016,2,5_9,0.00020137
850,2017,2,5_9,0.00028227
850,2018,2,5_9,0.00019058
850,2019,2,5_9,0.00018789
850,2020,2,5_9,0.00018521
850,2021,2,5_9,0.00018353
850,2022,2,5_9,0.00018148
850,2023,2,5_9,0.00017945
84,1950,2,5_9,0.00438605
84,1951,2,5_9,0.00422424
84,1952,2,5_9,0.00405778
84,1953,2,5_9,0.00390841
84,1954,2,5_9,0.00374983
84,1955,2,5_9,0.00386502
84,1956,2,5_9,0.00344847
84,1957,2,5_9,0.00329883
84,1958,2,5_9,0.003149
84,1959,2,5_9,0.00300359
84,1960,2,5_9,0.00286971
84,1961,2,5_9,0.00661795
84,1962,2,5_9,0.00261829
84,1963,2,5_9,0.00251552
84,1964,2,5_9,0.00241339
84,1965,2,5_9,0.00230904
84,1966,2,5_9,0.00219662
84,1967,2,5_9,0.00208257
84,1968,2,5_9,0.00196493
84,1969,2,5_9,0.00185763
84,1970,2,5_9,0.00175105
84,1971,2,5_9,0.00165564
84,1972,2,5_9,0.00156846
84,1973,2,5_9,0.00147814
84,1974,2,5_9,0.00140044
84,1975,2,5_9,0.00132229
84,1976,2,5_9,0.00124807
84,1977,2,5_9,0.00118384
84,1978,2,5_9,0.00118158
84,1979,2,5_9,0.0010818
84,1980,2,5_9,0.00103274
84,1981,2,5_9,0.00097948
84,1982,2,5_9,0.00093417
84,1983,2,5_9,0.00088324
84,1984,2,5_9,0.00083359
84,1985,2,5_9,0.00078701
84,1986,2,5_9,0.00073893
84,1987,2,5_9,0.00069328
84,1988,2,5_9,0.00065226
84,1989,2,5_9,0.00061312
84,1990,2,5_9,0.00057644
84,1991,2,5_9,0.00054434
84,1992,2,5_9,0.00053175
84,1993,2,5_9,0.00050131
84,1994,2,5_9,0.00046987
84,1995,2,5_9,0.00044945
84,1996,2,5_9,0.00042601
84,1997,2,5_9,0.00040868
84,1998,2,5_9,0.00045531
84,1999,2,5_9,0.00037929
84,2000,2,5_9,0.00045279
84,2001,2,5_9,0.00053482
84,2002,2,5_9,0.00034102
84,2003,2,5_9,0.00032763
84,2004,2,5_9,0.00032036
84,2005,2,5_9,0.00032616
84,2006,2,5_9,0.00030102
84,2007,2,5_9,0.00029389
84,2008,2,5_9,0.00032493
84,2009,2,5_9,0.0002812
84,2010,2,5_9,0.00027496
84,2011,2,5_9,0.00026823
84,2012,2,5_9,0.00026059
84,2013,2,5_9,0.00024979
84,2014,2,5_9,0.00024
84,2015,2,5_9,0.00023008
84,2016,2,5_9,0.00021951
84,2017,2,5_9,0.00020988
84,2018,2,5_9,0.00019939
84,2019,2,5_9,0.00019055
84,2020,2,5_9,0.00022802
84,2021,2,5_9,0.00018155
84,2022,2,5_9,0.00016824
84,2023,2,5_9,0.00015524
188,1950,2,5_9,0.00282821
188,1951,2,5_9,0.00275001
188,1952,2,5_9,0.00270542
188,1953,2,5_9,0.00242814
188,1954,2,5_9,0.00220055
188,1955,2,5_9,0.00211461
188,1956,2,5_9,0.00203166
188,1957,2,5_9,0.00181619
188,1958,2,5_9,0.00179737
188,1959,2,5_9,0.00175624
188,1960,2,5_9,0.00171613
188,1961,2,5_9,0.00157176
188,1962,2,5_9,0.00156837
188,1963,2,5_9,0.00143128
188,1964,2,5_9,0.00136415
188,1965,2,5_9,0.00124387
188,1966,2,5_9,0.00114102
188,1967,2,5_9,0.00104839
188,1968,2,5_9,0.00114272
188,1969,2,5_9,0.00103328
188,1970,2,5_9,0.00098446
188,1971,2,5_9,0.00097057
188,1972,2,5_9,0.00086566
188,1973,2,5_9,0.00077785
188,1974,2,5_9,0.00071524
188,1975,2,5_9,0.00062534
188,1976,2,5_9,0.00051717
188,1977,2,5_9,0.00049268
188,1978,2,5_9,0.00043888
188,1979,2,5_9,0.00039537
188,1980,2,5_9,0.00036351
188,1981,2,5_9,0.00036458
188,1982,2,5_9,0.00032252
188,1983,2,5_9,0.00030187
188,1984,2,5_9,0.00029873
188,1985,2,5_9,0.00029402
188,1986,2,5_9,0.00029415
188,1987,2,5_9,0.00030318
188,1988,2,5_9,0.00031759
188,1989,2,5_9,0.00027174
188,1990,2,5_9,0.00024381
188,1991,2,5_9,0.00024992
188,1992,2,5_9,0.00021683
188,1993,2,5_9,0.00021219
188,1994,2,5_9,0.00022736
188,1995,2,5_9,0.00023446
188,1996,2,5_9,0.00025302
188,1997,2,5_9,0.00021803
188,1998,2,5_9,0.00020755
188,1999,2,5_9,0.00018359
188,2000,2,5_9,0.0001877
188,2001,2,5_9,0.00019848
188,2002,2,5_9,0.00020022
188,2003,2,5_9,0.00020136
188,2004,2,5_9,0.00020636
188,2005,2,5_9,0.000186
188,2006,2,5_9,0.00016649
188,2007,2,5_9,0.00016354
188,2008,2,5_9,0.00016617
188,2009,2,5_9,0.00015971
188,2010,2,5_9,0.00016498
188,2011,2,5_9,0.00014743
188,2012,2,5_9,0.00014624
188,2013,2,5_9,0.00013453
188,2014,2,5_9,0.00012498
188,2015,2,5_9,0.00011761
188,2016,2,5_9,0.00012907
188,2017,2,5_9,0.0001589
188,2018,2,5_9,0.00013662
188,2019,2,5_9,0.00013173
188,2020,2,5_9,0.0001223
188,2021,2,5_9,9.955e-05
188,2022,2,5_9,0.00013484
188,2023,2,5_9,0.00011764
222,1950,2,5_9,0.00490083
222,1951,2,5_9,0.00535207
222,1952,2,5_9,0.00480383
222,1953,2,5_9,0.00478444
222,1954,2,5_9,0.00455536
222,1955,2,5_9,0.00432311
222,1956,2,5_9,0.00408526
222,1957,2,5_9,0.0038317
222,1958,2,5_9,0.0035652
222,1959,2,5_9,0.00349447
222,1960,2,5_9,0.0034135
222,1961,2,5_9,0.00332887
222,1962,2,5_9,0.00324242
222,1963,2,5_9,0.00316066
222,1964,2,5_9,0.00308811
222,1965,2,5_9,0.00335125
222,1966,2,5_9,0.0034798
222,1967,2,5_9,0.00392204
222,1968,2,5_9,0.00437962
222,1969,2,5_9,0.00445507
222,1970,2,5_9,0.00434415
222,1971,2,5_9,0.00418327
222,1972,2,5_9,0.00363441
222,1973,2,5_9,0.00298868
222,1974,2,5_9,0.00254345
222,1975,2,5_9,0.00206664
222,1976,2,5_9,0.00196303
222,1977,2,5_9,0.00191931
222,1978,2,5_9,0.00145181
222,1979,2,5_9,0.00172605
222,1980,2,5_9,0.00144745
222,1981,2,5_9,0.00174533
222,1982,2,5_9,0.00163741
222,1983,2,5_9,0.00149028
222,1984,2,5_9,0.00115117
222,1985,2,5_9,0.00112178
222,1986,2,5_9,0.00099867
222,1987,2,5_9,0.00083608
222,1988,2,5_9,0.00080251
222,1989,2,5_9,0.00117322
222,1990,2,5_9,0.00066103
222,1991,2,5_9,0.00058846
222,1992,2,5_9,0.00059803
222,1993,2,5_9,0.0004734
222,1994,2,5_9,0.00043769
222,1995,2,5_9,0.00040421
222,1996,2,5_9,0.00044861
222,1997,2,5_9,0.00044735
222,1998,2,5_9,0.00055349
222,1999,2,5_9,0.00041921
222,2000,2,5_9,0.00040325
222,2001,2,5_9,0.00040914
222,2002,2,5_9,0.00037488
222,2003,2,5_9,0.00040081
222,2004,2,5_9,0.00035145
222,2005,2,5_9,0.00035738
222,2006,2,5_9,0.00033287
222,2007,2,5_9,0.00032666
222,2008,2,5_9,0.00032338
222,2009,2,5_9,0.0003737
222,2010,2,5_9,0.00029142
222,2011,2,5_9,0.00026781
222,2012,2,5_9,0.00025413
222,2013,2,5_9,0.00024439
222,2014,2,5_9,0.00024273
222,2015,2,5_9,0.00025633
222,2016,2,5_9,0.0002565
222,2017,2,5_9,0.00027084
222,2018,2,5_9,0.00027824
222,2019,2,5_9,0.00032119
222,2020,2,5_9,0.00033149
222,2021,2,5_9,0.00031438
222,2022,2,5_9,0.00031912
222,2023,2,5_9,0.00030786
320,1950,2,5_9,0.01804739
320,1951,2,5_9,0.01728109
320,1952,2,5_9,0.01623732
320,1953,2,5_9,0.0152491
320,1954,2,5_9,0.01431947
320,1955,2,5_9,0.01344287
320,1956,2,5_9,0.01261733
320,1957,2,5_9,0.01184077
320,1958,2,5_9,0.01025048
320,1959,2,5_9,0.00879489
320,1960,2,5_9,0.00758472
320,1961,2,5_9,0.00768263
320,1962,2,5_9,0.00787228
320,1963,2,5_9,0.00788892
320,1964,2,5_9,0.00818806
320,1965,2,5_9,0.0084675
320,1966,2,5_9,0.00870166
320,1967,2,5_9,0.00861396
320,1968,2,5_9,0.0087718
320,1969,2,5_9,0.00865049
320,1970,2,5_9,0.00811043
320,1971,2,5_9,0.00666682
320,1972,2,5_9,0.00595169
320,1973,2,5_9,0.00507471
320,1974,2,5_9,0.00527668
320,1975,2,5_9,0.0056756
320,1976,2,5_9,0.00921314
320,1977,2,5_9,0.00437036
320,1978,2,5_9,0.00333284
320,1979,2,5_9,0.00296705
320,1980,2,5_9,0.0031067
320,1981,2,5_9,0.00301356
320,1982,2,5_9,0.0048644
320,1983,2,5_9,0.00303262
320,1984,2,5_9,0.00268588
320,1985,2,5_9,0.00229949
320,1986,2,5_9,0.0021518
320,1987,2,5_9,0.00196444
320,1988,2,5_9,0.00176331
320,1989,2,5_9,0.00196951
320,1990,2,5_9,0.00198809
320,1991,2,5_9,0.00184571
320,1992,2,5_9,0.0013971
320,1993,2,5_9,0.00125365
320,1994,2,5_9,0.00122935
320,1995,2,5_9,0.00117643
320,1996,2,5_9,0.00110238
320,1997,2,5_9,0.00097785
320,1998,2,5_9,0.00091485
320,1999,2,5_9,0.00077564
320,2000,2,5_9,0.00069263
320,2001,2,5_9,0.0006624
320,2002,2,5_9,0.00061281
320,2003,2,5_9,0.00057203
320,2004,2,5_9,0.00053493
320,2005,2,5_9,0.00069207
320,2006,2,5_9,0.00048757
320,2007,2,5_9,0.00045269
320,2008,2,5_9,0.00045439
320,2009,2,5_9,0.00043256
320,2010,2,5_9,0.0004197
320,2011,2,5_9,0.00036374
320,2012,2,5_9,0.00035449
320,2013,2,5_9,0.00036157
320,2014,2,5_9,0.00035926
320,2015,2,5_9,0.00036939
320,2016,2,5_9,0.00034652
320,2017,2,5_9,0.00036262
320,2018,2,5_9,0.00038299
320,2019,2,5_9,0.00034821
320,2020,2,5_9,0.00028096
320,2021,2,5_9,0.00029075
320,2022,2,5_9,0.00030665
320,2023,2,5_9,0.00028668
340,1950,2,5_9,0.00798359
340,1951,2,5_9,0.00777333
340,1952,2,5_9,0.00760554
340,1953,2,5_9,0.00739985
340,1954,2,5_9,0.00719054
340,1955,2,5_9,0.00692969
340,1956,2,5_9,0.00670651
340,1957,2,5_9,0.00643717
340,1958,2,5_9,0.00617158
340,1959,2,5_9,0.0058637
340,1960,2,5_9,0.00560213
340,1961,2,5_9,0.00549273
340,1962,2,5_9,0.0050779
340,1963,2,5_9,0.00481308
340,1964,2,5_9,0.00453768
340,1965,2,5_9,0.00429667
340,1966,2,5_9,0.00405973
340,1967,2,5_9,0.00384145
340,1968,2,5_9,0.00363704
340,1969,2,5_9,0.00345564
340,1970,2,5_9,0.00327368
340,1971,2,5_9,0.00310272
340,1972,2,5_9,0.00292352
340,1973,2,5_9,0.00373247
340,1974,2,5_9,0.00609254
340,1975,2,5_9,0.0024954
340,1976,2,5_9,0.00234395
340,1977,2,5_9,0.0022389
340,1978,2,5_9,0.00212314
340,1979,2,5_9,0.00200757
340,1980,2,5_9,0.00189306
340,1981,2,5_9,0.0017409
340,1982,2,5_9,0.00160988
340,1983,2,5_9,0.00140746
340,1984,2,5_9,0.00135445
340,1985,2,5_9,0.00133087
340,1986,2,5_9,0.00127423
340,1987,2,5_9,0.00121621
340,1988,2,5_9,0.00117408
340,1989,2,5_9,0.00112549
340,1990,2,5_9,0.00106892
340,1991,2,5_9,0.00101941
340,1992,2,5_9,0.00097347
340,1993,2,5_9,0.00097532
340,1994,2,5_9,0.00090418
340,1995,2,5_9,0.00085035
340,1996,2,5_9,0.00080356
340,1997,2,5_9,0.00077186
340,1998,2,5_9,0.00409383
340,1999,2,5_9,0.00072187
340,2000,2,5_9,0.00068899
340,2001,2,5_9,0.00067161
340,2002,2,5_9,0.00064945
340,2003,2,5_9,0.00063297
340,2004,2,5_9,0.00061411
340,2005,2,5_9,0.00060761
340,2006,2,5_9,0.00057938
340,2007,2,5_9,0.00056568
340,2008,2,5_9,0.00055999
340,2009,2,5_9,0.00054231
340,2010,2,5_9,0.00056146
340,2011,2,5_9,0.00051331
340,2012,2,5_9,0.00048331
340,2013,2,5_9,0.00045909
340,2014,2,5_9,0.00043688
340,2015,2,5_9,0.00041455
340,2016,2,5_9,0.00039545
340,2017,2,5_9,0.00038121
340,2018,2,5_9,0.00036694
340,2019,2,5_9,0.00036691
340,2020,2,5_9,0.00036552
340,2021,2,5_9,0.00033549
340,2022,2,5_9,0.00032442
340,2023,2,5_9,0.00031582
484,1950,2,5_9,0.0053696
484,1951,2,5_9,0.00503236
484,1952,2,5_9,0.00505299
484,1953,2,5_9,0.00443256
484,1954,2,5_9,0.0041865
484,1955,2,5_9,0.00365199
484,1956,2,5_9,0.00356926
484,1957,2,5_9,0.00331283
484,1958,2,5_9,0.00330181
484,1959,2,5_9,0.00310986
484,1960,2,5_9,0.00291347
484,1961,2,5_9,0.00272791
484,1962,2,5_9,0.00264209
484,1963,2,5_9,0.00256504
484,1964,2,5_9,0.00246655
484,1965,2,5_9,0.00233865
484,1966,2,5_9,0.00219291
484,1967,2,5_9,0.00217354
484,1968,2,5_9,0.00213366
484,1969,2,5_9,0.00218675
484,1970,2,5_9,0.00203953
484,1971,2,5_9,0.00197957
484,1972,2,5_9,0.00175069
484,1973,2,5_9,0.00153302
484,1974,2,5_9,0.0012414
484,1975,2,5_9,0.00113127
484,1976,2,5_9,0.00111659
484,1977,2,5_9,0.00107312
484,1978,2,5_9,0.00098807
484,1979,2,5_9,0.00088656
484,1980,2,5_9,0.00082704
484,1981,2,5_9,0.00073507
484,1982,2,5_9,0.00065064
484,1983,2,5_9,0.00062613
484,1984,2,5_9,0.00062062
484,1985,2,5_9,0.00060977
484,1986,2,5_9,0.00056406
484,1987,2,5_9,0.00054153
484,1988,2,5_9,0.00054965
484,1989,2,5_9,0.00057753
484,1990,2,5_9,0.00053533
484,1991,2,5_9,0.00046349
484,1992,2,5_9,0.00038336
484,1993,2,5_9,0.00035057
484,1994,2,5_9,0.00033331
484,1995,2,5_9,0.00032086
484,1996,2,5_9,0.000323
484,1997,2,5_9,0.00031734
484,1998,2,5_9,0.00030296
484,1999,2,5_9,0.00027958
484,2000,2,5_9,0.00026482
484,2001,2,5_9,0.00025603
484,2002,2,5_9,0.00025055
484,2003,2,5_9,0.00024877
484,2004,2,5_9,0.00025099
484,2005,2,5_9,0.00024901
484,2006,2,5_9,0.00024678
484,2007,2,5_9,0.00023408
484,2008,2,5_9,0.00024691
484,2009,2,5_9,0.0002433
484,2010,2,5_9,0.00024653
484,2011,2,5_9,0.00023269
484,2012,2,5_9,0.00022554
484,2013,2,5_9,0.00022011
484,2014,2,5_9,0.00021461
484,2015,2,5_9,0.00021353
484,2016,2,5_9,0.00021795
484,2017,2,5_9,0.00023023
484,2018,2,5_9,0.00022312
484,2019,2,5_9,0.00021716
484,2020,2,5_9,0.00022845
484,2021,2,5_9,0.00020578
484,2022,2,5_9,0.00026055
484,2023,2,5_9,0.00020005
558,1950,2,5_9,0.00811469
558,1951,2,5_9,0.00818284
558,1952,2,5_9,0.00759341
558,1953,2,5_9,0.00738943
558,1954,2,5_9,0.00717259
558,1955,2,5_9,0.00697483
558,1956,2,5_9,0.00676798
558,1957,2,5_9,0.00658619
558,1958,2,5_9,0.00639942
558,1959,2,5_9,0.00622267
558,1960,2,5_9,0.00612659
558,1961,2,5_9,0.00579425
558,1962,2,5_9,0.00551996
558,1963,2,5_9,0.00519011
558,1964,2,5_9,0.00480241
558,1965,2,5_9,0.00410641
558,1966,2,5_9,0.00353032
558,1967,2,5_9,0.00308803
558,1968,2,5_9,0.00300224
558,1969,2,5_9,0.00292301
558,1970,2,5_9,0.00284435
558,1971,2,5_9,0.002791
558,1972,2,5_9,0.00674657
558,1973,2,5_9,0.00263562
558,1974,2,5_9,0.00256168
558,1975,2,5_9,0.00247102
558,1976,2,5_9,0.00236775
558,1977,2,5_9,0.0022385
558,1978,2,5_9,0.00252509
558,1979,2,5_9,0.00238683
558,1980,2,5_9,0.00187285
558,1981,2,5_9,0.00180405
558,1982,2,5_9,0.00180044
558,1983,2,5_9,0.00176882
558,1984,2,5_9,0.00178534
558,1985,2,5_9,0.00180829
558,1986,2,5_9,0.00182933
558,1987,2,5_9,0.00184217
558,1988,2,5_9,0.00188959
558,1989,2,5_9,0.00183572
558,1990,2,5_9,0.00181764
558,1991,2,5_9,0.00179256
558,1992,2,5_9,0.0018173
558,1993,2,5_9,0.0017899
558,1994,2,5_9,0.00173681
558,1995,2,5_9,0.00173127
558,1996,2,5_9,0.0017036
558,1997,2,5_9,0.00166376
558,1998,2,5_9,0.00265353
558,1999,2,5_9,0.00165152
558,2000,2,5_9,0.00154239
558,2001,2,5_9,0.00133396
558,2002,2,5_9,0.00103092
558,2003,2,5_9,0.00077547
558,2004,2,5_9,0.00057734
558,2005,2,5_9,0.00040402
558,2006,2,5_9,0.00031928
558,2007,2,5_9,0.00034441
558,2008,2,5_9,0.00030714
558,2009,2,5_9,0.00030432
558,2010,2,5_9,0.00028843
558,2011,2,5_9,0.00026158
558,2012,2,5_9,0.00023842
558,2013,2,5_9,0.00025297
558,2014,2,5_9,0.00026632
558,2015,2,5_9,0.00027485
558,2016,2,5_9,0.00025968
558,2017,2,5_9,0.00023955
558,2018,2,5_9,0.00022976
558,2019,2,5_9,0.00028035
558,2020,2,5_9,0.00015604
558,2021,2,5_9,0.00017254
558,2022,2,5_9,0.0002092
558,2023,2,5_9,0.0001689
591,1950,2,5_9,0.00346632
591,1951,2,5_9,0.00330936
591,1952,2,5_9,0.00315665
591,1953,2,5_9,0.00301135
591,1954,2,5_9,0.00287174
591,1955,2,5_9,0.00282115
591,1956,2,5_9,0.00281261
591,1957,2,5_9,0.0027501
591,1958,2,5_9,0.00263137
591,1959,2,5_9,0.00253723
591,1960,2,5_9,0.00243853
591,1961,2,5_9,0.0023266
591,1962,2,5_9,0.00224872
591,1963,2,5_9,0.00220293
591,1964,2,5_9,0.00217362
591,1965,2,5_9,0.00217978
591,1966,2,5_9,0.00222834
591,1967,2,5_9,0.00216933
591,1968,2,5_9,0.00214907
591,1969,2,5_9,0.00208573
591,1970,2,5_9,0.00200159
591,1971,2,5_9,0.00188939
591,1972,2,5_9,0.00173055
591,1973,2,5_9,0.00146242
591,1974,2,5_9,0.00130351
591,1975,2,5_9,0.00111823
591,1976,2,5_9,0.00102352
591,1977,2,5_9,0.00091786
591,1978,2,5_9,0.00083266
591,1979,2,5_9,0.0008112
591,1980,2,5_9,0.00079285
591,1981,2,5_9,0.00073229
591,1982,2,5_9,0.00071654
591,1983,2,5_9,0.00066643
591,1984,2,5_9,0.00067464
591,1985,2,5_9,0.00061373
591,1986,2,5_9,0.00055768
591,1987,2,5_9,0.00053233
591,1988,2,5_9,0.00056
591,1989,2,5_9,0.00061581
591,1990,2,5_9,0.00049164
591,1991,2,5_9,0.00048113
591,1992,2,5_9,0.00049355
591,1993,2,5_9,0.0004556
591,1994,2,5_9,0.00047598
591,1995,2,5_9,0.00046714
591,1996,2,5_9,0.00044989
591,1997,2,5_9,0.00044386
591,1998,2,5_9,0.00043563
591,1999,2,5_9,0.00040843
591,2000,2,5_9,0.00042329
591,2001,2,5_9,0.00039064
591,2002,2,5_9,0.00040005
591,2003,2,5_9,0.00040024
591,2004,2,5_9,0.00037937
591,2005,2,5_9,0.00035894
591,2006,2,5_9,0.00034829
591,2007,2,5_9,0.00030598
591,2008,2,5_9,0.00030828
591,2009,2,5_9,0.00028748
591,2010,2,5_9,0.00028494
591,2011,2,5_9,0.00027588
591,2012,2,5_9,0.00026819
591,2013,2,5_9,0.00034246
591,2014,2,5_9,0.00026391
591,2015,2,5_9,0.00021428
591,2016,2,5_9,0.00026024
591,2017,2,5_9,0.00030268
591,2018,2,5_9,0.00022588
591,2019,2,5_9,0.00023338
591,2020,2,5_9,0.00023087
591,2021,2,5_9,0.00025105
591,2022,2,5_9,0.0002136
591,2023,2,5_9,0.00020743
32,1950,2,5_9,0.00102051
32,1951,2,5_9,0.00098062
32,1952,2,5_9,0.00086925
32,1953,2,5_9,0.00091274
32,1954,2,5_9,0.00087803
32,1955,2,5_9,0.0008529
32,1956,2,5_9,0.00075187
32,1957,2,5_9,0.00089323
32,1958,2,5_9,0.00077791
32,1959,2,5_9,0.00076024
32,1960,2,5_9,0.0008361
32,1961,2,5_9,0.00078021
32,1962,2,5_9,0.00075967
32,1963,2,5_9,0.0006765
32,1964,2,5_9,0.0007265
32,1965,2,5_9,0.00069399
32,1966,2,5_9,0.00061571
32,1967,2,5_9,0.00061905
32,1968,2,5_9,0.00068473
32,1969,2,5_9,0.00062517
32,1970,2,5_9,0.00065005
32,1971,2,5_9,0.00060574
32,1972,2,5_9,0.00057722
32,1973,2,5_9,0.00055356
32,1974,2,5_9,0.00054997
32,1975,2,5_9,0.00050736
32,1976,2,5_9,0.00050438
32,1977,2,5_9,0.00049912
32,1978,2,5_9,0.00049193
32,1979,2,5_9,0.00046608
32,1980,2,5_9,0.00042948
32,1981,2,5_9,0.00039698
32,1982,2,5_9,0.00039086
32,1983,2,5_9,0.00039946
32,1984,2,5_9,0.0003743
32,1985,2,5_9,0.00036622
32,1986,2,5_9,0.00034932
32,1987,2,5_9,0.00033351
32,1988,2,5_9,0.00031887
32,1989,2,5_9,0.00030356
32,1990,2,5_9,0.00030871
32,1991,2,5_9,0.000283
32,1992,2,5_9,0.00028764
32,1993,2,5_9,0.00028429
32,1994,2,5_9,0.00027972
32,1995,2,5_9,0.00027485
32,1996,2,5_9,0.00027002
32,1997,2,5_9,0.00025729
32,1998,2,5_9,0.00025148
32,1999,2,5_9,0.00024602
32,2000,2,5_9,0.00024049
32,2001,2,5_9,0.00025417
32,2002,2,5_9,0.00023026
32,2003,2,5_9,0.00021335
32,2004,2,5_9,0.00021006
32,2005,2,5_9,0.00021574
32,2006,2,5_9,0.00024834
32,2007,2,5_9,0.00021991
32,2008,2,5_9,0.00022869
32,2009,2,5_9,0.00025007
32,2010,2,5_9,0.00019162
32,2011,2,5_9,0.00019067
32,2012,2,5_9,0.00019404
32,2013,2,5_9,0.00017874
32,2014,2,5_9,0.00018362
32,2015,2,5_9,0.00016997
32,2016,2,5_9,0.0001706
32,2017,2,5_9,0.00019075
32,2018,2,5_9,0.00016384
32,2019,2,5_9,0.00015161
32,2020,2,5_9,0.00012983
32,2021,2,5_9,0.00013442
32,2022,2,5_9,0.00019214
32,2023,2,5_9,0.00013987
68,1950,2,5_9,0.00542567
68,1951,2,5_9,0.00536788
68,1952,2,5_9,0.00529651
68,1953,2,5_9,0.00529997
68,1954,2,5_9,0.00522392
68,1955,2,5_9,0.00516784
68,1956,2,5_9,0.00509644
68,1957,2,5_9,0.00502173
68,1958,2,5_9,0.00494507
68,1959,2,5_9,0.00486708
68,1960,2,5_9,0.00477823
68,1961,2,5_9,0.00470709
68,1962,2,5_9,0.00462525
68,1963,2,5_9,0.00454229
68,1964,2,5_9,0.00445912
68,1965,2,5_9,0.00433073
68,1966,2,5_9,0.00422857
68,1967,2,5_9,0.00413741
68,1968,2,5_9,0.00403014
68,1969,2,5_9,0.00400769
68,1970,2,5_9,0.00391317
68,1971,2,5_9,0.00387038
68,1972,2,5_9,0.00388971
68,1973,2,5_9,0.00378764
68,1974,2,5_9,0.00371911
68,1975,2,5_9,0.00360985
68,1976,2,5_9,0.00347432
68,1977,2,5_9,0.00342364
68,1978,2,5_9,0.00340107
68,1979,2,5_9,0.00333431
68,1980,2,5_9,0.00327147
68,1981,2,5_9,0.00323386
68,1982,2,5_9,0.00324825
68,1983,2,5_9,0.00321949
68,1984,2,5_9,0.00313155
68,1985,2,5_9,0.00313636
68,1986,2,5_9,0.00309206
68,1987,2,5_9,0.00294886
68,1988,2,5_9,0.00284059
68,1989,2,5_9,0.00269961
68,1990,2,5_9,0.00258647
68,1991,2,5_9,0.00248489
68,1992,2,5_9,0.00241676
68,1993,2,5_9,0.0022713
68,1994,2,5_9,0.00215352
68,1995,2,5_9,0.00209015
68,1996,2,5_9,0.00206396
68,1997,2,5_9,0.00204019
68,1998,2,5_9,0.00199594
68,1999,2,5_9,0.00194946
68,2000,2,5_9,0.0019248
68,2001,2,5_9,0.00184481
68,2002,2,5_9,0.00175263
68,2003,2,5_9,0.00172102
68,2004,2,5_9,0.0016951
68,2005,2,5_9,0.00165828
68,2006,2,5_9,0.00164107
68,2007,2,5_9,0.00158721
68,2008,2,5_9,0.00155957
68,2009,2,5_9,0.00152483
68,2010,2,5_9,0.00149392
68,2011,2,5_9,0.00146932
68,2012,2,5_9,0.00144088
68,2013,2,5_9,0.00142474
68,2014,2,5_9,0.00141285
68,2015,2,5_9,0.00138054
68,2016,2,5_9,0.00135993
68,2017,2,5_9,0.00133944
68,2018,2,5_9,0.00132075
68,2019,2,5_9,0.001314
68,2020,2,5_9,0.0012942
68,2021,2,5_9,0.0012606
68,2022,2,5_9,0.00123287
68,2023,2,5_9,0.00121106
76,1950,2,5_9,0.00298899
76,1951,2,5_9,0.00289598
76,1952,2,5_9,0.00280655
76,1953,2,5_9,0.00276581
76,1954,2,5_9,0.00271272
76,1955,2,5_9,0.00265899
76,1956,2,5_9,0.0026053
76,1957,2,5_9,0.00255199
76,1958,2,5_9,0.00250995
76,1959,2,5_9,0.00245938
76,1960,2,5_9,0.00240461
76,1961,2,5_9,0.00235193
76,1962,2,5_9,0.00229866
76,1963,2,5_9,0.00223393
76,1964,2,5_9,0.002182
76,1965,2,5_9,0.00212761
76,1966,2,5_9,0.00208305
76,1967,2,5_9,0.00203264
76,1968,2,5_9,0.0019681
76,1969,2,5_9,0.00190965
76,1970,2,5_9,0.00184896
76,1971,2,5_9,0.001788
76,1972,2,5_9,0.00172449
76,1973,2,5_9,0.00166464
76,1974,2,5_9,0.00162509
76,1975,2,5_9,0.00156002
76,1976,2,5_9,0.00150749
76,1977,2,5_9,0.00145666
76,1978,2,5_9,0.00139884
76,1979,2,5_9,0.0013372
76,1980,2,5_9,0.0012741
76,1981,2,5_9,0.00121353
76,1982,2,5_9,0.00115251
76,1983,2,5_9,0.00109912
76,1984,2,5_9,0.00105469
76,1985,2,5_9,0.00100495
76,1986,2,5_9,0.00095777
76,1987,2,5_9,0.00091275
76,1988,2,5_9,0.00085869
76,1989,2,5_9,0.00083646
76,1990,2,5_9,0.0008129
76,1991,2,5_9,0.0007909
76,1992,2,5_9,0.00077022
76,1993,2,5_9,0.00076039
76,1994,2,5_9,0.00071382
76,1995,2,5_9,0.00066961
76,1996,2,5_9,0.0006269
76,1997,2,5_9,0.00058613
76,1998,2,5_9,0.00054159
76,1999,2,5_9,0.00053338
76,2000,2,5_9,0.00052105
76,2001,2,5_9,0.00050478
76,2002,2,5_9,0.00048663
76,2003,2,5_9,0.0004719
76,2004,2,5_9,0.00042224
76,2005,2,5_9,0.0003766
76,2006,2,5_9,0.00033578
76,2007,2,5_9,0.00030112
76,2008,2,5_9,0.00027364
76,2009,2,5_9,0.00025457
76,2010,2,5_9,0.00024186
76,2011,2,5_9,0.00023341
76,2012,2,5_9,0.00022285
76,2013,2,5_9,0.00021551
76,2014,2,5_9,0.0002066
76,2015,2,5_9,0.00019596
76,2016,2,5_9,0.00019576
76,2017,2,5_9,0.00019206
76,2018,2,5_9,0.00018633
76,2019,2,5_9,0.00019458
76,2020,2,5_9,0.00014428
76,2021,2,5_9,0.00016655
76,2022,2,5_9,0.0001523
76,2023,2,5_9,0.00013329
152,1950,2,5_9,0.0017329
152,1951,2,5_9,0.00165286
152,1952,2,5_9,0.00157482
152,1953,2,5_9,0.00150447
152,1954,2,5_9,0.00143133
152,1955,2,5_9,0.0013448
152,1956,2,5_9,0.00131573
152,1957,2,5_9,0.00126913
152,1958,2,5_9,0.00128484
152,1959,2,5_9,0.00127501
152,1960,2,5_9,0.00126771
152,1961,2,5_9,0.00122204
152,1962,2,5_9,0.00117912
152,1963,2,5_9,0.00109755
152,1964,2,5_9,0.00104696
152,1965,2,5_9,0.00097272
152,1966,2,5_9,0.00090766
152,1967,2,5_9,0.00083753
152,1968,2,5_9,0.00080837
152,1969,2,5_9,0.000793
152,1970,2,5_9,0.00077133
152,1971,2,5_9,0.00074406
152,1972,2,5_9,0.00070609
152,1973,2,5_9,0.00066266
152,1974,2,5_9,0.00061764
152,1975,2,5_9,0.00058531
152,1976,2,5_9,0.00056833
152,1977,2,5_9,0.00053145
152,1978,2,5_9,0.0005054
152,1979,2,5_9,0.00046858
152,1980,2,5_9,0.00041786
152,1981,2,5_9,0.00039372
152,1982,2,5_9,0.00037043
152,1983,2,5_9,0.00034307
152,1984,2,5_9,0.000312
152,1985,2,5_9,0.00030353
152,1986,2,5_9,0.00028963
152,1987,2,5_9,0.00027927
152,1988,2,5_9,0.00025878
152,1989,2,5_9,0.0002629
152,1990,2,5_9,0.00025352
152,1991,2,5_9,0.00024623
152,1992,2,5_9,0.00023943
152,1993,2,5_9,0.00023255
152,1994,2,5_9,0.00022564
152,1995,2,5_9,0.00021775
152,1996,2,5_9,0.00021128
152,1997,2,5_9,0.00020346
152,1998,2,5_9,0.00019919
152,1999,2,5_9,0.0001974
152,2000,2,5_9,0.00018591
152,2001,2,5_9,0.00017621
152,2002,2,5_9,0.00016722
152,2003,2,5_9,0.00015884
152,2004,2,5_9,0.00014877
152,2005,2,5_9,0.00015256
152,2006,2,5_9,0.00015303
152,2007,2,5_9,0.0001519
152,2008,2,5_9,0.00015091
152,2009,2,5_9,0.00014881
152,2010,2,5_9,0.00014793
152,2011,2,5_9,0.00014733
152,2012,2,5_9,0.0001384
152,2013,2,5_9,0.0001425
152,2014,2,5_9,0.00014406
152,2015,2,5_9,0.00013951
152,2016,2,5_9,0.00013838
152,2017,2,5_9,0.00013852
152,2018,2,5_9,0.00012385
152,2019,2,5_9,0.0001162
152,2020,2,5_9,8.594e-05
152,2021,2,5_9,9.941e-05
152,2022,2,5_9,0.000141
152,2023,2,5_9,0.00014851
170,1950,2,5_9,0.00492291
170,1951,2,5_9,0.00467723
170,1952,2,5_9,0.00437077
170,1953,2,5_9,0.00410026
170,1954,2,5_9,0.00389629
170,1955,2,5_9,0.00370029
170,1956,2,5_9,0.00354188
170,1957,2,5_9,0.00313142
170,1958,2,5_9,0.00298899
170,1959,2,5_9,0.00269963
170,1960,2,5_9,0.0025255
170,1961,2,5_9,0.00239897
170,1962,2,5_9,0.0023034
170,1963,2,5_9,0.00219624
170,1964,2,5_9,0.00210369
170,1965,2,5_9,0.00201818
170,1966,2,5_9,0.00193277
170,1967,2,5_9,0.0018517
170,1968,2,5_9,0.00176569
170,1969,2,5_9,0.00170038
170,1970,2,5_9,0.00164097
170,1971,2,5_9,0.00155785
170,1972,2,5_9,0.00144476
170,1973,2,5_9,0.00135131
170,1974,2,5_9,0.00129073
170,1975,2,5_9,0.00124235
170,1976,2,5_9,0.00119729
170,1977,2,5_9,0.00110261
170,1978,2,5_9,0.00097371
170,1979,2,5_9,0.00089536
170,1980,2,5_9,0.0007873
170,1981,2,5_9,0.00073135
170,1982,2,5_9,0.00068508
170,1983,2,5_9,0.00068036
170,1984,2,5_9,0.00054686
170,1985,2,5_9,0.00140241
170,1986,2,5_9,0.0005294
170,1987,2,5_9,0.00054417
170,1988,2,5_9,0.00048523
170,1989,2,5_9,0.00043525
170,1990,2,5_9,0.00041255
170,1991,2,5_9,0.00040837
170,1992,2,5_9,0.00040284
170,1993,2,5_9,0.00038353
170,1994,2,5_9,0.00037325
170,1995,2,5_9,0.00034882
170,1996,2,5_9,0.00033658
170,1997,2,5_9,0.0003318
170,1998,2,5_9,0.00034539
170,1999,2,5_9,0.00038466
170,2000,2,5_9,0.00037465
170,2001,2,5_9,0.00036497
170,2002,2,5_9,0.00036226
170,2003,2,5_9,0.00030901
170,2004,2,5_9,0.00029914
170,2005,2,5_9,0.00029807
170,2006,2,5_9,0.00028676
170,2007,2,5_9,0.00027654
170,2008,2,5_9,0.00026267
170,2009,2,5_9,0.00026014
170,2010,2,5_9,0.00025669
170,2011,2,5_9,0.00024444
170,2012,2,5_9,0.00023609
170,2013,2,5_9,0.00023917
170,2014,2,5_9,0.00023694
170,2015,2,5_9,0.00023721
170,2016,2,5_9,0.00023738
170,2017,2,5_9,0.00025648
170,2018,2,5_9,0.00024487
170,2019,2,5_9,0.00024362
170,2020,2,5_9,0.00021217
170,2021,2,5_9,0.00023476
170,2022,2,5_9,0.00023062
170,2023,2,5_9,0.00022241
218,1950,2,5_9,0.00290256
218,1951,2,5_9,0.0028667
218,1952,2,5_9,0.00281041
218,1953,2,5_9,0.00276037
218,1954,2,5_9,0.00268373
218,1955,2,5_9,0.00260664
218,1956,2,5_9,0.00251867
218,1957,2,5_9,0.00241819
218,1958,2,5_9,0.00230585
218,1959,2,5_9,0.00218243
218,1960,2,5_9,0.0020549
218,1961,2,5_9,0.00192543
218,1962,2,5_9,0.00180059
218,1963,2,5_9,0.00168053
218,1964,2,5_9,0.00156555
218,1965,2,5_9,0.00145893
218,1966,2,5_9,0.00137145
218,1967,2,5_9,0.00127662
218,1968,2,5_9,0.00119489
218,1969,2,5_9,0.00117324
218,1970,2,5_9,0.00105818
218,1971,2,5_9,0.00098472
218,1972,2,5_9,0.00091943
218,1973,2,5_9,0.00086603
218,1974,2,5_9,0.00080888
218,1975,2,5_9,0.00076212
218,1976,2,5_9,0.00073594
218,1977,2,5_9,0.00069504
218,1978,2,5_9,0.00067392
218,1979,2,5_9,0.00065485
218,1980,2,5_9,0.00063689
218,1981,2,5_9,0.000618
218,1982,2,5_9,0.00060684
218,1983,2,5_9,0.00061765
218,1984,2,5_9,0.00057416
218,1985,2,5_9,0.00056224
218,1986,2,5_9,0.00055038
218,1987,2,5_9,0.00053839
218,1988,2,5_9,0.00052398
218,1989,2,5_9,0.00058746
218,1990,2,5_9,0.00066072
218,1991,2,5_9,0.00079891
218,1992,2,5_9,0.00075134
218,1993,2,5_9,0.00074524
218,1994,2,5_9,0.00063765
218,1995,2,5_9,0.00060276
218,1996,2,5_9,0.00055209
218,1997,2,5_9,0.00053846
218,1998,2,5_9,0.00053026
218,1999,2,5_9,0.00053756
218,2000,2,5_9,0.00052677
218,2001,2,5_9,0.00051808
218,2002,2,5_9,0.00048887
218,2003,2,5_9,0.00045799
218,2004,2,5_9,0.00043006
218,2005,2,5_9,0.00043693
218,2006,2,5_9,0.00043205
218,2007,2,5_9,0.00041808
218,2008,2,5_9,0.00042985
218,2009,2,5_9,0.00042733
218,2010,2,5_9,0.00040961
218,2011,2,5_9,0.0003807
218,2012,2,5_9,0.00035898
218,2013,2,5_9,0.00033582
218,2014,2,5_9,0.0003103
218,2015,2,5_9,0.0003229
218,2016,2,5_9,0.00036616
218,2017,2,5_9,0.00029729
218,2018,2,5_9,0.00030363
218,2019,2,5_9,0.00026889
218,2020,2,5_9,0.00026599
218,2021,2,5_9,0.00026559
218,2022,2,5_9,0.00024548
218,2023,2,5_9,0.00023572
238,1950,2,5_9,0.00398175
238,1951,2,5_9,0.00391765
238,1952,2,5_9,0.00385419
238,1953,2,5_9,0.0037409
238,1954,2,5_9,0.00361233
238,1955,2,5_9,0.00350226
238,1956,2,5_9,0.00339369
238,1957,2,5_9,0.00329215
238,1958,2,5_9,0.00318892
238,1959,2,5_9,0.00310049
238,1960,2,5_9,0.00302634
238,1961,2,5_9,0.00296996
238,1962,2,5_9,0.00291776
238,1963,2,5_9,0.00288366
238,1964,2,5_9,0.00285036
238,1965,2,5_9,0.00281164
238,1966,2,5_9,0.00277766
238,1967,2,5_9,0.00275365
238,1968,2,5_9,0.00272407
238,1969,2,5_9,0.00268645
238,1970,2,5_9,0.00265828
238,1971,2,5_9,0.00261691
238,1972,2,5_9,0.00257564
238,1973,2,5_9,0.00254047
238,1974,2,5_9,0.00252097
238,1975,2,5_9,0.00250454
238,1976,2,5_9,0.00252066
238,1977,2,5_9,0.002574
238,1978,2,5_9,0.00266859
238,1979,2,5_9,0.002789
238,1980,2,5_9,0.00294746
238,1981,2,5_9,0.00311626
238,1982,2,5_9,0.00327011
238,1983,2,5_9,0.00339771
238,1984,2,5_9,0.00349146
238,1985,2,5_9,0.00354574
238,1986,2,5_9,0.00355548
238,1987,2,5_9,0.00351697
238,1988,2,5_9,0.00342845
238,1989,2,5_9,0.00328451
238,1990,2,5_9,0.00307777
238,1991,2,5_9,0.00281157
238,1992,2,5_9,0.00249663
238,1993,2,5_9,0.00215213
238,1994,2,5_9,0.00179897
238,1995,2,5_9,0.00144636
238,1996,2,5_9,0.00112592
238,1997,2,5_9,0.00086276
238,1998,2,5_9,0.00066144
238,1999,2,5_9,0.00050951
238,2000,2,5_9,0.00041522
238,2001,2,5_9,0.00035259
238,2002,2,5_9,0.00031051
238,2003,2,5_9,0.00028337
238,2004,2,5_9,0.00026267
238,2005,2,5_9,0.00024443
238,2006,2,5_9,0.00023138
238,2007,2,5_9,0.00021993
238,2008,2,5_9,0.00021083
238,2009,2,5_9,0.00020295
238,2010,2,5_9,0.00019785
238,2011,2,5_9,0.00019429
238,2012,2,5_9,0.00019134
238,2013,2,5_9,0.00019022
238,2014,2,5_9,0.00018992
238,2015,2,5_9,0.00018869
238,2016,2,5_9,0.00018796
238,2017,2,5_9,0.00018666
238,2018,2,5_9,0.00018383
238,2019,2,5_9,0.00018096
238,2020,2,5_9,0.00017755
238,2021,2,5_9,0.00017339
238,2022,2,5_9,0.00017197
238,2023,2,5_9,0.00017001
254,1950,2,5_9,0.00497367
254,1951,2,5_9,0.00468624
254,1952,2,5_9,0.00448049
254,1953,2,5_9,0.00428187
254,1954,2,5_9,0.00409149
254,1955,2,5_9,0.00388495
254,1956,2,5_9,0.00363168
254,1957,2,5_9,0.00332901
254,1958,2,5_9,0.00300687
254,1959,2,5_9,0.0026934
254,1960,2,5_9,0.0024087
254,1961,2,5_9,0.00214646
254,1962,2,5_9,0.00190936
254,1963,2,5_9,0.00169757
254,1964,2,5_9,0.00152584
254,1965,2,5_9,0.0013931
254,1966,2,5_9,0.00129977
254,1967,2,5_9,0.00123839
254,1968,2,5_9,0.00119533
254,1969,2,5_9,0.00115645
254,1970,2,5_9,0.00111541
254,1971,2,5_9,0.00106193
254,1972,2,5_9,0.00100599
254,1973,2,5_9,0.00094942
254,1974,2,5_9,0.00090263
254,1975,2,5_9,0.00085303
254,1976,2,5_9,0.00080651
254,1977,2,5_9,0.00075008
254,1978,2,5_9,0.00068648
254,1979,2,5_9,0.00061648
254,1980,2,5_9,0.00055927
254,1981,2,5_9,0.00051629
254,1982,2,5_9,0.00048019
254,1983,2,5_9,0.00044537
254,1984,2,5_9,0.00041935
254,1985,2,5_9,0.00039993
254,1986,2,5_9,0.00038452
254,1987,2,5_9,0.00036711
254,1988,2,5_9,0.0003493
254,1989,2,5_9,0.00033334
254,1990,2,5_9,0.0003328
254,1991,2,5_9,0.00033019
254,1992,2,5_9,0.0003251
254,1993,2,5_9,0.00030361
254,1994,2,5_9,0.00028306
254,1995,2,5_9,0.00026395
254,1996,2,5_9,0.00024567
254,1997,2,5_9,0.00020756
254,1998,2,5_9,0.00021325
254,1999,2,5_9,0.00022723
254,2000,2,5_9,0.00033272
254,2001,2,5_9,0.00024816
254,2002,2,5_9,0.00025282
254,2003,2,5_9,0.00028156
254,2004,2,5_9,0.00032597
254,2005,2,5_9,0.00034436
254,2006,2,5_9,0.00033879
254,2007,2,5_9,0.00033019
254,2008,2,5_9,0.00030749
254,2009,2,5_9,0.00026119
254,2010,2,5_9,0.00024671
254,2011,2,5_9,0.00023823
254,2012,2,5_9,0.00025018
254,2013,2,5_9,0.00020791
254,2014,2,5_9,0.00019564
254,2015,2,5_9,0.00018306
254,2016,2,5_9,0.00013237
254,2017,2,5_9,4.8e-07
254,2018,2,5_9,4.863e-05
254,2019,2,5_9,5.124e-05
254,2020,2,5_9,0.00012881
254,2021,2,5_9,0.00039185
254,2022,2,5_9,5.7e-07
254,2023,2,5_9,1.4e-07
328,1950,2,5_9,0.00152889
328,1951,2,5_9,0.00143123
328,1952,2,5_9,0.00124542
328,1953,2,5_9,0.00130716
328,1954,2,5_9,0.00118694
328,1955,2,5_9,0.0011146
328,1956,2,5_9,0.00105505
328,1957,2,5_9,0.00099414
328,1958,2,5_9,0.00097888
328,1959,2,5_9,0.00089816
328,1960,2,5_9,0.00086018
328,1961,2,5_9,0.00083828
328,1962,2,5_9,0.00080124
328,1963,2,5_9,0.00077225
328,1964,2,5_9,0.00074574
328,1965,2,5_9,0.00073641
328,1966,2,5_9,0.00072278
328,1967,2,5_9,0.00070527
328,1968,2,5_9,0.00069861
328,1969,2,5_9,0.00067888
328,1970,2,5_9,0.0006656
328,1971,2,5_9,0.00065067
328,1972,2,5_9,0.00063918
328,1973,2,5_9,0.0006301
328,1974,2,5_9,0.00062247
328,1975,2,5_9,0.00062162
328,1976,2,5_9,0.00062064
328,1977,2,5_9,0.00061966
328,1978,2,5_9,0.00061782
328,1979,2,5_9,0.00061649
328,1980,2,5_9,0.00060957
328,1981,2,5_9,0.00060668
328,1982,2,5_9,0.00059938
328,1983,2,5_9,0.00059479
328,1984,2,5_9,0.00058398
328,1985,2,5_9,0.00057811
328,1986,2,5_9,0.00056939
328,1987,2,5_9,0.00056133
328,1988,2,5_9,0.00054864
328,1989,2,5_9,0.00053774
328,1990,2,5_9,0.00051833
328,1991,2,5_9,0.00050404
328,1992,2,5_9,0.00048871
328,1993,2,5_9,0.0004647
328,1994,2,5_9,0.00045717
328,1995,2,5_9,0.00043499
328,1996,2,5_9,0.00045021
328,1997,2,5_9,0.0004358
328,1998,2,5_9,0.00042724
328,1999,2,5_9,0.0003961
328,2000,2,5_9,0.0003814
328,2001,2,5_9,0.0003655
328,2002,2,5_9,0.00037291
328,2003,2,5_9,0.00036464
328,2004,2,5_9,0.00034447
328,2005,2,5_9,0.000394
328,2006,2,5_9,0.00034679
328,2007,2,5_9,0.00032309
328,2008,2,5_9,0.00033552
328,2009,2,5_9,0.00030655
328,2010,2,5_9,0.00028939
328,2011,2,5_9,0.00028304
328,2012,2,5_9,0.0002811
328,2013,2,5_9,0.00027638
328,2014,2,5_9,0.00025798
328,2015,2,5_9,0.00025955
328,2016,2,5_9,0.00024347
328,2017,2,5_9,0.00022546
328,2018,2,5_9,0.00022926
328,2019,2,5_9,0.00022466
328,2020,2,5_9,0.00021414
328,2021,2,5_9,0.00020922
328,2022,2,5_9,0.00020639
328,2023,2,5_9,0.00020055
600,1950,2,5_9,0.00220427
600,1951,2,5_9,0.00215348
600,1952,2,5_9,0.00213397
600,1953,2,5_9,0.00211133
600,1954,2,5_9,0.00208355
600,1955,2,5_9,0.00205185
600,1956,2,5_9,0.00201425
600,1957,2,5_9,0.00196628
600,1958,2,5_9,0.00191326
600,1959,2,5_9,0.00185573
600,1960,2,5_9,0.00179969
600,1961,2,5_9,0.00174527
600,1962,2,5_9,0.00169537
600,1963,2,5_9,0.00165055
600,1964,2,5_9,0.00161166
600,1965,2,5_9,0.00158209
600,1966,2,5_9,0.00155516
600,1967,2,5_9,0.00153479
600,1968,2,5_9,0.00151626
600,1969,2,5_9,0.00149875
600,1970,2,5_9,0.00148263
600,1971,2,5_9,0.00146551
600,1972,2,5_9,0.00144964
600,1973,2,5_9,0.00143159
600,1974,2,5_9,0.00141104
600,1975,2,5_9,0.00138471
600,1976,2,5_9,0.00135629
600,1977,2,5_9,0.00132651
600,1978,2,5_9,0.00129573
600,1979,2,5_9,0.0012633
600,1980,2,5_9,0.00122893
600,1981,2,5_9,0.00119412
600,1982,2,5_9,0.0011584
600,1983,2,5_9,0.00113688
600,1984,2,5_9,0.00108572
600,1985,2,5_9,0.00104833
600,1986,2,5_9,0.00101182
600,1987,2,5_9,0.00097542
600,1988,2,5_9,0.00093968
600,1989,2,5_9,0.00094261
600,1990,2,5_9,0.0009263
600,1991,2,5_9,0.00091018
600,1992,2,5_9,0.00085531
600,1993,2,5_9,0.00080286
600,1994,2,5_9,0.00075303
600,1995,2,5_9,0.00070508
600,1996,2,5_9,0.00065916
600,1997,2,5_9,0.00062666
600,1998,2,5_9,0.00058461
600,1999,2,5_9,0.00053956
600,2000,2,5_9,0.0005026
600,2001,2,5_9,0.00046757
600,2002,2,5_9,0.00043413
600,2003,2,5_9,0.00040224
600,2004,2,5_9,0.00037261
600,2005,2,5_9,0.00034485
600,2006,2,5_9,0.00031988
600,2007,2,5_9,0.00029523
600,2008,2,5_9,0.00027269
600,2009,2,5_9,0.00025036
600,2010,2,5_9,0.00022889
600,2011,2,5_9,0.00021598
600,2012,2,5_9,0.00020725
600,2013,2,5_9,0.00020642
600,2014,2,5_9,0.00021412
600,2015,2,5_9,0.00021221
600,2016,2,5_9,0.00021157
600,2017,2,5_9,0.00021215
600,2018,2,5_9,0.0002093
600,2019,2,5_9,0.00021279
600,2020,2,5_9,0.00023656
600,2021,2,5_9,0.00020782
600,2022,2,5_9,0.00022241
600,2023,2,5_9,0.00021625
604,1950,2,5_9,0.00440524
604,1951,2,5_9,0.0043219
604,1952,2,5_9,0.00423589
604,1953,2,5_9,0.00414525
604,1954,2,5_9,0.00403351
604,1955,2,5_9,0.00391765
604,1956,2,5_9,0.00378362
604,1957,2,5_9,0.00363591
604,1958,2,5_9,0.00349506
604,1959,2,5_9,0.00338929
604,1960,2,5_9,0.00330608
604,1961,2,5_9,0.00320529
604,1962,2,5_9,0.00323902
604,1963,2,5_9,0.00284796
604,1964,2,5_9,0.00266278
604,1965,2,5_9,0.00254434
604,1966,2,5_9,0.00246252
604,1967,2,5_9,0.0023721
604,1968,2,5_9,0.00226862
604,1969,2,5_9,0.00220223
604,1970,2,5_9,0.00715975
604,1971,2,5_9,0.00217093
604,1972,2,5_9,0.00208889
604,1973,2,5_9,0.00209186
604,1974,2,5_9,0.00203583
604,1975,2,5_9,0.00197553
604,1976,2,5_9,0.00193199
604,1977,2,5_9,0.00187832
604,1978,2,5_9,0.00179097
604,1979,2,5_9,0.00169141
604,1980,2,5_9,0.0016058
604,1981,2,5_9,0.00153857
604,1982,2,5_9,0.001503
604,1983,2,5_9,0.00145545
604,1984,2,5_9,0.00136546
604,1985,2,5_9,0.00132574
604,1986,2,5_9,0.00127751
604,1987,2,5_9,0.00122885
604,1988,2,5_9,0.00117402
604,1989,2,5_9,0.00110908
604,1990,2,5_9,0.00106829
604,1991,2,5_9,0.00111368
604,1992,2,5_9,0.00098034
604,1993,2,5_9,0.00092386
604,1994,2,5_9,0.00086122
604,1995,2,5_9,0.00080516
604,1996,2,5_9,0.00075124
604,1997,2,5_9,0.00072191
604,1998,2,5_9,0.00069719
604,1999,2,5_9,0.00061366
604,2000,2,5_9,0.00058847
604,2001,2,5_9,0.00058071
604,2002,2,5_9,0.0005678
604,2003,2,5_9,0.00053976
604,2004,2,5_9,0.00052115
604,2005,2,5_9,0.00048862
604,2006,2,5_9,0.00046857
604,2007,2,5_9,0.00047514
604,2008,2,5_9,0.00046685
604,2009,2,5_9,0.00049691
604,2010,2,5_9,0.00050332
604,2011,2,5_9,0.00048722
604,2012,2,5_9,0.00046501
604,2013,2,5_9,0.00045343
604,2014,2,5_9,0.0004346
604,2015,2,5_9,0.00040274
604,2016,2,5_9,0.00037475
604,2017,2,5_9,0.00037349
604,2018,2,5_9,0.00038561
604,2019,2,5_9,0.00029247
604,2020,2,5_9,0.00028336
604,2021,2,5_9,0.00027799
604,2022,2,5_9,0.00031233
604,2023,2,5_9,0.0002548
740,1950,2,5_9,0.00151305
740,1951,2,5_9,0.00147487
740,1952,2,5_9,0.00143768
740,1953,2,5_9,0.00139594
740,1954,2,5_9,0.00138136
740,1955,2,5_9,0.00136811
740,1956,2,5_9,0.00135645
740,1957,2,5_9,0.00134548
740,1958,2,5_9,0.00133633
740,1959,2,5_9,0.00130747
740,1960,2,5_9,0.00126938
740,1961,2,5_9,0.00122808
740,1962,2,5_9,0.00119983
740,1963,2,5_9,0.00112354
740,1964,2,5_9,0.00104665
740,1965,2,5_9,0.00098483
740,1966,2,5_9,0.00092945
740,1967,2,5_9,0.00086637
740,1968,2,5_9,0.0008559
740,1969,2,5_9,0.00084526
740,1970,2,5_9,0.00083451
740,1971,2,5_9,0.00082391
740,1972,2,5_9,0.00081325
740,1973,2,5_9,0.00080239
740,1974,2,5_9,0.00079157
740,1975,2,5_9,0.00078084
740,1976,2,5_9,0.0007703
740,1977,2,5_9,0.00075942
740,1978,2,5_9,0.00074839
740,1979,2,5_9,0.00073824
740,1980,2,5_9,0.00072796
740,1981,2,5_9,0.00071725
740,1982,2,5_9,0.00070686
740,1983,2,5_9,0.00069697
740,1984,2,5_9,0.00068659
740,1985,2,5_9,0.00067617
740,1986,2,5_9,0.0006659
740,1987,2,5_9,0.000656
740,1988,2,5_9,0.00064596
740,1989,2,5_9,0.00063374
740,1990,2,5_9,0.00062289
740,1991,2,5_9,0.00060826
740,1992,2,5_9,0.00058826
740,1993,2,5_9,0.00056655
740,1994,2,5_9,0.00055103
740,1995,2,5_9,0.00053929
740,1996,2,5_9,0.00052789
740,1997,2,5_9,0.00051973
740,1998,2,5_9,0.00050541
740,1999,2,5_9,0.00048575
740,2000,2,5_9,0.00046545
740,2001,2,5_9,0.00045608
740,2002,2,5_9,0.00045403
740,2003,2,5_9,0.00045806
740,2004,2,5_9,0.00046147
740,2005,2,5_9,0.0004533
740,2006,2,5_9,0.00043236
740,2007,2,5_9,0.00039308
740,2008,2,5_9,0.00035272
740,2009,2,5_9,0.00030565
740,2010,2,5_9,0.00027539
740,2011,2,5_9,0.00026058
740,2012,2,5_9,0.00025659
740,2013,2,5_9,0.00026658
740,2014,2,5_9,0.00028783
740,2015,2,5_9,0.00030841
740,2016,2,5_9,0.00033996
740,2017,2,5_9,0.0003596
740,2018,2,5_9,0.00039245
740,2019,2,5_9,0.00042232
740,2020,2,5_9,0.00034729
740,2021,2,5_9,0.00043988
740,2022,2,5_9,0.00030672
740,2023,2,5_9,0.00029805
858,1950,2,5_9,0.00048102
858,1951,2,5_9,0.0004724
858,1952,2,5_9,0.00046544
858,1953,2,5_9,0.00045763
858,1954,2,5_9,0.00044888
858,1955,2,5_9,0.00044019
858,1956,2,5_9,0.00043157
858,1957,2,5_9,0.00042349
858,1958,2,5_9,0.00041544
858,1959,2,5_9,0.00040727
858,1960,2,5_9,0.00040125
858,1961,2,5_9,0.0003958
858,1962,2,5_9,0.00039112
858,1963,2,5_9,0.00038495
858,1964,2,5_9,0.00037922
858,1965,2,5_9,0.00037352
858,1966,2,5_9,0.00036786
858,1967,2,5_9,0.00036388
858,1968,2,5_9,0.00035606
858,1969,2,5_9,0.00035887
858,1970,2,5_9,0.00036659
858,1971,2,5_9,0.00037305
858,1972,2,5_9,0.00036946
858,1973,2,5_9,0.00035981
858,1974,2,5_9,0.0003505
858,1975,2,5_9,0.00034137
858,1976,2,5_9,0.00033228
858,1977,2,5_9,0.00032181
858,1978,2,5_9,0.00029128
858,1979,2,5_9,0.00030602
858,1980,2,5_9,0.00029888
858,1981,2,5_9,0.00030356
858,1982,2,5_9,0.00026605
858,1983,2,5_9,0.00026433
858,1984,2,5_9,0.00024574
858,1985,2,5_9,0.00027411
858,1986,2,5_9,0.00027918
858,1987,2,5_9,0.00031166
858,1988,2,5_9,0.00028439
858,1989,2,5_9,0.00026686
858,1990,2,5_9,0.0002449
858,1991,2,5_9,0.0002437
858,1992,2,5_9,0.00025593
858,1993,2,5_9,0.00026378
858,1994,2,5_9,0.00025673
858,1995,2,5_9,0.00024408
858,1996,2,5_9,0.00024593
858,1997,2,5_9,0.0002444
858,1998,2,5_9,0.00023975
858,1999,2,5_9,0.00020137
858,2000,2,5_9,0.00019039
858,2001,2,5_9,0.00019306
858,2002,2,5_9,0.00020394
858,2003,2,5_9,0.00022434
858,2004,2,5_9,0.0001832
858,2005,2,5_9,0.00018321
858,2006,2,5_9,0.0001531
858,2007,2,5_9,0.00017436
858,2008,2,5_9,0.00018184
858,2009,2,5_9,0.00016997
858,2010,2,5_9,0.00016288
858,2011,2,5_9,0.00015363
858,2012,2,5_9,0.00018866
858,2013,2,5_9,0.00017015
858,2014,2,5_9,0.00015118
858,2015,2,5_9,0.00011284
858,2016,2,5_9,0.00014029
858,2017,2,5_9,0.00018201
858,2018,2,5_9,0.00014612
858,2019,2,5_9,0.00012012
858,2020,2,5_9,0.00010289
858,2021,2,5_9,0.0001798
858,2022,2,5_9,0.00013334
858,2023,2,5_9,0.00010543
862,1950,2,5_9,0.00259009
862,1951,2,5_9,0.00231068
862,1952,2,5_9,0.00223106
862,1953,2,5_9,0.00215748
862,1954,2,5_9,0.00208054
862,1955,2,5_9,0.0020076
862,1956,2,5_9,0.00193433
862,1957,2,5_9,0.00186199
862,1958,2,5_9,0.00179061
862,1959,2,5_9,0.00171441
862,1960,2,5_9,0.00164668
862,1961,2,5_9,0.00157653
862,1962,2,5_9,0.00151448
862,1963,2,5_9,0.00144295
862,1964,2,5_9,0.00137674
862,1965,2,5_9,0.00131159
862,1966,2,5_9,0.00104621
862,1967,2,5_9,0.00119204
862,1968,2,5_9,0.0011256
862,1969,2,5_9,0.00131489
862,1970,2,5_9,0.0010134
862,1971,2,5_9,0.00087605
862,1972,2,5_9,0.00097448
862,1973,2,5_9,0.00087681
862,1974,2,5_9,0.00078213
862,1975,2,5_9,0.0007926
862,1976,2,5_9,0.00075334
862,1977,2,5_9,0.00059179
862,1978,2,5_9,0.00056706
862,1979,2,5_9,0.00058207
862,1980,2,5_9,0.00051452
862,1981,2,5_9,0.00058702
862,1982,2,5_9,0.00048514
862,1983,2,5_9,0.00045062
862,1984,2,5_9,0.00048874
862,1985,2,5_9,0.00042825
862,1986,2,5_9,0.0004358
862,1987,2,5_9,0.00043317
862,1988,2,5_9,0.00039758
862,1989,2,5_9,0.00041351
862,1990,2,5_9,0.0004173
862,1991,2,5_9,0.0003799
862,1992,2,5_9,0.00036314
862,1993,2,5_9,0.00040304
862,1994,2,5_9,0.00033448
862,1995,2,5_9,0.00036206
862,1996,2,5_9,0.00036633
862,1997,2,5_9,0.00035101
862,1998,2,5_9,0.00034938
862,1999,2,5_9,0.00038085
862,2000,2,5_9,0.00033395
862,2001,2,5_9,0.00036677
862,2002,2,5_9,0.00028623
862,2003,2,5_9,0.00031909
862,2004,2,5_9,0.00031203
862,2005,2,5_9,0.00028591
862,2006,2,5_9,0.00028966
862,2007,2,5_9,0.00023054
862,2008,2,5_9,0.00028938
862,2009,2,5_9,0.00031101
862,2010,2,5_9,0.00027064
862,2011,2,5_9,0.00021917
862,2012,2,5_9,0.00022841
862,2013,2,5_9,0.00023806
862,2014,2,5_9,0.00024732
862,2015,2,5_9,0.00027241
862,2016,2,5_9,0.00026723
862,2017,2,5_9,0.00034366
862,2018,2,5_9,0.00035268
862,2019,2,5_9,0.00031102
862,2020,2,5_9,0.00031313
862,2021,2,5_9,0.00031451
862,2022,2,5_9,0.0003184
862,2023,2,5_9,0.00031417
60,1950,2,5_9,0.00139729
60,1951,2,5_9,0.00138855
60,1952,2,5_9,0.00137317
60,1953,2,5_9,0.00131111
60,1954,2,5_9,0.00119909
60,1955,2,5_9,0.00114632
60,1956,2,5_9,0.00104254
60,1957,2,5_9,0.00099079
60,1958,2,5_9,0.00093385
60,1959,2,5_9,0.00086543
60,1960,2,5_9,0.00077241
60,1961,2,5_9,0.00064375
60,1962,2,5_9,0.00060992
60,1963,2,5_9,0.00063217
60,1964,2,5_9,0.00065084
60,1965,2,5_9,0.00062927
60,1966,2,5_9,0.00060331
60,1967,2,5_9,0.00058078
60,1968,2,5_9,0.00054423
60,1969,2,5_9,0.00051195
60,1970,2,5_9,0.00047536
60,1971,2,5_9,0.00043803
60,1972,2,5_9,0.00039967
60,1973,2,5_9,0.00036396
60,1974,2,5_9,0.0003424
60,1975,2,5_9,0.0003198
60,1976,2,5_9,0.00030107
60,1977,2,5_9,0.00027825
60,1978,2,5_9,0.0002601
60,1979,2,5_9,0.00024228
60,1980,2,5_9,0.00023021
60,1981,2,5_9,0.00021838
60,1982,2,5_9,0.00020772
60,1983,2,5_9,0.00019997
60,1984,2,5_9,0.00019909
60,1985,2,5_9,0.00020108
60,1986,2,5_9,0.00020168
60,1987,2,5_9,0.00020146
60,1988,2,5_9,0.00020262
60,1989,2,5_9,0.0002021
60,1990,2,5_9,0.00020239
60,1991,2,5_9,0.00020302
60,1992,2,5_9,0.0002014
60,1993,2,5_9,0.00019291
60,1994,2,5_9,0.00017314
60,1995,2,5_9,0.00015237
60,1996,2,5_9,0.00014187
60,1997,2,5_9,0.0001376
60,1998,2,5_9,0.00013195
60,1999,2,5_9,0.00012194
60,2000,2,5_9,0.00011363
60,2001,2,5_9,0.00010854
60,2002,2,5_9,0.0001041
60,2003,2,5_9,0.00019207
60,2004,2,5_9,9.101e-05
60,2005,2,5_9,8.463e-05
60,2006,2,5_9,8.028e-05
60,2007,2,5_9,7.785e-05
60,2008,2,5_9,7.752e-05
60,2009,2,5_9,7.668e-05
60,2010,2,5_9,7.342e-05
60,2011,2,5_9,6.821e-05
60,2012,2,5_9,6.494e-05
60,2013,2,5_9,6.45e-05
60,2014,2,5_9,6.48e-05
60,2015,2,5_9,6.706e-05
60,2016,2,5_9,6.95e-05
60,2017,2,5_9,7.07e-05
60,2018,2,5_9,6.952e-05
60,2019,2,5_9,6.862e-05
60,2020,2,5_9,6.88e-05
60,2021,2,5_9,6.795e-05
60,2022,2,5_9,6.727e-05
60,2023,2,5_9,6.674e-05
124,1950,2,5_9,0.00069609
124,1951,2,5_9,0.00067608
124,1952,2,5_9,0.00068818
124,1953,2,5_9,0.00051605
124,1954,2,5_9,0.00050607
124,1955,2,5_9,0.00050603
124,1956,2,5_9,0.00046403
124,1957,2,5_9,0.00047204
124,1958,2,5_9,0.00042806
124,1959,2,5_9,0.00047006
124,1960,2,5_9,0.00042806
124,1961,2,5_9,0.00039805
124,1962,2,5_9,0.00040803
124,1963,2,5_9,0.00044405
124,1964,2,5_9,0.00038603
124,1965,2,5_9,0.00041405
124,1966,2,5_9,0.00042605
124,1967,2,5_9,0.00042207
124,1968,2,5_9,0.00038403
124,1969,2,5_9,0.00038804
124,1970,2,5_9,0.00038202
124,1971,2,5_9,0.00038603
124,1972,2,5_9,0.00034602
124,1973,2,5_9,0.00034403
124,1974,2,5_9,0.00034003
124,1975,2,5_9,0.00034803
124,1976,2,5_9,0.00031203
124,1977,2,5_9,0.00028603
124,1978,2,5_9,0.00029801
124,1979,2,5_9,0.00028601
124,1980,2,5_9,0.00025201
124,1981,2,5_9,0.00025201
124,1982,2,5_9,0.00021201
124,1983,2,5_9,0.00021601
124,1984,2,5_9,0.00020401
124,1985,2,5_9,0.00018601
124,1986,2,5_9,0.000182
124,1987,2,5_9,0.00018201
124,1988,2,5_9,0.000162
124,1989,2,5_9,0.00017801
124,1990,2,5_9,0.000174
124,1991,2,5_9,0.00016601
124,1992,2,5_9,0.00018401
124,1993,2,5_9,0.00015001
124,1994,2,5_9,0.000138
124,1995,2,5_9,0.00014
124,1996,2,5_9,0.00014
124,1997,2,5_9,0.00014
124,1998,2,5_9,0.000132
124,1999,2,5_9,0.000114
124,2000,2,5_9,0.000106
124,2001,2,5_9,0.000118
124,2002,2,5_9,9.8e-05
124,2003,2,5_9,8e-05
124,2004,2,5_9,7.2e-05
124,2005,2,5_9,8.6e-05
124,2006,2,5_9,9.6e-05
124,2007,2,5_9,0.000122
124,2008,2,5_9,9.8e-05
124,2009,2,5_9,8.2e-05
124,2010,2,5_9,8.4e-05
124,2011,2,5_9,8.6e-05
124,2012,2,5_9,6.8e-05
124,2013,2,5_9,7.8e-05
124,2014,2,5_9,8e-05
124,2015,2,5_9,8.2e-05
124,2016,2,5_9,8.8e-05
124,2017,2,5_9,8.2e-05
124,2018,2,5_9,7.4e-05
124,2019,2,5_9,7.8e-05
124,2020,2,5_9,7.2e-05
124,2021,2,5_9,7.955e-05
124,2022,2,5_9,7.178e-05
124,2023,2,5_9,6.917e-05
304,1950,2,5_9,0.0181203
304,1951,2,5_9,0.01652761
304,1952,2,5_9,0.01470867
304,1953,2,5_9,0.01299661
304,1954,2,5_9,0.01125243
304,1955,2,5_9,0.00965918
304,1956,2,5_9,0.00818527
304,1957,2,5_9,0.00665934
304,1958,2,5_9,0.00553824
304,1959,2,5_9,0.00462644
304,1960,2,5_9,0.0038496
304,1961,2,5_9,0.0032125
304,1962,2,5_9,0.00271873
304,1963,2,5_9,0.00243913
304,1964,2,5_9,0.00227031
304,1965,2,5_9,0.00225449
304,1966,2,5_9,0.00242492
304,1967,2,5_9,0.00255632
304,1968,2,5_9,0.00262199
304,1969,2,5_9,0.00271646
304,1970,2,5_9,0.00293609
304,1971,2,5_9,0.00319228
304,1972,2,5_9,0.00353416
304,1973,2,5_9,0.00391068
304,1974,2,5_9,0.00416772
304,1975,2,5_9,0.00418018
304,1976,2,5_9,0.00397369
304,1977,2,5_9,0.00372619
304,1978,2,5_9,0.00349242
304,1979,2,5_9,0.00333576
304,1980,2,5_9,0.00327322
304,1981,2,5_9,0.00328477
304,1982,2,5_9,0.00329809
304,1983,2,5_9,0.00330273
304,1984,2,5_9,0.00328441
304,1985,2,5_9,0.00325356
304,1986,2,5_9,0.00321545
304,1987,2,5_9,0.00317034
304,1988,2,5_9,0.00314033
304,1989,2,5_9,0.00314454
304,1990,2,5_9,0.00315952
304,1991,2,5_9,0.00317141
304,1992,2,5_9,0.00320489
304,1993,2,5_9,0.00327586
304,1994,2,5_9,0.00330217
304,1995,2,5_9,0.0033094
304,1996,2,5_9,0.00328905
304,1997,2,5_9,0.00320038
304,1998,2,5_9,0.00320408
304,1999,2,5_9,0.00294124
304,2000,2,5_9,0.00273972
304,2001,2,5_9,0.00254561
304,2002,2,5_9,0.00233411
304,2003,2,5_9,0.00210477
304,2004,2,5_9,0.00207994
304,2005,2,5_9,0.00205439
304,2006,2,5_9,0.00195232
304,2007,2,5_9,0.00195599
304,2008,2,5_9,0.00194517
304,2009,2,5_9,0.00190279
304,2010,2,5_9,0.00183196
304,2011,2,5_9,0.00173443
304,2012,2,5_9,0.00161786
304,2013,2,5_9,0.00151452
304,2014,2,5_9,0.00143672
304,2015,2,5_9,0.00137103
304,2016,2,5_9,0.00130546
304,2017,2,5_9,0.0012871
304,2018,2,5_9,0.00127962
304,2019,2,5_9,0.00128334
304,2020,2,5_9,0.00131245
304,2021,2,5_9,0.00137234
304,2022,2,5_9,0.00135534
304,2023,2,5_9,0.00133858
666,1950,2,5_9,0.00086347
666,1951,2,5_9,0.00082895
666,1952,2,5_9,0.00079799
666,1953,2,5_9,0.00076699
666,1954,2,5_9,0.00073509
666,1955,2,5_9,0.00070171
666,1956,2,5_9,0.00066792
666,1957,2,5_9,0.00063444
666,1958,2,5_9,0.00060249
666,1959,2,5_9,0.00057208
666,1960,2,5_9,0.00054592
666,1961,2,5_9,0.00052575
666,1962,2,5_9,0.00051168
666,1963,2,5_9,0.00050138
666,1964,2,5_9,0.00049635
666,1965,2,5_9,0.00049339
666,1966,2,5_9,0.00048999
666,1967,2,5_9,0.00048385
666,1968,2,5_9,0.00047356
666,1969,2,5_9,0.00045595
666,1970,2,5_9,0.00043466
666,1971,2,5_9,0.00040894
666,1972,2,5_9,0.00038499
666,1973,2,5_9,0.00036308
666,1974,2,5_9,0.00034348
666,1975,2,5_9,0.00032789
666,1976,2,5_9,0.0003176
666,1977,2,5_9,0.00031122
666,1978,2,5_9,0.00030789
666,1979,2,5_9,0.00030705
666,1980,2,5_9,0.00030726
666,1981,2,5_9,0.00030151
666,1982,2,5_9,0.00029073
666,1983,2,5_9,0.00027476
666,1984,2,5_9,0.00025735
666,1985,2,5_9,0.00024057
666,1986,2,5_9,0.00022215
666,1987,2,5_9,0.00020429
666,1988,2,5_9,0.00018945
666,1989,2,5_9,0.0001766
666,1990,2,5_9,0.00016575
666,1991,2,5_9,0.00015695
666,1992,2,5_9,0.00015133
666,1993,2,5_9,0.0001449
666,1994,2,5_9,0.00013907
666,1995,2,5_9,0.00013341
666,1996,2,5_9,0.0001276
666,1997,2,5_9,0.00012146
666,1998,2,5_9,0.00011554
666,1999,2,5_9,0.00010983
666,2000,2,5_9,0.00010446
666,2001,2,5_9,9.966e-05
666,2002,2,5_9,9.555e-05
666,2003,2,5_9,9.205e-05
666,2004,2,5_9,8.914e-05
666,2005,2,5_9,8.687e-05
666,2006,2,5_9,8.488e-05
666,2007,2,5_9,8.339e-05
666,2008,2,5_9,8.221e-05
666,2009,2,5_9,8.159e-05
666,2010,2,5_9,8.135e-05
666,2011,2,5_9,8.146e-05
666,2012,2,5_9,8.166e-05
666,2013,2,5_9,8.194e-05
666,2014,2,5_9,8.196e-05
666,2015,2,5_9,8.192e-05
666,2016,2,5_9,8.174e-05
666,2017,2,5_9,8.143e-05
666,2018,2,5_9,8.099e-05
666,2019,2,5_9,8.04e-05
666,2020,2,5_9,7.986e-05
666,2021,2,5_9,7.921e-05
666,2022,2,5_9,7.862e-05
666,2023,2,5_9,7.801e-05
840,1950,2,5_9,0.00052004
840,1951,2,5_9,0.00052009
840,1952,2,5_9,0.00051608
840,1953,2,5_9,0.00046004
840,1954,2,5_9,0.00043803
840,1955,2,5_9,0.00041804
840,1956,2,5_9,0.00040805
840,1957,2,5_9,0.00041604
840,1958,2,5_9,0.00040604
840,1959,2,5_9,0.00041004
840,1960,2,5_9,0.00041004
840,1961,2,5_9,0.00038604
840,1962,2,5_9,0.00039404
840,1963,2,5_9,0.00038604
840,1964,2,5_9,0.00037203
840,1965,2,5_9,0.00036803
840,1966,2,5_9,0.00037203
840,1967,2,5_9,0.00035803
840,1968,2,5_9,0.00036603
840,1969,2,5_9,0.00036002
840,1970,2,5_9,0.00034603
840,1971,2,5_9,0.00035003
840,1972,2,5_9,0.00035002
840,1973,2,5_9,0.00034202
840,1974,2,5_9,0.00030202
840,1975,2,5_9,0.00028602
840,1976,2,5_9,0.00028002
840,1977,2,5_9,0.00026601
840,1978,2,5_9,0.00027401
840,1979,2,5_9,0.00025401
840,1980,2,5_9,0.00025801
840,1981,2,5_9,0.00023601
840,1982,2,5_9,0.00023201
840,1983,2,5_9,0.00022001
840,1984,2,5_9,0.000208
840,1985,2,5_9,0.00021201
840,1986,2,5_9,0.000198
840,1987,2,5_9,0.000194
840,1988,2,5_9,0.000208
840,1989,2,5_9,0.00021001
840,1990,2,5_9,0.00018601
840,1991,2,5_9,0.000182
840,1992,2,5_9,0.00016801
840,1993,2,5_9,0.000188
840,1994,2,5_9,0.000168
840,1995,2,5_9,0.000166
840,1996,2,5_9,0.000162
840,1997,2,5_9,0.00016
840,1998,2,5_9,0.000146
840,1999,2,5_9,0.000152
840,2000,2,5_9,0.000142
840,2001,2,5_9,0.00014
840,2002,2,5_9,0.000134
840,2003,2,5_9,0.00013
840,2004,2,5_9,0.00013
840,2005,2,5_9,0.000134
840,2006,2,5_9,0.000124
840,2007,2,5_9,0.000124
840,2008,2,5_9,0.000114
840,2009,2,5_9,0.000116
840,2010,2,5_9,0.000102
840,2011,2,5_9,0.000108
840,2012,2,5_9,0.0001
840,2013,2,5_9,0.000102
840,2014,2,5_9,9.8e-05
840,2015,2,5_9,0.000102
840,2016,2,5_9,0.000112
840,2017,2,5_9,0.000106
840,2018,2,5_9,0.000106
840,2019,2,5_9,0.000104
840,2020,2,5_9,9.8e-05
840,2021,2,5_9,0.000104
840,2022,2,5_9,9.98e-05
840,2023,2,5_9,9.663e-05
36,1950,2,5_9,0.00058409
36,1951,2,5_9,0.00052411
36,1952,2,5_9,0.00056205
36,1953,2,5_9,0.00054211
36,1954,2,5_9,0.00048406
36,1955,2,5_9,0.00046205
36,1956,2,5_9,0.00035803
36,1957,2,5_9,0.00039204
36,1958,2,5_9,0.00037803
36,1959,2,5_9,0.00040602
36,1960,2,5_9,0.00040404
36,1961,2,5_9,0.00037403
36,1962,2,5_9,0.00035803
36,1963,2,5_9,0.00035805
36,1964,2,5_9,0.00038806
36,1965,2,5_9,0.00032603
36,1966,2,5_9,0.00035202
36,1967,2,5_9,0.00033
36,1968,2,5_9,0.00036603
36,1969,2,5_9,0.00036203
36,1970,2,5_9,0.00034403
36,1971,2,5_9,0.00031602
36,1972,2,5_9,0.00031802
36,1973,2,5_9,0.00032003
36,1974,2,5_9,0.00030403
36,1975,2,5_9,0.00026201
36,1976,2,5_9,0.00028002
36,1977,2,5_9,0.00025401
36,1978,2,5_9,0.00023801
36,1979,2,5_9,0.00022999
36,1980,2,5_9,0.00022001
36,1981,2,5_9,0.000178
36,1982,2,5_9,0.00018401
36,1983,2,5_9,0.00017801
36,1984,2,5_9,0.000182
36,1985,2,5_9,0.00019801
36,1986,2,5_9,0.00019001
36,1987,2,5_9,0.000164
36,1988,2,5_9,0.000174
36,1989,2,5_9,0.00017001
36,1990,2,5_9,0.000142
36,1991,2,5_9,0.000138
36,1992,2,5_9,0.000162
36,1993,2,5_9,0.000132
36,1994,2,5_9,0.000128
36,1995,2,5_9,0.000156
36,1996,2,5_9,0.000122
36,1997,2,5_9,0.00013401
36,1998,2,5_9,0.000108
36,1999,2,5_9,0.000116
36,2000,2,5_9,0.000116
36,2001,2,5_9,0.0001
36,2002,2,5_9,0.00011
36,2003,2,5_9,9.2e-05
36,2004,2,5_9,8.2e-05
36,2005,2,5_9,8.6e-05
36,2006,2,5_9,9.6e-05
36,2007,2,5_9,9.6e-05
36,2008,2,5_9,8.6e-05
36,2009,2,5_9,8.6e-05
36,2010,2,5_9,8.4e-05
36,2011,2,5_9,9.6e-05
36,2012,2,5_9,8.2e-05
36,2013,2,5_9,7.2e-05
36,2014,2,5_9,9.4e-05
36,2015,2,5_9,7.2e-05
36,2016,2,5_9,5.4e-05
36,2017,2,5_9,6.6e-05
36,2018,2,5_9,5.8e-05
36,2019,2,5_9,5.6e-05
36,2020,2,5_9,4.2e-05
36,2021,2,5_9,6.732e-05
36,2022,2,5_9,6.293e-05
36,2023,2,5_9,5.219e-05
554,1950,2,5_9,0.00063006
554,1951,2,5_9,0.00058409
554,1952,2,5_9,0.00062606
554,1953,2,5_9,0.00058597
554,1954,2,5_9,0.00054012
554,1955,2,5_9,0.00043002
554,1956,2,5_9,0.00035999
554,1957,2,5_9,0.00041006
554,1958,2,5_9,0.00053805
554,1959,2,5_9,0.00042204
554,1960,2,5_9,0.00044199
554,1961,2,5_9,0.00039001
554,1962,2,5_9,0.00041802
554,1963,2,5_9,0.00042601
554,1964,2,5_9,0.00031804
554,1965,2,5_9,0.00028
554,1966,2,5_9,0.00037004
554,1967,2,5_9,0.000226
554,1968,2,5_9,0.000372
554,1969,2,5_9,0.00031802
554,1970,2,5_9,0.00039008
554,1971,2,5_9,0.00027601
554,1972,2,5_9,0.00037802
554,1973,2,5_9,0.000326
554,1974,2,5_9,0.00033002
554,1975,2,5_9,0.00031599
554,1976,2,5_9,0.00022801
554,1977,2,5_9,0.00041004
554,1978,2,5_9,0.00026201
554,1979,2,5_9,0.00029201
554,1980,2,5_9,0.00026803
554,1981,2,5_9,0.00019001
554,1982,2,5_9,0.00027202
554,1983,2,5_9,0.00024803
554,1984,2,5_9,0.000216
554,1985,2,5_9,0.00030603
554,1986,2,5_9,0.00029802
554,1987,2,5_9,0.00020599
554,1988,2,5_9,0.00025003
554,1989,2,5_9,0.00020601
554,1990,2,5_9,0.000164
554,1991,2,5_9,0.00023
554,1992,2,5_9,0.00025802
554,1993,2,5_9,0.000168
554,1994,2,5_9,0.000162
554,1995,2,5_9,0.00015
554,1996,2,5_9,0.00016601
554,1997,2,5_9,0.000116
554,1998,2,5_9,0.00013601
554,1999,2,5_9,9.4e-05
554,2000,2,5_9,0.00018599
554,2001,2,5_9,0.00017602
554,2002,2,5_9,0.000138
554,2003,2,5_9,0.000114
554,2004,2,5_9,9.8e-05
554,2005,2,5_9,0.000178
554,2006,2,5_9,8.4e-05
554,2007,2,5_9,9e-05
554,2008,2,5_9,0.000118
554,2009,2,5_9,0.000132
554,2010,2,5_9,4.7e-05
554,2011,2,5_9,6.7e-05
554,2012,2,5_9,9.8e-05
554,2013,2,5_9,8.001e-05
554,2014,2,5_9,8.6e-05
554,2015,2,5_9,8.3e-05
554,2016,2,5_9,0.000118
554,2017,2,5_9,9.2e-05
554,2018,2,5_9,7.6e-05
554,2019,2,5_9,7.7e-05
554,2020,2,5_9,5e-05
554,2021,2,5_9,8.3e-05
554,2022,2,5_9,7.705e-05
554,2023,2,5_9,7.42e-05
242,1950,2,5_9,0.00283961
242,1951,2,5_9,0.00270547
242,1952,2,5_9,0.00261039
242,1953,2,5_9,0.0025122
242,1954,2,5_9,0.00228153
242,1955,2,5_9,0.00210767
242,1956,2,5_9,0.00193596
242,1957,2,5_9,0.00182038
242,1958,2,5_9,0.00169668
242,1959,2,5_9,0.00158044
242,1960,2,5_9,0.00148431
242,1961,2,5_9,0.00138581
242,1962,2,5_9,0.00131742
242,1963,2,5_9,0.00124837
242,1964,2,5_9,0.00118799
242,1965,2,5_9,0.00117433
242,1966,2,5_9,0.00110079
242,1967,2,5_9,0.00110587
242,1968,2,5_9,0.00110882
242,1969,2,5_9,0.00107111
242,1970,2,5_9,0.00108985
242,1971,2,5_9,0.00103545
242,1972,2,5_9,0.00106543
242,1973,2,5_9,0.00119937
242,1974,2,5_9,0.00102074
242,1975,2,5_9,0.00097058
242,1976,2,5_9,0.00097124
242,1977,2,5_9,0.00088139
242,1978,2,5_9,0.00083138
242,1979,2,5_9,0.00102662
242,1980,2,5_9,0.00091147
242,1981,2,5_9,0.00087728
242,1982,2,5_9,0.0008816
242,1983,2,5_9,0.00082005
242,1984,2,5_9,0.00079693
242,1985,2,5_9,0.00080599
242,1986,2,5_9,0.00070333
242,1987,2,5_9,0.00066946
242,1988,2,5_9,0.00061754
242,1989,2,5_9,0.00059993
242,1990,2,5_9,0.00056629
242,1991,2,5_9,0.00053936
242,1992,2,5_9,0.00053644
242,1993,2,5_9,0.00056309
242,1994,2,5_9,0.00048884
242,1995,2,5_9,0.00047347
242,1996,2,5_9,0.00045874
242,1997,2,5_9,0.00049749
242,1998,2,5_9,0.00043687
242,1999,2,5_9,0.00044114
242,2000,2,5_9,0.00043075
242,2001,2,5_9,0.00042888
242,2002,2,5_9,0.00043476
242,2003,2,5_9,0.00048391
242,2004,2,5_9,0.00045796
242,2005,2,5_9,0.00043603
242,2006,2,5_9,0.0004106
242,2007,2,5_9,0.00041143
242,2008,2,5_9,0.00040917
242,2009,2,5_9,0.00039656
242,2010,2,5_9,0.00038343
242,2011,2,5_9,0.00036223
242,2012,2,5_9,0.000396
242,2013,2,5_9,0.00037321
242,2014,2,5_9,0.00036163
242,2015,2,5_9,0.00039149
242,2016,2,5_9,0.00044133
242,2017,2,5_9,0.0003463
242,2018,2,5_9,0.00037629
242,2019,2,5_9,0.00037807
242,2020,2,5_9,0.00035461
242,2021,2,5_9,0.00036882
242,2022,2,5_9,0.00037029
242,2023,2,5_9,0.00036283
540,1950,2,5_9,0.00604014
540,1951,2,5_9,0.0058304
540,1952,2,5_9,0.0055406
540,1953,2,5_9,0.00530697
540,1954,2,5_9,0.00508277
540,1955,2,5_9,0.00488876
540,1956,2,5_9,0.00465888
540,1957,2,5_9,0.0044518
540,1958,2,5_9,0.00424225
540,1959,2,5_9,0.00404579
540,1960,2,5_9,0.00380367
540,1961,2,5_9,0.00357098
540,1962,2,5_9,0.00332949
540,1963,2,5_9,0.00308059
540,1964,2,5_9,0.00282623
540,1965,2,5_9,0.00256894
540,1966,2,5_9,0.00231256
540,1967,2,5_9,0.00206699
540,1968,2,5_9,0.0018417
540,1969,2,5_9,0.00164236
540,1970,2,5_9,0.00147171
540,1971,2,5_9,0.00133043
540,1972,2,5_9,0.00125202
540,1973,2,5_9,0.00112223
540,1974,2,5_9,0.00104615
540,1975,2,5_9,0.00098423
540,1976,2,5_9,0.00093404
540,1977,2,5_9,0.00089309
540,1978,2,5_9,0.00085804
540,1979,2,5_9,0.00082591
540,1980,2,5_9,0.00079415
540,1981,2,5_9,0.00080097
540,1982,2,5_9,0.00072388
540,1983,2,5_9,0.00068442
540,1984,2,5_9,0.0006435
540,1985,2,5_9,0.00060216
540,1986,2,5_9,0.00056131
540,1987,2,5_9,0.00052164
540,1988,2,5_9,0.00048388
540,1989,2,5_9,0.00044865
540,1990,2,5_9,0.00041641
540,1991,2,5_9,0.00038748
540,1992,2,5_9,0.00036202
540,1993,2,5_9,0.00034004
540,1994,2,5_9,0.00032123
540,1995,2,5_9,0.00030532
540,1996,2,5_9,0.00029205
540,1997,2,5_9,0.00028122
540,1998,2,5_9,0.00027258
540,1999,2,5_9,0.0002655
540,2000,2,5_9,0.00025924
540,2001,2,5_9,0.00025316
540,2002,2,5_9,0.0002467
540,2003,2,5_9,0.00025265
540,2004,2,5_9,0.00023108
540,2005,2,5_9,0.00022217
540,2006,2,5_9,0.00021291
540,2007,2,5_9,0.00020353
540,2008,2,5_9,0.00019426
540,2009,2,5_9,0.00018533
540,2010,2,5_9,0.00017702
540,2011,2,5_9,0.00016959
540,2012,2,5_9,0.00016323
540,2013,2,5_9,0.00015813
540,2014,2,5_9,0.00015437
540,2015,2,5_9,0.0001518
540,2016,2,5_9,0.00015017
540,2017,2,5_9,0.00014929
540,2018,2,5_9,0.00014896
540,2019,2,5_9,0.00014901
540,2020,2,5_9,0.00018824
540,2021,2,5_9,9.179e-05
540,2022,2,5_9,0.00013779
540,2023,2,5_9,0.00015122
598,1950,2,5_9,0.00843306
598,1951,2,5_9,0.01246543
598,1952,2,5_9,0.00788462
598,1953,2,5_9,0.00761738
598,1954,2,5_9,0.00739673
598,1955,2,5_9,0.00713951
598,1956,2,5_9,0.00688011
598,1957,2,5_9,0.00664102
598,1958,2,5_9,0.00642284
598,1959,2,5_9,0.00619014
598,1960,2,5_9,0.00595666
598,1961,2,5_9,0.00573102
598,1962,2,5_9,0.00567267
598,1963,2,5_9,0.00526427
598,1964,2,5_9,0.00503506
598,1965,2,5_9,0.00480648
598,1966,2,5_9,0.00458263
598,1967,2,5_9,0.00434605
598,1968,2,5_9,0.00413751
598,1969,2,5_9,0.00394054
598,1970,2,5_9,0.00375776
598,1971,2,5_9,0.00361517
598,1972,2,5_9,0.00341652
598,1973,2,5_9,0.00325973
598,1974,2,5_9,0.00310875
598,1975,2,5_9,0.00296503
598,1976,2,5_9,0.00283007
598,1977,2,5_9,0.00269491
598,1978,2,5_9,0.00257611
598,1979,2,5_9,0.00247289
598,1980,2,5_9,0.00237259
598,1981,2,5_9,0.00228606
598,1982,2,5_9,0.00221135
598,1983,2,5_9,0.00216747
598,1984,2,5_9,0.00209605
598,1985,2,5_9,0.00204751
598,1986,2,5_9,0.00200568
598,1987,2,5_9,0.00196153
598,1988,2,5_9,0.00195056
598,1989,2,5_9,0.00189556
598,1990,2,5_9,0.00186416
598,1991,2,5_9,0.00188936
598,1992,2,5_9,0.0017987
598,1993,2,5_9,0.00178179
598,1994,2,5_9,0.00173177
598,1995,2,5_9,0.00169915
598,1996,2,5_9,0.00168527
598,1997,2,5_9,0.00166916
598,1998,2,5_9,0.00215344
598,1999,2,5_9,0.0016386
598,2000,2,5_9,0.00162658
598,2001,2,5_9,0.00162054
598,2002,2,5_9,0.00163817
598,2003,2,5_9,0.00161046
598,2004,2,5_9,0.00159976
598,2005,2,5_9,0.00159026
598,2006,2,5_9,0.00156466
598,2007,2,5_9,0.00156184
598,2008,2,5_9,0.001471
598,2009,2,5_9,0.00141683
598,2010,2,5_9,0.00135458
598,2011,2,5_9,0.0012746
598,2012,2,5_9,0.00122106
598,2013,2,5_9,0.00115115
598,2014,2,5_9,0.00109774
598,2015,2,5_9,0.00104753
598,2016,2,5_9,0.00101099
598,2017,2,5_9,0.00097949
598,2018,2,5_9,0.00097344
598,2019,2,5_9,0.00092984
598,2020,2,5_9,0.00091348
598,2021,2,5_9,0.00088978
598,2022,2,5_9,0.00086641
598,2023,2,5_9,0.00085012
90,1950,2,5_9,0.0063225
90,1951,2,5_9,0.0061972
90,1952,2,5_9,0.00607217
90,1953,2,5_9,0.00594559
90,1954,2,5_9,0.005821
90,1955,2,5_9,0.00569658
90,1956,2,5_9,0.00790361
90,1957,2,5_9,0.00539991
90,1958,2,5_9,0.00527035
90,1959,2,5_9,0.00513355
90,1960,2,5_9,0.00499823
90,1961,2,5_9,0.00491812
90,1962,2,5_9,0.00476288
90,1963,2,5_9,0.00460385
90,1964,2,5_9,0.00444853
90,1965,2,5_9,0.00426303
90,1966,2,5_9,0.00407019
90,1967,2,5_9,0.00393975
90,1968,2,5_9,0.00363233
90,1969,2,5_9,0.00342095
90,1970,2,5_9,0.00322593
90,1971,2,5_9,0.00302087
90,1972,2,5_9,0.00283109
90,1973,2,5_9,0.00264281
90,1974,2,5_9,0.00245795
90,1975,2,5_9,0.00337654
90,1976,2,5_9,0.00211302
90,1977,2,5_9,0.00211928
90,1978,2,5_9,0.00180358
90,1979,2,5_9,0.00165902
90,1980,2,5_9,0.0015225
90,1981,2,5_9,0.00143197
90,1982,2,5_9,0.00134616
90,1983,2,5_9,0.00127651
90,1984,2,5_9,0.00122186
90,1985,2,5_9,0.00117228
90,1986,2,5_9,0.00163108
90,1987,2,5_9,0.00110244
90,1988,2,5_9,0.00107502
90,1989,2,5_9,0.00104443
90,1990,2,5_9,0.00102471
90,1991,2,5_9,0.00100194
90,1992,2,5_9,0.00098539
90,1993,2,5_9,0.00098334
90,1994,2,5_9,0.00095301
90,1995,2,5_9,0.00094125
90,1996,2,5_9,0.00093184
90,1997,2,5_9,0.00092204
90,1998,2,5_9,0.00091297
90,1999,2,5_9,0.00090462
90,2000,2,5_9,0.00089673
90,2001,2,5_9,0.00088819
90,2002,2,5_9,0.00087963
90,2003,2,5_9,0.00086938
90,2004,2,5_9,0.00085787
90,2005,2,5_9,0.00084237
90,2006,2,5_9,0.00082583
90,2007,2,5_9,0.00092319
90,2008,2,5_9,0.00079144
90,2009,2,5_9,0.00080531
90,2010,2,5_9,0.00077225
90,2011,2,5_9,0.00076516
90,2012,2,5_9,0.00076567
90,2013,2,5_9,0.00079746
90,2014,2,5_9,0.00082213
90,2015,2,5_9,0.0007898
90,2016,2,5_9,0.00076412
90,2017,2,5_9,0.00075561
90,2018,2,5_9,0.00074317
90,2019,2,5_9,0.00072753
90,2020,2,5_9,0.00081283
90,2021,2,5_9,0.00069515
90,2022,2,5_9,0.0006734
90,2023,2,5_9,0.00065505
548,1950,2,5_9,0.00742067
548,1951,2,5_9,0.00983681
548,1952,2,5_9,0.00683369
548,1953,2,5_9,0.0065883
548,1954,2,5_9,0.00633043
548,1955,2,5_9,0.00607169
548,1956,2,5_9,0.0058417
548,1957,2,5_9,0.00564685
548,1958,2,5_9,0.0054423
548,1959,2,5_9,0.00523756
548,1960,2,5_9,0.0050427
548,1961,2,5_9,0.00484754
548,1962,2,5_9,0.00464688
548,1963,2,5_9,0.00444482
548,1964,2,5_9,0.00422656
548,1965,2,5_9,0.00403112
548,1966,2,5_9,0.00384122
548,1967,2,5_9,0.00365748
548,1968,2,5_9,0.0034852
548,1969,2,5_9,0.00333433
548,1970,2,5_9,0.00317498
548,1971,2,5_9,0.00301854
548,1972,2,5_9,0.00292094
548,1973,2,5_9,0.00271497
548,1974,2,5_9,0.0025737
548,1975,2,5_9,0.00243239
548,1976,2,5_9,0.00229896
548,1977,2,5_9,0.00215379
548,1978,2,5_9,0.00199432
548,1979,2,5_9,0.00176585
548,1980,2,5_9,0.0016394
548,1981,2,5_9,0.00152026
548,1982,2,5_9,0.00140769
548,1983,2,5_9,0.00129697
548,1984,2,5_9,0.0012017
548,1985,2,5_9,0.00119483
548,1986,2,5_9,0.00101303
548,1987,2,5_9,0.00141728
548,1988,2,5_9,0.00087607
548,1989,2,5_9,0.00086818
548,1990,2,5_9,0.00074909
548,1991,2,5_9,0.00070415
548,1992,2,5_9,0.00068347
548,1993,2,5_9,0.0006749
548,1994,2,5_9,0.00061797
548,1995,2,5_9,0.00061618
548,1996,2,5_9,0.00061514
548,1997,2,5_9,0.00062182
548,1998,2,5_9,0.00062479
548,1999,2,5_9,0.00093686
548,2000,2,5_9,0.00061895
548,2001,2,5_9,0.00062566
548,2002,2,5_9,0.00060644
548,2003,2,5_9,0.00060446
548,2004,2,5_9,0.00061778
548,2005,2,5_9,0.00058776
548,2006,2,5_9,0.00057971
548,2007,2,5_9,0.00056148
548,2008,2,5_9,0.00054189
548,2009,2,5_9,0.00052983
548,2010,2,5_9,0.00051741
548,2011,2,5_9,0.00050554
548,2012,2,5_9,0.00049182
548,2013,2,5_9,0.0004891
548,2014,2,5_9,0.00054616
548,2015,2,5_9,0.00053456
548,2016,2,5_9,0.00047633
548,2017,2,5_9,0.00047497
548,2018,2,5_9,0.00046597
548,2019,2,5_9,0.00045523
548,2020,2,5_9,0.0004586
548,2021,2,5_9,0.00043509
548,2022,2,5_9,0.00042561
548,2023,2,5_9,0.00041328
316,1950,2,5_9,0.00191888
316,1951,2,5_9,0.00184158
316,1952,2,5_9,0.00179975
316,1953,2,5_9,0.00175911
316,1954,2,5_9,0.00171975
316,1955,2,5_9,0.00168092
316,1956,2,5_9,0.00163948
316,1957,2,5_9,0.00160139
316,1958,2,5_9,0.00156156
316,1959,2,5_9,0.00152446
316,1960,2,5_9,0.00148762
316,1961,2,5_9,0.00145221
316,1962,2,5_9,0.00154801
316,1963,2,5_9,0.00135453
316,1964,2,5_9,0.00125481
316,1965,2,5_9,0.0011171
316,1966,2,5_9,0.00096647
316,1967,2,5_9,0.00081921
316,1968,2,5_9,0.000694
316,1969,2,5_9,0.00060795
316,1970,2,5_9,0.00055263
316,1971,2,5_9,0.00051617
316,1972,2,5_9,0.00046389
316,1973,2,5_9,0.00041997
316,1974,2,5_9,0.00037862
316,1975,2,5_9,0.0003615
316,1976,2,5_9,0.0004868
316,1977,2,5_9,0.00032902
316,1978,2,5_9,0.00031366
316,1979,2,5_9,0.00029892
316,1980,2,5_9,0.0002847
316,1981,2,5_9,0.00027071
316,1982,2,5_9,0.00025723
316,1983,2,5_9,0.00024421
316,1984,2,5_9,0.00023289
316,1985,2,5_9,0.00021048
316,1986,2,5_9,0.00018436
316,1987,2,5_9,0.00016018
316,1988,2,5_9,0.00015043
316,1989,2,5_9,0.00013433
316,1990,2,5_9,0.00016898
316,1991,2,5_9,0.00021011
316,1992,2,5_9,0.00028236
316,1993,2,5_9,0.00028878
316,1994,2,5_9,0.00030712
316,1995,2,5_9,0.00036217
316,1996,2,5_9,0.00043109
316,1997,2,5_9,0.00048287
316,1998,2,5_9,0.0004697
316,1999,2,5_9,0.00041182
316,2000,2,5_9,0.00033699
316,2001,2,5_9,0.00025521
316,2002,2,5_9,0.00018908
316,2003,2,5_9,0.00012245
316,2004,2,5_9,0.00010512
316,2005,2,5_9,8.502e-05
316,2006,2,5_9,8.437e-05
316,2007,2,5_9,9.898e-05
316,2008,2,5_9,0.00012377
316,2009,2,5_9,0.00014927
316,2010,2,5_9,0.00017218
316,2011,2,5_9,0.00019079
316,2012,2,5_9,0.00020251
316,2013,2,5_9,0.00020342
316,2014,2,5_9,0.00019862
316,2015,2,5_9,0.00017997
316,2016,2,5_9,0.00015775
316,2017,2,5_9,0.00013423
316,2018,2,5_9,0.00012072
316,2019,2,5_9,0.00010886
316,2020,2,5_9,9.946e-05
316,2021,2,5_9,8.675e-05
316,2022,2,5_9,7.797e-05
316,2023,2,5_9,8.637e-05
296,1950,2,5_9,0.00500298
296,1951,2,5_9,0.00497994
296,1952,2,5_9,0.00495708
296,1953,2,5_9,0.00493055
296,1954,2,5_9,0.00489781
296,1955,2,5_9,0.00485604
296,1956,2,5_9,0.00480178
296,1957,2,5_9,0.00473471
296,1958,2,5_9,0.00465408
296,1959,2,5_9,0.0045598
296,1960,2,5_9,0.00445297
296,1961,2,5_9,0.00433496
296,1962,2,5_9,0.00419477
296,1963,2,5_9,0.00404384
296,1964,2,5_9,0.00389156
296,1965,2,5_9,0.00374174
296,1966,2,5_9,0.00357862
296,1967,2,5_9,0.00341991
296,1968,2,5_9,0.0032746
296,1969,2,5_9,0.00313845
296,1970,2,5_9,0.0030035
296,1971,2,5_9,0.00288826
296,1972,2,5_9,0.00286172
296,1973,2,5_9,0.00271464
296,1974,2,5_9,0.00265162
296,1975,2,5_9,0.00259634
296,1976,2,5_9,0.00255236
296,1977,2,5_9,0.00279685
296,1978,2,5_9,0.00248162
296,1979,2,5_9,0.00244725
296,1980,2,5_9,0.00241049
296,1981,2,5_9,0.00237
296,1982,2,5_9,0.00232488
296,1983,2,5_9,0.00227509
296,1984,2,5_9,0.00222072
296,1985,2,5_9,0.00215136
296,1986,2,5_9,0.00207481
296,1987,2,5_9,0.00199518
296,1988,2,5_9,0.00191408
296,1989,2,5_9,0.00183389
296,1990,2,5_9,0.00175405
296,1991,2,5_9,0.00166712
296,1992,2,5_9,0.00158914
296,1993,2,5_9,0.00152059
296,1994,2,5_9,0.0014607
296,1995,2,5_9,0.00140806
296,1996,2,5_9,0.00135795
296,1997,2,5_9,0.00130287
296,1998,2,5_9,0.00125284
296,1999,2,5_9,0.00120755
296,2000,2,5_9,0.00116746
296,2001,2,5_9,0.00113317
296,2002,2,5_9,0.00110481
296,2003,2,5_9,0.00108226
296,2004,2,5_9,0.00106481
296,2005,2,5_9,0.00105117
296,2006,2,5_9,0.00104004
296,2007,2,5_9,0.0010303
296,2008,2,5_9,0.00102142
296,2009,2,5_9,0.00101335
296,2010,2,5_9,0.00100683
296,2011,2,5_9,0.00100256
296,2012,2,5_9,0.00100105
296,2013,2,5_9,0.00100216
296,2014,2,5_9,0.00100531
296,2015,2,5_9,0.00100915
296,2016,2,5_9,0.00101182
296,2017,2,5_9,0.0010117
296,2018,2,5_9,0.00100779
296,2019,2,5_9,0.00099916
296,2020,2,5_9,0.00098228
296,2021,2,5_9,0.0009733
296,2022,2,5_9,0.00094719
296,2023,2,5_9,0.00091215
584,1950,2,5_9,0.00318679
584,1951,2,5_9,0.00317467
584,1952,2,5_9,0.00316204
584,1953,2,5_9,0.00314678
584,1954,2,5_9,0.00312873
584,1955,2,5_9,0.00310555
584,1956,2,5_9,0.0030691
584,1957,2,5_9,0.00302282
584,1958,2,5_9,0.0029594
584,1959,2,5_9,0.00288054
584,1960,2,5_9,0.00278772
584,1961,2,5_9,0.00267238
584,1962,2,5_9,0.00255785
584,1963,2,5_9,0.00244069
584,1964,2,5_9,0.00232275
584,1965,2,5_9,0.00221552
584,1966,2,5_9,0.00210574
584,1967,2,5_9,0.00200412
584,1968,2,5_9,0.00190381
584,1969,2,5_9,0.00181988
584,1970,2,5_9,0.00174567
584,1971,2,5_9,0.00168055
584,1972,2,5_9,0.0016317
584,1973,2,5_9,0.00158254
584,1974,2,5_9,0.00154817
584,1975,2,5_9,0.00152701
584,1976,2,5_9,0.00150592
584,1977,2,5_9,0.00148166
584,1978,2,5_9,0.00146001
584,1979,2,5_9,0.00143493
584,1980,2,5_9,0.00140754
584,1981,2,5_9,0.00137904
584,1982,2,5_9,0.00135141
584,1983,2,5_9,0.00132563
584,1984,2,5_9,0.00130722
584,1985,2,5_9,0.00129792
584,1986,2,5_9,0.00129853
584,1987,2,5_9,0.0013098
584,1988,2,5_9,0.00133014
584,1989,2,5_9,0.00135321
584,1990,2,5_9,0.00137479
584,1991,2,5_9,0.00139049
584,1992,2,5_9,0.00139756
584,1993,2,5_9,0.00139039
584,1994,2,5_9,0.00137655
584,1995,2,5_9,0.00135447
584,1996,2,5_9,0.00132015
584,1997,2,5_9,0.00128071
584,1998,2,5_9,0.00124197
584,1999,2,5_9,0.00120602
584,2000,2,5_9,0.00127391
584,2001,2,5_9,0.00116613
584,2002,2,5_9,0.00116049
584,2003,2,5_9,0.00115978
584,2004,2,5_9,0.0011618
584,2005,2,5_9,0.00116502
584,2006,2,5_9,0.00116666
584,2007,2,5_9,0.00116795
584,2008,2,5_9,0.00116085
584,2009,2,5_9,0.00114905
584,2010,2,5_9,0.00113332
584,2011,2,5_9,0.00111165
584,2012,2,5_9,0.00109078
584,2013,2,5_9,0.0010684
584,2014,2,5_9,0.00104674
584,2015,2,5_9,0.00101906
584,2016,2,5_9,0.00099265
584,2017,2,5_9,0.00096567
584,2018,2,5_9,0.00093845
584,2019,2,5_9,0.00091123
584,2020,2,5_9,0.00088425
584,2021,2,5_9,0.00085819
584,2022,2,5_9,0.00083259
584,2023,2,5_9,0.00080792
583,1950,2,5_9,0.00462334
583,1951,2,5_9,0.00442993
583,1952,2,5_9,0.00426236
583,1953,2,5_9,0.00409933
583,1954,2,5_9,0.00393666
583,1955,2,5_9,0.00377206
583,1956,2,5_9,0.00360371
583,1957,2,5_9,0.00344621
583,1958,2,5_9,0.00327343
583,1959,2,5_9,0.00310852
583,1960,2,5_9,0.00294794
583,1961,2,5_9,0.00279371
583,1962,2,5_9,0.0026364
583,1963,2,5_9,0.00249647
583,1964,2,5_9,0.00231799
583,1965,2,5_9,0.00220221
583,1966,2,5_9,0.002087
583,1967,2,5_9,0.00196662
583,1968,2,5_9,0.0018616
583,1969,2,5_9,0.00176641
583,1970,2,5_9,0.00167807
583,1971,2,5_9,0.00160289
583,1972,2,5_9,0.00152525
583,1973,2,5_9,0.00146427
583,1974,2,5_9,0.0014025
583,1975,2,5_9,0.00135358
583,1976,2,5_9,0.00131275
583,1977,2,5_9,0.00128079
583,1978,2,5_9,0.00125638
583,1979,2,5_9,0.00123935
583,1980,2,5_9,0.00123188
583,1981,2,5_9,0.00122017
583,1982,2,5_9,0.00121458
583,1983,2,5_9,0.0012081
583,1984,2,5_9,0.00120041
583,1985,2,5_9,0.00119039
583,1986,2,5_9,0.00117811
583,1987,2,5_9,0.00123979
583,1988,2,5_9,0.0011473
583,1989,2,5_9,0.00112786
583,1990,2,5_9,0.00112284
583,1991,2,5_9,0.00109421
583,1992,2,5_9,0.00108174
583,1993,2,5_9,0.0010701
583,1994,2,5_9,0.00105483
583,1995,2,5_9,0.00104514
583,1996,2,5_9,0.00103606
583,1997,2,5_9,0.00102394
583,1998,2,5_9,0.00100909
583,1999,2,5_9,0.00099717
583,2000,2,5_9,0.00113329
583,2001,2,5_9,0.00098104
583,2002,2,5_9,0.00160558
583,2003,2,5_9,0.00097172
583,2004,2,5_9,0.00098656
583,2005,2,5_9,0.00097576
583,2006,2,5_9,0.00097951
583,2007,2,5_9,0.0009825
583,2008,2,5_9,0.0009836
583,2009,2,5_9,0.00098224
583,2010,2,5_9,0.00097979
583,2011,2,5_9,0.00097034
583,2012,2,5_9,0.00096019
583,2013,2,5_9,0.00094815
583,2014,2,5_9,0.00093435
583,2015,2,5_9,0.00098896
583,2016,2,5_9,0.00089501
583,2017,2,5_9,0.00086572
583,2018,2,5_9,0.00083119
583,2019,2,5_9,0.00079004
583,2020,2,5_9,0.00074879
583,2021,2,5_9,0.00070975
583,2022,2,5_9,0.00067264
583,2023,2,5_9,0.00063747
520,1950,2,5_9,0.00265902
520,1951,2,5_9,0.00262648
520,1952,2,5_9,0.00256795
520,1953,2,5_9,0.00251185
520,1954,2,5_9,0.00243942
520,1955,2,5_9,0.00242523
520,1956,2,5_9,0.00238778
520,1957,2,5_9,0.00234115
520,1958,2,5_9,0.00232814
520,1959,2,5_9,0.00230597
520,1960,2,5_9,0.00226832
520,1961,2,5_9,0.00221065
520,1962,2,5_9,0.00220821
520,1963,2,5_9,0.0021928
520,1964,2,5_9,0.00217236
520,1965,2,5_9,0.00213924
520,1966,2,5_9,0.00208558
520,1967,2,5_9,0.00194272
520,1968,2,5_9,0.00193486
520,1969,2,5_9,0.00191171
520,1970,2,5_9,0.00189214
520,1971,2,5_9,0.00186751
520,1972,2,5_9,0.0018423
520,1973,2,5_9,0.00182464
520,1974,2,5_9,0.00181493
520,1975,2,5_9,0.00180383
520,1976,2,5_9,0.0017814
520,1977,2,5_9,0.0017678
520,1978,2,5_9,0.00175123
520,1979,2,5_9,0.00174463
520,1980,2,5_9,0.00174116
520,1981,2,5_9,0.00174039
520,1982,2,5_9,0.00175924
520,1983,2,5_9,0.00179206
520,1984,2,5_9,0.00182928
520,1985,2,5_9,0.00185577
520,1986,2,5_9,0.00187459
520,1987,2,5_9,0.00187886
520,1988,2,5_9,0.00186841
520,1989,2,5_9,0.00183748
520,1990,2,5_9,0.00179817
520,1991,2,5_9,0.00175845
520,1992,2,5_9,0.00170781
520,1993,2,5_9,0.00166875
520,1994,2,5_9,0.0016399
520,1995,2,5_9,0.00162354
520,1996,2,5_9,0.00161979
520,1997,2,5_9,0.00162358
520,1998,2,5_9,0.00163127
520,1999,2,5_9,0.00164095
520,2000,2,5_9,0.00164926
520,2001,2,5_9,0.00165502
520,2002,2,5_9,0.00165975
520,2003,2,5_9,0.00166455
520,2004,2,5_9,0.00166792
520,2005,2,5_9,0.00166573
520,2006,2,5_9,0.00165475
520,2007,2,5_9,0.00163789
520,2008,2,5_9,0.0016116
520,2009,2,5_9,0.00158263
520,2010,2,5_9,0.00154729
520,2011,2,5_9,0.00151329
520,2012,2,5_9,0.00148113
520,2013,2,5_9,0.00145936
520,2014,2,5_9,0.00144431
520,2015,2,5_9,0.00143347
520,2016,2,5_9,0.0014258
520,2017,2,5_9,0.00142137
520,2018,2,5_9,0.00141628
520,2019,2,5_9,0.00141167
520,2020,2,5_9,0.00140494
520,2021,2,5_9,0.00139664
520,2022,2,5_9,0.00138718
520,2023,2,5_9,0.00137739
580,1950,2,5_9,0.00196992
580,1951,2,5_9,0.00190813
580,1952,2,5_9,0.00186016
580,1953,2,5_9,0.0018007
580,1954,2,5_9,0.0017478
580,1955,2,5_9,0.00169461
580,1956,2,5_9,0.00164853
580,1957,2,5_9,0.0015956
580,1958,2,5_9,0.00154339
580,1959,2,5_9,0.00149259
580,1960,2,5_9,0.00143887
580,1961,2,5_9,0.00139377
580,1962,2,5_9,0.00134499
580,1963,2,5_9,0.00129026
580,1964,2,5_9,0.00124182
580,1965,2,5_9,0.0011836
580,1966,2,5_9,0.00112672
580,1967,2,5_9,0.00106917
580,1968,2,5_9,0.00101313
580,1969,2,5_9,0.00096101
580,1970,2,5_9,0.00091209
580,1971,2,5_9,0.00086482
580,1972,2,5_9,0.00081546
580,1973,2,5_9,0.00076689
580,1974,2,5_9,0.00071529
580,1975,2,5_9,0.00066625
580,1976,2,5_9,0.00062496
580,1977,2,5_9,0.00059021
580,1978,2,5_9,0.0005738
580,1979,2,5_9,0.00056511
580,1980,2,5_9,0.00056484
580,1981,2,5_9,0.00056725
580,1982,2,5_9,0.00057009
580,1983,2,5_9,0.00057617
580,1984,2,5_9,0.00057678
580,1985,2,5_9,0.0005786
580,1986,2,5_9,0.00058038
580,1987,2,5_9,0.00057702
580,1988,2,5_9,0.00056756
580,1989,2,5_9,0.00054636
580,1990,2,5_9,0.00051122
580,1991,2,5_9,0.00046751
580,1992,2,5_9,0.00041901
580,1993,2,5_9,0.00037107
580,1994,2,5_9,0.0003277
580,1995,2,5_9,0.00028994
580,1996,2,5_9,0.00025672
580,1997,2,5_9,0.00023895
580,1998,2,5_9,0.00022833
580,1999,2,5_9,0.00022501
580,2000,2,5_9,0.00022785
580,2001,2,5_9,0.00023556
580,2002,2,5_9,0.00022684
580,2003,2,5_9,0.00020975
580,2004,2,5_9,0.0002596
580,2005,2,5_9,0.00017299
580,2006,2,5_9,0.00015474
580,2007,2,5_9,0.00014504
580,2008,2,5_9,0.00013975
580,2009,2,5_9,0.00013813
580,2010,2,5_9,0.00013911
580,2011,2,5_9,0.00014067
580,2012,2,5_9,0.00014287
580,2013,2,5_9,0.00014495
580,2014,2,5_9,0.00014627
580,2015,2,5_9,0.00014675
580,2016,2,5_9,0.0001459
580,2017,2,5_9,0.00014373
580,2018,2,5_9,0.00020168
580,2019,2,5_9,0.00013594
580,2020,2,5_9,0.00013116
580,2021,2,5_9,0.00012553
580,2022,2,5_9,0.0001211
580,2023,2,5_9,0.00011586
585,1950,2,5_9,0.00297751
585,1951,2,5_9,0.0029299
585,1952,2,5_9,0.00288464
585,1953,2,5_9,0.00283795
585,1954,2,5_9,0.00278916
585,1955,2,5_9,0.00272911
585,1956,2,5_9,0.002676
585,1957,2,5_9,0.00262136
585,1958,2,5_9,0.00256585
585,1959,2,5_9,0.00250921
585,1960,2,5_9,0.0024493
585,1961,2,5_9,0.0023907
585,1962,2,5_9,0.00231711
585,1963,2,5_9,0.00227473
585,1964,2,5_9,0.00222376
585,1965,2,5_9,0.00216391
585,1966,2,5_9,0.00209763
585,1967,2,5_9,0.002024
585,1968,2,5_9,0.00193784
585,1969,2,5_9,0.00185188
585,1970,2,5_9,0.0017604
585,1971,2,5_9,0.00166516
585,1972,2,5_9,0.00156929
585,1973,2,5_9,0.00147415
585,1974,2,5_9,0.0013829
585,1975,2,5_9,0.00129617
585,1976,2,5_9,0.00121625
585,1977,2,5_9,0.00114387
585,1978,2,5_9,0.00107733
585,1979,2,5_9,0.00102331
585,1980,2,5_9,0.00097144
585,1981,2,5_9,0.00093111
585,1982,2,5_9,0.00089385
585,1983,2,5_9,0.00085957
585,1984,2,5_9,0.00083278
585,1985,2,5_9,0.00081094
585,1986,2,5_9,0.00079551
585,1987,2,5_9,0.00078668
585,1988,2,5_9,0.00078736
585,1989,2,5_9,0.00079369
585,1990,2,5_9,0.00080492
585,1991,2,5_9,0.00082045
585,1992,2,5_9,0.00083985
585,1993,2,5_9,0.00085871
585,1994,2,5_9,0.00087401
585,1995,2,5_9,0.00088291
585,1996,2,5_9,0.00088241
585,1997,2,5_9,0.00087045
585,1998,2,5_9,0.00085264
585,1999,2,5_9,0.00082525
585,2000,2,5_9,0.00079766
585,2001,2,5_9,0.00077175
585,2002,2,5_9,0.00074934
585,2003,2,5_9,0.00072658
585,2004,2,5_9,0.00070562
585,2005,2,5_9,0.00068259
585,2006,2,5_9,0.00065571
585,2007,2,5_9,0.00062671
585,2008,2,5_9,0.00059665
585,2009,2,5_9,0.00056706
585,2010,2,5_9,0.00054365
585,2011,2,5_9,0.00052496
585,2012,2,5_9,0.00051176
585,2013,2,5_9,0.00050688
585,2014,2,5_9,0.00050357
585,2015,2,5_9,0.00050761
585,2016,2,5_9,0.00051608
585,2017,2,5_9,0.00052691
585,2018,2,5_9,0.00054086
585,2019,2,5_9,0.00055346
585,2020,2,5_9,0.00056304
585,2021,2,5_9,0.0005686
585,2022,2,5_9,0.00057142
585,2023,2,5_9,0.00057427
16,1950,2,5_9,0.00085446
16,1951,2,5_9,0.00083656
16,1952,2,5_9,0.00084931
16,1953,2,5_9,0.00085926
16,1954,2,5_9,0.00086926
16,1955,2,5_9,0.00087967
16,1956,2,5_9,0.00088978
16,1957,2,5_9,0.00089386
16,1958,2,5_9,0.00087245
16,1959,2,5_9,0.00083138
16,1960,2,5_9,0.00077748
16,1961,2,5_9,0.00073142
16,1962,2,5_9,0.00068734
16,1963,2,5_9,0.0006574
16,1964,2,5_9,0.00063466
16,1965,2,5_9,0.00060952
16,1966,2,5_9,0.00575474
16,1967,2,5_9,0.00057463
16,1968,2,5_9,0.0006079
16,1969,2,5_9,0.00066398
16,1970,2,5_9,0.0007061
16,1971,2,5_9,0.00071092
16,1972,2,5_9,0.00068185
16,1973,2,5_9,0.00064201
16,1974,2,5_9,0.00060391
16,1975,2,5_9,0.00056641
16,1976,2,5_9,0.00053188
16,1977,2,5_9,0.00049811
16,1978,2,5_9,0.00046547
16,1979,2,5_9,0.00043358
16,1980,2,5_9,0.0003993
16,1981,2,5_9,0.00036471
16,1982,2,5_9,0.00033569
16,1983,2,5_9,0.00031123
16,1984,2,5_9,0.00028936
16,1985,2,5_9,0.0002642
16,1986,2,5_9,0.00026443
16,1987,2,5_9,0.00027478
16,1988,2,5_9,0.00030494
16,1989,2,5_9,0.00032121
16,1990,2,5_9,0.00048243
16,1991,2,5_9,0.0006781
16,1992,2,5_9,0.00090835
16,1993,2,5_9,0.00103118
16,1994,2,5_9,0.00114649
16,1995,2,5_9,0.00132483
16,1996,2,5_9,0.00149
16,1997,2,5_9,0.00165919
16,1998,2,5_9,0.00120894
16,1999,2,5_9,0.00072533
16,2000,2,5_9,0.00018898
16,2001,2,5_9,0.0001635
16,2002,2,5_9,0.00013742
16,2003,2,5_9,0.00019344
16,2004,2,5_9,0.00010038
16,2005,2,5_9,0.00010231
16,2006,2,5_9,0.00010878
16,2007,2,5_9,0.00012088
16,2008,2,5_9,0.00012055
16,2009,2,5_9,0.00080255
16,2010,2,5_9,0.00011955
16,2011,2,5_9,0.0001188
16,2012,2,5_9,0.00011811
16,2013,2,5_9,0.00011809
16,2014,2,5_9,0.00011372
16,2015,2,5_9,0.00011299
16,2016,2,5_9,0.00011554
16,2017,2,5_9,0.00012652
16,2018,2,5_9,0.00013459
16,2019,2,5_9,0.00013868
16,2020,2,5_9,0.00013831
16,2021,2,5_9,0.00013735
16,2022,2,5_9,0.00013644
16,2023,2,5_9,0.00013557
184,1950,2,5_9,0.01181735
184,1951,2,5_9,0.01064862
184,1952,2,5_9,0.00957949
184,1953,2,5_9,0.00869832
184,1954,2,5_9,0.00791494
184,1955,2,5_9,0.00723486
184,1956,2,5_9,0.00658018
184,1957,2,5_9,0.00606587
184,1958,2,5_9,0.00549303
184,1959,2,5_9,0.00497563
184,1960,2,5_9,0.00448886
184,1961,2,5_9,0.00405262
184,1962,2,5_9,0.00365049
184,1963,2,5_9,0.0033384
184,1964,2,5_9,0.0030115
184,1965,2,5_9,0.00272897
184,1966,2,5_9,0.00247917
184,1967,2,5_9,0.0022309
184,1968,2,5_9,0.00197809
184,1969,2,5_9,0.00170903
184,1970,2,5_9,0.00145896
184,1971,2,5_9,0.00123047
184,1972,2,5_9,0.00103358
184,1973,2,5_9,0.00095429
184,1974,2,5_9,0.000924
184,1975,2,5_9,0.00092025
184,1976,2,5_9,0.00093013
184,1977,2,5_9,0.00094978
184,1978,2,5_9,0.00092555
184,1979,2,5_9,0.00088554
184,1980,2,5_9,0.00085301
184,1981,2,5_9,0.00082836
184,1982,2,5_9,0.00081664
184,1983,2,5_9,0.00078903
184,1984,2,5_9,0.00076164
184,1985,2,5_9,0.0007316
184,1986,2,5_9,0.00070231
184,1987,2,5_9,0.0011333
184,1988,2,5_9,0.00065456
184,1989,2,5_9,0.00063875
184,1990,2,5_9,0.00103393
184,1991,2,5_9,0.00061708
184,1992,2,5_9,0.00060566
184,1993,2,5_9,0.00059419
184,1994,2,5_9,0.00058054
184,1995,2,5_9,0.00056328
184,1996,2,5_9,0.00054271
184,1997,2,5_9,0.00210605
184,1998,2,5_9,0.00049588
184,1999,2,5_9,0.00047151
184,2000,2,5_9,0.00044389
184,2001,2,5_9,0.00041787
184,2002,2,5_9,0.00039148
184,2003,2,5_9,0.00036478
184,2004,2,5_9,0.00033895
184,2005,2,5_9,0.00031546
184,2006,2,5_9,0.00029782
184,2007,2,5_9,0.00027982
184,2008,2,5_9,0.00026429
184,2009,2,5_9,0.00025143
184,2010,2,5_9,0.00023987
184,2011,2,5_9,0.00022993
184,2012,2,5_9,0.00022091
184,2013,2,5_9,0.00021267
184,2014,2,5_9,0.00020835
184,2015,2,5_9,0.00020428
184,2016,2,5_9,0.00020089
184,2017,2,5_9,0.00019715
184,2018,2,5_9,0.00019405
184,2019,2,5_9,0.00019103
184,2020,2,5_9,0.00018802
184,2021,2,5_9,0.00018461
184,2022,2,5_9,0.00017809
184,2023,2,5_9,0.00017368
258,1950,2,5_9,0.00354972
258,1951,2,5_9,0.00333666
258,1952,2,5_9,0.00313927
258,1953,2,5_9,0.00293758
258,1954,2,5_9,0.00276125
258,1955,2,5_9,0.002601
258,1956,2,5_9,0.00245285
258,1957,2,5_9,0.00232926
258,1958,2,5_9,0.00222711
258,1959,2,5_9,0.00212845
258,1960,2,5_9,0.0020439
258,1961,2,5_9,0.00197311
258,1962,2,5_9,0.00191211
258,1963,2,5_9,0.0018579
258,1964,2,5_9,0.00180826
258,1965,2,5_9,0.00175998
258,1966,2,5_9,0.00170688
258,1967,2,5_9,0.00165736
258,1968,2,5_9,0.00161108
258,1969,2,5_9,0.00156753
258,1970,2,5_9,0.00152574
258,1971,2,5_9,0.00148418
258,1972,2,5_9,0.00144107
258,1973,2,5_9,0.00139477
258,1974,2,5_9,0.0013357
258,1975,2,5_9,0.00126359
258,1976,2,5_9,0.00118612
258,1977,2,5_9,0.00110484
258,1978,2,5_9,0.00102197
258,1979,2,5_9,0.00092376
258,1980,2,5_9,0.00082676
258,1981,2,5_9,0.00073986
258,1982,2,5_9,0.00065497
258,1983,2,5_9,0.00063176
258,1984,2,5_9,0.00050459
258,1985,2,5_9,0.00045145
258,1986,2,5_9,0.00040279
258,1987,2,5_9,0.00042203
258,1988,2,5_9,0.00034068
258,1989,2,5_9,0.00032004
258,1990,2,5_9,0.00030117
258,1991,2,5_9,0.00028535
258,1992,2,5_9,0.00027102
258,1993,2,5_9,0.00025725
258,1994,2,5_9,0.00024343
258,1995,2,5_9,0.00022659
258,1996,2,5_9,0.00021107
258,1997,2,5_9,0.00019755
258,1998,2,5_9,0.00024133
258,1999,2,5_9,0.00017265
258,2000,2,5_9,0.00016426
258,2001,2,5_9,0.00015842
258,2002,2,5_9,0.00015441
258,2003,2,5_9,0.00015157
258,2004,2,5_9,0.00014929
258,2005,2,5_9,0.00014666
258,2006,2,5_9,0.00014335
258,2007,2,5_9,0.00013953
258,2008,2,5_9,0.00013529
258,2009,2,5_9,0.00013083
258,2010,2,5_9,0.00013207
258,2011,2,5_9,0.00012225
258,2012,2,5_9,0.00011852
258,2013,2,5_9,0.00011528
258,2014,2,5_9,0.00011251
258,2015,2,5_9,0.00011013
258,2016,2,5_9,0.00010744
258,2017,2,5_9,0.00010488
258,2018,2,5_9,0.00010242
258,2019,2,5_9,0.0001
258,2020,2,5_9,9.869e-05
258,2021,2,5_9,9.523e-05
258,2022,2,5_9,9.294e-05
258,2023,2,5_9,9.075e-05
570,1950,2,5_9,0.00351144
570,1951,2,5_9,0.00338687
570,1952,2,5_9,0.00325366
570,1953,2,5_9,0.00311974
570,1954,2,5_9,0.00299325
570,1955,2,5_9,0.00286646
570,1956,2,5_9,0.00272747
570,1957,2,5_9,0.00259245
570,1958,2,5_9,0.00245213
570,1959,2,5_9,0.00230289
570,1960,2,5_9,0.00215663
570,1961,2,5_9,0.00200323
570,1962,2,5_9,0.00184835
570,1963,2,5_9,0.00170487
570,1964,2,5_9,0.00156692
570,1965,2,5_9,0.00142889
570,1966,2,5_9,0.00130496
570,1967,2,5_9,0.0011968
570,1968,2,5_9,0.00111038
570,1969,2,5_9,0.00103773
570,1970,2,5_9,0.00098474
570,1971,2,5_9,0.00094088
570,1972,2,5_9,0.00090445
570,1973,2,5_9,0.00086823
570,1974,2,5_9,0.00082825
570,1975,2,5_9,0.00078888
570,1976,2,5_9,0.00074628
570,1977,2,5_9,0.00070463
570,1978,2,5_9,0.00066999
570,1979,2,5_9,0.00063867
570,1980,2,5_9,0.00061469
570,1981,2,5_9,0.00059532
570,1982,2,5_9,0.00058137
570,1983,2,5_9,0.00056818
570,1984,2,5_9,0.00056043
570,1985,2,5_9,0.00055327
570,1986,2,5_9,0.00054866
570,1987,2,5_9,0.00054616
570,1988,2,5_9,0.00055244
570,1989,2,5_9,0.00058345
570,1990,2,5_9,0.00060965
570,1991,2,5_9,0.00063579
570,1992,2,5_9,0.00066983
570,1993,2,5_9,0.00068629
570,1994,2,5_9,0.00068247
570,1995,2,5_9,0.00068707
570,1996,2,5_9,0.000692
570,1997,2,5_9,0.00070121
570,1998,2,5_9,0.00068365
570,1999,2,5_9,0.00100564
570,2000,2,5_9,0.00067839
570,2001,2,5_9,0.00066861
570,2002,2,5_9,0.00067434
570,2003,2,5_9,0.00067476
570,2004,2,5_9,0.00144261
570,2005,2,5_9,0.00068049
570,2006,2,5_9,0.00069182
570,2007,2,5_9,0.00069372
570,2008,2,5_9,0.00070159
570,2009,2,5_9,0.00067988
570,2010,2,5_9,0.000656
570,2011,2,5_9,0.00064156
570,2012,2,5_9,0.00062751
570,2013,2,5_9,0.0006144
570,2014,2,5_9,0.00060182
570,2015,2,5_9,0.00058848
570,2016,2,5_9,0.00057619
570,2017,2,5_9,0.00056437
570,2018,2,5_9,0.00055286
570,2019,2,5_9,0.00054267
570,2020,2,5_9,0.00053053
570,2021,2,5_9,0.00052017
570,2022,2,5_9,0.00050616
570,2023,2,5_9,0.00049661
882,1950,2,5_9,0.00482411
882,1951,2,5_9,0.0046259
882,1952,2,5_9,0.00443493
882,1953,2,5_9,0.00422886
882,1954,2,5_9,0.00404232
882,1955,2,5_9,0.00385481
882,1956,2,5_9,0.00366815
882,1957,2,5_9,0.00348417
882,1958,2,5_9,0.00332058
882,1959,2,5_9,0.00314963
882,1960,2,5_9,0.00299024
882,1961,2,5_9,0.00283916
882,1962,2,5_9,0.00268812
882,1963,2,5_9,0.00255639
882,1964,2,5_9,0.00503977
882,1965,2,5_9,0.00231429
882,1966,2,5_9,0.00230839
882,1967,2,5_9,0.00208939
882,1968,2,5_9,0.0019801
882,1969,2,5_9,0.00187461
882,1970,2,5_9,0.00177061
882,1971,2,5_9,0.001671
882,1972,2,5_9,0.00158088
882,1973,2,5_9,0.0014849
882,1974,2,5_9,0.00139829
882,1975,2,5_9,0.00131755
882,1976,2,5_9,0.00124067
882,1977,2,5_9,0.00116968
882,1978,2,5_9,0.00110397
882,1979,2,5_9,0.001044
882,1980,2,5_9,0.00098865
882,1981,2,5_9,0.00093832
882,1982,2,5_9,0.00089028
882,1983,2,5_9,0.00084809
882,1984,2,5_9,0.00080902
882,1985,2,5_9,0.00077326
882,1986,2,5_9,0.00074008
882,1987,2,5_9,0.00070948
882,1988,2,5_9,0.00068102
882,1989,2,5_9,0.00065385
882,1990,2,5_9,0.00069796
882,1991,2,5_9,0.00071396
882,1992,2,5_9,0.00057337
882,1993,2,5_9,0.00054579
882,1994,2,5_9,0.00051799
882,1995,2,5_9,0.00049277
882,1996,2,5_9,0.00047012
882,1997,2,5_9,0.00045046
882,1998,2,5_9,0.0004333
882,1999,2,5_9,0.00041776
882,2000,2,5_9,0.00040395
882,2001,2,5_9,0.00039106
882,2002,2,5_9,0.00038045
882,2003,2,5_9,0.00037074
882,2004,2,5_9,0.00037596
882,2005,2,5_9,0.00043417
882,2006,2,5_9,0.00036774
882,2007,2,5_9,0.00037233
882,2008,2,5_9,0.00038183
882,2009,2,5_9,0.00123072
882,2010,2,5_9,0.00039786
882,2011,2,5_9,0.00040886
882,2012,2,5_9,0.00050945
882,2013,2,5_9,0.000436
882,2014,2,5_9,0.00045039
882,2015,2,5_9,0.00046367
882,2016,2,5_9,0.00047412
882,2017,2,5_9,0.00047961
882,2018,2,5_9,0.00047911
882,2019,2,5_9,0.00072474
882,2020,2,5_9,0.00051614
882,2021,2,5_9,0.000457
882,2022,2,5_9,0.00044676
882,2023,2,5_9,0.00043573
772,1950,2,5_9,0.00298856
772,1951,2,5_9,0.00288431
772,1952,2,5_9,0.00276691
772,1953,2,5_9,0.00269492
772,1954,2,5_9,0.00259266
772,1955,2,5_9,0.00250296
772,1956,2,5_9,0.00241702
772,1957,2,5_9,0.0023352
772,1958,2,5_9,0.00225829
772,1959,2,5_9,0.00218515
772,1960,2,5_9,0.00211425
772,1961,2,5_9,0.00204749
772,1962,2,5_9,0.00198496
772,1963,2,5_9,0.00192579
772,1964,2,5_9,0.00186578
772,1965,2,5_9,0.00181821
772,1966,2,5_9,0.00176901
772,1967,2,5_9,0.00171713
772,1968,2,5_9,0.0016751
772,1969,2,5_9,0.00163115
772,1970,2,5_9,0.00158851
772,1971,2,5_9,0.00155452
772,1972,2,5_9,0.00152906
772,1973,2,5_9,0.00150686
772,1974,2,5_9,0.00148978
772,1975,2,5_9,0.00147045
772,1976,2,5_9,0.00144615
772,1977,2,5_9,0.00141272
772,1978,2,5_9,0.00137086
772,1979,2,5_9,0.00132044
772,1980,2,5_9,0.00126552
772,1981,2,5_9,0.00120671
772,1982,2,5_9,0.00114435
772,1983,2,5_9,0.00108374
772,1984,2,5_9,0.00102348
772,1985,2,5_9,0.00096419
772,1986,2,5_9,0.00090741
772,1987,2,5_9,0.00085079
772,1988,2,5_9,0.00079623
772,1989,2,5_9,0.00074245
772,1990,2,5_9,0.00069134
772,1991,2,5_9,0.00064414
772,1992,2,5_9,0.00060101
772,1993,2,5_9,0.00056713
772,1994,2,5_9,0.000538
772,1995,2,5_9,0.00051437
772,1996,2,5_9,0.00049483
772,1997,2,5_9,0.00047914
772,1998,2,5_9,0.00046818
772,1999,2,5_9,0.00045257
772,2000,2,5_9,0.00043496
772,2001,2,5_9,0.00041694
772,2002,2,5_9,0.00039857
772,2003,2,5_9,0.00038009
772,2004,2,5_9,0.00036248
772,2005,2,5_9,0.00034678
772,2006,2,5_9,0.00033169
772,2007,2,5_9,0.00031818
772,2008,2,5_9,0.00030511
772,2009,2,5_9,0.00029329
772,2010,2,5_9,0.00028255
772,2011,2,5_9,0.00027214
772,2012,2,5_9,0.00026264
772,2013,2,5_9,0.00025289
772,2014,2,5_9,0.00024633
772,2015,2,5_9,0.00023933
772,2016,2,5_9,0.00023304
772,2017,2,5_9,0.00022741
772,2018,2,5_9,0.00022225
772,2019,2,5_9,0.00021667
772,2020,2,5_9,0.00021225
772,2021,2,5_9,0.00020899
772,2022,2,5_9,0.00020505
772,2023,2,5_9,0.00020121
776,1950,2,5_9,0.00461404
776,1951,2,5_9,0.00418676
776,1952,2,5_9,0.00381088
776,1953,2,5_9,0.00347848
776,1954,2,5_9,0.00317694
776,1955,2,5_9,0.00291837
776,1956,2,5_9,0.00269489
776,1957,2,5_9,0.00251837
776,1958,2,5_9,0.00236913
776,1959,2,5_9,0.0022728
776,1960,2,5_9,0.00216107
776,1961,2,5_9,0.00210326
776,1962,2,5_9,0.00197023
776,1963,2,5_9,0.00188019
776,1964,2,5_9,0.00179142
776,1965,2,5_9,0.00171102
776,1966,2,5_9,0.0016234
776,1967,2,5_9,0.00154288
776,1968,2,5_9,0.00146084
776,1969,2,5_9,0.00137349
776,1970,2,5_9,0.00128616
776,1971,2,5_9,0.00120087
776,1972,2,5_9,0.00111997
776,1973,2,5_9,0.0010983
776,1974,2,5_9,0.00099639
776,1975,2,5_9,0.00094743
776,1976,2,5_9,0.0009109
776,1977,2,5_9,0.00088979
776,1978,2,5_9,0.00084991
776,1979,2,5_9,0.00082272
776,1980,2,5_9,0.0007973
776,1981,2,5_9,0.00077104
776,1982,2,5_9,0.00085452
776,1983,2,5_9,0.00072773
776,1984,2,5_9,0.00070846
776,1985,2,5_9,0.0006914
776,1986,2,5_9,0.00067272
776,1987,2,5_9,0.00065553
776,1988,2,5_9,0.00063769
776,1989,2,5_9,0.00062196
776,1990,2,5_9,0.00061925
776,1991,2,5_9,0.00058669
776,1992,2,5_9,0.00056838
776,1993,2,5_9,0.00054648
776,1994,2,5_9,0.0005274
776,1995,2,5_9,0.00050861
776,1996,2,5_9,0.00049165
776,1997,2,5_9,0.0004758
776,1998,2,5_9,0.00046113
776,1999,2,5_9,0.00044741
776,2000,2,5_9,0.00043401
776,2001,2,5_9,0.00043684
776,2002,2,5_9,0.00040947
776,2003,2,5_9,0.00039755
776,2004,2,5_9,0.00038647
776,2005,2,5_9,0.00037968
776,2006,2,5_9,0.00037054
776,2007,2,5_9,0.00036137
776,2008,2,5_9,0.00035331
776,2009,2,5_9,0.00043732
776,2010,2,5_9,0.00033928
776,2011,2,5_9,0.00033363
776,2012,2,5_9,0.0003285
776,2013,2,5_9,0.0003238
776,2014,2,5_9,0.00033306
776,2015,2,5_9,0.00031485
776,2016,2,5_9,0.00031073
776,2017,2,5_9,0.00030648
776,2018,2,5_9,0.00030203
776,2019,2,5_9,0.00029745
776,2020,2,5_9,0.00029233
776,2021,2,5_9,0.00028772
776,2022,2,5_9,0.00031927
776,2023,2,5_9,0.00027734
798,1950,2,5_9,0.00810555
798,1951,2,5_9,0.00777665
798,1952,2,5_9,0.00745873
798,1953,2,5_9,0.00715229
798,1954,2,5_9,0.00678996
798,1955,2,5_9,0.00645883
798,1956,2,5_9,0.00611857
798,1957,2,5_9,0.00579753
798,1958,2,5_9,0.00549627
798,1959,2,5_9,0.00522157
798,1960,2,5_9,0.00495703
798,1961,2,5_9,0.00470087
798,1962,2,5_9,0.00445631
798,1963,2,5_9,0.00420342
798,1964,2,5_9,0.00397816
798,1965,2,5_9,0.00375949
798,1966,2,5_9,0.00355329
798,1967,2,5_9,0.0033671
798,1968,2,5_9,0.00317932
798,1969,2,5_9,0.00299991
798,1970,2,5_9,0.00283102
798,1971,2,5_9,0.00266278
798,1972,2,5_9,0.00393432
798,1973,2,5_9,0.00236757
798,1974,2,5_9,0.00226839
798,1975,2,5_9,0.00215848
798,1976,2,5_9,0.00205599
798,1977,2,5_9,0.00197243
798,1978,2,5_9,0.00190037
798,1979,2,5_9,0.00184378
798,1980,2,5_9,0.0017812
798,1981,2,5_9,0.00173425
798,1982,2,5_9,0.00168143
798,1983,2,5_9,0.00163943
798,1984,2,5_9,0.00161223
798,1985,2,5_9,0.00158431
798,1986,2,5_9,0.00156656
798,1987,2,5_9,0.00155118
798,1988,2,5_9,0.00154202
798,1989,2,5_9,0.00152025
798,1990,2,5_9,0.00150401
798,1991,2,5_9,0.00148148
798,1992,2,5_9,0.00208872
798,1993,2,5_9,0.00144043
798,1994,2,5_9,0.0014165
798,1995,2,5_9,0.00139149
798,1996,2,5_9,0.00136241
798,1997,2,5_9,0.00132951
798,1998,2,5_9,0.00130326
798,1999,2,5_9,0.00127424
798,2000,2,5_9,0.00124731
798,2001,2,5_9,0.00121881
798,2002,2,5_9,0.00119345
798,2003,2,5_9,0.00117285
798,2004,2,5_9,0.00115121
798,2005,2,5_9,0.00112736
798,2006,2,5_9,0.00110165
798,2007,2,5_9,0.00107374
798,2008,2,5_9,0.00104615
798,2009,2,5_9,0.00101562
798,2010,2,5_9,0.00098363
798,2011,2,5_9,0.0009548
798,2012,2,5_9,0.00092541
798,2013,2,5_9,0.00090069
798,2014,2,5_9,0.00087534
798,2015,2,5_9,0.00084922
798,2016,2,5_9,0.00082536
798,2017,2,5_9,0.00080324
798,2018,2,5_9,0.0007785
798,2019,2,5_9,0.00075515
798,2020,2,5_9,0.00073225
798,2021,2,5_9,0.00070991
798,2022,2,5_9,0.00068829
798,2023,2,5_9,0.00066403
876,1950,2,5_9,0.00445757
876,1951,2,5_9,0.00442249
876,1952,2,5_9,0.00438076
876,1953,2,5_9,0.00430245
876,1954,2,5_9,0.0042109
876,1955,2,5_9,0.00410735
876,1956,2,5_9,0.00400191
876,1957,2,5_9,0.00389652
876,1958,2,5_9,0.00379123
876,1959,2,5_9,0.00368606
876,1960,2,5_9,0.00357841
876,1961,2,5_9,0.00346833
876,1962,2,5_9,0.00335859
876,1963,2,5_9,0.00324925
876,1964,2,5_9,0.00314041
876,1965,2,5_9,0.00302994
876,1966,2,5_9,0.00291619
876,1967,2,5_9,0.00280326
876,1968,2,5_9,0.00269126
876,1969,2,5_9,0.00258031
876,1970,2,5_9,0.0024644
876,1971,2,5_9,0.00234987
876,1972,2,5_9,0.00223701
876,1973,2,5_9,0.00212577
876,1974,2,5_9,0.00200789
876,1975,2,5_9,0.00189273
876,1976,2,5_9,0.00178044
876,1977,2,5_9,0.00166448
876,1978,2,5_9,0.00154888
876,1979,2,5_9,0.00143812
876,1980,2,5_9,0.00132669
876,1981,2,5_9,0.00122008
876,1982,2,5_9,0.00112061
876,1983,2,5_9,0.00101898
876,1984,2,5_9,0.00091847
876,1985,2,5_9,0.00082248
876,1986,2,5_9,0.00083444
876,1987,2,5_9,0.00063903
876,1988,2,5_9,0.00056231
876,1989,2,5_9,0.00050193
876,1990,2,5_9,0.00045463
876,1991,2,5_9,0.00042673
876,1992,2,5_9,0.00039828
876,1993,2,5_9,0.00073502
876,1994,2,5_9,0.00034705
876,1995,2,5_9,0.00032089
876,1996,2,5_9,0.00029076
876,1997,2,5_9,0.00026454
876,1998,2,5_9,0.0002431
876,1999,2,5_9,0.00022384
876,2000,2,5_9,0.00021009
876,2001,2,5_9,0.00020078
876,2002,2,5_9,0.00019514
876,2003,2,5_9,0.0001901
876,2004,2,5_9,0.00018608
876,2005,2,5_9,0.00018283
876,2006,2,5_9,0.00017925
876,2007,2,5_9,0.00017506
876,2008,2,5_9,0.00017183
876,2009,2,5_9,0.00016991
876,2010,2,5_9,0.00016821
876,2011,2,5_9,0.00016762
876,2012,2,5_9,0.00016756
876,2013,2,5_9,0.00016786
876,2014,2,5_9,0.00016782
876,2015,2,5_9,0.00016718
876,2016,2,5_9,0.00016611
876,2017,2,5_9,0.00016504
876,2018,2,5_9,0.00016286
876,2019,2,5_9,0.00015915
876,2020,2,5_9,0.0001564
876,2021,2,5_9,0.00015341
876,2022,2,5_9,0.00015134
876,2023,2,5_9,0.00014948
108,2024,2,5_9,0.0030389
108,2025,2,5_9,0.00297347
108,2026,2,5_9,0.00290738
108,2027,2,5_9,0.00284355
108,2028,2,5_9,0.00277924
108,2029,2,5_9,0.00271902
108,2030,2,5_9,0.00265874
108,2031,2,5_9,0.00260063
108,2032,2,5_9,0.00254062
108,2033,2,5_9,0.00248141
108,2034,2,5_9,0.00243022
108,2035,2,5_9,0.00237273
108,2036,2,5_9,0.00231768
108,2037,2,5_9,0.00226222
108,2038,2,5_9,0.00220901
108,2039,2,5_9,0.00215629
108,2040,2,5_9,0.00210771
108,2041,2,5_9,0.00205728
108,2042,2,5_9,0.00200706
108,2043,2,5_9,0.00195848
108,2044,2,5_9,0.00191275
108,2045,2,5_9,0.00186807
108,2046,2,5_9,0.00182319
108,2047,2,5_9,0.0017786
108,2048,2,5_9,0.00173555
108,2049,2,5_9,0.001693
108,2050,2,5_9,0.00165024
108,2051,2,5_9,0.00160879
108,2052,2,5_9,0.00157016
108,2053,2,5_9,0.00153248
108,2054,2,5_9,0.00149022
108,2055,2,5_9,0.00145377
108,2056,2,5_9,0.00141802
108,2057,2,5_9,0.00138145
108,2058,2,5_9,0.00134743
108,2059,2,5_9,0.00131578
108,2060,2,5_9,0.00128283
108,2061,2,5_9,0.00124621
108,2062,2,5_9,0.00121523
108,2063,2,5_9,0.00118502
108,2064,2,5_9,0.00115444
108,2065,2,5_9,0.00112383
108,2066,2,5_9,0.00109369
108,2067,2,5_9,0.00106465
108,2068,2,5_9,0.00103856
108,2069,2,5_9,0.00101476
108,2070,2,5_9,0.00098934
108,2071,2,5_9,0.00096355
108,2072,2,5_9,0.00094084
108,2073,2,5_9,0.00091646
108,2074,2,5_9,0.00089374
108,2075,2,5_9,0.0008725
108,2076,2,5_9,0.00085069
108,2077,2,5_9,0.00082938
108,2078,2,5_9,0.00081132
108,2079,2,5_9,0.0007909
108,2080,2,5_9,0.00077125
108,2081,2,5_9,0.00075164
108,2082,2,5_9,0.00073364
108,2083,2,5_9,0.00071406
108,2084,2,5_9,0.00069589
108,2085,2,5_9,0.00067702
108,2086,2,5_9,0.00065924
108,2087,2,5_9,0.00064263
108,2088,2,5_9,0.0006275
108,2089,2,5_9,0.00061358
108,2090,2,5_9,0.00060145
108,2091,2,5_9,0.00059025
108,2092,2,5_9,0.00058005
108,2093,2,5_9,0.00057121
108,2094,2,5_9,0.00056308
108,2095,2,5_9,0.0005544
108,2096,2,5_9,0.00054629
108,2097,2,5_9,0.00053814
108,2098,2,5_9,0.00053026
108,2099,2,5_9,0.0005224
108,2100,2,5_9,0.00051501
174,2024,2,5_9,0.00082793
174,2025,2,5_9,0.00079721
174,2026,2,5_9,0.00076727
174,2027,2,5_9,0.00073716
174,2028,2,5_9,0.00071101
174,2029,2,5_9,0.00068634
174,2030,2,5_9,0.00065974
174,2031,2,5_9,0.00063615
174,2032,2,5_9,0.00061329
174,2033,2,5_9,0.00058903
174,2034,2,5_9,0.000566
174,2035,2,5_9,0.00054428
174,2036,2,5_9,0.00052297
174,2037,2,5_9,0.0005021
174,2038,2,5_9,0.00048223
174,2039,2,5_9,0.00046338
174,2040,2,5_9,0.00044592
174,2041,2,5_9,0.00042944
174,2042,2,5_9,0.00041338
174,2043,2,5_9,0.00039782
174,2044,2,5_9,0.0003827
174,2045,2,5_9,0.00036743
174,2046,2,5_9,0.00035379
174,2047,2,5_9,0.00033982
174,2048,2,5_9,0.00032638
174,2049,2,5_9,0.00031418
174,2050,2,5_9,0.00030183
174,2051,2,5_9,0.00028988
174,2052,2,5_9,0.00028041
174,2053,2,5_9,0.00027379
174,2054,2,5_9,0.00026759
174,2055,2,5_9,0.00026124
174,2056,2,5_9,0.00025566
174,2057,2,5_9,0.00025009
174,2058,2,5_9,0.0002445
174,2059,2,5_9,0.00023894
174,2060,2,5_9,0.00023308
174,2061,2,5_9,0.0002279
174,2062,2,5_9,0.00022275
174,2063,2,5_9,0.00021801
174,2064,2,5_9,0.00021332
174,2065,2,5_9,0.00020897
174,2066,2,5_9,0.00020441
174,2067,2,5_9,0.00019995
174,2068,2,5_9,0.00019619
174,2069,2,5_9,0.00019228
174,2070,2,5_9,0.00018874
174,2071,2,5_9,0.00018541
174,2072,2,5_9,0.00018226
174,2073,2,5_9,0.000179
174,2074,2,5_9,0.00017573
174,2075,2,5_9,0.00017252
174,2076,2,5_9,0.00016953
174,2077,2,5_9,0.00016664
174,2078,2,5_9,0.000164
174,2079,2,5_9,0.00016129
174,2080,2,5_9,0.00015864
174,2081,2,5_9,0.00015605
174,2082,2,5_9,0.00015341
174,2083,2,5_9,0.0001512
174,2084,2,5_9,0.00014898
174,2085,2,5_9,0.00014673
174,2086,2,5_9,0.0001447
174,2087,2,5_9,0.00014264
174,2088,2,5_9,0.00014072
174,2089,2,5_9,0.00013902
174,2090,2,5_9,0.00013714
174,2091,2,5_9,0.00013526
174,2092,2,5_9,0.00013367
174,2093,2,5_9,0.00013196
174,2094,2,5_9,0.00013022
174,2095,2,5_9,0.00012841
174,2096,2,5_9,0.00012688
174,2097,2,5_9,0.0001254
174,2098,2,5_9,0.00012389
174,2099,2,5_9,0.00012248
174,2100,2,5_9,0.00012088
262,2024,2,5_9,0.00178684
262,2025,2,5_9,0.00173428
262,2026,2,5_9,0.00168095
262,2027,2,5_9,0.00163073
262,2028,2,5_9,0.00157833
262,2029,2,5_9,0.0015287
262,2030,2,5_9,0.00148731
262,2031,2,5_9,0.001444
262,2032,2,5_9,0.00140069
262,2033,2,5_9,0.00136039
262,2034,2,5_9,0.00131686
262,2035,2,5_9,0.00127774
262,2036,2,5_9,0.00123908
262,2037,2,5_9,0.00120094
262,2038,2,5_9,0.00116504
262,2039,2,5_9,0.00112733
262,2040,2,5_9,0.00109351
262,2041,2,5_9,0.00105839
262,2042,2,5_9,0.00102721
262,2043,2,5_9,0.00099432
262,2044,2,5_9,0.00096465
262,2045,2,5_9,0.00093494
262,2046,2,5_9,0.00090607
262,2047,2,5_9,0.00087903
262,2048,2,5_9,0.00085172
262,2049,2,5_9,0.0008254
262,2050,2,5_9,0.00080084
262,2051,2,5_9,0.00077613
262,2052,2,5_9,0.00075206
262,2053,2,5_9,0.00072932
262,2054,2,5_9,0.00070538
262,2055,2,5_9,0.00068258
262,2056,2,5_9,0.00066167
262,2057,2,5_9,0.00064025
262,2058,2,5_9,0.00062102
262,2059,2,5_9,0.00060425
262,2060,2,5_9,0.00058859
262,2061,2,5_9,0.00057374
262,2062,2,5_9,0.00055946
262,2063,2,5_9,0.00054671
262,2064,2,5_9,0.00053629
262,2065,2,5_9,0.0005254
262,2066,2,5_9,0.00051507
262,2067,2,5_9,0.00050574
262,2068,2,5_9,0.00049674
262,2069,2,5_9,0.00048738
262,2070,2,5_9,0.00047835
262,2071,2,5_9,0.00046956
262,2072,2,5_9,0.00046099
262,2073,2,5_9,0.0004523
262,2074,2,5_9,0.0004444
262,2075,2,5_9,0.00043638
262,2076,2,5_9,0.00042932
262,2077,2,5_9,0.00042238
262,2078,2,5_9,0.0004158
262,2079,2,5_9,0.00040838
262,2080,2,5_9,0.00040183
262,2081,2,5_9,0.00039563
262,2082,2,5_9,0.00038989
262,2083,2,5_9,0.00038401
262,2084,2,5_9,0.00037828
262,2085,2,5_9,0.00037254
262,2086,2,5_9,0.00036703
262,2087,2,5_9,0.00036203
262,2088,2,5_9,0.00035669
262,2089,2,5_9,0.00035114
262,2090,2,5_9,0.00034567
262,2091,2,5_9,0.00034094
262,2092,2,5_9,0.00033657
262,2093,2,5_9,0.00033185
262,2094,2,5_9,0.00032744
262,2095,2,5_9,0.00032329
262,2096,2,5_9,0.00031982
262,2097,2,5_9,0.00031586
262,2098,2,5_9,0.00031238
262,2099,2,5_9,0.00030883
262,2100,2,5_9,0.00030527
232,2024,2,5_9,0.0013552
232,2025,2,5_9,0.00130007
232,2026,2,5_9,0.00124646
232,2027,2,5_9,0.00119583
232,2028,2,5_9,0.00114354
232,2029,2,5_9,0.00109687
232,2030,2,5_9,0.00105257
232,2031,2,5_9,0.00100848
232,2032,2,5_9,0.00096389
232,2033,2,5_9,0.00092381
232,2034,2,5_9,0.00088411
232,2035,2,5_9,0.00084843
232,2036,2,5_9,0.00081127
232,2037,2,5_9,0.0007764
232,2038,2,5_9,0.00074507
232,2039,2,5_9,0.00071264
232,2040,2,5_9,0.00068821
232,2041,2,5_9,0.00066627
232,2042,2,5_9,0.00064707
232,2043,2,5_9,0.00062926
232,2044,2,5_9,0.0006121
232,2045,2,5_9,0.00059627
232,2046,2,5_9,0.00057975
232,2047,2,5_9,0.00056409
232,2048,2,5_9,0.00054965
232,2049,2,5_9,0.00053529
232,2050,2,5_9,0.00052117
232,2051,2,5_9,0.00050844
232,2052,2,5_9,0.00049592
232,2053,2,5_9,0.00048339
232,2054,2,5_9,0.0004705
232,2055,2,5_9,0.00045882
232,2056,2,5_9,0.00044779
232,2057,2,5_9,0.00043718
232,2058,2,5_9,0.00042693
232,2059,2,5_9,0.0004179
232,2060,2,5_9,0.00040802
232,2061,2,5_9,0.00039792
232,2062,2,5_9,0.00038905
232,2063,2,5_9,0.00038034
232,2064,2,5_9,0.00037247
232,2065,2,5_9,0.00036323
232,2066,2,5_9,0.0003557
232,2067,2,5_9,0.0003478
232,2068,2,5_9,0.00033942
232,2069,2,5_9,0.00033309
232,2070,2,5_9,0.0003265
232,2071,2,5_9,0.00032007
232,2072,2,5_9,0.00031381
232,2073,2,5_9,0.00030793
232,2074,2,5_9,0.00030222
232,2075,2,5_9,0.00029674
232,2076,2,5_9,0.00029149
232,2077,2,5_9,0.00028603
232,2078,2,5_9,0.00028116
232,2079,2,5_9,0.00027579
232,2080,2,5_9,0.00027095
232,2081,2,5_9,0.00026605
232,2082,2,5_9,0.00026097
232,2083,2,5_9,0.0002559
232,2084,2,5_9,0.0002511
232,2085,2,5_9,0.0002465
232,2086,2,5_9,0.00024195
232,2087,2,5_9,0.00023754
232,2088,2,5_9,0.00023316
232,2089,2,5_9,0.00022895
232,2090,2,5_9,0.00022503
232,2091,2,5_9,0.00022076
232,2092,2,5_9,0.00021702
232,2093,2,5_9,0.00021317
232,2094,2,5_9,0.00020945
232,2095,2,5_9,0.0002056
232,2096,2,5_9,0.00020193
232,2097,2,5_9,0.00019829
232,2098,2,5_9,0.00019491
232,2099,2,5_9,0.00019154
232,2100,2,5_9,0.00018853
231,2024,2,5_9,0.0011223
231,2025,2,5_9,0.00107933
231,2026,2,5_9,0.00103545
231,2027,2,5_9,0.00099352
231,2028,2,5_9,0.00095359
231,2029,2,5_9,0.00091448
231,2030,2,5_9,0.00087796
231,2031,2,5_9,0.00084333
231,2032,2,5_9,0.00081017
231,2033,2,5_9,0.00077533
231,2034,2,5_9,0.00074446
231,2035,2,5_9,0.000715
231,2036,2,5_9,0.00068657
231,2037,2,5_9,0.00065757
231,2038,2,5_9,0.0006315
231,2039,2,5_9,0.0006051
231,2040,2,5_9,0.00057902
231,2041,2,5_9,0.00056
231,2042,2,5_9,0.00054037
231,2043,2,5_9,0.00052306
231,2044,2,5_9,0.00050678
231,2045,2,5_9,0.00049025
231,2046,2,5_9,0.00047361
231,2047,2,5_9,0.00045845
231,2048,2,5_9,0.00044293
231,2049,2,5_9,0.00042909
231,2050,2,5_9,0.00041897
231,2051,2,5_9,0.00040865
231,2052,2,5_9,0.00039798
231,2053,2,5_9,0.00038786
231,2054,2,5_9,0.00037879
231,2055,2,5_9,0.00037016
231,2056,2,5_9,0.00036179
231,2057,2,5_9,0.00035346
231,2058,2,5_9,0.00034512
231,2059,2,5_9,0.00033683
231,2060,2,5_9,0.00032879
231,2061,2,5_9,0.00032159
231,2062,2,5_9,0.00031474
231,2063,2,5_9,0.00030805
231,2064,2,5_9,0.00030091
231,2065,2,5_9,0.00029422
231,2066,2,5_9,0.00028745
231,2067,2,5_9,0.00028131
231,2068,2,5_9,0.0002753
231,2069,2,5_9,0.00026907
231,2070,2,5_9,0.00026339
231,2071,2,5_9,0.00025776
231,2072,2,5_9,0.00025306
231,2073,2,5_9,0.00024786
231,2074,2,5_9,0.00024317
231,2075,2,5_9,0.00023822
231,2076,2,5_9,0.00023413
231,2077,2,5_9,0.00023024
231,2078,2,5_9,0.00022614
231,2079,2,5_9,0.00022214
231,2080,2,5_9,0.00021847
231,2081,2,5_9,0.00021472
231,2082,2,5_9,0.00021113
231,2083,2,5_9,0.00020738
231,2084,2,5_9,0.00020407
231,2085,2,5_9,0.00020064
231,2086,2,5_9,0.00019745
231,2087,2,5_9,0.000194
231,2088,2,5_9,0.00019101
231,2089,2,5_9,0.00018766
231,2090,2,5_9,0.00018444
231,2091,2,5_9,0.00018141
231,2092,2,5_9,0.00017829
231,2093,2,5_9,0.00017556
231,2094,2,5_9,0.00017283
231,2095,2,5_9,0.00016995
231,2096,2,5_9,0.00016722
231,2097,2,5_9,0.00016453
231,2098,2,5_9,0.00016198
231,2099,2,5_9,0.00015919
231,2100,2,5_9,0.00015673
404,2024,2,5_9,0.00087602
404,2025,2,5_9,0.00086196
404,2026,2,5_9,0.00085006
404,2027,2,5_9,0.0008374
404,2028,2,5_9,0.00082363
404,2029,2,5_9,0.00081123
404,2030,2,5_9,0.00079885
404,2031,2,5_9,0.0007857
404,2032,2,5_9,0.00077316
404,2033,2,5_9,0.00076251
404,2034,2,5_9,0.00074939
404,2035,2,5_9,0.00073822
404,2036,2,5_9,0.00072785
404,2037,2,5_9,0.00071591
404,2038,2,5_9,0.00070251
404,2039,2,5_9,0.00069225
404,2040,2,5_9,0.00068042
404,2041,2,5_9,0.00066767
404,2042,2,5_9,0.00065865
404,2043,2,5_9,0.00064601
404,2044,2,5_9,0.00063498
404,2045,2,5_9,0.00062427
404,2046,2,5_9,0.00061527
404,2047,2,5_9,0.00060259
404,2048,2,5_9,0.00059182
404,2049,2,5_9,0.00058278
404,2050,2,5_9,0.00057267
404,2051,2,5_9,0.00056326
404,2052,2,5_9,0.00055422
404,2053,2,5_9,0.0005459
404,2054,2,5_9,0.00053687
404,2055,2,5_9,0.00052698
404,2056,2,5_9,0.00051675
404,2057,2,5_9,0.00050683
404,2058,2,5_9,0.00049671
404,2059,2,5_9,0.00048673
404,2060,2,5_9,0.00047787
404,2061,2,5_9,0.00046997
404,2062,2,5_9,0.00045987
404,2063,2,5_9,0.00044959
404,2064,2,5_9,0.000439
404,2065,2,5_9,0.00043115
404,2066,2,5_9,0.00042379
404,2067,2,5_9,0.00041811
404,2068,2,5_9,0.0004118
404,2069,2,5_9,0.00040571
404,2070,2,5_9,0.00039961
404,2071,2,5_9,0.00039439
404,2072,2,5_9,0.00038796
404,2073,2,5_9,0.00038212
404,2074,2,5_9,0.00037697
404,2075,2,5_9,0.0003708
404,2076,2,5_9,0.00036637
404,2077,2,5_9,0.00036101
404,2078,2,5_9,0.00035546
404,2079,2,5_9,0.00035071
404,2080,2,5_9,0.00034449
404,2081,2,5_9,0.00033976
404,2082,2,5_9,0.00033383
404,2083,2,5_9,0.00032933
404,2084,2,5_9,0.0003252
404,2085,2,5_9,0.00032267
404,2086,2,5_9,0.00032026
404,2087,2,5_9,0.00031782
404,2088,2,5_9,0.00031554
404,2089,2,5_9,0.00031356
404,2090,2,5_9,0.00031182
404,2091,2,5_9,0.00031059
404,2092,2,5_9,0.00030878
404,2093,2,5_9,0.00030754
404,2094,2,5_9,0.00030597
404,2095,2,5_9,0.00030482
404,2096,2,5_9,0.00030327
404,2097,2,5_9,0.00030196
404,2098,2,5_9,0.00030051
404,2099,2,5_9,0.00029911
404,2100,2,5_9,0.00029757
450,2024,2,5_9,0.00266475
450,2025,2,5_9,0.00259255
450,2026,2,5_9,0.00252005
450,2027,2,5_9,0.00245132
450,2028,2,5_9,0.0023879
450,2029,2,5_9,0.00232449
450,2030,2,5_9,0.00225994
450,2031,2,5_9,0.00219798
450,2032,2,5_9,0.00213655
450,2033,2,5_9,0.00208069
450,2034,2,5_9,0.0020212
450,2035,2,5_9,0.00196334
450,2036,2,5_9,0.00191025
450,2037,2,5_9,0.00185956
450,2038,2,5_9,0.00180923
450,2039,2,5_9,0.0017566
450,2040,2,5_9,0.00170927
450,2041,2,5_9,0.00166261
450,2042,2,5_9,0.00161459
450,2043,2,5_9,0.00156963
450,2044,2,5_9,0.00152412
450,2045,2,5_9,0.00147708
450,2046,2,5_9,0.00143352
450,2047,2,5_9,0.00139531
450,2048,2,5_9,0.00135929
450,2049,2,5_9,0.00132395
450,2050,2,5_9,0.00128704
450,2051,2,5_9,0.00125348
450,2052,2,5_9,0.00121638
450,2053,2,5_9,0.00118212
450,2054,2,5_9,0.00115063
450,2055,2,5_9,0.00111704
450,2056,2,5_9,0.00108723
450,2057,2,5_9,0.00105502
450,2058,2,5_9,0.00102469
450,2059,2,5_9,0.00099545
450,2060,2,5_9,0.0009653
450,2061,2,5_9,0.00093637
450,2062,2,5_9,0.00091047
450,2063,2,5_9,0.00088285
450,2064,2,5_9,0.00085689
450,2065,2,5_9,0.00083205
450,2066,2,5_9,0.00080824
450,2067,2,5_9,0.00078569
450,2068,2,5_9,0.00076246
450,2069,2,5_9,0.00074097
450,2070,2,5_9,0.00071975
450,2071,2,5_9,0.00069791
450,2072,2,5_9,0.00067595
450,2073,2,5_9,0.00065642
450,2074,2,5_9,0.00063699
450,2075,2,5_9,0.00061882
450,2076,2,5_9,0.00060088
450,2077,2,5_9,0.00058221
450,2078,2,5_9,0.00056558
450,2079,2,5_9,0.00054943
450,2080,2,5_9,0.00053156
450,2081,2,5_9,0.00051504
450,2082,2,5_9,0.00050233
450,2083,2,5_9,0.00049148
450,2084,2,5_9,0.00048083
450,2085,2,5_9,0.00047092
450,2086,2,5_9,0.00046003
450,2087,2,5_9,0.00045059
450,2088,2,5_9,0.00044126
450,2089,2,5_9,0.00043136
450,2090,2,5_9,0.0004219
450,2091,2,5_9,0.00041202
450,2092,2,5_9,0.00040425
450,2093,2,5_9,0.00039568
450,2094,2,5_9,0.00038654
450,2095,2,5_9,0.00037774
450,2096,2,5_9,0.00037005
450,2097,2,5_9,0.00036245
450,2098,2,5_9,0.00035513
450,2099,2,5_9,0.00034824
450,2100,2,5_9,0.00034117
454,2024,2,5_9,0.00075457
454,2025,2,5_9,0.00073521
454,2026,2,5_9,0.000718
454,2027,2,5_9,0.00069898
454,2028,2,5_9,0.00067945
454,2029,2,5_9,0.00066232
454,2030,2,5_9,0.00064349
454,2031,2,5_9,0.00062785
454,2032,2,5_9,0.00060989
454,2033,2,5_9,0.00059228
454,2034,2,5_9,0.00057643
454,2035,2,5_9,0.00056118
454,2036,2,5_9,0.00054737
454,2037,2,5_9,0.00053268
454,2038,2,5_9,0.00051855
454,2039,2,5_9,0.00050445
454,2040,2,5_9,0.00049048
454,2041,2,5_9,0.00047792
454,2042,2,5_9,0.00046658
454,2043,2,5_9,0.0004546
454,2044,2,5_9,0.00044313
454,2045,2,5_9,0.00043225
454,2046,2,5_9,0.00042121
454,2047,2,5_9,0.0004105
454,2048,2,5_9,0.00039928
454,2049,2,5_9,0.00038967
454,2050,2,5_9,0.00037983
454,2051,2,5_9,0.00037292
454,2052,2,5_9,0.00036662
454,2053,2,5_9,0.00036023
454,2054,2,5_9,0.00035378
454,2055,2,5_9,0.0003479
454,2056,2,5_9,0.00034241
454,2057,2,5_9,0.00033608
454,2058,2,5_9,0.00033088
454,2059,2,5_9,0.00032559
454,2060,2,5_9,0.00032001
454,2061,2,5_9,0.00031459
454,2062,2,5_9,0.00031073
454,2063,2,5_9,0.00030692
454,2064,2,5_9,0.00030365
454,2065,2,5_9,0.00030062
454,2066,2,5_9,0.00029787
454,2067,2,5_9,0.00029433
454,2068,2,5_9,0.0002916
454,2069,2,5_9,0.00028879
454,2070,2,5_9,0.00028627
454,2071,2,5_9,0.00028393
454,2072,2,5_9,0.00028119
454,2073,2,5_9,0.00027901
454,2074,2,5_9,0.00027683
454,2075,2,5_9,0.00027443
454,2076,2,5_9,0.00027242
454,2077,2,5_9,0.0002703
454,2078,2,5_9,0.00026835
454,2079,2,5_9,0.00026655
454,2080,2,5_9,0.00026454
454,2081,2,5_9,0.00026273
454,2082,2,5_9,0.00026088
454,2083,2,5_9,0.00025919
454,2084,2,5_9,0.00025757
454,2085,2,5_9,0.00025613
454,2086,2,5_9,0.00025451
454,2087,2,5_9,0.00025287
454,2088,2,5_9,0.00025129
454,2089,2,5_9,0.00024978
454,2090,2,5_9,0.0002484
454,2091,2,5_9,0.00024742
454,2092,2,5_9,0.00024604
454,2093,2,5_9,0.00024441
454,2094,2,5_9,0.00024274
454,2095,2,5_9,0.00024144
454,2096,2,5_9,0.00024012
454,2097,2,5_9,0.0002387
454,2098,2,5_9,0.00023747
454,2099,2,5_9,0.00023612
454,2100,2,5_9,0.0002349
480,2024,2,5_9,0.00011136
480,2025,2,5_9,0.00010961
480,2026,2,5_9,0.00010774
480,2027,2,5_9,0.0001061
480,2028,2,5_9,0.00010442
480,2029,2,5_9,0.00010272
480,2030,2,5_9,0.00010122
480,2031,2,5_9,9.969e-05
480,2032,2,5_9,9.824e-05
480,2033,2,5_9,9.671e-05
480,2034,2,5_9,9.53e-05
480,2035,2,5_9,9.378e-05
480,2036,2,5_9,9.251e-05
480,2037,2,5_9,9.115e-05
480,2038,2,5_9,8.992e-05
480,2039,2,5_9,8.858e-05
480,2040,2,5_9,8.758e-05
480,2041,2,5_9,8.667e-05
480,2042,2,5_9,8.573e-05
480,2043,2,5_9,8.463e-05
480,2044,2,5_9,8.363e-05
480,2045,2,5_9,8.272e-05
480,2046,2,5_9,8.179e-05
480,2047,2,5_9,8.08e-05
480,2048,2,5_9,7.989e-05
480,2049,2,5_9,7.89e-05
480,2050,2,5_9,7.793e-05
480,2051,2,5_9,7.706e-05
480,2052,2,5_9,7.616e-05
480,2053,2,5_9,7.527e-05
480,2054,2,5_9,7.437e-05
480,2055,2,5_9,7.358e-05
480,2056,2,5_9,7.276e-05
480,2057,2,5_9,7.202e-05
480,2058,2,5_9,7.121e-05
480,2059,2,5_9,7.042e-05
480,2060,2,5_9,6.969e-05
480,2061,2,5_9,6.888e-05
480,2062,2,5_9,6.815e-05
480,2063,2,5_9,6.733e-05
480,2064,2,5_9,6.65e-05
480,2065,2,5_9,6.583e-05
480,2066,2,5_9,6.505e-05
480,2067,2,5_9,6.441e-05
480,2068,2,5_9,6.366e-05
480,2069,2,5_9,6.299e-05
480,2070,2,5_9,6.22e-05
480,2071,2,5_9,6.155e-05
480,2072,2,5_9,6.082e-05
480,2073,2,5_9,6.015e-05
480,2074,2,5_9,5.959e-05
480,2075,2,5_9,5.893e-05
480,2076,2,5_9,5.834e-05
480,2077,2,5_9,5.773e-05
480,2078,2,5_9,5.717e-05
480,2079,2,5_9,5.652e-05
480,2080,2,5_9,5.601e-05
480,2081,2,5_9,5.541e-05
480,2082,2,5_9,5.488e-05
480,2083,2,5_9,5.424e-05
480,2084,2,5_9,5.368e-05
480,2085,2,5_9,5.302e-05
480,2086,2,5_9,5.246e-05
480,2087,2,5_9,5.181e-05
480,2088,2,5_9,5.128e-05
480,2089,2,5_9,5.064e-05
480,2090,2,5_9,5.008e-05
480,2091,2,5_9,4.955e-05
480,2092,2,5_9,4.893e-05
480,2093,2,5_9,4.847e-05
480,2094,2,5_9,4.792e-05
480,2095,2,5_9,4.741e-05
480,2096,2,5_9,4.693e-05
480,2097,2,5_9,4.636e-05
480,2098,2,5_9,4.593e-05
480,2099,2,5_9,4.545e-05
480,2100,2,5_9,4.493e-05
175,2024,2,5_9,0.00016683
175,2025,2,5_9,0.00016214
175,2026,2,5_9,0.00015752
175,2027,2,5_9,0.00015283
175,2028,2,5_9,0.00014861
175,2029,2,5_9,0.00014482
175,2030,2,5_9,0.00014109
175,2031,2,5_9,0.00013759
175,2032,2,5_9,0.00013415
175,2033,2,5_9,0.00013088
175,2034,2,5_9,0.00012776
175,2035,2,5_9,0.00012491
175,2036,2,5_9,0.00012215
175,2037,2,5_9,0.00011908
175,2038,2,5_9,0.00011629
175,2039,2,5_9,0.00011353
175,2040,2,5_9,0.00011087
175,2041,2,5_9,0.00010836
175,2042,2,5_9,0.00010605
175,2043,2,5_9,0.00010365
175,2044,2,5_9,0.00010134
175,2045,2,5_9,9.905e-05
175,2046,2,5_9,9.697e-05
175,2047,2,5_9,9.487e-05
175,2048,2,5_9,9.276e-05
175,2049,2,5_9,9.085e-05
175,2050,2,5_9,8.882e-05
175,2051,2,5_9,8.708e-05
175,2052,2,5_9,8.518e-05
175,2053,2,5_9,8.336e-05
175,2054,2,5_9,8.156e-05
175,2055,2,5_9,8.003e-05
175,2056,2,5_9,7.848e-05
175,2057,2,5_9,7.698e-05
175,2058,2,5_9,7.538e-05
175,2059,2,5_9,7.401e-05
175,2060,2,5_9,7.255e-05
175,2061,2,5_9,7.125e-05
175,2062,2,5_9,6.983e-05
175,2063,2,5_9,6.856e-05
175,2064,2,5_9,6.728e-05
175,2065,2,5_9,6.602e-05
175,2066,2,5_9,6.473e-05
175,2067,2,5_9,6.354e-05
175,2068,2,5_9,6.224e-05
175,2069,2,5_9,6.11e-05
175,2070,2,5_9,5.997e-05
175,2071,2,5_9,5.883e-05
175,2072,2,5_9,5.773e-05
175,2073,2,5_9,5.678e-05
175,2074,2,5_9,5.581e-05
175,2075,2,5_9,5.487e-05
175,2076,2,5_9,5.388e-05
175,2077,2,5_9,5.301e-05
175,2078,2,5_9,5.203e-05
175,2079,2,5_9,5.113e-05
175,2080,2,5_9,5.019e-05
175,2081,2,5_9,4.935e-05
175,2082,2,5_9,4.86e-05
175,2083,2,5_9,4.778e-05
175,2084,2,5_9,4.69e-05
175,2085,2,5_9,4.612e-05
175,2086,2,5_9,4.54e-05
175,2087,2,5_9,4.465e-05
175,2088,2,5_9,4.392e-05
175,2089,2,5_9,4.322e-05
175,2090,2,5_9,4.252e-05
175,2091,2,5_9,4.186e-05
175,2092,2,5_9,4.116e-05
175,2093,2,5_9,4.056e-05
175,2094,2,5_9,3.994e-05
175,2095,2,5_9,3.932e-05
175,2096,2,5_9,3.872e-05
175,2097,2,5_9,3.811e-05
175,2098,2,5_9,3.744e-05
175,2099,2,5_9,3.685e-05
175,2100,2,5_9,3.629e-05
508,2024,2,5_9,0.00109468
508,2025,2,5_9,0.0010687
508,2026,2,5_9,0.00104304
508,2027,2,5_9,0.00101623
508,2028,2,5_9,0.00099211
508,2029,2,5_9,0.00096829
508,2030,2,5_9,0.00094328
508,2031,2,5_9,0.00092191
508,2032,2,5_9,0.0008989
508,2033,2,5_9,0.00087574
508,2034,2,5_9,0.00085419
508,2035,2,5_9,0.00083194
508,2036,2,5_9,0.00081008
508,2037,2,5_9,0.00078814
508,2038,2,5_9,0.0007662
508,2039,2,5_9,0.00074588
508,2040,2,5_9,0.00072716
508,2041,2,5_9,0.00070661
508,2042,2,5_9,0.00068866
508,2043,2,5_9,0.00067249
508,2044,2,5_9,0.00065749
508,2045,2,5_9,0.00064197
508,2046,2,5_9,0.00062653
508,2047,2,5_9,0.00061099
508,2048,2,5_9,0.000596
508,2049,2,5_9,0.00058166
508,2050,2,5_9,0.00056627
508,2051,2,5_9,0.00055217
508,2052,2,5_9,0.00053869
508,2053,2,5_9,0.00052402
508,2054,2,5_9,0.00051055
508,2055,2,5_9,0.00049824
508,2056,2,5_9,0.00048675
508,2057,2,5_9,0.00047503
508,2058,2,5_9,0.00046267
508,2059,2,5_9,0.00044929
508,2060,2,5_9,0.00043781
508,2061,2,5_9,0.00042688
508,2062,2,5_9,0.00041748
508,2063,2,5_9,0.00040754
508,2064,2,5_9,0.00039684
508,2065,2,5_9,0.00038698
508,2066,2,5_9,0.00037781
508,2067,2,5_9,0.00036967
508,2068,2,5_9,0.00036024
508,2069,2,5_9,0.00035234
508,2070,2,5_9,0.00034405
508,2071,2,5_9,0.00033531
508,2072,2,5_9,0.00032684
508,2073,2,5_9,0.000319
508,2074,2,5_9,0.00031227
508,2075,2,5_9,0.00030481
508,2076,2,5_9,0.00029713
508,2077,2,5_9,0.00028963
508,2078,2,5_9,0.00028289
508,2079,2,5_9,0.00027648
508,2080,2,5_9,0.00026904
508,2081,2,5_9,0.00026419
508,2082,2,5_9,0.00026001
508,2083,2,5_9,0.00025589
508,2084,2,5_9,0.00025145
508,2085,2,5_9,0.00024695
508,2086,2,5_9,0.00024299
508,2087,2,5_9,0.00023924
508,2088,2,5_9,0.00023535
508,2089,2,5_9,0.00023092
508,2090,2,5_9,0.00022752
508,2091,2,5_9,0.00022414
508,2092,2,5_9,0.0002199
508,2093,2,5_9,0.000217
508,2094,2,5_9,0.00021399
508,2095,2,5_9,0.00021127
508,2096,2,5_9,0.00020851
508,2097,2,5_9,0.00020603
508,2098,2,5_9,0.00020317
508,2099,2,5_9,0.00020047
508,2100,2,5_9,0.00019796
638,2024,2,5_9,6.064e-05
638,2025,2,5_9,5.952e-05
638,2026,2,5_9,5.85e-05
638,2027,2,5_9,5.735e-05
638,2028,2,5_9,5.637e-05
638,2029,2,5_9,5.536e-05
638,2030,2,5_9,5.429e-05
638,2031,2,5_9,5.335e-05
638,2032,2,5_9,5.243e-05
638,2033,2,5_9,5.144e-05
638,2034,2,5_9,5.054e-05
638,2035,2,5_9,4.962e-05
638,2036,2,5_9,4.873e-05
638,2037,2,5_9,4.781e-05
638,2038,2,5_9,4.696e-05
638,2039,2,5_9,4.607e-05
638,2040,2,5_9,4.512e-05
638,2041,2,5_9,4.43e-05
638,2042,2,5_9,4.356e-05
638,2043,2,5_9,4.268e-05
638,2044,2,5_9,4.19e-05
638,2045,2,5_9,4.106e-05
638,2046,2,5_9,4.037e-05
638,2047,2,5_9,3.96e-05
638,2048,2,5_9,3.882e-05
638,2049,2,5_9,3.812e-05
638,2050,2,5_9,3.737e-05
638,2051,2,5_9,3.667e-05
638,2052,2,5_9,3.599e-05
638,2053,2,5_9,3.531e-05
638,2054,2,5_9,3.47e-05
638,2055,2,5_9,3.403e-05
638,2056,2,5_9,3.342e-05
638,2057,2,5_9,3.284e-05
638,2058,2,5_9,3.226e-05
638,2059,2,5_9,3.17e-05
638,2060,2,5_9,3.12e-05
638,2061,2,5_9,3.069e-05
638,2062,2,5_9,3.014e-05
638,2063,2,5_9,2.958e-05
638,2064,2,5_9,2.911e-05
638,2065,2,5_9,2.865e-05
638,2066,2,5_9,2.815e-05
638,2067,2,5_9,2.763e-05
638,2068,2,5_9,2.713e-05
638,2069,2,5_9,2.67e-05
638,2070,2,5_9,2.623e-05
638,2071,2,5_9,2.576e-05
638,2072,2,5_9,2.53e-05
638,2073,2,5_9,2.481e-05
638,2074,2,5_9,2.44e-05
638,2075,2,5_9,2.394e-05
638,2076,2,5_9,2.348e-05
638,2077,2,5_9,2.306e-05
638,2078,2,5_9,2.264e-05
638,2079,2,5_9,2.222e-05
638,2080,2,5_9,2.176e-05
638,2081,2,5_9,2.135e-05
638,2082,2,5_9,2.095e-05
638,2083,2,5_9,2.056e-05
638,2084,2,5_9,2.019e-05
638,2085,2,5_9,1.984e-05
638,2086,2,5_9,1.949e-05
638,2087,2,5_9,1.909e-05
638,2088,2,5_9,1.875e-05
638,2089,2,5_9,1.842e-05
638,2090,2,5_9,1.805e-05
638,2091,2,5_9,1.774e-05
638,2092,2,5_9,1.743e-05
638,2093,2,5_9,1.711e-05
638,2094,2,5_9,1.679e-05
638,2095,2,5_9,1.646e-05
638,2096,2,5_9,1.614e-05
638,2097,2,5_9,1.585e-05
638,2098,2,5_9,1.554e-05
638,2099,2,5_9,1.521e-05
638,2100,2,5_9,1.487e-05
646,2024,2,5_9,0.00068224
646,2025,2,5_9,0.00066054
646,2026,2,5_9,0.00063788
646,2027,2,5_9,0.00061642
646,2028,2,5_9,0.0005967
646,2029,2,5_9,0.00057628
646,2030,2,5_9,0.00055591
646,2031,2,5_9,0.00053686
646,2032,2,5_9,0.00051739
646,2033,2,5_9,0.00049947
646,2034,2,5_9,0.00048106
646,2035,2,5_9,0.00046496
646,2036,2,5_9,0.00044974
646,2037,2,5_9,0.00043509
646,2038,2,5_9,0.00042058
646,2039,2,5_9,0.00040601
646,2040,2,5_9,0.00039346
646,2041,2,5_9,0.00037937
646,2042,2,5_9,0.00036718
646,2043,2,5_9,0.00035509
646,2044,2,5_9,0.00034402
646,2045,2,5_9,0.00033201
646,2046,2,5_9,0.000321
646,2047,2,5_9,0.00031142
646,2048,2,5_9,0.000304
646,2049,2,5_9,0.0002989
646,2050,2,5_9,0.00029452
646,2051,2,5_9,0.00029005
646,2052,2,5_9,0.00028567
646,2053,2,5_9,0.00028158
646,2054,2,5_9,0.00027764
646,2055,2,5_9,0.00027385
646,2056,2,5_9,0.00027019
646,2057,2,5_9,0.00026621
646,2058,2,5_9,0.00026285
646,2059,2,5_9,0.00025948
646,2060,2,5_9,0.00025625
646,2061,2,5_9,0.00025321
646,2062,2,5_9,0.0002502
646,2063,2,5_9,0.00024738
646,2064,2,5_9,0.00024482
646,2065,2,5_9,0.00024283
646,2066,2,5_9,0.0002403
646,2067,2,5_9,0.0002381
646,2068,2,5_9,0.00023584
646,2069,2,5_9,0.00023384
646,2070,2,5_9,0.00023201
646,2071,2,5_9,0.00023018
646,2072,2,5_9,0.00022844
646,2073,2,5_9,0.00022683
646,2074,2,5_9,0.00022501
646,2075,2,5_9,0.00022342
646,2076,2,5_9,0.00022181
646,2077,2,5_9,0.00022049
646,2078,2,5_9,0.00021915
646,2079,2,5_9,0.00021769
646,2080,2,5_9,0.00021642
646,2081,2,5_9,0.00021536
646,2082,2,5_9,0.00021438
646,2083,2,5_9,0.00021332
646,2084,2,5_9,0.00021189
646,2085,2,5_9,0.00021048
646,2086,2,5_9,0.00020953
646,2087,2,5_9,0.00020853
646,2088,2,5_9,0.0002072
646,2089,2,5_9,0.00020601
646,2090,2,5_9,0.00020481
646,2091,2,5_9,0.00020347
646,2092,2,5_9,0.00020238
646,2093,2,5_9,0.00020104
646,2094,2,5_9,0.00019975
646,2095,2,5_9,0.00019872
646,2096,2,5_9,0.00019789
646,2097,2,5_9,0.00019653
646,2098,2,5_9,0.00019533
646,2099,2,5_9,0.00019442
646,2100,2,5_9,0.00019315
690,2024,2,5_9,0.00025354
690,2025,2,5_9,0.00024724
690,2026,2,5_9,0.00024173
690,2027,2,5_9,0.00023597
690,2028,2,5_9,0.00023054
690,2029,2,5_9,0.00022508
690,2030,2,5_9,0.00021992
690,2031,2,5_9,0.00021447
690,2032,2,5_9,0.00020931
690,2033,2,5_9,0.00020434
690,2034,2,5_9,0.00019976
690,2035,2,5_9,0.00019564
690,2036,2,5_9,0.00019119
690,2037,2,5_9,0.00018716
690,2038,2,5_9,0.00018326
690,2039,2,5_9,0.00017911
690,2040,2,5_9,0.00017508
690,2041,2,5_9,0.00017131
690,2042,2,5_9,0.0001678
690,2043,2,5_9,0.00016426
690,2044,2,5_9,0.00016084
690,2045,2,5_9,0.00015779
690,2046,2,5_9,0.00015479
690,2047,2,5_9,0.00015175
690,2048,2,5_9,0.00014882
690,2049,2,5_9,0.000146
690,2050,2,5_9,0.00014306
690,2051,2,5_9,0.0001403
690,2052,2,5_9,0.00013784
690,2053,2,5_9,0.0001352
690,2054,2,5_9,0.0001328
690,2055,2,5_9,0.00013065
690,2056,2,5_9,0.00012861
690,2057,2,5_9,0.0001265
690,2058,2,5_9,0.0001245
690,2059,2,5_9,0.00012253
690,2060,2,5_9,0.00012071
690,2061,2,5_9,0.00011874
690,2062,2,5_9,0.00011698
690,2063,2,5_9,0.00011529
690,2064,2,5_9,0.00011326
690,2065,2,5_9,0.00011164
690,2066,2,5_9,0.00010998
690,2067,2,5_9,0.00010817
690,2068,2,5_9,0.00010683
690,2069,2,5_9,0.00010527
690,2070,2,5_9,0.00010378
690,2071,2,5_9,0.00010211
690,2072,2,5_9,0.00010072
690,2073,2,5_9,9.919e-05
690,2074,2,5_9,9.78e-05
690,2075,2,5_9,9.63e-05
690,2076,2,5_9,9.488e-05
690,2077,2,5_9,9.349e-05
690,2078,2,5_9,9.227e-05
690,2079,2,5_9,9.086e-05
690,2080,2,5_9,8.948e-05
690,2081,2,5_9,8.835e-05
690,2082,2,5_9,8.713e-05
690,2083,2,5_9,8.581e-05
690,2084,2,5_9,8.451e-05
690,2085,2,5_9,8.342e-05
690,2086,2,5_9,8.224e-05
690,2087,2,5_9,8.124e-05
690,2088,2,5_9,8.03e-05
690,2089,2,5_9,7.927e-05
690,2090,2,5_9,7.823e-05
690,2091,2,5_9,7.723e-05
690,2092,2,5_9,7.636e-05
690,2093,2,5_9,7.548e-05
690,2094,2,5_9,7.461e-05
690,2095,2,5_9,7.366e-05
690,2096,2,5_9,7.267e-05
690,2097,2,5_9,7.178e-05
690,2098,2,5_9,7.094e-05
690,2099,2,5_9,7.013e-05
690,2100,2,5_9,6.918e-05
706,2024,2,5_9,0.00334256
706,2025,2,5_9,0.00329407
706,2026,2,5_9,0.0032431
706,2027,2,5_9,0.00319427
706,2028,2,5_9,0.00314514
706,2029,2,5_9,0.00309755
706,2030,2,5_9,0.00304822
706,2031,2,5_9,0.00300159
706,2032,2,5_9,0.00295416
706,2033,2,5_9,0.00290929
706,2034,2,5_9,0.00286467
706,2035,2,5_9,0.00281894
706,2036,2,5_9,0.00277435
706,2037,2,5_9,0.00273224
706,2038,2,5_9,0.00269203
706,2039,2,5_9,0.00264932
706,2040,2,5_9,0.00260973
706,2041,2,5_9,0.00256756
706,2042,2,5_9,0.00252729
706,2043,2,5_9,0.00248748
706,2044,2,5_9,0.00244466
706,2045,2,5_9,0.00240366
706,2046,2,5_9,0.00236566
706,2047,2,5_9,0.00232759
706,2048,2,5_9,0.00228601
706,2049,2,5_9,0.0022461
706,2050,2,5_9,0.00220628
706,2051,2,5_9,0.00216844
706,2052,2,5_9,0.00213174
706,2053,2,5_9,0.00209219
706,2054,2,5_9,0.00205349
706,2055,2,5_9,0.00201723
706,2056,2,5_9,0.0019794
706,2057,2,5_9,0.00194338
706,2058,2,5_9,0.00190627
706,2059,2,5_9,0.00186908
706,2060,2,5_9,0.00183014
706,2061,2,5_9,0.00179554
706,2062,2,5_9,0.00176429
706,2063,2,5_9,0.00173318
706,2064,2,5_9,0.0017
706,2065,2,5_9,0.0016653
706,2066,2,5_9,0.00163611
706,2067,2,5_9,0.00160516
706,2068,2,5_9,0.00157507
706,2069,2,5_9,0.00154432
706,2070,2,5_9,0.00151162
706,2071,2,5_9,0.00148298
706,2072,2,5_9,0.00145344
706,2073,2,5_9,0.00142182
706,2074,2,5_9,0.001392
706,2075,2,5_9,0.00136569
706,2076,2,5_9,0.00133607
706,2077,2,5_9,0.00130801
706,2078,2,5_9,0.00128361
706,2079,2,5_9,0.00125535
706,2080,2,5_9,0.00122932
706,2081,2,5_9,0.00120211
706,2082,2,5_9,0.00117157
706,2083,2,5_9,0.00114554
706,2084,2,5_9,0.00112181
706,2085,2,5_9,0.00109929
706,2086,2,5_9,0.00107561
706,2087,2,5_9,0.00105642
706,2088,2,5_9,0.00103386
706,2089,2,5_9,0.00101285
706,2090,2,5_9,0.00099052
706,2091,2,5_9,0.00096975
706,2092,2,5_9,0.00094902
706,2093,2,5_9,0.00092892
706,2094,2,5_9,0.0009095
706,2095,2,5_9,0.00088931
706,2096,2,5_9,0.00086774
706,2097,2,5_9,0.00084832
706,2098,2,5_9,0.00082964
706,2099,2,5_9,0.00080946
706,2100,2,5_9,0.00079289
728,2024,2,5_9,0.00390217
728,2025,2,5_9,0.00385712
728,2026,2,5_9,0.00381095
728,2027,2,5_9,0.00376354
728,2028,2,5_9,0.0037146
728,2029,2,5_9,0.00366579
728,2030,2,5_9,0.00362232
728,2031,2,5_9,0.00358034
728,2032,2,5_9,0.00353264
728,2033,2,5_9,0.00348843
728,2034,2,5_9,0.00344625
728,2035,2,5_9,0.00340245
728,2036,2,5_9,0.00335913
728,2037,2,5_9,0.00331297
728,2038,2,5_9,0.00326939
728,2039,2,5_9,0.00322962
728,2040,2,5_9,0.00318729
728,2041,2,5_9,0.0031383
728,2042,2,5_9,0.00309983
728,2043,2,5_9,0.00305297
728,2044,2,5_9,0.00301346
728,2045,2,5_9,0.00297023
728,2046,2,5_9,0.0029282
728,2047,2,5_9,0.00288839
728,2048,2,5_9,0.0028472
728,2049,2,5_9,0.00281152
728,2050,2,5_9,0.0027718
728,2051,2,5_9,0.00273219
728,2052,2,5_9,0.00269526
728,2053,2,5_9,0.002657
728,2054,2,5_9,0.00262048
728,2055,2,5_9,0.00258446
728,2056,2,5_9,0.00254785
728,2057,2,5_9,0.0025105
728,2058,2,5_9,0.00247208
728,2059,2,5_9,0.00243491
728,2060,2,5_9,0.00239735
728,2061,2,5_9,0.00236053
728,2062,2,5_9,0.0023258
728,2063,2,5_9,0.00228767
728,2064,2,5_9,0.00225342
728,2065,2,5_9,0.00221712
728,2066,2,5_9,0.00218308
728,2067,2,5_9,0.00214902
728,2068,2,5_9,0.00211251
728,2069,2,5_9,0.00207581
728,2070,2,5_9,0.00204142
728,2071,2,5_9,0.00200524
728,2072,2,5_9,0.00196982
728,2073,2,5_9,0.00193679
728,2074,2,5_9,0.00190573
728,2075,2,5_9,0.00187339
728,2076,2,5_9,0.00183973
728,2077,2,5_9,0.00180838
728,2078,2,5_9,0.00178007
728,2079,2,5_9,0.00174917
728,2080,2,5_9,0.0017186
728,2081,2,5_9,0.0016877
728,2082,2,5_9,0.00165634
728,2083,2,5_9,0.00162761
728,2084,2,5_9,0.00160054
728,2085,2,5_9,0.00157303
728,2086,2,5_9,0.00154716
728,2087,2,5_9,0.00151731
728,2088,2,5_9,0.00148995
728,2089,2,5_9,0.00146088
728,2090,2,5_9,0.00143771
728,2091,2,5_9,0.00141274
728,2092,2,5_9,0.00138821
728,2093,2,5_9,0.00136414
728,2094,2,5_9,0.00133898
728,2095,2,5_9,0.00131473
728,2096,2,5_9,0.00128894
728,2097,2,5_9,0.00126562
728,2098,2,5_9,0.00124058
728,2099,2,5_9,0.00121745
728,2100,2,5_9,0.00119322
800,2024,2,5_9,0.00072361
800,2025,2,5_9,0.00070089
800,2026,2,5_9,0.00067953
800,2027,2,5_9,0.00065683
800,2028,2,5_9,0.00063546
800,2029,2,5_9,0.00061457
800,2030,2,5_9,0.00059361
800,2031,2,5_9,0.00057487
800,2032,2,5_9,0.00055672
800,2033,2,5_9,0.00053895
800,2034,2,5_9,0.00052172
800,2035,2,5_9,0.00050419
800,2036,2,5_9,0.00048841
800,2037,2,5_9,0.00047233
800,2038,2,5_9,0.00045829
800,2039,2,5_9,0.00044295
800,2040,2,5_9,0.00042831
800,2041,2,5_9,0.00041417
800,2042,2,5_9,0.00040345
800,2043,2,5_9,0.00039269
800,2044,2,5_9,0.00038269
800,2045,2,5_9,0.00037391
800,2046,2,5_9,0.00036413
800,2047,2,5_9,0.00035492
800,2048,2,5_9,0.00034593
800,2049,2,5_9,0.00033966
800,2050,2,5_9,0.00033336
800,2051,2,5_9,0.00032731
800,2052,2,5_9,0.00032125
800,2053,2,5_9,0.00031606
800,2054,2,5_9,0.00031054
800,2055,2,5_9,0.00030529
800,2056,2,5_9,0.00030007
800,2057,2,5_9,0.00029505
800,2058,2,5_9,0.00028986
800,2059,2,5_9,0.00028514
800,2060,2,5_9,0.00028037
800,2061,2,5_9,0.00027572
800,2062,2,5_9,0.00027135
800,2063,2,5_9,0.000267
800,2064,2,5_9,0.00026284
800,2065,2,5_9,0.00025871
800,2066,2,5_9,0.00025501
800,2067,2,5_9,0.00025117
800,2068,2,5_9,0.00024733
800,2069,2,5_9,0.00024334
800,2070,2,5_9,0.00023981
800,2071,2,5_9,0.0002364
800,2072,2,5_9,0.00023271
800,2073,2,5_9,0.00022958
800,2074,2,5_9,0.00022642
800,2075,2,5_9,0.00022307
800,2076,2,5_9,0.00021994
800,2077,2,5_9,0.00021739
800,2078,2,5_9,0.00021462
800,2079,2,5_9,0.00021166
800,2080,2,5_9,0.00020885
800,2081,2,5_9,0.00020608
800,2082,2,5_9,0.00020344
800,2083,2,5_9,0.0002011
800,2084,2,5_9,0.0001987
800,2085,2,5_9,0.00019647
800,2086,2,5_9,0.00019408
800,2087,2,5_9,0.0001918
800,2088,2,5_9,0.00018919
800,2089,2,5_9,0.00018682
800,2090,2,5_9,0.00018448
800,2091,2,5_9,0.00018243
800,2092,2,5_9,0.00017994
800,2093,2,5_9,0.00017765
800,2094,2,5_9,0.00017548
800,2095,2,5_9,0.00017341
800,2096,2,5_9,0.00017116
800,2097,2,5_9,0.00016901
800,2098,2,5_9,0.00016684
800,2099,2,5_9,0.00016491
800,2100,2,5_9,0.00016281
834,2024,2,5_9,0.00075637
834,2025,2,5_9,0.00073758
834,2026,2,5_9,0.00071846
834,2027,2,5_9,0.00070038
834,2028,2,5_9,0.00068264
834,2029,2,5_9,0.00066372
834,2030,2,5_9,0.00064531
834,2031,2,5_9,0.00062765
834,2032,2,5_9,0.00060986
834,2033,2,5_9,0.00059232
834,2034,2,5_9,0.00057434
834,2035,2,5_9,0.00055678
834,2036,2,5_9,0.00054008
834,2037,2,5_9,0.00052477
834,2038,2,5_9,0.00051089
834,2039,2,5_9,0.0004972
834,2040,2,5_9,0.0004847
834,2041,2,5_9,0.00047206
834,2042,2,5_9,0.00045999
834,2043,2,5_9,0.00044794
834,2044,2,5_9,0.00043662
834,2045,2,5_9,0.00042488
834,2046,2,5_9,0.00041393
834,2047,2,5_9,0.00040231
834,2048,2,5_9,0.00039227
834,2049,2,5_9,0.00038246
834,2050,2,5_9,0.0003722
834,2051,2,5_9,0.00036441
834,2052,2,5_9,0.00035772
834,2053,2,5_9,0.00035079
834,2054,2,5_9,0.00034509
834,2055,2,5_9,0.00033928
834,2056,2,5_9,0.00033294
834,2057,2,5_9,0.00032766
834,2058,2,5_9,0.0003226
834,2059,2,5_9,0.00031899
834,2060,2,5_9,0.00031486
834,2061,2,5_9,0.00031123
834,2062,2,5_9,0.0003075
834,2063,2,5_9,0.00030414
834,2064,2,5_9,0.00030065
834,2065,2,5_9,0.00029721
834,2066,2,5_9,0.0002939
834,2067,2,5_9,0.00029088
834,2068,2,5_9,0.00028812
834,2069,2,5_9,0.00028559
834,2070,2,5_9,0.00028279
834,2071,2,5_9,0.00028014
834,2072,2,5_9,0.0002776
834,2073,2,5_9,0.00027534
834,2074,2,5_9,0.00027311
834,2075,2,5_9,0.00027044
834,2076,2,5_9,0.00026809
834,2077,2,5_9,0.00026581
834,2078,2,5_9,0.00026381
834,2079,2,5_9,0.0002619
834,2080,2,5_9,0.00025988
834,2081,2,5_9,0.00025815
834,2082,2,5_9,0.00025625
834,2083,2,5_9,0.00025414
834,2084,2,5_9,0.00025237
834,2085,2,5_9,0.00025066
834,2086,2,5_9,0.00024913
834,2087,2,5_9,0.00024763
834,2088,2,5_9,0.00024614
834,2089,2,5_9,0.00024459
834,2090,2,5_9,0.00024276
834,2091,2,5_9,0.00024094
834,2092,2,5_9,0.00023952
834,2093,2,5_9,0.00023805
834,2094,2,5_9,0.0002363
834,2095,2,5_9,0.00023474
834,2096,2,5_9,0.00023287
834,2097,2,5_9,0.00023119
834,2098,2,5_9,0.00022987
834,2099,2,5_9,0.00022849
834,2100,2,5_9,0.00022674
894,2024,2,5_9,0.00091064
894,2025,2,5_9,0.00088773
894,2026,2,5_9,0.00086399
894,2027,2,5_9,0.00084073
894,2028,2,5_9,0.00081826
894,2029,2,5_9,0.00079608
894,2030,2,5_9,0.00077766
894,2031,2,5_9,0.00075846
894,2032,2,5_9,0.00073999
894,2033,2,5_9,0.00072047
894,2034,2,5_9,0.00070296
894,2035,2,5_9,0.00068588
894,2036,2,5_9,0.00066826
894,2037,2,5_9,0.00065069
894,2038,2,5_9,0.00063252
894,2039,2,5_9,0.00061504
894,2040,2,5_9,0.00059904
894,2041,2,5_9,0.00058278
894,2042,2,5_9,0.00056618
894,2043,2,5_9,0.00055012
894,2044,2,5_9,0.00053503
894,2045,2,5_9,0.00051992
894,2046,2,5_9,0.00050587
894,2047,2,5_9,0.00049292
894,2048,2,5_9,0.00047959
894,2049,2,5_9,0.00046767
894,2050,2,5_9,0.0004541
894,2051,2,5_9,0.0004428
894,2052,2,5_9,0.00043166
894,2053,2,5_9,0.00042023
894,2054,2,5_9,0.00040947
894,2055,2,5_9,0.00039881
894,2056,2,5_9,0.00038782
894,2057,2,5_9,0.00037756
894,2058,2,5_9,0.00036711
894,2059,2,5_9,0.00035771
894,2060,2,5_9,0.00034887
894,2061,2,5_9,0.00033936
894,2062,2,5_9,0.00033277
894,2063,2,5_9,0.00032771
894,2064,2,5_9,0.00032253
894,2065,2,5_9,0.00031758
894,2066,2,5_9,0.00031303
894,2067,2,5_9,0.00030877
894,2068,2,5_9,0.00030542
894,2069,2,5_9,0.000302
894,2070,2,5_9,0.00029889
894,2071,2,5_9,0.00029601
894,2072,2,5_9,0.00029323
894,2073,2,5_9,0.00029004
894,2074,2,5_9,0.00028737
894,2075,2,5_9,0.00028471
894,2076,2,5_9,0.00028244
894,2077,2,5_9,0.00027982
894,2078,2,5_9,0.00027742
894,2079,2,5_9,0.00027499
894,2080,2,5_9,0.00027264
894,2081,2,5_9,0.00027053
894,2082,2,5_9,0.00026873
894,2083,2,5_9,0.00026688
894,2084,2,5_9,0.00026503
894,2085,2,5_9,0.0002633
894,2086,2,5_9,0.00026148
894,2087,2,5_9,0.0002597
894,2088,2,5_9,0.00025801
894,2089,2,5_9,0.0002565
894,2090,2,5_9,0.00025507
894,2091,2,5_9,0.00025359
894,2092,2,5_9,0.00025234
894,2093,2,5_9,0.00025118
894,2094,2,5_9,0.00025
894,2095,2,5_9,0.00024889
894,2096,2,5_9,0.00024776
894,2097,2,5_9,0.00024667
894,2098,2,5_9,0.00024577
894,2099,2,5_9,0.00024483
894,2100,2,5_9,0.00024402
716,2024,2,5_9,0.00095242
716,2025,2,5_9,0.00092666
716,2026,2,5_9,0.00090139
716,2027,2,5_9,0.00087809
716,2028,2,5_9,0.00085417
716,2029,2,5_9,0.00082922
716,2030,2,5_9,0.00080598
716,2031,2,5_9,0.00078472
716,2032,2,5_9,0.00076192
716,2033,2,5_9,0.00074283
716,2034,2,5_9,0.00072219
716,2035,2,5_9,0.00070013
716,2036,2,5_9,0.00067951
716,2037,2,5_9,0.00066065
716,2038,2,5_9,0.00064054
716,2039,2,5_9,0.00062093
716,2040,2,5_9,0.00060181
716,2041,2,5_9,0.00058367
716,2042,2,5_9,0.0005646
716,2043,2,5_9,0.00054864
716,2044,2,5_9,0.00053291
716,2045,2,5_9,0.00051677
716,2046,2,5_9,0.0005015
716,2047,2,5_9,0.00048785
716,2048,2,5_9,0.00047221
716,2049,2,5_9,0.00045674
716,2050,2,5_9,0.000441
716,2051,2,5_9,0.00042587
716,2052,2,5_9,0.00041072
716,2053,2,5_9,0.00039685
716,2054,2,5_9,0.00038489
716,2055,2,5_9,0.00037427
716,2056,2,5_9,0.0003649
716,2057,2,5_9,0.00035586
716,2058,2,5_9,0.00034627
716,2059,2,5_9,0.00033774
716,2060,2,5_9,0.00032958
716,2061,2,5_9,0.00032167
716,2062,2,5_9,0.00031418
716,2063,2,5_9,0.0003061
716,2064,2,5_9,0.00029897
716,2065,2,5_9,0.00029137
716,2066,2,5_9,0.00028456
716,2067,2,5_9,0.00027792
716,2068,2,5_9,0.00027304
716,2069,2,5_9,0.00026973
716,2070,2,5_9,0.00026665
716,2071,2,5_9,0.00026381
716,2072,2,5_9,0.00026118
716,2073,2,5_9,0.0002584
716,2074,2,5_9,0.00025548
716,2075,2,5_9,0.00025363
716,2076,2,5_9,0.00025196
716,2077,2,5_9,0.00025013
716,2078,2,5_9,0.0002486
716,2079,2,5_9,0.00024692
716,2080,2,5_9,0.00024538
716,2081,2,5_9,0.00024382
716,2082,2,5_9,0.00024248
716,2083,2,5_9,0.00024092
716,2084,2,5_9,0.00023966
716,2085,2,5_9,0.00023874
716,2086,2,5_9,0.0002378
716,2087,2,5_9,0.00023669
716,2088,2,5_9,0.00023598
716,2089,2,5_9,0.00023519
716,2090,2,5_9,0.00023443
716,2091,2,5_9,0.0002337
716,2092,2,5_9,0.00023277
716,2093,2,5_9,0.00023209
716,2094,2,5_9,0.00023124
716,2095,2,5_9,0.00023054
716,2096,2,5_9,0.00022973
716,2097,2,5_9,0.00022903
716,2098,2,5_9,0.00022835
716,2099,2,5_9,0.00022751
716,2100,2,5_9,0.00022688
24,2024,2,5_9,0.00113782
24,2025,2,5_9,0.00111507
24,2026,2,5_9,0.00109223
24,2027,2,5_9,0.00106815
24,2028,2,5_9,0.0010463
24,2029,2,5_9,0.00102561
24,2030,2,5_9,0.00100256
24,2031,2,5_9,0.00098107
24,2032,2,5_9,0.00096001
24,2033,2,5_9,0.00093928
24,2034,2,5_9,0.00092009
24,2035,2,5_9,0.00090123
24,2036,2,5_9,0.00088231
24,2037,2,5_9,0.00086227
24,2038,2,5_9,0.00084511
24,2039,2,5_9,0.00082823
24,2040,2,5_9,0.00081122
24,2041,2,5_9,0.00079612
24,2042,2,5_9,0.00077948
24,2043,2,5_9,0.00076453
24,2044,2,5_9,0.00074986
24,2045,2,5_9,0.00073339
24,2046,2,5_9,0.00072005
24,2047,2,5_9,0.0007044
24,2048,2,5_9,0.00069135
24,2049,2,5_9,0.00067741
24,2050,2,5_9,0.0006627
24,2051,2,5_9,0.00064923
24,2052,2,5_9,0.00063385
24,2053,2,5_9,0.00061914
24,2054,2,5_9,0.00060537
24,2055,2,5_9,0.00059095
24,2056,2,5_9,0.00057859
24,2057,2,5_9,0.0005661
24,2058,2,5_9,0.00055552
24,2059,2,5_9,0.00054492
24,2060,2,5_9,0.00053396
24,2061,2,5_9,0.00052345
24,2062,2,5_9,0.00051363
24,2063,2,5_9,0.00050394
24,2064,2,5_9,0.00049357
24,2065,2,5_9,0.00048264
24,2066,2,5_9,0.00047318
24,2067,2,5_9,0.00046384
24,2068,2,5_9,0.00045565
24,2069,2,5_9,0.0004475
24,2070,2,5_9,0.00043785
24,2071,2,5_9,0.00042995
24,2072,2,5_9,0.00042214
24,2073,2,5_9,0.00041319
24,2074,2,5_9,0.00040565
24,2075,2,5_9,0.00039871
24,2076,2,5_9,0.00039126
24,2077,2,5_9,0.00038653
24,2078,2,5_9,0.00038236
24,2079,2,5_9,0.00037765
24,2080,2,5_9,0.00037368
24,2081,2,5_9,0.0003695
24,2082,2,5_9,0.00036581
24,2083,2,5_9,0.00036293
24,2084,2,5_9,0.00035989
24,2085,2,5_9,0.00035684
24,2086,2,5_9,0.00035407
24,2087,2,5_9,0.00035111
24,2088,2,5_9,0.00034863
24,2089,2,5_9,0.0003459
24,2090,2,5_9,0.00034314
24,2091,2,5_9,0.00034046
24,2092,2,5_9,0.00033829
24,2093,2,5_9,0.00033589
24,2094,2,5_9,0.00033315
24,2095,2,5_9,0.00033043
24,2096,2,5_9,0.00032805
24,2097,2,5_9,0.00032576
24,2098,2,5_9,0.0003235
24,2099,2,5_9,0.00032186
24,2100,2,5_9,0.00031984
120,2024,2,5_9,0.00138097
120,2025,2,5_9,0.00133786
120,2026,2,5_9,0.00129827
120,2027,2,5_9,0.00125821
120,2028,2,5_9,0.00121827
120,2029,2,5_9,0.00118032
120,2030,2,5_9,0.00114459
120,2031,2,5_9,0.00110936
120,2032,2,5_9,0.00107594
120,2033,2,5_9,0.00104389
120,2034,2,5_9,0.00101179
120,2035,2,5_9,0.00098266
120,2036,2,5_9,0.00095185
120,2037,2,5_9,0.00092282
120,2038,2,5_9,0.00089439
120,2039,2,5_9,0.00086702
120,2040,2,5_9,0.00084205
120,2041,2,5_9,0.00081815
120,2042,2,5_9,0.00079242
120,2043,2,5_9,0.00077012
120,2044,2,5_9,0.00074673
120,2045,2,5_9,0.00072315
120,2046,2,5_9,0.00070174
120,2047,2,5_9,0.00067949
120,2048,2,5_9,0.00065908
120,2049,2,5_9,0.00063739
120,2050,2,5_9,0.00061659
120,2051,2,5_9,0.00059649
120,2052,2,5_9,0.00057551
120,2053,2,5_9,0.0005595
120,2054,2,5_9,0.00054529
120,2055,2,5_9,0.00053045
120,2056,2,5_9,0.00051589
120,2057,2,5_9,0.00050124
120,2058,2,5_9,0.00048787
120,2059,2,5_9,0.00047492
120,2060,2,5_9,0.00046088
120,2061,2,5_9,0.00044828
120,2062,2,5_9,0.00043667
120,2063,2,5_9,0.0004243
120,2064,2,5_9,0.0004122
120,2065,2,5_9,0.00040155
120,2066,2,5_9,0.0003903
120,2067,2,5_9,0.0003793
120,2068,2,5_9,0.0003704
120,2069,2,5_9,0.00036313
120,2070,2,5_9,0.00035793
120,2071,2,5_9,0.00035248
120,2072,2,5_9,0.00034814
120,2073,2,5_9,0.00034365
120,2074,2,5_9,0.0003397
120,2075,2,5_9,0.00033563
120,2076,2,5_9,0.0003315
120,2077,2,5_9,0.00032725
120,2078,2,5_9,0.00032321
120,2079,2,5_9,0.00031981
120,2080,2,5_9,0.00031622
120,2081,2,5_9,0.0003129
120,2082,2,5_9,0.00030944
120,2083,2,5_9,0.00030626
120,2084,2,5_9,0.00030286
120,2085,2,5_9,0.00029968
120,2086,2,5_9,0.00029676
120,2087,2,5_9,0.00029416
120,2088,2,5_9,0.00029158
120,2089,2,5_9,0.00028912
120,2090,2,5_9,0.00028654
120,2091,2,5_9,0.00028438
120,2092,2,5_9,0.00028208
120,2093,2,5_9,0.00027995
120,2094,2,5_9,0.00027778
120,2095,2,5_9,0.00027564
120,2096,2,5_9,0.00027356
120,2097,2,5_9,0.00027171
120,2098,2,5_9,0.00026986
120,2099,2,5_9,0.00026835
120,2100,2,5_9,0.00026677
140,2024,2,5_9,0.00189512
140,2025,2,5_9,0.00187223
140,2026,2,5_9,0.00184673
140,2027,2,5_9,0.00182222
140,2028,2,5_9,0.0017979
140,2029,2,5_9,0.00177252
140,2030,2,5_9,0.00174557
140,2031,2,5_9,0.00172102
140,2032,2,5_9,0.00169532
140,2033,2,5_9,0.00167096
140,2034,2,5_9,0.0016482
140,2035,2,5_9,0.00162345
140,2036,2,5_9,0.00159978
140,2037,2,5_9,0.00157681
140,2038,2,5_9,0.00155471
140,2039,2,5_9,0.00153259
140,2040,2,5_9,0.00151099
140,2041,2,5_9,0.00148743
140,2042,2,5_9,0.00146559
140,2043,2,5_9,0.0014414
140,2044,2,5_9,0.00142087
140,2045,2,5_9,0.00139935
140,2046,2,5_9,0.00137664
140,2047,2,5_9,0.00135553
140,2048,2,5_9,0.00133306
140,2049,2,5_9,0.00130932
140,2050,2,5_9,0.00128465
140,2051,2,5_9,0.0012632
140,2052,2,5_9,0.00124155
140,2053,2,5_9,0.00121983
140,2054,2,5_9,0.00119669
140,2055,2,5_9,0.00117802
140,2056,2,5_9,0.00115677
140,2057,2,5_9,0.00113789
140,2058,2,5_9,0.00111598
140,2059,2,5_9,0.00109605
140,2060,2,5_9,0.00107509
140,2061,2,5_9,0.00105564
140,2062,2,5_9,0.00103529
140,2063,2,5_9,0.00101834
140,2064,2,5_9,0.00099691
140,2065,2,5_9,0.00097804
140,2066,2,5_9,0.00096071
140,2067,2,5_9,0.00093955
140,2068,2,5_9,0.00092144
140,2069,2,5_9,0.00090481
140,2070,2,5_9,0.00088668
140,2071,2,5_9,0.00086633
140,2072,2,5_9,0.00084827
140,2073,2,5_9,0.00083055
140,2074,2,5_9,0.00081213
140,2075,2,5_9,0.00079461
140,2076,2,5_9,0.0007775
140,2077,2,5_9,0.00076362
140,2078,2,5_9,0.00074707
140,2079,2,5_9,0.00073589
140,2080,2,5_9,0.00071921
140,2081,2,5_9,0.00070502
140,2082,2,5_9,0.00069033
140,2083,2,5_9,0.00067525
140,2084,2,5_9,0.00066007
140,2085,2,5_9,0.0006423
140,2086,2,5_9,0.00062661
140,2087,2,5_9,0.00061191
140,2088,2,5_9,0.00059725
140,2089,2,5_9,0.00058218
140,2090,2,5_9,0.00056773
140,2091,2,5_9,0.00055327
140,2092,2,5_9,0.00054076
140,2093,2,5_9,0.00053267
140,2094,2,5_9,0.00052494
140,2095,2,5_9,0.00051557
140,2096,2,5_9,0.00050679
140,2097,2,5_9,0.00049845
140,2098,2,5_9,0.00049165
140,2099,2,5_9,0.00048358
140,2100,2,5_9,0.00047668
148,2024,2,5_9,0.00626897
148,2025,2,5_9,0.0061733
148,2026,2,5_9,0.00609243
148,2027,2,5_9,0.00601216
148,2028,2,5_9,0.00593061
148,2029,2,5_9,0.00584907
148,2030,2,5_9,0.00577381
148,2031,2,5_9,0.00569297
148,2032,2,5_9,0.00561516
148,2033,2,5_9,0.00553628
148,2034,2,5_9,0.00545618
148,2035,2,5_9,0.00538018
148,2036,2,5_9,0.00530736
148,2037,2,5_9,0.00522437
148,2038,2,5_9,0.005149
148,2039,2,5_9,0.00507748
148,2040,2,5_9,0.00501043
148,2041,2,5_9,0.00493933
148,2042,2,5_9,0.00486532
148,2043,2,5_9,0.00479577
148,2044,2,5_9,0.00472665
148,2045,2,5_9,0.00465777
148,2046,2,5_9,0.00459246
148,2047,2,5_9,0.0045259
148,2048,2,5_9,0.00445783
148,2049,2,5_9,0.00439253
148,2050,2,5_9,0.00432336
148,2051,2,5_9,0.00426052
148,2052,2,5_9,0.00420052
148,2053,2,5_9,0.00414218
148,2054,2,5_9,0.00408331
148,2055,2,5_9,0.00402436
148,2056,2,5_9,0.00396516
148,2057,2,5_9,0.00391271
148,2058,2,5_9,0.00385723
148,2059,2,5_9,0.00380168
148,2060,2,5_9,0.00374287
148,2061,2,5_9,0.00368707
148,2062,2,5_9,0.00363482
148,2063,2,5_9,0.00358412
148,2064,2,5_9,0.00352819
148,2065,2,5_9,0.00347926
148,2066,2,5_9,0.00342786
148,2067,2,5_9,0.00337416
148,2068,2,5_9,0.00332016
148,2069,2,5_9,0.003273
148,2070,2,5_9,0.00322372
148,2071,2,5_9,0.00317764
148,2072,2,5_9,0.00313469
148,2073,2,5_9,0.00308861
148,2074,2,5_9,0.00304079
148,2075,2,5_9,0.00299356
148,2076,2,5_9,0.00294376
148,2077,2,5_9,0.00289435
148,2078,2,5_9,0.00285416
148,2079,2,5_9,0.00280684
148,2080,2,5_9,0.00276083
148,2081,2,5_9,0.00271408
148,2082,2,5_9,0.0026706
148,2083,2,5_9,0.00262627
148,2084,2,5_9,0.00258298
148,2085,2,5_9,0.00254019
148,2086,2,5_9,0.00250192
148,2087,2,5_9,0.00246257
148,2088,2,5_9,0.00242102
148,2089,2,5_9,0.0023802
148,2090,2,5_9,0.002337
148,2091,2,5_9,0.00229495
148,2092,2,5_9,0.00225373
148,2093,2,5_9,0.0022142
148,2094,2,5_9,0.00217384
148,2095,2,5_9,0.00213475
148,2096,2,5_9,0.0020978
148,2097,2,5_9,0.00206159
148,2098,2,5_9,0.00202569
148,2099,2,5_9,0.00198813
148,2100,2,5_9,0.00195328
178,2024,2,5_9,0.00082881
178,2025,2,5_9,0.0008068
178,2026,2,5_9,0.00078452
178,2027,2,5_9,0.0007625
178,2028,2,5_9,0.00074142
178,2029,2,5_9,0.00072104
178,2030,2,5_9,0.00069939
178,2031,2,5_9,0.00067815
178,2032,2,5_9,0.0006581
178,2033,2,5_9,0.00063891
178,2034,2,5_9,0.0006216
178,2035,2,5_9,0.00060494
178,2036,2,5_9,0.0005877
178,2037,2,5_9,0.00057389
178,2038,2,5_9,0.00055905
178,2039,2,5_9,0.00054332
178,2040,2,5_9,0.0005286
178,2041,2,5_9,0.00051433
178,2042,2,5_9,0.00049977
178,2043,2,5_9,0.0004861
178,2044,2,5_9,0.00047247
178,2045,2,5_9,0.00046063
178,2046,2,5_9,0.00044715
178,2047,2,5_9,0.00043478
178,2048,2,5_9,0.00042114
178,2049,2,5_9,0.00040962
178,2050,2,5_9,0.0004002
178,2051,2,5_9,0.0003909
178,2052,2,5_9,0.0003819
178,2053,2,5_9,0.00037332
178,2054,2,5_9,0.00036497
178,2055,2,5_9,0.00035634
178,2056,2,5_9,0.00034867
178,2057,2,5_9,0.00034025
178,2058,2,5_9,0.00033213
178,2059,2,5_9,0.0003244
178,2060,2,5_9,0.00031692
178,2061,2,5_9,0.00030992
178,2062,2,5_9,0.00030291
178,2063,2,5_9,0.00029848
178,2064,2,5_9,0.00029312
178,2065,2,5_9,0.00028859
178,2066,2,5_9,0.00028601
178,2067,2,5_9,0.00028332
178,2068,2,5_9,0.00028082
178,2069,2,5_9,0.00027835
178,2070,2,5_9,0.00027589
178,2071,2,5_9,0.00027361
178,2072,2,5_9,0.00027165
178,2073,2,5_9,0.00026998
178,2074,2,5_9,0.00026798
178,2075,2,5_9,0.00026619
178,2076,2,5_9,0.00026485
178,2077,2,5_9,0.00026303
178,2078,2,5_9,0.0002616
178,2079,2,5_9,0.00026006
178,2080,2,5_9,0.00025831
178,2081,2,5_9,0.00025658
178,2082,2,5_9,0.0002549
178,2083,2,5_9,0.00025345
178,2084,2,5_9,0.00025258
178,2085,2,5_9,0.00025126
178,2086,2,5_9,0.00025025
178,2087,2,5_9,0.00024916
178,2088,2,5_9,0.00024831
178,2089,2,5_9,0.00024731
178,2090,2,5_9,0.00024657
178,2091,2,5_9,0.00024546
178,2092,2,5_9,0.00024469
178,2093,2,5_9,0.00024408
178,2094,2,5_9,0.00024344
178,2095,2,5_9,0.00024254
178,2096,2,5_9,0.0002418
178,2097,2,5_9,0.00024122
178,2098,2,5_9,0.00024041
178,2099,2,5_9,0.00023986
178,2100,2,5_9,0.00023945
180,2024,2,5_9,0.00309806
180,2025,2,5_9,0.00304516
180,2026,2,5_9,0.00299341
180,2027,2,5_9,0.00293854
180,2028,2,5_9,0.00288615
180,2029,2,5_9,0.0028294
180,2030,2,5_9,0.00277788
180,2031,2,5_9,0.00272573
180,2032,2,5_9,0.00267562
180,2033,2,5_9,0.00262038
180,2034,2,5_9,0.00257106
180,2035,2,5_9,0.00251957
180,2036,2,5_9,0.00247553
180,2037,2,5_9,0.00242634
180,2038,2,5_9,0.002374
180,2039,2,5_9,0.0023291
180,2040,2,5_9,0.00228416
180,2041,2,5_9,0.00223404
180,2042,2,5_9,0.00219095
180,2043,2,5_9,0.00214839
180,2044,2,5_9,0.00210408
180,2045,2,5_9,0.00206061
180,2046,2,5_9,0.00202114
180,2047,2,5_9,0.00197553
180,2048,2,5_9,0.00193696
180,2049,2,5_9,0.00189842
180,2050,2,5_9,0.00185635
180,2051,2,5_9,0.00182
180,2052,2,5_9,0.00178052
180,2053,2,5_9,0.00174075
180,2054,2,5_9,0.00170271
180,2055,2,5_9,0.00166785
180,2056,2,5_9,0.00163143
180,2057,2,5_9,0.00159807
180,2058,2,5_9,0.00156478
180,2059,2,5_9,0.00153002
180,2060,2,5_9,0.00149795
180,2061,2,5_9,0.00146602
180,2062,2,5_9,0.00143451
180,2063,2,5_9,0.00140893
180,2064,2,5_9,0.0013812
180,2065,2,5_9,0.00135081
180,2066,2,5_9,0.0013236
180,2067,2,5_9,0.00129294
180,2068,2,5_9,0.00126577
180,2069,2,5_9,0.00123759
180,2070,2,5_9,0.00120943
180,2071,2,5_9,0.00118219
180,2072,2,5_9,0.00115319
180,2073,2,5_9,0.00112895
180,2074,2,5_9,0.00110157
180,2075,2,5_9,0.0010776
180,2076,2,5_9,0.00105072
180,2077,2,5_9,0.00102836
180,2078,2,5_9,0.0010018
180,2079,2,5_9,0.00097744
180,2080,2,5_9,0.00095165
180,2081,2,5_9,0.00092839
180,2082,2,5_9,0.00090806
180,2083,2,5_9,0.00088931
180,2084,2,5_9,0.00087087
180,2085,2,5_9,0.00085347
180,2086,2,5_9,0.00083549
180,2087,2,5_9,0.00081918
180,2088,2,5_9,0.00080245
180,2089,2,5_9,0.00078579
180,2090,2,5_9,0.0007695
180,2091,2,5_9,0.00075141
180,2092,2,5_9,0.00073544
180,2093,2,5_9,0.00071961
180,2094,2,5_9,0.00070333
180,2095,2,5_9,0.00068831
180,2096,2,5_9,0.00067296
180,2097,2,5_9,0.00065788
180,2098,2,5_9,0.00064303
180,2099,2,5_9,0.00062684
180,2100,2,5_9,0.00061123
226,2024,2,5_9,0.00126212
226,2025,2,5_9,0.00123683
226,2026,2,5_9,0.00121026
226,2027,2,5_9,0.00118293
226,2028,2,5_9,0.00115952
226,2029,2,5_9,0.00113409
226,2030,2,5_9,0.00110817
226,2031,2,5_9,0.00108417
226,2032,2,5_9,0.00106028
226,2033,2,5_9,0.00103748
226,2034,2,5_9,0.00101455
226,2035,2,5_9,0.00099061
226,2036,2,5_9,0.00096667
226,2037,2,5_9,0.00094354
226,2038,2,5_9,0.00092276
226,2039,2,5_9,0.00090068
226,2040,2,5_9,0.00088015
226,2041,2,5_9,0.00086004
226,2042,2,5_9,0.00083666
226,2043,2,5_9,0.00081442
226,2044,2,5_9,0.0007948
226,2045,2,5_9,0.00077451
226,2046,2,5_9,0.00075645
226,2047,2,5_9,0.00073967
226,2048,2,5_9,0.00072272
226,2049,2,5_9,0.00070547
226,2050,2,5_9,0.00068767
226,2051,2,5_9,0.00067093
226,2052,2,5_9,0.00065421
226,2053,2,5_9,0.00063954
226,2054,2,5_9,0.00062309
226,2055,2,5_9,0.00060561
226,2056,2,5_9,0.00059037
226,2057,2,5_9,0.00057479
226,2058,2,5_9,0.0005591
226,2059,2,5_9,0.00054384
226,2060,2,5_9,0.00052959
226,2061,2,5_9,0.00051777
226,2062,2,5_9,0.00050655
226,2063,2,5_9,0.00049531
226,2064,2,5_9,0.00048507
226,2065,2,5_9,0.00047575
226,2066,2,5_9,0.00046557
226,2067,2,5_9,0.00045586
226,2068,2,5_9,0.00044509
226,2069,2,5_9,0.00043566
226,2070,2,5_9,0.0004255
226,2071,2,5_9,0.0004158
226,2072,2,5_9,0.00040687
226,2073,2,5_9,0.00039825
226,2074,2,5_9,0.00038911
226,2075,2,5_9,0.00037955
226,2076,2,5_9,0.00037184
226,2077,2,5_9,0.00036332
226,2078,2,5_9,0.00035793
226,2079,2,5_9,0.00035391
226,2080,2,5_9,0.00035059
226,2081,2,5_9,0.00034678
226,2082,2,5_9,0.0003435
226,2083,2,5_9,0.00034013
226,2084,2,5_9,0.000337
226,2085,2,5_9,0.00033392
226,2086,2,5_9,0.00033092
226,2087,2,5_9,0.00032785
226,2088,2,5_9,0.00032522
226,2089,2,5_9,0.00032251
226,2090,2,5_9,0.00031977
226,2091,2,5_9,0.00031739
226,2092,2,5_9,0.00031492
226,2093,2,5_9,0.00031251
226,2094,2,5_9,0.00030999
226,2095,2,5_9,0.00030783
226,2096,2,5_9,0.000306
226,2097,2,5_9,0.00030403
226,2098,2,5_9,0.00030178
226,2099,2,5_9,0.00029981
226,2100,2,5_9,0.00029807
266,2024,2,5_9,0.00069903
266,2025,2,5_9,0.00067914
266,2026,2,5_9,0.00065989
266,2027,2,5_9,0.00064169
266,2028,2,5_9,0.00062346
266,2029,2,5_9,0.00060657
266,2030,2,5_9,0.00058914
266,2031,2,5_9,0.0005735
266,2032,2,5_9,0.00055863
266,2033,2,5_9,0.00054303
266,2034,2,5_9,0.00052789
266,2035,2,5_9,0.00051292
266,2036,2,5_9,0.00049954
266,2037,2,5_9,0.00048563
266,2038,2,5_9,0.00047103
266,2039,2,5_9,0.00045885
266,2040,2,5_9,0.00044641
266,2041,2,5_9,0.00043459
266,2042,2,5_9,0.00042231
266,2043,2,5_9,0.00041088
266,2044,2,5_9,0.00039905
266,2045,2,5_9,0.00038771
266,2046,2,5_9,0.00037664
266,2047,2,5_9,0.00036826
266,2048,2,5_9,0.00036046
266,2049,2,5_9,0.00035348
266,2050,2,5_9,0.00034662
266,2051,2,5_9,0.00033959
266,2052,2,5_9,0.00033538
266,2053,2,5_9,0.00033049
266,2054,2,5_9,0.0003261
266,2055,2,5_9,0.00032161
266,2056,2,5_9,0.00031708
266,2057,2,5_9,0.00031278
266,2058,2,5_9,0.00030855
266,2059,2,5_9,0.00030486
266,2060,2,5_9,0.00030044
266,2061,2,5_9,0.00029651
266,2062,2,5_9,0.00029362
266,2063,2,5_9,0.00028998
266,2064,2,5_9,0.00028646
266,2065,2,5_9,0.00028356
266,2066,2,5_9,0.00028045
266,2067,2,5_9,0.0002775
266,2068,2,5_9,0.00027491
266,2069,2,5_9,0.00027241
266,2070,2,5_9,0.00026975
266,2071,2,5_9,0.00026731
266,2072,2,5_9,0.00026478
266,2073,2,5_9,0.00026274
266,2074,2,5_9,0.00026034
266,2075,2,5_9,0.00025803
266,2076,2,5_9,0.00025564
266,2077,2,5_9,0.00025307
266,2078,2,5_9,0.00025097
266,2079,2,5_9,0.00024913
266,2080,2,5_9,0.00024695
266,2081,2,5_9,0.00024486
266,2082,2,5_9,0.00024325
266,2083,2,5_9,0.00024126
266,2084,2,5_9,0.00023951
266,2085,2,5_9,0.00023784
266,2086,2,5_9,0.00023593
266,2087,2,5_9,0.00023427
266,2088,2,5_9,0.00023229
266,2089,2,5_9,0.0002307
266,2090,2,5_9,0.00022924
266,2091,2,5_9,0.00022759
266,2092,2,5_9,0.00022605
266,2093,2,5_9,0.0002245
266,2094,2,5_9,0.00022316
266,2095,2,5_9,0.00022172
266,2096,2,5_9,0.00022013
266,2097,2,5_9,0.00021873
266,2098,2,5_9,0.00021692
266,2099,2,5_9,0.00021547
266,2100,2,5_9,0.00021369
678,2024,2,5_9,0.00041597
678,2025,2,5_9,0.00040065
678,2026,2,5_9,0.00038665
678,2027,2,5_9,0.00037212
678,2028,2,5_9,0.00035815
678,2029,2,5_9,0.00034493
678,2030,2,5_9,0.00033333
678,2031,2,5_9,0.00032417
678,2032,2,5_9,0.00031497
678,2033,2,5_9,0.0003064
678,2034,2,5_9,0.00029711
678,2035,2,5_9,0.00028819
678,2036,2,5_9,0.00027975
678,2037,2,5_9,0.00027201
678,2038,2,5_9,0.00026411
678,2039,2,5_9,0.00025732
678,2040,2,5_9,0.0002507
678,2041,2,5_9,0.0002435
678,2042,2,5_9,0.00023635
678,2043,2,5_9,0.00023046
678,2044,2,5_9,0.00022399
678,2045,2,5_9,0.0002183
678,2046,2,5_9,0.00021213
678,2047,2,5_9,0.00020811
678,2048,2,5_9,0.00020385
678,2049,2,5_9,0.00020001
678,2050,2,5_9,0.00019642
678,2051,2,5_9,0.00019251
678,2052,2,5_9,0.00018914
678,2053,2,5_9,0.00018585
678,2054,2,5_9,0.00018263
678,2055,2,5_9,0.00017927
678,2056,2,5_9,0.00017589
678,2057,2,5_9,0.00017294
678,2058,2,5_9,0.00017011
678,2059,2,5_9,0.00016706
678,2060,2,5_9,0.0001641
678,2061,2,5_9,0.00016142
678,2062,2,5_9,0.00015871
678,2063,2,5_9,0.00015613
678,2064,2,5_9,0.00015362
678,2065,2,5_9,0.00015111
678,2066,2,5_9,0.00014876
678,2067,2,5_9,0.00014656
678,2068,2,5_9,0.00014439
678,2069,2,5_9,0.0001419
678,2070,2,5_9,0.0001396
678,2071,2,5_9,0.00013748
678,2072,2,5_9,0.00013546
678,2073,2,5_9,0.00013318
678,2074,2,5_9,0.00013108
678,2075,2,5_9,0.00012916
678,2076,2,5_9,0.00012733
678,2077,2,5_9,0.00012567
678,2078,2,5_9,0.00012395
678,2079,2,5_9,0.0001222
678,2080,2,5_9,0.00012046
678,2081,2,5_9,0.00011862
678,2082,2,5_9,0.00011712
678,2083,2,5_9,0.00011545
678,2084,2,5_9,0.00011396
678,2085,2,5_9,0.00011228
678,2086,2,5_9,0.00011075
678,2087,2,5_9,0.00010931
678,2088,2,5_9,0.00010776
678,2089,2,5_9,0.00010634
678,2090,2,5_9,0.00010496
678,2091,2,5_9,0.00010346
678,2092,2,5_9,0.00010205
678,2093,2,5_9,0.00010066
678,2094,2,5_9,9.921e-05
678,2095,2,5_9,9.786e-05
678,2096,2,5_9,9.672e-05
678,2097,2,5_9,9.546e-05
678,2098,2,5_9,9.398e-05
678,2099,2,5_9,9.279e-05
678,2100,2,5_9,9.155e-05
12,2024,2,5_9,0.0002867
12,2025,2,5_9,0.00027773
12,2026,2,5_9,0.00026928
12,2027,2,5_9,0.00026147
12,2028,2,5_9,0.00025376
12,2029,2,5_9,0.00024596
12,2030,2,5_9,0.00023895
12,2031,2,5_9,0.00023196
12,2032,2,5_9,0.00022563
12,2033,2,5_9,0.00021929
12,2034,2,5_9,0.00021335
12,2035,2,5_9,0.00020771
12,2036,2,5_9,0.00020201
12,2037,2,5_9,0.00019668
12,2038,2,5_9,0.00019151
12,2039,2,5_9,0.00018656
12,2040,2,5_9,0.00018144
12,2041,2,5_9,0.00017682
12,2042,2,5_9,0.00017229
12,2043,2,5_9,0.00016811
12,2044,2,5_9,0.00016395
12,2045,2,5_9,0.00015993
12,2046,2,5_9,0.00015595
12,2047,2,5_9,0.0001521
12,2048,2,5_9,0.00014835
12,2049,2,5_9,0.00014494
12,2050,2,5_9,0.00014186
12,2051,2,5_9,0.00013869
12,2052,2,5_9,0.00013554
12,2053,2,5_9,0.0001326
12,2054,2,5_9,0.00012962
12,2055,2,5_9,0.0001267
12,2056,2,5_9,0.00012409
12,2057,2,5_9,0.00012159
12,2058,2,5_9,0.00011898
12,2059,2,5_9,0.00011653
12,2060,2,5_9,0.00011407
12,2061,2,5_9,0.00011176
12,2062,2,5_9,0.00010959
12,2063,2,5_9,0.00010731
12,2064,2,5_9,0.00010518
12,2065,2,5_9,0.00010294
12,2066,2,5_9,0.00010084
12,2067,2,5_9,9.883e-05
12,2068,2,5_9,9.69e-05
12,2069,2,5_9,9.511e-05
12,2070,2,5_9,9.321e-05
12,2071,2,5_9,9.15e-05
12,2072,2,5_9,8.979e-05
12,2073,2,5_9,8.823e-05
12,2074,2,5_9,8.646e-05
12,2075,2,5_9,8.476e-05
12,2076,2,5_9,8.325e-05
12,2077,2,5_9,8.179e-05
12,2078,2,5_9,8.027e-05
12,2079,2,5_9,7.887e-05
12,2080,2,5_9,7.758e-05
12,2081,2,5_9,7.623e-05
12,2082,2,5_9,7.49e-05
12,2083,2,5_9,7.353e-05
12,2084,2,5_9,7.236e-05
12,2085,2,5_9,7.111e-05
12,2086,2,5_9,6.978e-05
12,2087,2,5_9,6.859e-05
12,2088,2,5_9,6.738e-05
12,2089,2,5_9,6.621e-05
12,2090,2,5_9,6.514e-05
12,2091,2,5_9,6.406e-05
12,2092,2,5_9,6.302e-05
12,2093,2,5_9,6.21e-05
12,2094,2,5_9,6.106e-05
12,2095,2,5_9,6.005e-05
12,2096,2,5_9,5.9e-05
12,2097,2,5_9,5.799e-05
12,2098,2,5_9,5.71e-05
12,2099,2,5_9,5.618e-05
12,2100,2,5_9,5.518e-05
818,2024,2,5_9,0.00033238
818,2025,2,5_9,0.00031525
818,2026,2,5_9,0.00029917
818,2027,2,5_9,0.0002878
818,2028,2,5_9,0.00027676
818,2029,2,5_9,0.00026836
818,2030,2,5_9,0.00026108
818,2031,2,5_9,0.00025365
818,2032,2,5_9,0.00024621
818,2033,2,5_9,0.00023935
818,2034,2,5_9,0.0002328
818,2035,2,5_9,0.00022623
818,2036,2,5_9,0.00022059
818,2037,2,5_9,0.0002143
818,2038,2,5_9,0.00020879
818,2039,2,5_9,0.00020319
818,2040,2,5_9,0.00019804
818,2041,2,5_9,0.00019305
818,2042,2,5_9,0.00018803
818,2043,2,5_9,0.00018333
818,2044,2,5_9,0.00017885
818,2045,2,5_9,0.00017467
818,2046,2,5_9,0.00017068
818,2047,2,5_9,0.00016698
818,2048,2,5_9,0.0001632
818,2049,2,5_9,0.00015957
818,2050,2,5_9,0.00015605
818,2051,2,5_9,0.00015266
818,2052,2,5_9,0.00014934
818,2053,2,5_9,0.00014657
818,2054,2,5_9,0.00014344
818,2055,2,5_9,0.00014044
818,2056,2,5_9,0.00013753
818,2057,2,5_9,0.00013489
818,2058,2,5_9,0.00013249
818,2059,2,5_9,0.00013
818,2060,2,5_9,0.00012785
818,2061,2,5_9,0.00012564
818,2062,2,5_9,0.00012355
818,2063,2,5_9,0.00012168
818,2064,2,5_9,0.00011973
818,2065,2,5_9,0.00011776
818,2066,2,5_9,0.00011602
818,2067,2,5_9,0.00011412
818,2068,2,5_9,0.00011223
818,2069,2,5_9,0.00011067
818,2070,2,5_9,0.00010905
818,2071,2,5_9,0.00010749
818,2072,2,5_9,0.0001059
818,2073,2,5_9,0.00010445
818,2074,2,5_9,0.00010296
818,2075,2,5_9,0.00010173
818,2076,2,5_9,0.00010038
818,2077,2,5_9,9.905e-05
818,2078,2,5_9,9.757e-05
818,2079,2,5_9,9.629e-05
818,2080,2,5_9,9.496e-05
818,2081,2,5_9,9.373e-05
818,2082,2,5_9,9.247e-05
818,2083,2,5_9,9.137e-05
818,2084,2,5_9,9.035e-05
818,2085,2,5_9,8.923e-05
818,2086,2,5_9,8.819e-05
818,2087,2,5_9,8.728e-05
818,2088,2,5_9,8.619e-05
818,2089,2,5_9,8.521e-05
818,2090,2,5_9,8.422e-05
818,2091,2,5_9,8.319e-05
818,2092,2,5_9,8.225e-05
818,2093,2,5_9,8.123e-05
818,2094,2,5_9,8.033e-05
818,2095,2,5_9,7.95e-05
818,2096,2,5_9,7.866e-05
818,2097,2,5_9,7.763e-05
818,2098,2,5_9,7.676e-05
818,2099,2,5_9,7.597e-05
818,2100,2,5_9,7.499e-05
434,2024,2,5_9,0.00041921
434,2025,2,5_9,0.00033555
434,2026,2,5_9,0.00023793
434,2027,2,5_9,0.00023161
434,2028,2,5_9,0.00022513
434,2029,2,5_9,0.00021936
434,2030,2,5_9,0.00021383
434,2031,2,5_9,0.00020788
434,2032,2,5_9,0.00020238
434,2033,2,5_9,0.00019696
434,2034,2,5_9,0.00019181
434,2035,2,5_9,0.00018672
434,2036,2,5_9,0.0001815
434,2037,2,5_9,0.00017693
434,2038,2,5_9,0.0001725
434,2039,2,5_9,0.00016869
434,2040,2,5_9,0.00016499
434,2041,2,5_9,0.00016106
434,2042,2,5_9,0.00015757
434,2043,2,5_9,0.00015417
434,2044,2,5_9,0.00015074
434,2045,2,5_9,0.00014723
434,2046,2,5_9,0.00014398
434,2047,2,5_9,0.00014064
434,2048,2,5_9,0.00013755
434,2049,2,5_9,0.00013471
434,2050,2,5_9,0.00013181
434,2051,2,5_9,0.00012901
434,2052,2,5_9,0.00012633
434,2053,2,5_9,0.00012344
434,2054,2,5_9,0.00012091
434,2055,2,5_9,0.00011844
434,2056,2,5_9,0.00011597
434,2057,2,5_9,0.00011356
434,2058,2,5_9,0.00011116
434,2059,2,5_9,0.00010875
434,2060,2,5_9,0.00010646
434,2061,2,5_9,0.0001043
434,2062,2,5_9,0.00010205
434,2063,2,5_9,0.00010013
434,2064,2,5_9,9.799e-05
434,2065,2,5_9,9.602e-05
434,2066,2,5_9,9.413e-05
434,2067,2,5_9,9.234e-05
434,2068,2,5_9,9.063e-05
434,2069,2,5_9,8.882e-05
434,2070,2,5_9,8.718e-05
434,2071,2,5_9,8.548e-05
434,2072,2,5_9,8.384e-05
434,2073,2,5_9,8.212e-05
434,2074,2,5_9,8.053e-05
434,2075,2,5_9,7.902e-05
434,2076,2,5_9,7.735e-05
434,2077,2,5_9,7.592e-05
434,2078,2,5_9,7.451e-05
434,2079,2,5_9,7.32e-05
434,2080,2,5_9,7.189e-05
434,2081,2,5_9,7.063e-05
434,2082,2,5_9,6.929e-05
434,2083,2,5_9,6.799e-05
434,2084,2,5_9,6.671e-05
434,2085,2,5_9,6.551e-05
434,2086,2,5_9,6.427e-05
434,2087,2,5_9,6.309e-05
434,2088,2,5_9,6.192e-05
434,2089,2,5_9,6.079e-05
434,2090,2,5_9,5.971e-05
434,2091,2,5_9,5.869e-05
434,2092,2,5_9,5.757e-05
434,2093,2,5_9,5.653e-05
434,2094,2,5_9,5.547e-05
434,2095,2,5_9,5.442e-05
434,2096,2,5_9,5.351e-05
434,2097,2,5_9,5.258e-05
434,2098,2,5_9,5.175e-05
434,2099,2,5_9,5.085e-05
434,2100,2,5_9,4.994e-05
504,2024,2,5_9,0.00030298
504,2025,2,5_9,0.00029399
504,2026,2,5_9,0.00028594
504,2027,2,5_9,0.00027831
504,2028,2,5_9,0.0002707
504,2029,2,5_9,0.0002634
504,2030,2,5_9,0.00025648
504,2031,2,5_9,0.00025002
504,2032,2,5_9,0.00024341
504,2033,2,5_9,0.00023719
504,2034,2,5_9,0.00023164
504,2035,2,5_9,0.00022633
504,2036,2,5_9,0.00022085
504,2037,2,5_9,0.00021575
504,2038,2,5_9,0.00021119
504,2039,2,5_9,0.00020615
504,2040,2,5_9,0.00020137
504,2041,2,5_9,0.00019728
504,2042,2,5_9,0.00019295
504,2043,2,5_9,0.00018879
504,2044,2,5_9,0.00018459
504,2045,2,5_9,0.00018072
504,2046,2,5_9,0.00017703
504,2047,2,5_9,0.0001733
504,2048,2,5_9,0.00016952
504,2049,2,5_9,0.00016588
504,2050,2,5_9,0.00016238
504,2051,2,5_9,0.00015898
504,2052,2,5_9,0.00015604
504,2053,2,5_9,0.00015287
504,2054,2,5_9,0.00014973
504,2055,2,5_9,0.0001467
504,2056,2,5_9,0.0001437
504,2057,2,5_9,0.00014104
504,2058,2,5_9,0.00013837
504,2059,2,5_9,0.00013578
504,2060,2,5_9,0.00013317
504,2061,2,5_9,0.00013058
504,2062,2,5_9,0.0001283
504,2063,2,5_9,0.00012594
504,2064,2,5_9,0.0001238
504,2065,2,5_9,0.00012169
504,2066,2,5_9,0.00011953
504,2067,2,5_9,0.00011753
504,2068,2,5_9,0.00011562
504,2069,2,5_9,0.00011355
504,2070,2,5_9,0.00011166
504,2071,2,5_9,0.00010949
504,2072,2,5_9,0.00010745
504,2073,2,5_9,0.00010567
504,2074,2,5_9,0.00010382
504,2075,2,5_9,0.00010211
504,2076,2,5_9,0.00010045
504,2077,2,5_9,9.883e-05
504,2078,2,5_9,9.711e-05
504,2079,2,5_9,9.54e-05
504,2080,2,5_9,9.396e-05
504,2081,2,5_9,9.248e-05
504,2082,2,5_9,9.105e-05
504,2083,2,5_9,8.963e-05
504,2084,2,5_9,8.833e-05
504,2085,2,5_9,8.704e-05
504,2086,2,5_9,8.568e-05
504,2087,2,5_9,8.439e-05
504,2088,2,5_9,8.3e-05
504,2089,2,5_9,8.186e-05
504,2090,2,5_9,8.066e-05
504,2091,2,5_9,7.944e-05
504,2092,2,5_9,7.831e-05
504,2093,2,5_9,7.702e-05
504,2094,2,5_9,7.587e-05
504,2095,2,5_9,7.47e-05
504,2096,2,5_9,7.364e-05
504,2097,2,5_9,7.257e-05
504,2098,2,5_9,7.153e-05
504,2099,2,5_9,7.057e-05
504,2100,2,5_9,6.956e-05
729,2024,2,5_9,0.00135753
729,2025,2,5_9,0.00132151
729,2026,2,5_9,0.00128454
729,2027,2,5_9,0.00124893
729,2028,2,5_9,0.00121508
729,2029,2,5_9,0.00117995
729,2030,2,5_9,0.00114689
729,2031,2,5_9,0.0011148
729,2032,2,5_9,0.00108361
729,2033,2,5_9,0.00105338
729,2034,2,5_9,0.00102419
729,2035,2,5_9,0.00099352
729,2036,2,5_9,0.00096351
729,2037,2,5_9,0.00093454
729,2038,2,5_9,0.00090714
729,2039,2,5_9,0.00087808
729,2040,2,5_9,0.00085055
729,2041,2,5_9,0.00082558
729,2042,2,5_9,0.00079959
729,2043,2,5_9,0.00077588
729,2044,2,5_9,0.00075051
729,2045,2,5_9,0.00072782
729,2046,2,5_9,0.00070393
729,2047,2,5_9,0.00068177
729,2048,2,5_9,0.00066152
729,2049,2,5_9,0.00063981
729,2050,2,5_9,0.00061886
729,2051,2,5_9,0.00060055
729,2052,2,5_9,0.00058057
729,2053,2,5_9,0.00056144
729,2054,2,5_9,0.00054289
729,2055,2,5_9,0.00052756
729,2056,2,5_9,0.00051296
729,2057,2,5_9,0.00049887
729,2058,2,5_9,0.00048528
729,2059,2,5_9,0.00047119
729,2060,2,5_9,0.00045862
729,2061,2,5_9,0.00044748
729,2062,2,5_9,0.00043544
729,2063,2,5_9,0.00042269
729,2064,2,5_9,0.00041074
729,2065,2,5_9,0.0003998
729,2066,2,5_9,0.00038979
729,2067,2,5_9,0.00037843
729,2068,2,5_9,0.00036973
729,2069,2,5_9,0.00036158
729,2070,2,5_9,0.00035415
729,2071,2,5_9,0.00034551
729,2072,2,5_9,0.00033769
729,2073,2,5_9,0.00032991
729,2074,2,5_9,0.0003225
729,2075,2,5_9,0.00031557
729,2076,2,5_9,0.00030856
729,2077,2,5_9,0.00030279
729,2078,2,5_9,0.00029685
729,2079,2,5_9,0.00029043
729,2080,2,5_9,0.00028441
729,2081,2,5_9,0.00027857
729,2082,2,5_9,0.00027264
729,2083,2,5_9,0.00026706
729,2084,2,5_9,0.00026149
729,2085,2,5_9,0.0002559
729,2086,2,5_9,0.00025076
729,2087,2,5_9,0.0002457
729,2088,2,5_9,0.00024086
729,2089,2,5_9,0.00023605
729,2090,2,5_9,0.00023141
729,2091,2,5_9,0.00022684
729,2092,2,5_9,0.00022261
729,2093,2,5_9,0.00021841
729,2094,2,5_9,0.00021411
729,2095,2,5_9,0.00021025
729,2096,2,5_9,0.00020606
729,2097,2,5_9,0.00020199
729,2098,2,5_9,0.00019845
729,2099,2,5_9,0.000195
729,2100,2,5_9,0.00019166
788,2024,2,5_9,0.00018433
788,2025,2,5_9,0.0001786
788,2026,2,5_9,0.00017322
788,2027,2,5_9,0.00016776
788,2028,2,5_9,0.00016255
788,2029,2,5_9,0.00015836
788,2030,2,5_9,0.00015387
788,2031,2,5_9,0.00014975
788,2032,2,5_9,0.00014579
788,2033,2,5_9,0.00014194
788,2034,2,5_9,0.00013832
788,2035,2,5_9,0.00013479
788,2036,2,5_9,0.00013124
788,2037,2,5_9,0.00012789
788,2038,2,5_9,0.00012455
788,2039,2,5_9,0.00012132
788,2040,2,5_9,0.00011815
788,2041,2,5_9,0.00011512
788,2042,2,5_9,0.00011213
788,2043,2,5_9,0.00010948
788,2044,2,5_9,0.00010682
788,2045,2,5_9,0.00010409
788,2046,2,5_9,0.00010161
788,2047,2,5_9,9.916e-05
788,2048,2,5_9,9.678e-05
788,2049,2,5_9,9.436e-05
788,2050,2,5_9,9.221e-05
788,2051,2,5_9,9.006e-05
788,2052,2,5_9,8.797e-05
788,2053,2,5_9,8.605e-05
788,2054,2,5_9,8.413e-05
788,2055,2,5_9,8.231e-05
788,2056,2,5_9,8.041e-05
788,2057,2,5_9,7.861e-05
788,2058,2,5_9,7.696e-05
788,2059,2,5_9,7.537e-05
788,2060,2,5_9,7.373e-05
788,2061,2,5_9,7.217e-05
788,2062,2,5_9,7.06e-05
788,2063,2,5_9,6.923e-05
788,2064,2,5_9,6.785e-05
788,2065,2,5_9,6.661e-05
788,2066,2,5_9,6.523e-05
788,2067,2,5_9,6.392e-05
788,2068,2,5_9,6.271e-05
788,2069,2,5_9,6.148e-05
788,2070,2,5_9,6.026e-05
788,2071,2,5_9,5.905e-05
788,2072,2,5_9,5.791e-05
788,2073,2,5_9,5.672e-05
788,2074,2,5_9,5.553e-05
788,2075,2,5_9,5.444e-05
788,2076,2,5_9,5.339e-05
788,2077,2,5_9,5.238e-05
788,2078,2,5_9,5.135e-05
788,2079,2,5_9,5.037e-05
788,2080,2,5_9,4.934e-05
788,2081,2,5_9,4.833e-05
788,2082,2,5_9,4.738e-05
788,2083,2,5_9,4.655e-05
788,2084,2,5_9,4.567e-05
788,2085,2,5_9,4.482e-05
788,2086,2,5_9,4.405e-05
788,2087,2,5_9,4.329e-05
788,2088,2,5_9,4.251e-05
788,2089,2,5_9,4.173e-05
788,2090,2,5_9,4.101e-05
788,2091,2,5_9,4.031e-05
788,2092,2,5_9,3.954e-05
788,2093,2,5_9,3.877e-05
788,2094,2,5_9,3.808e-05
788,2095,2,5_9,3.742e-05
788,2096,2,5_9,3.67e-05
788,2097,2,5_9,3.604e-05
788,2098,2,5_9,3.54e-05
788,2099,2,5_9,3.476e-05
788,2100,2,5_9,3.418e-05
732,2024,2,5_9,0.00038348
732,2025,2,5_9,0.00037006
732,2026,2,5_9,0.00035695
732,2027,2,5_9,0.00034473
732,2028,2,5_9,0.00033376
732,2029,2,5_9,0.00032226
732,2030,2,5_9,0.0003135
732,2031,2,5_9,0.00030489
732,2032,2,5_9,0.00029692
732,2033,2,5_9,0.00028959
732,2034,2,5_9,0.00028194
732,2035,2,5_9,0.00027498
732,2036,2,5_9,0.00026825
732,2037,2,5_9,0.00026149
732,2038,2,5_9,0.00025525
732,2039,2,5_9,0.00024923
732,2040,2,5_9,0.00024333
732,2041,2,5_9,0.00023732
732,2042,2,5_9,0.0002316
732,2043,2,5_9,0.00022593
732,2044,2,5_9,0.00022081
732,2045,2,5_9,0.00021596
732,2046,2,5_9,0.00021108
732,2047,2,5_9,0.0002063
732,2048,2,5_9,0.00020174
732,2049,2,5_9,0.00019768
732,2050,2,5_9,0.00019343
732,2051,2,5_9,0.00018925
732,2052,2,5_9,0.00018532
732,2053,2,5_9,0.00018165
732,2054,2,5_9,0.00017784
732,2055,2,5_9,0.00017421
732,2056,2,5_9,0.00017108
732,2057,2,5_9,0.00016792
732,2058,2,5_9,0.0001649
732,2059,2,5_9,0.00016207
732,2060,2,5_9,0.00015928
732,2061,2,5_9,0.00015661
732,2062,2,5_9,0.00015412
732,2063,2,5_9,0.00015142
732,2064,2,5_9,0.00014903
732,2065,2,5_9,0.00014661
732,2066,2,5_9,0.00014443
732,2067,2,5_9,0.00014226
732,2068,2,5_9,0.00013995
732,2069,2,5_9,0.00013777
732,2070,2,5_9,0.00013577
732,2071,2,5_9,0.00013384
732,2072,2,5_9,0.00013169
732,2073,2,5_9,0.00012993
732,2074,2,5_9,0.00012799
732,2075,2,5_9,0.00012623
732,2076,2,5_9,0.00012459
732,2077,2,5_9,0.00012286
732,2078,2,5_9,0.00012106
732,2079,2,5_9,0.00011945
732,2080,2,5_9,0.00011773
732,2081,2,5_9,0.0001162
732,2082,2,5_9,0.0001146
732,2083,2,5_9,0.00011293
732,2084,2,5_9,0.0001115
732,2085,2,5_9,0.00010993
732,2086,2,5_9,0.00010849
732,2087,2,5_9,0.00010713
732,2088,2,5_9,0.00010584
732,2089,2,5_9,0.0001045
732,2090,2,5_9,0.00010304
732,2091,2,5_9,0.00010179
732,2092,2,5_9,0.00010061
732,2093,2,5_9,9.936e-05
732,2094,2,5_9,9.808e-05
732,2095,2,5_9,9.697e-05
732,2096,2,5_9,9.585e-05
732,2097,2,5_9,9.474e-05
732,2098,2,5_9,9.369e-05
732,2099,2,5_9,9.269e-05
732,2100,2,5_9,9.166e-05
72,2024,2,5_9,0.00068394
72,2025,2,5_9,0.00066646
72,2026,2,5_9,0.00064888
72,2027,2,5_9,0.00063125
72,2028,2,5_9,0.00061534
72,2029,2,5_9,0.00059986
72,2030,2,5_9,0.0005852
72,2031,2,5_9,0.00056963
72,2032,2,5_9,0.00055591
72,2033,2,5_9,0.00054174
72,2034,2,5_9,0.00052674
72,2035,2,5_9,0.00051259
72,2036,2,5_9,0.00050015
72,2037,2,5_9,0.00048668
72,2038,2,5_9,0.00047428
72,2039,2,5_9,0.00046296
72,2040,2,5_9,0.00045049
72,2041,2,5_9,0.00043861
72,2042,2,5_9,0.00042672
72,2043,2,5_9,0.00041519
72,2044,2,5_9,0.00040399
72,2045,2,5_9,0.00039311
72,2046,2,5_9,0.00038233
72,2047,2,5_9,0.0003742
72,2048,2,5_9,0.00036522
72,2049,2,5_9,0.00035749
72,2050,2,5_9,0.00034997
72,2051,2,5_9,0.00034155
72,2052,2,5_9,0.00033342
72,2053,2,5_9,0.00032737
72,2054,2,5_9,0.00032203
72,2055,2,5_9,0.00031679
72,2056,2,5_9,0.00031109
72,2057,2,5_9,0.00030526
72,2058,2,5_9,0.00030026
72,2059,2,5_9,0.00029422
72,2060,2,5_9,0.00028949
72,2061,2,5_9,0.00028429
72,2062,2,5_9,0.00027912
72,2063,2,5_9,0.00027406
72,2064,2,5_9,0.00026923
72,2065,2,5_9,0.00026422
72,2066,2,5_9,0.00025948
72,2067,2,5_9,0.00025515
72,2068,2,5_9,0.00025108
72,2069,2,5_9,0.00024683
72,2070,2,5_9,0.00024303
72,2071,2,5_9,0.00023921
72,2072,2,5_9,0.00023531
72,2073,2,5_9,0.00023139
72,2074,2,5_9,0.00022758
72,2075,2,5_9,0.00022389
72,2076,2,5_9,0.00022029
72,2077,2,5_9,0.00021689
72,2078,2,5_9,0.0002134
72,2079,2,5_9,0.00021019
72,2080,2,5_9,0.00020666
72,2081,2,5_9,0.0002034
72,2082,2,5_9,0.00020032
72,2083,2,5_9,0.0001973
72,2084,2,5_9,0.00019442
72,2085,2,5_9,0.00019115
72,2086,2,5_9,0.00018819
72,2087,2,5_9,0.0001851
72,2088,2,5_9,0.00018228
72,2089,2,5_9,0.00017971
72,2090,2,5_9,0.0001772
72,2091,2,5_9,0.0001749
72,2092,2,5_9,0.00017252
72,2093,2,5_9,0.00017017
72,2094,2,5_9,0.00016803
72,2095,2,5_9,0.00016574
72,2096,2,5_9,0.00016352
72,2097,2,5_9,0.00016134
72,2098,2,5_9,0.0001592
72,2099,2,5_9,0.00015707
72,2100,2,5_9,0.0001549
748,2024,2,5_9,0.0009411
748,2025,2,5_9,0.00092446
748,2026,2,5_9,0.00090701
748,2027,2,5_9,0.00089048
748,2028,2,5_9,0.00087473
748,2029,2,5_9,0.00085872
748,2030,2,5_9,0.00084258
748,2031,2,5_9,0.000826
748,2032,2,5_9,0.00081065
748,2033,2,5_9,0.00079645
748,2034,2,5_9,0.00078158
748,2035,2,5_9,0.00076699
748,2036,2,5_9,0.00075237
748,2037,2,5_9,0.00073948
748,2038,2,5_9,0.00072423
748,2039,2,5_9,0.00070885
748,2040,2,5_9,0.00069379
748,2041,2,5_9,0.00068073
748,2042,2,5_9,0.00066839
748,2043,2,5_9,0.00065489
748,2044,2,5_9,0.0006418
748,2045,2,5_9,0.00062871
748,2046,2,5_9,0.00061605
748,2047,2,5_9,0.00060451
748,2048,2,5_9,0.00059406
748,2049,2,5_9,0.00058304
748,2050,2,5_9,0.00057225
748,2051,2,5_9,0.00056125
748,2052,2,5_9,0.00055123
748,2053,2,5_9,0.00054076
748,2054,2,5_9,0.00053066
748,2055,2,5_9,0.00052061
748,2056,2,5_9,0.00051082
748,2057,2,5_9,0.00050195
748,2058,2,5_9,0.00049156
748,2059,2,5_9,0.00048203
748,2060,2,5_9,0.00047292
748,2061,2,5_9,0.0004627
748,2062,2,5_9,0.00045314
748,2063,2,5_9,0.00044376
748,2064,2,5_9,0.00043427
748,2065,2,5_9,0.00042633
748,2066,2,5_9,0.00041844
748,2067,2,5_9,0.00040928
748,2068,2,5_9,0.0004013
748,2069,2,5_9,0.00039356
748,2070,2,5_9,0.00038657
748,2071,2,5_9,0.0003791
748,2072,2,5_9,0.00037212
748,2073,2,5_9,0.00036491
748,2074,2,5_9,0.0003583
748,2075,2,5_9,0.00035167
748,2076,2,5_9,0.00034381
748,2077,2,5_9,0.00033686
748,2078,2,5_9,0.00033064
748,2079,2,5_9,0.00032368
748,2080,2,5_9,0.00031713
748,2081,2,5_9,0.0003115
748,2082,2,5_9,0.00030507
748,2083,2,5_9,0.00029959
748,2084,2,5_9,0.00029379
748,2085,2,5_9,0.00028713
748,2086,2,5_9,0.0002815
748,2087,2,5_9,0.00027642
748,2088,2,5_9,0.00027262
748,2089,2,5_9,0.00026798
748,2090,2,5_9,0.00026427
748,2091,2,5_9,0.00026058
748,2092,2,5_9,0.00025688
748,2093,2,5_9,0.00025326
748,2094,2,5_9,0.00024924
748,2095,2,5_9,0.00024572
748,2096,2,5_9,0.00024211
748,2097,2,5_9,0.00023893
748,2098,2,5_9,0.00023583
748,2099,2,5_9,0.00023219
748,2100,2,5_9,0.0002296
426,2024,2,5_9,0.00120192
426,2025,2,5_9,0.00116339
426,2026,2,5_9,0.00112535
426,2027,2,5_9,0.00108895
426,2028,2,5_9,0.00105445
426,2029,2,5_9,0.00102032
426,2030,2,5_9,0.00098789
426,2031,2,5_9,0.0009578
426,2032,2,5_9,0.00092744
426,2033,2,5_9,0.00089797
426,2034,2,5_9,0.00086979
426,2035,2,5_9,0.00084226
426,2036,2,5_9,0.00081365
426,2037,2,5_9,0.00078713
426,2038,2,5_9,0.00076204
426,2039,2,5_9,0.0007359
426,2040,2,5_9,0.00071024
426,2041,2,5_9,0.0006856
426,2042,2,5_9,0.00066208
426,2043,2,5_9,0.00063813
426,2044,2,5_9,0.00061644
426,2045,2,5_9,0.00059405
426,2046,2,5_9,0.00057341
426,2047,2,5_9,0.00055484
426,2048,2,5_9,0.00053615
426,2049,2,5_9,0.00051828
426,2050,2,5_9,0.00050212
426,2051,2,5_9,0.0004852
426,2052,2,5_9,0.00046851
426,2053,2,5_9,0.0004529
426,2054,2,5_9,0.00043682
426,2055,2,5_9,0.00042414
426,2056,2,5_9,0.00041248
426,2057,2,5_9,0.00040049
426,2058,2,5_9,0.00038964
426,2059,2,5_9,0.00037924
426,2060,2,5_9,0.0003669
426,2061,2,5_9,0.00035541
426,2062,2,5_9,0.00034411
426,2063,2,5_9,0.00033357
426,2064,2,5_9,0.00032289
426,2065,2,5_9,0.00031237
426,2066,2,5_9,0.00030273
426,2067,2,5_9,0.00029292
426,2068,2,5_9,0.00028543
426,2069,2,5_9,0.00027838
426,2070,2,5_9,0.00027131
426,2071,2,5_9,0.00026455
426,2072,2,5_9,0.00025766
426,2073,2,5_9,0.00025039
426,2074,2,5_9,0.00024453
426,2075,2,5_9,0.00023858
426,2076,2,5_9,0.00023276
426,2077,2,5_9,0.00022653
426,2078,2,5_9,0.00022065
426,2079,2,5_9,0.00021508
426,2080,2,5_9,0.00020952
426,2081,2,5_9,0.00020466
426,2082,2,5_9,0.00020058
426,2083,2,5_9,0.00019678
426,2084,2,5_9,0.00019383
426,2085,2,5_9,0.00019073
426,2086,2,5_9,0.00018789
426,2087,2,5_9,0.00018499
426,2088,2,5_9,0.00018208
426,2089,2,5_9,0.00017922
426,2090,2,5_9,0.00017713
426,2091,2,5_9,0.0001755
426,2092,2,5_9,0.00017337
426,2093,2,5_9,0.00017128
426,2094,2,5_9,0.00016928
426,2095,2,5_9,0.00016721
426,2096,2,5_9,0.00016508
426,2097,2,5_9,0.00016338
426,2098,2,5_9,0.00016128
426,2099,2,5_9,0.0001597
426,2100,2,5_9,0.00015857
516,2024,2,5_9,0.00069829
516,2025,2,5_9,0.00068151
516,2026,2,5_9,0.00066592
516,2027,2,5_9,0.00064889
516,2028,2,5_9,0.0006341
516,2029,2,5_9,0.00062014
516,2030,2,5_9,0.00060595
516,2031,2,5_9,0.00059218
516,2032,2,5_9,0.00057887
516,2033,2,5_9,0.00056415
516,2034,2,5_9,0.0005511
516,2035,2,5_9,0.00053825
516,2036,2,5_9,0.00052607
516,2037,2,5_9,0.00051385
516,2038,2,5_9,0.00050135
516,2039,2,5_9,0.00048993
516,2040,2,5_9,0.00047984
516,2041,2,5_9,0.00046912
516,2042,2,5_9,0.00045896
516,2043,2,5_9,0.0004486
516,2044,2,5_9,0.00043727
516,2045,2,5_9,0.00042726
516,2046,2,5_9,0.00041731
516,2047,2,5_9,0.00040657
516,2048,2,5_9,0.00039718
516,2049,2,5_9,0.0003874
516,2050,2,5_9,0.00037846
516,2051,2,5_9,0.00037073
516,2052,2,5_9,0.0003641
516,2053,2,5_9,0.00035688
516,2054,2,5_9,0.00034967
516,2055,2,5_9,0.00034371
516,2056,2,5_9,0.00033743
516,2057,2,5_9,0.00033078
516,2058,2,5_9,0.00032431
516,2059,2,5_9,0.00031855
516,2060,2,5_9,0.00031192
516,2061,2,5_9,0.00030584
516,2062,2,5_9,0.00029992
516,2063,2,5_9,0.00029397
516,2064,2,5_9,0.00028829
516,2065,2,5_9,0.00028261
516,2066,2,5_9,0.00027658
516,2067,2,5_9,0.00027107
516,2068,2,5_9,0.00026604
516,2069,2,5_9,0.00026077
516,2070,2,5_9,0.00025523
516,2071,2,5_9,0.00025038
516,2072,2,5_9,0.00024588
516,2073,2,5_9,0.00024162
516,2074,2,5_9,0.00023824
516,2075,2,5_9,0.00023467
516,2076,2,5_9,0.00023149
516,2077,2,5_9,0.00022829
516,2078,2,5_9,0.00022484
516,2079,2,5_9,0.00022199
516,2080,2,5_9,0.00021889
516,2081,2,5_9,0.00021575
516,2082,2,5_9,0.00021263
516,2083,2,5_9,0.0002096
516,2084,2,5_9,0.00020699
516,2085,2,5_9,0.00020427
516,2086,2,5_9,0.00020114
516,2087,2,5_9,0.00019842
516,2088,2,5_9,0.00019576
516,2089,2,5_9,0.00019352
516,2090,2,5_9,0.00019106
516,2091,2,5_9,0.00018856
516,2092,2,5_9,0.00018625
516,2093,2,5_9,0.00018421
516,2094,2,5_9,0.00018179
516,2095,2,5_9,0.0001794
516,2096,2,5_9,0.000177
516,2097,2,5_9,0.00017472
516,2098,2,5_9,0.00017254
516,2099,2,5_9,0.00017044
516,2100,2,5_9,0.00016821
710,2024,2,5_9,0.00041434
710,2025,2,5_9,0.00040363
710,2026,2,5_9,0.00039429
710,2027,2,5_9,0.00038469
710,2028,2,5_9,0.00037538
710,2029,2,5_9,0.0003671
710,2030,2,5_9,0.00035809
710,2031,2,5_9,0.00034961
710,2032,2,5_9,0.00034154
710,2033,2,5_9,0.00033319
710,2034,2,5_9,0.00032583
710,2035,2,5_9,0.00031816
710,2036,2,5_9,0.0003107
710,2037,2,5_9,0.0003029
710,2038,2,5_9,0.00029557
710,2039,2,5_9,0.00028781
710,2040,2,5_9,0.00028037
710,2041,2,5_9,0.00027384
710,2042,2,5_9,0.00026676
710,2043,2,5_9,0.00025955
710,2044,2,5_9,0.00025284
710,2045,2,5_9,0.0002457
710,2046,2,5_9,0.00023929
710,2047,2,5_9,0.00023377
710,2048,2,5_9,0.00022761
710,2049,2,5_9,0.00022172
710,2050,2,5_9,0.00021546
710,2051,2,5_9,0.00020984
710,2052,2,5_9,0.00020467
710,2053,2,5_9,0.00019931
710,2054,2,5_9,0.00019407
710,2055,2,5_9,0.0001889
710,2056,2,5_9,0.00018388
710,2057,2,5_9,0.00017839
710,2058,2,5_9,0.00017451
710,2059,2,5_9,0.00017063
710,2060,2,5_9,0.00016657
710,2061,2,5_9,0.00016302
710,2062,2,5_9,0.0001593
710,2063,2,5_9,0.00015591
710,2064,2,5_9,0.00015219
710,2065,2,5_9,0.00014899
710,2066,2,5_9,0.00014586
710,2067,2,5_9,0.00014238
710,2068,2,5_9,0.00013909
710,2069,2,5_9,0.00013592
710,2070,2,5_9,0.00013258
710,2071,2,5_9,0.00012955
710,2072,2,5_9,0.00012645
710,2073,2,5_9,0.00012332
710,2074,2,5_9,0.00012136
710,2075,2,5_9,0.00011929
710,2076,2,5_9,0.00011726
710,2077,2,5_9,0.00011516
710,2078,2,5_9,0.00011302
710,2079,2,5_9,0.00011111
710,2080,2,5_9,0.00010942
710,2081,2,5_9,0.00010747
710,2082,2,5_9,0.00010556
710,2083,2,5_9,0.00010376
710,2084,2,5_9,0.00010191
710,2085,2,5_9,0.00010007
710,2086,2,5_9,9.824e-05
710,2087,2,5_9,9.666e-05
710,2088,2,5_9,9.487e-05
710,2089,2,5_9,9.328e-05
710,2090,2,5_9,9.166e-05
710,2091,2,5_9,9.003e-05
710,2092,2,5_9,8.836e-05
710,2093,2,5_9,8.678e-05
710,2094,2,5_9,8.519e-05
710,2095,2,5_9,8.358e-05
710,2096,2,5_9,8.209e-05
710,2097,2,5_9,8.062e-05
710,2098,2,5_9,7.917e-05
710,2099,2,5_9,7.772e-05
710,2100,2,5_9,7.652e-05
204,2024,2,5_9,0.00382221
204,2025,2,5_9,0.00375414
204,2026,2,5_9,0.00368634
204,2027,2,5_9,0.00362143
204,2028,2,5_9,0.0035543
204,2029,2,5_9,0.00349084
204,2030,2,5_9,0.00343291
204,2031,2,5_9,0.00337175
204,2032,2,5_9,0.00331465
204,2033,2,5_9,0.00325508
204,2034,2,5_9,0.00319859
204,2035,2,5_9,0.00314152
204,2036,2,5_9,0.00308671
204,2037,2,5_9,0.00302828
204,2038,2,5_9,0.00297213
204,2039,2,5_9,0.00292073
204,2040,2,5_9,0.00286296
204,2041,2,5_9,0.00280942
204,2042,2,5_9,0.00275499
204,2043,2,5_9,0.00270451
204,2044,2,5_9,0.00265186
204,2045,2,5_9,0.00260733
204,2046,2,5_9,0.00256249
204,2047,2,5_9,0.00251655
204,2048,2,5_9,0.00246758
204,2049,2,5_9,0.00241916
204,2050,2,5_9,0.00237271
204,2051,2,5_9,0.00232813
204,2052,2,5_9,0.00228633
204,2053,2,5_9,0.002243
204,2054,2,5_9,0.00219834
204,2055,2,5_9,0.00215707
204,2056,2,5_9,0.00211419
204,2057,2,5_9,0.00207129
204,2058,2,5_9,0.0020275
204,2059,2,5_9,0.00198821
204,2060,2,5_9,0.00194844
204,2061,2,5_9,0.00190755
204,2062,2,5_9,0.00186965
204,2063,2,5_9,0.00183061
204,2064,2,5_9,0.00179319
204,2065,2,5_9,0.0017595
204,2066,2,5_9,0.00172367
204,2067,2,5_9,0.0016877
204,2068,2,5_9,0.00165358
204,2069,2,5_9,0.00161788
204,2070,2,5_9,0.0015858
204,2071,2,5_9,0.00154819
204,2072,2,5_9,0.00151295
204,2073,2,5_9,0.00147996
204,2074,2,5_9,0.00144742
204,2075,2,5_9,0.00141708
204,2076,2,5_9,0.0013886
204,2077,2,5_9,0.00135768
204,2078,2,5_9,0.00132927
204,2079,2,5_9,0.00129783
204,2080,2,5_9,0.00127069
204,2081,2,5_9,0.00124183
204,2082,2,5_9,0.0012146
204,2083,2,5_9,0.00118715
204,2084,2,5_9,0.00115843
204,2085,2,5_9,0.001131
204,2086,2,5_9,0.0011047
204,2087,2,5_9,0.00107791
204,2088,2,5_9,0.00105591
204,2089,2,5_9,0.00103139
204,2090,2,5_9,0.00100724
204,2091,2,5_9,0.00098337
204,2092,2,5_9,0.00095942
204,2093,2,5_9,0.00093431
204,2094,2,5_9,0.00091312
204,2095,2,5_9,0.00089428
204,2096,2,5_9,0.00087484
204,2097,2,5_9,0.00085748
204,2098,2,5_9,0.00083938
204,2099,2,5_9,0.00082075
204,2100,2,5_9,0.00080479
854,2024,2,5_9,0.00247783
854,2025,2,5_9,0.00243522
854,2026,2,5_9,0.00239551
854,2027,2,5_9,0.00235303
854,2028,2,5_9,0.00231159
854,2029,2,5_9,0.00227152
854,2030,2,5_9,0.00222988
854,2031,2,5_9,0.00218679
854,2032,2,5_9,0.00214967
854,2033,2,5_9,0.00210621
854,2034,2,5_9,0.00206568
854,2035,2,5_9,0.00202802
854,2036,2,5_9,0.00199129
854,2037,2,5_9,0.00195486
854,2038,2,5_9,0.00191558
854,2039,2,5_9,0.00187859
854,2040,2,5_9,0.0018424
854,2041,2,5_9,0.00180876
854,2042,2,5_9,0.00177408
854,2043,2,5_9,0.00174041
854,2044,2,5_9,0.00170404
854,2045,2,5_9,0.00167085
854,2046,2,5_9,0.00163752
854,2047,2,5_9,0.0016047
854,2048,2,5_9,0.00157195
854,2049,2,5_9,0.00153948
854,2050,2,5_9,0.00151186
854,2051,2,5_9,0.00147776
854,2052,2,5_9,0.00144691
854,2053,2,5_9,0.0014182
854,2054,2,5_9,0.00139047
854,2055,2,5_9,0.00136366
854,2056,2,5_9,0.0013353
854,2057,2,5_9,0.00130945
854,2058,2,5_9,0.00128163
854,2059,2,5_9,0.00125413
854,2060,2,5_9,0.00122467
854,2061,2,5_9,0.00119842
854,2062,2,5_9,0.00117269
854,2063,2,5_9,0.00114636
854,2064,2,5_9,0.00111967
854,2065,2,5_9,0.00109725
854,2066,2,5_9,0.0010743
854,2067,2,5_9,0.0010506
854,2068,2,5_9,0.00103009
854,2069,2,5_9,0.00100944
854,2070,2,5_9,0.0009875
854,2071,2,5_9,0.00096424
854,2072,2,5_9,0.00094182
854,2073,2,5_9,0.00092254
854,2074,2,5_9,0.00090222
854,2075,2,5_9,0.00088319
854,2076,2,5_9,0.00086132
854,2077,2,5_9,0.00084137
854,2078,2,5_9,0.00082143
854,2079,2,5_9,0.00080266
854,2080,2,5_9,0.00078217
854,2081,2,5_9,0.00076352
854,2082,2,5_9,0.00074713
854,2083,2,5_9,0.00072849
854,2084,2,5_9,0.00071105
854,2085,2,5_9,0.0006963
854,2086,2,5_9,0.00068251
854,2087,2,5_9,0.00066907
854,2088,2,5_9,0.00065617
854,2089,2,5_9,0.00064231
854,2090,2,5_9,0.00062882
854,2091,2,5_9,0.00061694
854,2092,2,5_9,0.00060424
854,2093,2,5_9,0.00059267
854,2094,2,5_9,0.00058093
854,2095,2,5_9,0.00057018
854,2096,2,5_9,0.00055811
854,2097,2,5_9,0.00054826
854,2098,2,5_9,0.0005375
854,2099,2,5_9,0.00052686
854,2100,2,5_9,0.00051744
132,2024,2,5_9,0.00012656
132,2025,2,5_9,0.00012342
132,2026,2,5_9,0.00012066
132,2027,2,5_9,0.0001178
132,2028,2,5_9,0.00011495
132,2029,2,5_9,0.0001123
132,2030,2,5_9,0.00010996
132,2031,2,5_9,0.00010753
132,2032,2,5_9,0.00010516
132,2033,2,5_9,0.00010284
132,2034,2,5_9,0.00010093
132,2035,2,5_9,9.896e-05
132,2036,2,5_9,9.707e-05
132,2037,2,5_9,9.504e-05
132,2038,2,5_9,9.333e-05
132,2039,2,5_9,9.169e-05
132,2040,2,5_9,9.001e-05
132,2041,2,5_9,8.839e-05
132,2042,2,5_9,8.689e-05
132,2043,2,5_9,8.549e-05
132,2044,2,5_9,8.408e-05
132,2045,2,5_9,8.264e-05
132,2046,2,5_9,8.128e-05
132,2047,2,5_9,7.992e-05
132,2048,2,5_9,7.849e-05
132,2049,2,5_9,7.733e-05
132,2050,2,5_9,7.604e-05
132,2051,2,5_9,7.479e-05
132,2052,2,5_9,7.361e-05
132,2053,2,5_9,7.242e-05
132,2054,2,5_9,7.135e-05
132,2055,2,5_9,7.024e-05
132,2056,2,5_9,6.901e-05
132,2057,2,5_9,6.8e-05
132,2058,2,5_9,6.693e-05
132,2059,2,5_9,6.606e-05
132,2060,2,5_9,6.524e-05
132,2061,2,5_9,6.435e-05
132,2062,2,5_9,6.351e-05
132,2063,2,5_9,6.259e-05
132,2064,2,5_9,6.181e-05
132,2065,2,5_9,6.101e-05
132,2066,2,5_9,6.02e-05
132,2067,2,5_9,5.955e-05
132,2068,2,5_9,5.892e-05
132,2069,2,5_9,5.816e-05
132,2070,2,5_9,5.75e-05
132,2071,2,5_9,5.673e-05
132,2072,2,5_9,5.604e-05
132,2073,2,5_9,5.526e-05
132,2074,2,5_9,5.462e-05
132,2075,2,5_9,5.388e-05
132,2076,2,5_9,5.33e-05
132,2077,2,5_9,5.277e-05
132,2078,2,5_9,5.222e-05
132,2079,2,5_9,5.152e-05
132,2080,2,5_9,5.093e-05
132,2081,2,5_9,5.039e-05
132,2082,2,5_9,4.97e-05
132,2083,2,5_9,4.913e-05
132,2084,2,5_9,4.86e-05
132,2085,2,5_9,4.804e-05
132,2086,2,5_9,4.739e-05
132,2087,2,5_9,4.694e-05
132,2088,2,5_9,4.649e-05
132,2089,2,5_9,4.602e-05
132,2090,2,5_9,4.554e-05
132,2091,2,5_9,4.505e-05
132,2092,2,5_9,4.45e-05
132,2093,2,5_9,4.408e-05
132,2094,2,5_9,4.364e-05
132,2095,2,5_9,4.32e-05
132,2096,2,5_9,4.275e-05
132,2097,2,5_9,4.217e-05
132,2098,2,5_9,4.176e-05
132,2099,2,5_9,4.129e-05
132,2100,2,5_9,4.089e-05
384,2024,2,5_9,0.00113881
384,2025,2,5_9,0.00112787
384,2026,2,5_9,0.00111649
384,2027,2,5_9,0.00110453
384,2028,2,5_9,0.00109357
384,2029,2,5_9,0.00108182
384,2030,2,5_9,0.00106849
384,2031,2,5_9,0.0010556
384,2032,2,5_9,0.00104158
384,2033,2,5_9,0.00103097
384,2034,2,5_9,0.00101919
384,2035,2,5_9,0.00100586
384,2036,2,5_9,0.00099426
384,2037,2,5_9,0.00098205
384,2038,2,5_9,0.00096912
384,2039,2,5_9,0.00095904
384,2040,2,5_9,0.00094678
384,2041,2,5_9,0.00093539
384,2042,2,5_9,0.00092466
384,2043,2,5_9,0.00091343
384,2044,2,5_9,0.00090033
384,2045,2,5_9,0.00088724
384,2046,2,5_9,0.00087582
384,2047,2,5_9,0.00086504
384,2048,2,5_9,0.00085272
384,2049,2,5_9,0.00084305
384,2050,2,5_9,0.00083194
384,2051,2,5_9,0.00081977
384,2052,2,5_9,0.00080772
384,2053,2,5_9,0.00079855
384,2054,2,5_9,0.00078643
384,2055,2,5_9,0.00077319
384,2056,2,5_9,0.00076281
384,2057,2,5_9,0.00075046
384,2058,2,5_9,0.00073771
384,2059,2,5_9,0.00072737
384,2060,2,5_9,0.00071499
384,2061,2,5_9,0.00070494
384,2062,2,5_9,0.00069239
384,2063,2,5_9,0.00068113
384,2064,2,5_9,0.00067238
384,2065,2,5_9,0.00066241
384,2066,2,5_9,0.00065186
384,2067,2,5_9,0.00064348
384,2068,2,5_9,0.00063396
384,2069,2,5_9,0.00062495
384,2070,2,5_9,0.00061443
384,2071,2,5_9,0.0006062
384,2072,2,5_9,0.00059559
384,2073,2,5_9,0.00058699
384,2074,2,5_9,0.00057651
384,2075,2,5_9,0.00056522
384,2076,2,5_9,0.0005559
384,2077,2,5_9,0.00054467
384,2078,2,5_9,0.00053515
384,2079,2,5_9,0.00052361
384,2080,2,5_9,0.00051174
384,2081,2,5_9,0.00050335
384,2082,2,5_9,0.00049462
384,2083,2,5_9,0.00048766
384,2084,2,5_9,0.00048257
384,2085,2,5_9,0.00047733
384,2086,2,5_9,0.0004717
384,2087,2,5_9,0.00046627
384,2088,2,5_9,0.00046156
384,2089,2,5_9,0.00045569
384,2090,2,5_9,0.00045071
384,2091,2,5_9,0.00044535
384,2092,2,5_9,0.00044074
384,2093,2,5_9,0.00043557
384,2094,2,5_9,0.0004302
384,2095,2,5_9,0.00042596
384,2096,2,5_9,0.00042016
384,2097,2,5_9,0.00041544
384,2098,2,5_9,0.00041046
384,2099,2,5_9,0.00040533
384,2100,2,5_9,0.00040043
270,2024,2,5_9,0.00236611
270,2025,2,5_9,0.0022997
270,2026,2,5_9,0.00223189
270,2027,2,5_9,0.0021653
270,2028,2,5_9,0.00210168
270,2029,2,5_9,0.00204248
270,2030,2,5_9,0.00198715
270,2031,2,5_9,0.00192867
270,2032,2,5_9,0.00187158
270,2033,2,5_9,0.00181571
270,2034,2,5_9,0.00176183
270,2035,2,5_9,0.00171007
270,2036,2,5_9,0.00166457
270,2037,2,5_9,0.00161763
270,2038,2,5_9,0.00157193
270,2039,2,5_9,0.00152676
270,2040,2,5_9,0.00148598
270,2041,2,5_9,0.00144346
270,2042,2,5_9,0.00140314
270,2043,2,5_9,0.0013622
270,2044,2,5_9,0.00132562
270,2045,2,5_9,0.0012885
270,2046,2,5_9,0.00125086
270,2047,2,5_9,0.00121337
270,2048,2,5_9,0.00117947
270,2049,2,5_9,0.00114764
270,2050,2,5_9,0.00111474
270,2051,2,5_9,0.00108053
270,2052,2,5_9,0.0010512
270,2053,2,5_9,0.00102292
270,2054,2,5_9,0.00099449
270,2055,2,5_9,0.00096696
270,2056,2,5_9,0.00093767
270,2057,2,5_9,0.00091216
270,2058,2,5_9,0.00088678
270,2059,2,5_9,0.00086326
270,2060,2,5_9,0.00083987
270,2061,2,5_9,0.00081466
270,2062,2,5_9,0.0007912
270,2063,2,5_9,0.00077071
270,2064,2,5_9,0.0007482
270,2065,2,5_9,0.00072824
270,2066,2,5_9,0.00071313
270,2067,2,5_9,0.00069633
270,2068,2,5_9,0.00068219
270,2069,2,5_9,0.00066666
270,2070,2,5_9,0.00065308
270,2071,2,5_9,0.00064154
270,2072,2,5_9,0.00063008
270,2073,2,5_9,0.00061908
270,2074,2,5_9,0.00060828
270,2075,2,5_9,0.0005979
270,2076,2,5_9,0.00058781
270,2077,2,5_9,0.00057794
270,2078,2,5_9,0.00056876
270,2079,2,5_9,0.0005592
270,2080,2,5_9,0.00054961
270,2081,2,5_9,0.00054078
270,2082,2,5_9,0.00053208
270,2083,2,5_9,0.0005235
270,2084,2,5_9,0.00051439
270,2085,2,5_9,0.00050609
270,2086,2,5_9,0.00049764
270,2087,2,5_9,0.00049038
270,2088,2,5_9,0.00048291
270,2089,2,5_9,0.00047522
270,2090,2,5_9,0.00046853
270,2091,2,5_9,0.00046145
270,2092,2,5_9,0.00045468
270,2093,2,5_9,0.00044812
270,2094,2,5_9,0.0004421
270,2095,2,5_9,0.00043598
270,2096,2,5_9,0.00042971
270,2097,2,5_9,0.00042408
270,2098,2,5_9,0.000418
270,2099,2,5_9,0.00041254
270,2100,2,5_9,0.00040718
288,2024,2,5_9,0.00227046
288,2025,2,5_9,0.00220443
288,2026,2,5_9,0.00214095
288,2027,2,5_9,0.00207701
288,2028,2,5_9,0.0020115
288,2029,2,5_9,0.00195397
288,2030,2,5_9,0.00189493
288,2031,2,5_9,0.00183701
288,2032,2,5_9,0.00178414
288,2033,2,5_9,0.00172705
288,2034,2,5_9,0.00167849
288,2035,2,5_9,0.00162786
288,2036,2,5_9,0.0015786
288,2037,2,5_9,0.00153022
288,2038,2,5_9,0.00148558
288,2039,2,5_9,0.00143808
288,2040,2,5_9,0.00139605
288,2041,2,5_9,0.00135566
288,2042,2,5_9,0.00131355
288,2043,2,5_9,0.00127036
288,2044,2,5_9,0.00123045
288,2045,2,5_9,0.00119218
288,2046,2,5_9,0.0011525
288,2047,2,5_9,0.00111428
288,2048,2,5_9,0.00107986
288,2049,2,5_9,0.00104483
288,2050,2,5_9,0.00101285
288,2051,2,5_9,0.0009815
288,2052,2,5_9,0.00095095
288,2053,2,5_9,0.00092161
288,2054,2,5_9,0.00089271
288,2055,2,5_9,0.0008644
288,2056,2,5_9,0.00083437
288,2057,2,5_9,0.00080906
288,2058,2,5_9,0.00078497
288,2059,2,5_9,0.00075861
288,2060,2,5_9,0.0007383
288,2061,2,5_9,0.00071389
288,2062,2,5_9,0.00069246
288,2063,2,5_9,0.00067194
288,2064,2,5_9,0.00065352
288,2065,2,5_9,0.00063635
288,2066,2,5_9,0.00062145
288,2067,2,5_9,0.00060605
288,2068,2,5_9,0.00059123
288,2069,2,5_9,0.00057741
288,2070,2,5_9,0.00056595
288,2071,2,5_9,0.00055547
288,2072,2,5_9,0.00054431
288,2073,2,5_9,0.00053386
288,2074,2,5_9,0.00052395
288,2075,2,5_9,0.00051415
288,2076,2,5_9,0.00050465
288,2077,2,5_9,0.00049555
288,2078,2,5_9,0.00048696
288,2079,2,5_9,0.00047808
288,2080,2,5_9,0.00046964
288,2081,2,5_9,0.00046097
288,2082,2,5_9,0.00045285
288,2083,2,5_9,0.00044555
288,2084,2,5_9,0.00043891
288,2085,2,5_9,0.00043211
288,2086,2,5_9,0.00042499
288,2087,2,5_9,0.00041848
288,2088,2,5_9,0.00041218
288,2089,2,5_9,0.00040646
288,2090,2,5_9,0.00039971
288,2091,2,5_9,0.0003936
288,2092,2,5_9,0.00038786
288,2093,2,5_9,0.00038197
288,2094,2,5_9,0.00037668
288,2095,2,5_9,0.00037172
288,2096,2,5_9,0.00036657
288,2097,2,5_9,0.0003617
288,2098,2,5_9,0.00035661
288,2099,2,5_9,0.00035166
288,2100,2,5_9,0.00034727
324,2024,2,5_9,0.0034879
324,2025,2,5_9,0.00343442
324,2026,2,5_9,0.00338247
324,2027,2,5_9,0.00332545
324,2028,2,5_9,0.00327435
324,2029,2,5_9,0.00322384
324,2030,2,5_9,0.00316976
324,2031,2,5_9,0.00312241
324,2032,2,5_9,0.00307303
324,2033,2,5_9,0.00302441
324,2034,2,5_9,0.00297418
324,2035,2,5_9,0.00292671
324,2036,2,5_9,0.00287757
324,2037,2,5_9,0.00283122
324,2038,2,5_9,0.00278225
324,2039,2,5_9,0.0027359
324,2040,2,5_9,0.00269164
324,2041,2,5_9,0.00264451
324,2042,2,5_9,0.00259991
324,2043,2,5_9,0.00255475
324,2044,2,5_9,0.00251066
324,2045,2,5_9,0.00246927
324,2046,2,5_9,0.00242667
324,2047,2,5_9,0.00238267
324,2048,2,5_9,0.00234372
324,2049,2,5_9,0.00229913
324,2050,2,5_9,0.00225949
324,2051,2,5_9,0.00221686
324,2052,2,5_9,0.0021793
324,2053,2,5_9,0.00213944
324,2054,2,5_9,0.00210528
324,2055,2,5_9,0.00206673
324,2056,2,5_9,0.00203097
324,2057,2,5_9,0.00199455
324,2058,2,5_9,0.00195687
324,2059,2,5_9,0.00192018
324,2060,2,5_9,0.00188568
324,2061,2,5_9,0.00185444
324,2062,2,5_9,0.0018223
324,2063,2,5_9,0.00178938
324,2064,2,5_9,0.00175568
324,2065,2,5_9,0.00172086
324,2066,2,5_9,0.00168993
324,2067,2,5_9,0.00165153
324,2068,2,5_9,0.00161858
324,2069,2,5_9,0.00158624
324,2070,2,5_9,0.00155359
324,2071,2,5_9,0.00152109
324,2072,2,5_9,0.001492
324,2073,2,5_9,0.00146441
324,2074,2,5_9,0.00143276
324,2075,2,5_9,0.00140401
324,2076,2,5_9,0.00137115
324,2077,2,5_9,0.00134107
324,2078,2,5_9,0.00131274
324,2079,2,5_9,0.00128742
324,2080,2,5_9,0.00126207
324,2081,2,5_9,0.00123453
324,2082,2,5_9,0.00120926
324,2083,2,5_9,0.0011842
324,2084,2,5_9,0.00115951
324,2085,2,5_9,0.00113369
324,2086,2,5_9,0.00110936
324,2087,2,5_9,0.00108536
324,2088,2,5_9,0.00106134
324,2089,2,5_9,0.00103638
324,2090,2,5_9,0.00101521
324,2091,2,5_9,0.0009915
324,2092,2,5_9,0.00096959
324,2093,2,5_9,0.00094461
324,2094,2,5_9,0.00092234
324,2095,2,5_9,0.00089764
324,2096,2,5_9,0.00087652
324,2097,2,5_9,0.00085711
324,2098,2,5_9,0.000842
324,2099,2,5_9,0.00082519
324,2100,2,5_9,0.00080983
624,2024,2,5_9,0.00140711
624,2025,2,5_9,0.00138335
624,2026,2,5_9,0.00135696
624,2027,2,5_9,0.0013322
624,2028,2,5_9,0.00130917
624,2029,2,5_9,0.00128727
624,2030,2,5_9,0.00126252
624,2031,2,5_9,0.00124103
624,2032,2,5_9,0.00121725
624,2033,2,5_9,0.00119411
624,2034,2,5_9,0.00117245
624,2035,2,5_9,0.00115085
624,2036,2,5_9,0.00112739
624,2037,2,5_9,0.00110577
624,2038,2,5_9,0.00108446
624,2039,2,5_9,0.00106421
624,2040,2,5_9,0.00104267
624,2041,2,5_9,0.00102096
624,2042,2,5_9,0.00100071
624,2043,2,5_9,0.00098026
624,2044,2,5_9,0.00096163
624,2045,2,5_9,0.00094065
624,2046,2,5_9,0.00092164
624,2047,2,5_9,0.00090408
624,2048,2,5_9,0.00088861
624,2049,2,5_9,0.00087011
624,2050,2,5_9,0.00085227
624,2051,2,5_9,0.00083527
624,2052,2,5_9,0.00082008
624,2053,2,5_9,0.00080459
624,2054,2,5_9,0.00078786
624,2055,2,5_9,0.00077355
624,2056,2,5_9,0.00075752
624,2057,2,5_9,0.00074117
624,2058,2,5_9,0.0007251
624,2059,2,5_9,0.00070976
624,2060,2,5_9,0.00069517
624,2061,2,5_9,0.00067957
624,2062,2,5_9,0.00066413
624,2063,2,5_9,0.0006498
624,2064,2,5_9,0.00063552
624,2065,2,5_9,0.00062436
624,2066,2,5_9,0.00061319
624,2067,2,5_9,0.00060192
624,2068,2,5_9,0.00059168
624,2069,2,5_9,0.00058095
624,2070,2,5_9,0.00057102
624,2071,2,5_9,0.00055975
624,2072,2,5_9,0.00054879
624,2073,2,5_9,0.00053808
624,2074,2,5_9,0.000529
624,2075,2,5_9,0.00051787
624,2076,2,5_9,0.00050801
624,2077,2,5_9,0.00049763
624,2078,2,5_9,0.00048849
624,2079,2,5_9,0.00047777
624,2080,2,5_9,0.00046986
624,2081,2,5_9,0.0004613
624,2082,2,5_9,0.00045405
624,2083,2,5_9,0.00044525
624,2084,2,5_9,0.00043695
624,2085,2,5_9,0.00042985
624,2086,2,5_9,0.00042513
624,2087,2,5_9,0.00041924
624,2088,2,5_9,0.00041382
624,2089,2,5_9,0.00040914
624,2090,2,5_9,0.00040564
624,2091,2,5_9,0.00040178
624,2092,2,5_9,0.00039817
624,2093,2,5_9,0.00039457
624,2094,2,5_9,0.00039069
624,2095,2,5_9,0.00038751
624,2096,2,5_9,0.00038389
624,2097,2,5_9,0.00038074
624,2098,2,5_9,0.00037705
624,2099,2,5_9,0.00037386
624,2100,2,5_9,0.00037075
430,2024,2,5_9,0.0011913
430,2025,2,5_9,0.00118075
430,2026,2,5_9,0.00116925
430,2027,2,5_9,0.0011572
430,2028,2,5_9,0.00114742
430,2029,2,5_9,0.00113708
430,2030,2,5_9,0.00112558
430,2031,2,5_9,0.0011156
430,2032,2,5_9,0.00110406
430,2033,2,5_9,0.00109302
430,2034,2,5_9,0.00108115
430,2035,2,5_9,0.00106759
430,2036,2,5_9,0.00105508
430,2037,2,5_9,0.00104178
430,2038,2,5_9,0.001029
430,2039,2,5_9,0.00101631
430,2040,2,5_9,0.00100557
430,2041,2,5_9,0.00099498
430,2042,2,5_9,0.00098248
430,2043,2,5_9,0.00096948
430,2044,2,5_9,0.00095644
430,2045,2,5_9,0.00094464
430,2046,2,5_9,0.00093201
430,2047,2,5_9,0.00092152
430,2048,2,5_9,0.00090883
430,2049,2,5_9,0.00089617
430,2050,2,5_9,0.00088207
430,2051,2,5_9,0.00087034
430,2052,2,5_9,0.00085714
430,2053,2,5_9,0.00084446
430,2054,2,5_9,0.00083352
430,2055,2,5_9,0.00082159
430,2056,2,5_9,0.00080865
430,2057,2,5_9,0.00079846
430,2058,2,5_9,0.00078641
430,2059,2,5_9,0.00077244
430,2060,2,5_9,0.00076011
430,2061,2,5_9,0.00074952
430,2062,2,5_9,0.00073676
430,2063,2,5_9,0.00072286
430,2064,2,5_9,0.00070825
430,2065,2,5_9,0.00069794
430,2066,2,5_9,0.0006855
430,2067,2,5_9,0.0006755
430,2068,2,5_9,0.00066392
430,2069,2,5_9,0.00065437
430,2070,2,5_9,0.00064387
430,2071,2,5_9,0.00063378
430,2072,2,5_9,0.00062492
430,2073,2,5_9,0.0006143
430,2074,2,5_9,0.00060345
430,2075,2,5_9,0.00059504
430,2076,2,5_9,0.00058358
430,2077,2,5_9,0.00057567
430,2078,2,5_9,0.00056451
430,2079,2,5_9,0.00055356
430,2080,2,5_9,0.00054531
430,2081,2,5_9,0.00053707
430,2082,2,5_9,0.00052628
430,2083,2,5_9,0.00051672
430,2084,2,5_9,0.00050542
430,2085,2,5_9,0.0004966
430,2086,2,5_9,0.0004853
430,2087,2,5_9,0.00047638
430,2088,2,5_9,0.00047092
430,2089,2,5_9,0.00046488
430,2090,2,5_9,0.00045965
430,2091,2,5_9,0.00045428
430,2092,2,5_9,0.00045034
430,2093,2,5_9,0.00044591
430,2094,2,5_9,0.00044136
430,2095,2,5_9,0.00043718
430,2096,2,5_9,0.00043267
430,2097,2,5_9,0.00042678
430,2098,2,5_9,0.00042252
430,2099,2,5_9,0.00041797
430,2100,2,5_9,0.00041342
466,2024,2,5_9,0.00267119
466,2025,2,5_9,0.00262021
466,2026,2,5_9,0.0025702
466,2027,2,5_9,0.00252535
466,2028,2,5_9,0.00247925
466,2029,2,5_9,0.00243194
466,2030,2,5_9,0.00238782
466,2031,2,5_9,0.00234411
466,2032,2,5_9,0.00230196
466,2033,2,5_9,0.00225863
466,2034,2,5_9,0.0022131
466,2035,2,5_9,0.00216968
466,2036,2,5_9,0.00212983
466,2037,2,5_9,0.00208775
466,2038,2,5_9,0.00204493
466,2039,2,5_9,0.00200521
466,2040,2,5_9,0.00196383
466,2041,2,5_9,0.00192319
466,2042,2,5_9,0.00188332
466,2043,2,5_9,0.00184372
466,2044,2,5_9,0.00180673
466,2045,2,5_9,0.00176891
466,2046,2,5_9,0.00173266
466,2047,2,5_9,0.00169829
466,2048,2,5_9,0.00166585
466,2049,2,5_9,0.00163569
466,2050,2,5_9,0.00160051
466,2051,2,5_9,0.0015673
466,2052,2,5_9,0.00153743
466,2053,2,5_9,0.0015079
466,2054,2,5_9,0.00147504
466,2055,2,5_9,0.00144499
466,2056,2,5_9,0.00141498
466,2057,2,5_9,0.00138589
466,2058,2,5_9,0.00135712
466,2059,2,5_9,0.00133194
466,2060,2,5_9,0.00130216
466,2061,2,5_9,0.00127667
466,2062,2,5_9,0.00125256
466,2063,2,5_9,0.00122539
466,2064,2,5_9,0.00119934
466,2065,2,5_9,0.00117239
466,2066,2,5_9,0.00114713
466,2067,2,5_9,0.00111985
466,2068,2,5_9,0.00109386
466,2069,2,5_9,0.00107133
466,2070,2,5_9,0.00104745
466,2071,2,5_9,0.00102527
466,2072,2,5_9,0.00100229
466,2073,2,5_9,0.00098573
466,2074,2,5_9,0.00096459
466,2075,2,5_9,0.00094608
466,2076,2,5_9,0.00092594
466,2077,2,5_9,0.00090543
466,2078,2,5_9,0.0008872
466,2079,2,5_9,0.00086739
466,2080,2,5_9,0.00084641
466,2081,2,5_9,0.00082898
466,2082,2,5_9,0.00080954
466,2083,2,5_9,0.00079251
466,2084,2,5_9,0.0007724
466,2085,2,5_9,0.00075556
466,2086,2,5_9,0.00073555
466,2087,2,5_9,0.00071848
466,2088,2,5_9,0.00069994
466,2089,2,5_9,0.00068493
466,2090,2,5_9,0.00067211
466,2091,2,5_9,0.00066039
466,2092,2,5_9,0.00064832
466,2093,2,5_9,0.00063725
466,2094,2,5_9,0.00062542
466,2095,2,5_9,0.00061429
466,2096,2,5_9,0.00060263
466,2097,2,5_9,0.00059201
466,2098,2,5_9,0.00058169
466,2099,2,5_9,0.00057024
466,2100,2,5_9,0.00055931
478,2024,2,5_9,0.00066722
478,2025,2,5_9,0.00064421
478,2026,2,5_9,0.00062325
478,2027,2,5_9,0.00060124
478,2028,2,5_9,0.00057976
478,2029,2,5_9,0.00055946
478,2030,2,5_9,0.00054079
478,2031,2,5_9,0.00052171
478,2032,2,5_9,0.00050263
478,2033,2,5_9,0.00048541
478,2034,2,5_9,0.0004692
478,2035,2,5_9,0.00045315
478,2036,2,5_9,0.00043773
478,2037,2,5_9,0.00042326
478,2038,2,5_9,0.00040777
478,2039,2,5_9,0.00039435
478,2040,2,5_9,0.00038022
478,2041,2,5_9,0.00036838
478,2042,2,5_9,0.00035551
478,2043,2,5_9,0.00034435
478,2044,2,5_9,0.00033593
478,2045,2,5_9,0.00032676
478,2046,2,5_9,0.00032094
478,2047,2,5_9,0.00031552
478,2048,2,5_9,0.00031005
478,2049,2,5_9,0.00030499
478,2050,2,5_9,0.00029988
478,2051,2,5_9,0.00029504
478,2052,2,5_9,0.0002904
478,2053,2,5_9,0.00028558
478,2054,2,5_9,0.00028078
478,2055,2,5_9,0.00027659
478,2056,2,5_9,0.00027261
478,2057,2,5_9,0.00026861
478,2058,2,5_9,0.00026489
478,2059,2,5_9,0.00026146
478,2060,2,5_9,0.00025767
478,2061,2,5_9,0.00025398
478,2062,2,5_9,0.00025068
478,2063,2,5_9,0.00024748
478,2064,2,5_9,0.00024464
478,2065,2,5_9,0.00024172
478,2066,2,5_9,0.0002391
478,2067,2,5_9,0.00023642
478,2068,2,5_9,0.00023394
478,2069,2,5_9,0.00023137
478,2070,2,5_9,0.00022918
478,2071,2,5_9,0.00022681
478,2072,2,5_9,0.00022463
478,2073,2,5_9,0.0002224
478,2074,2,5_9,0.00022032
478,2075,2,5_9,0.00021874
478,2076,2,5_9,0.00021713
478,2077,2,5_9,0.00021568
478,2078,2,5_9,0.00021431
478,2079,2,5_9,0.00021293
478,2080,2,5_9,0.00021118
478,2081,2,5_9,0.00020946
478,2082,2,5_9,0.00020772
478,2083,2,5_9,0.00020612
478,2084,2,5_9,0.00020476
478,2085,2,5_9,0.00020323
478,2086,2,5_9,0.00020192
478,2087,2,5_9,0.00020046
478,2088,2,5_9,0.00019905
478,2089,2,5_9,0.00019768
478,2090,2,5_9,0.00019619
478,2091,2,5_9,0.00019467
478,2092,2,5_9,0.00019346
478,2093,2,5_9,0.00019195
478,2094,2,5_9,0.0001905
478,2095,2,5_9,0.00018925
478,2096,2,5_9,0.0001877
478,2097,2,5_9,0.00018621
478,2098,2,5_9,0.00018496
478,2099,2,5_9,0.00018346
478,2100,2,5_9,0.00018222
562,2024,2,5_9,0.00186532
562,2025,2,5_9,0.00183593
562,2026,2,5_9,0.00180611
562,2027,2,5_9,0.00177522
562,2028,2,5_9,0.0017449
562,2029,2,5_9,0.00171575
562,2030,2,5_9,0.00168531
562,2031,2,5_9,0.00165653
562,2032,2,5_9,0.00162894
562,2033,2,5_9,0.00160023
562,2034,2,5_9,0.0015717
562,2035,2,5_9,0.00154115
562,2036,2,5_9,0.00151469
562,2037,2,5_9,0.00148515
562,2038,2,5_9,0.00145768
562,2039,2,5_9,0.00142918
562,2040,2,5_9,0.00140279
562,2041,2,5_9,0.00137593
562,2042,2,5_9,0.00134951
562,2043,2,5_9,0.00132269
562,2044,2,5_9,0.00129728
562,2045,2,5_9,0.0012726
562,2046,2,5_9,0.0012474
562,2047,2,5_9,0.00122372
562,2048,2,5_9,0.00119948
562,2049,2,5_9,0.00117559
562,2050,2,5_9,0.00114975
562,2051,2,5_9,0.00112599
562,2052,2,5_9,0.00110429
562,2053,2,5_9,0.00108292
562,2054,2,5_9,0.00105931
562,2055,2,5_9,0.00103764
562,2056,2,5_9,0.00101618
562,2057,2,5_9,0.00099141
562,2058,2,5_9,0.00097234
562,2059,2,5_9,0.00095182
562,2060,2,5_9,0.00093133
562,2061,2,5_9,0.00091178
562,2062,2,5_9,0.00089281
562,2063,2,5_9,0.00087516
562,2064,2,5_9,0.00085657
562,2065,2,5_9,0.00083952
562,2066,2,5_9,0.00082216
562,2067,2,5_9,0.00080545
562,2068,2,5_9,0.00078811
562,2069,2,5_9,0.000771
562,2070,2,5_9,0.00075528
562,2071,2,5_9,0.00073863
562,2072,2,5_9,0.00072262
562,2073,2,5_9,0.00070597
562,2074,2,5_9,0.00068991
562,2075,2,5_9,0.00067315
562,2076,2,5_9,0.00065701
562,2077,2,5_9,0.00064014
562,2078,2,5_9,0.000623
562,2079,2,5_9,0.00060973
562,2080,2,5_9,0.00059822
562,2081,2,5_9,0.00058674
562,2082,2,5_9,0.00057565
562,2083,2,5_9,0.00056578
562,2084,2,5_9,0.00055599
562,2085,2,5_9,0.00054546
562,2086,2,5_9,0.00053594
562,2087,2,5_9,0.0005258
562,2088,2,5_9,0.00051618
562,2089,2,5_9,0.00050547
562,2090,2,5_9,0.00049665
562,2091,2,5_9,0.00048682
562,2092,2,5_9,0.00047944
562,2093,2,5_9,0.00047141
562,2094,2,5_9,0.00046515
562,2095,2,5_9,0.00045777
562,2096,2,5_9,0.000451
562,2097,2,5_9,0.00044332
562,2098,2,5_9,0.00043627
562,2099,2,5_9,0.00043126
562,2100,2,5_9,0.00042715
566,2024,2,5_9,0.00784044
566,2025,2,5_9,0.00773495
566,2026,2,5_9,0.00762055
566,2027,2,5_9,0.00751402
566,2028,2,5_9,0.00740537
566,2029,2,5_9,0.00730407
566,2030,2,5_9,0.00721186
566,2031,2,5_9,0.00710795
566,2032,2,5_9,0.00700043
566,2033,2,5_9,0.00689959
566,2034,2,5_9,0.00679983
566,2035,2,5_9,0.00670628
566,2036,2,5_9,0.00661232
566,2037,2,5_9,0.00651893
566,2038,2,5_9,0.00642346
566,2039,2,5_9,0.00632906
566,2040,2,5_9,0.00623484
566,2041,2,5_9,0.00614531
566,2042,2,5_9,0.00604609
566,2043,2,5_9,0.00595633
566,2044,2,5_9,0.0058769
566,2045,2,5_9,0.00578723
566,2046,2,5_9,0.00570154
566,2047,2,5_9,0.00561512
566,2048,2,5_9,0.0055269
566,2049,2,5_9,0.00544298
566,2050,2,5_9,0.00536407
566,2051,2,5_9,0.00527862
566,2052,2,5_9,0.00520299
566,2053,2,5_9,0.00512496
566,2054,2,5_9,0.00504278
566,2055,2,5_9,0.00496819
566,2056,2,5_9,0.00489372
566,2057,2,5_9,0.00482586
566,2058,2,5_9,0.0047486
566,2059,2,5_9,0.00467531
566,2060,2,5_9,0.00460109
566,2061,2,5_9,0.00453014
566,2062,2,5_9,0.00446273
566,2063,2,5_9,0.00439652
566,2064,2,5_9,0.00432499
566,2065,2,5_9,0.0042605
566,2066,2,5_9,0.00420055
566,2067,2,5_9,0.00413211
566,2068,2,5_9,0.00406909
566,2069,2,5_9,0.00400628
566,2070,2,5_9,0.0039482
566,2071,2,5_9,0.00388418
566,2072,2,5_9,0.00382233
566,2073,2,5_9,0.00376409
566,2074,2,5_9,0.00370375
566,2075,2,5_9,0.003645
566,2076,2,5_9,0.00357995
566,2077,2,5_9,0.00352744
566,2078,2,5_9,0.00347114
566,2079,2,5_9,0.0034144
566,2080,2,5_9,0.00336251
566,2081,2,5_9,0.00330651
566,2082,2,5_9,0.00325378
566,2083,2,5_9,0.00319675
566,2084,2,5_9,0.00314809
566,2085,2,5_9,0.00310267
566,2086,2,5_9,0.00305409
566,2087,2,5_9,0.00300238
566,2088,2,5_9,0.00294733
566,2089,2,5_9,0.00289814
566,2090,2,5_9,0.00284956
566,2091,2,5_9,0.00280136
566,2092,2,5_9,0.00275221
566,2093,2,5_9,0.00269976
566,2094,2,5_9,0.00265346
566,2095,2,5_9,0.00260997
566,2096,2,5_9,0.00256329
566,2097,2,5_9,0.00251936
566,2098,2,5_9,0.00247817
566,2099,2,5_9,0.0024317
566,2100,2,5_9,0.0023928
654,2024,2,5_9,0.00017783
654,2025,2,5_9,0.00017419
654,2026,2,5_9,0.00017101
654,2027,2,5_9,0.00016784
654,2028,2,5_9,0.00016433
654,2029,2,5_9,0.00016095
654,2030,2,5_9,0.00015785
654,2031,2,5_9,0.00015486
654,2032,2,5_9,0.00015206
654,2033,2,5_9,0.0001493
654,2034,2,5_9,0.00014653
654,2035,2,5_9,0.00014377
654,2036,2,5_9,0.00014099
654,2037,2,5_9,0.00013837
654,2038,2,5_9,0.00013589
654,2039,2,5_9,0.00013344
654,2040,2,5_9,0.00013108
654,2041,2,5_9,0.0001288
654,2042,2,5_9,0.00012643
654,2043,2,5_9,0.00012416
654,2044,2,5_9,0.00012179
654,2045,2,5_9,0.00011957
654,2046,2,5_9,0.00011738
654,2047,2,5_9,0.00011525
654,2048,2,5_9,0.00011326
654,2049,2,5_9,0.00011128
654,2050,2,5_9,0.00010914
654,2051,2,5_9,0.00010725
654,2052,2,5_9,0.0001054
654,2053,2,5_9,0.0001034
654,2054,2,5_9,0.00010161
654,2055,2,5_9,9.971e-05
654,2056,2,5_9,9.788e-05
654,2057,2,5_9,9.614e-05
654,2058,2,5_9,9.428e-05
654,2059,2,5_9,9.266e-05
654,2060,2,5_9,9.117e-05
654,2061,2,5_9,8.962e-05
654,2062,2,5_9,8.817e-05
654,2063,2,5_9,8.677e-05
654,2064,2,5_9,8.545e-05
654,2065,2,5_9,8.412e-05
654,2066,2,5_9,8.288e-05
654,2067,2,5_9,8.155e-05
654,2068,2,5_9,8.035e-05
654,2069,2,5_9,7.905e-05
654,2070,2,5_9,7.792e-05
654,2071,2,5_9,7.667e-05
654,2072,2,5_9,7.544e-05
654,2073,2,5_9,7.426e-05
654,2074,2,5_9,7.308e-05
654,2075,2,5_9,7.204e-05
654,2076,2,5_9,7.097e-05
654,2077,2,5_9,6.987e-05
654,2078,2,5_9,6.863e-05
654,2079,2,5_9,6.75e-05
654,2080,2,5_9,6.64e-05
654,2081,2,5_9,6.536e-05
654,2082,2,5_9,6.441e-05
654,2083,2,5_9,6.326e-05
654,2084,2,5_9,6.23e-05
654,2085,2,5_9,6.142e-05
654,2086,2,5_9,6.05e-05
654,2087,2,5_9,5.956e-05
654,2088,2,5_9,5.861e-05
654,2089,2,5_9,5.77e-05
654,2090,2,5_9,5.68e-05
654,2091,2,5_9,5.589e-05
654,2092,2,5_9,5.516e-05
654,2093,2,5_9,5.438e-05
654,2094,2,5_9,5.35e-05
654,2095,2,5_9,5.271e-05
654,2096,2,5_9,5.191e-05
654,2097,2,5_9,5.121e-05
654,2098,2,5_9,5.05e-05
654,2099,2,5_9,4.974e-05
654,2100,2,5_9,4.903e-05
686,2024,2,5_9,0.00103685
686,2025,2,5_9,0.00099421
686,2026,2,5_9,0.00095321
686,2027,2,5_9,0.00091346
686,2028,2,5_9,0.00087422
686,2029,2,5_9,0.00083848
686,2030,2,5_9,0.00080199
686,2031,2,5_9,0.00076974
686,2032,2,5_9,0.00073713
686,2033,2,5_9,0.00070379
686,2034,2,5_9,0.0006736
686,2035,2,5_9,0.00064734
686,2036,2,5_9,0.00061954
686,2037,2,5_9,0.00059309
686,2038,2,5_9,0.00056601
686,2039,2,5_9,0.00054393
686,2040,2,5_9,0.00051934
686,2041,2,5_9,0.00050275
686,2042,2,5_9,0.00048655
686,2043,2,5_9,0.00047363
686,2044,2,5_9,0.00046099
686,2045,2,5_9,0.00044972
686,2046,2,5_9,0.00043854
686,2047,2,5_9,0.00042738
686,2048,2,5_9,0.00041711
686,2049,2,5_9,0.0004073
686,2050,2,5_9,0.00039794
686,2051,2,5_9,0.00038818
686,2052,2,5_9,0.00037892
686,2053,2,5_9,0.00037055
686,2054,2,5_9,0.00036207
686,2055,2,5_9,0.0003537
686,2056,2,5_9,0.00034543
686,2057,2,5_9,0.00033708
686,2058,2,5_9,0.00032949
686,2059,2,5_9,0.0003221
686,2060,2,5_9,0.00031506
686,2061,2,5_9,0.00030774
686,2062,2,5_9,0.00030119
686,2063,2,5_9,0.00029481
686,2064,2,5_9,0.0002887
686,2065,2,5_9,0.00028281
686,2066,2,5_9,0.0002769
686,2067,2,5_9,0.00027138
686,2068,2,5_9,0.0002658
686,2069,2,5_9,0.00026059
686,2070,2,5_9,0.00025554
686,2071,2,5_9,0.00025075
686,2072,2,5_9,0.00024535
686,2073,2,5_9,0.00024089
686,2074,2,5_9,0.00023675
686,2075,2,5_9,0.00023301
686,2076,2,5_9,0.00022899
686,2077,2,5_9,0.00022518
686,2078,2,5_9,0.00022181
686,2079,2,5_9,0.00021815
686,2080,2,5_9,0.00021477
686,2081,2,5_9,0.00021108
686,2082,2,5_9,0.00020781
686,2083,2,5_9,0.00020473
686,2084,2,5_9,0.00020179
686,2085,2,5_9,0.00019867
686,2086,2,5_9,0.00019593
686,2087,2,5_9,0.00019272
686,2088,2,5_9,0.00019006
686,2089,2,5_9,0.00018727
686,2090,2,5_9,0.00018461
686,2091,2,5_9,0.00018169
686,2092,2,5_9,0.00017921
686,2093,2,5_9,0.0001767
686,2094,2,5_9,0.00017391
686,2095,2,5_9,0.00017136
686,2096,2,5_9,0.00016912
686,2097,2,5_9,0.00016664
686,2098,2,5_9,0.00016425
686,2099,2,5_9,0.00016192
686,2100,2,5_9,0.00015968
694,2024,2,5_9,0.00157797
694,2025,2,5_9,0.00155621
694,2026,2,5_9,0.00153509
694,2027,2,5_9,0.00151341
694,2028,2,5_9,0.00149363
694,2029,2,5_9,0.00147374
694,2030,2,5_9,0.00145549
694,2031,2,5_9,0.00143517
694,2032,2,5_9,0.00141484
694,2033,2,5_9,0.00139286
694,2034,2,5_9,0.00137215
694,2035,2,5_9,0.00135032
694,2036,2,5_9,0.00132982
694,2037,2,5_9,0.00130814
694,2038,2,5_9,0.00128811
694,2039,2,5_9,0.0012695
694,2040,2,5_9,0.00125269
694,2041,2,5_9,0.00123186
694,2042,2,5_9,0.00121242
694,2043,2,5_9,0.00119395
694,2044,2,5_9,0.00117545
694,2045,2,5_9,0.00115566
694,2046,2,5_9,0.00113747
694,2047,2,5_9,0.00111918
694,2048,2,5_9,0.00110186
694,2049,2,5_9,0.00108321
694,2050,2,5_9,0.00106888
694,2051,2,5_9,0.00105355
694,2052,2,5_9,0.00103699
694,2053,2,5_9,0.0010197
694,2054,2,5_9,0.00100154
694,2055,2,5_9,0.0009864
694,2056,2,5_9,0.0009691
694,2057,2,5_9,0.00095246
694,2058,2,5_9,0.00093665
694,2059,2,5_9,0.00091879
694,2060,2,5_9,0.00090147
694,2061,2,5_9,0.00088383
694,2062,2,5_9,0.00086996
694,2063,2,5_9,0.00085255
694,2064,2,5_9,0.00083671
694,2065,2,5_9,0.00082093
694,2066,2,5_9,0.00080794
694,2067,2,5_9,0.00079471
694,2068,2,5_9,0.00078117
694,2069,2,5_9,0.0007693
694,2070,2,5_9,0.00075358
694,2071,2,5_9,0.00073987
694,2072,2,5_9,0.00072552
694,2073,2,5_9,0.00071239
694,2074,2,5_9,0.00069816
694,2075,2,5_9,0.00068363
694,2076,2,5_9,0.00067161
694,2077,2,5_9,0.00065795
694,2078,2,5_9,0.0006462
694,2079,2,5_9,0.00063229
694,2080,2,5_9,0.00061994
694,2081,2,5_9,0.00060538
694,2082,2,5_9,0.0005938
694,2083,2,5_9,0.00058009
694,2084,2,5_9,0.00057158
694,2085,2,5_9,0.00056303
694,2086,2,5_9,0.00055444
694,2087,2,5_9,0.00054654
694,2088,2,5_9,0.00053821
694,2089,2,5_9,0.00053078
694,2090,2,5_9,0.00052158
694,2091,2,5_9,0.00051396
694,2092,2,5_9,0.00050658
694,2093,2,5_9,0.00049893
694,2094,2,5_9,0.00049041
694,2095,2,5_9,0.00048306
694,2096,2,5_9,0.00047609
694,2097,2,5_9,0.00046902
694,2098,2,5_9,0.00046046
694,2099,2,5_9,0.00045383
694,2100,2,5_9,0.00044673
768,2024,2,5_9,0.00325423
768,2025,2,5_9,0.00317535
768,2026,2,5_9,0.0031008
768,2027,2,5_9,0.0030308
768,2028,2,5_9,0.00295848
768,2029,2,5_9,0.00288895
768,2030,2,5_9,0.00281942
768,2031,2,5_9,0.00275418
768,2032,2,5_9,0.00268709
768,2033,2,5_9,0.00261585
768,2034,2,5_9,0.00254705
768,2035,2,5_9,0.00248222
768,2036,2,5_9,0.00241761
768,2037,2,5_9,0.00235276
768,2038,2,5_9,0.00229027
768,2039,2,5_9,0.00223426
768,2040,2,5_9,0.00217511
768,2041,2,5_9,0.00211378
768,2042,2,5_9,0.00205365
768,2043,2,5_9,0.00199649
768,2044,2,5_9,0.00193748
768,2045,2,5_9,0.00188334
768,2046,2,5_9,0.00183053
768,2047,2,5_9,0.00178066
768,2048,2,5_9,0.00172862
768,2049,2,5_9,0.00168146
768,2050,2,5_9,0.00163186
768,2051,2,5_9,0.00158607
768,2052,2,5_9,0.00153905
768,2053,2,5_9,0.00149568
768,2054,2,5_9,0.00144697
768,2055,2,5_9,0.00140311
768,2056,2,5_9,0.00136027
768,2057,2,5_9,0.00131652
768,2058,2,5_9,0.00127903
768,2059,2,5_9,0.00124145
768,2060,2,5_9,0.00120279
768,2061,2,5_9,0.00116858
768,2062,2,5_9,0.00113578
768,2063,2,5_9,0.00110285
768,2064,2,5_9,0.00107099
768,2065,2,5_9,0.00103933
768,2066,2,5_9,0.00100737
768,2067,2,5_9,0.00097787
768,2068,2,5_9,0.00094662
768,2069,2,5_9,0.00091832
768,2070,2,5_9,0.0008909
768,2071,2,5_9,0.00086384
768,2072,2,5_9,0.00083539
768,2073,2,5_9,0.00080609
768,2074,2,5_9,0.00078069
768,2075,2,5_9,0.00075416
768,2076,2,5_9,0.00073328
768,2077,2,5_9,0.0007131
768,2078,2,5_9,0.00069277
768,2079,2,5_9,0.00067349
768,2080,2,5_9,0.00065557
768,2081,2,5_9,0.00063818
768,2082,2,5_9,0.00062288
768,2083,2,5_9,0.00060932
768,2084,2,5_9,0.00059657
768,2085,2,5_9,0.00058324
768,2086,2,5_9,0.00057027
768,2087,2,5_9,0.00055751
768,2088,2,5_9,0.00054593
768,2089,2,5_9,0.0005339
768,2090,2,5_9,0.00052322
768,2091,2,5_9,0.00051194
768,2092,2,5_9,0.00050129
768,2093,2,5_9,0.00049051
768,2094,2,5_9,0.00048074
768,2095,2,5_9,0.00047217
768,2096,2,5_9,0.00046561
768,2097,2,5_9,0.00045945
768,2098,2,5_9,0.00045283
768,2099,2,5_9,0.00044687
768,2100,2,5_9,0.00044105
398,2024,2,5_9,0.00019298
398,2025,2,5_9,0.00018844
398,2026,2,5_9,0.00018443
398,2027,2,5_9,0.00018046
398,2028,2,5_9,0.00017656
398,2029,2,5_9,0.00017283
398,2030,2,5_9,0.00016933
398,2031,2,5_9,0.0001658
398,2032,2,5_9,0.00016228
398,2033,2,5_9,0.00015883
398,2034,2,5_9,0.00015561
398,2035,2,5_9,0.00015249
398,2036,2,5_9,0.00014937
398,2037,2,5_9,0.00014636
398,2038,2,5_9,0.00014329
398,2039,2,5_9,0.00014008
398,2040,2,5_9,0.0001373
398,2041,2,5_9,0.00013457
398,2042,2,5_9,0.00013173
398,2043,2,5_9,0.00012916
398,2044,2,5_9,0.00012661
398,2045,2,5_9,0.00012414
398,2046,2,5_9,0.00012165
398,2047,2,5_9,0.00011936
398,2048,2,5_9,0.0001169
398,2049,2,5_9,0.00011467
398,2050,2,5_9,0.00011233
398,2051,2,5_9,0.00011008
398,2052,2,5_9,0.00010816
398,2053,2,5_9,0.00010631
398,2054,2,5_9,0.00010426
398,2055,2,5_9,0.00010241
398,2056,2,5_9,0.00010064
398,2057,2,5_9,9.87e-05
398,2058,2,5_9,9.704e-05
398,2059,2,5_9,9.533e-05
398,2060,2,5_9,9.366e-05
398,2061,2,5_9,9.185e-05
398,2062,2,5_9,9.011e-05
398,2063,2,5_9,8.84e-05
398,2064,2,5_9,8.695e-05
398,2065,2,5_9,8.533e-05
398,2066,2,5_9,8.377e-05
398,2067,2,5_9,8.219e-05
398,2068,2,5_9,8.062e-05
398,2069,2,5_9,7.921e-05
398,2070,2,5_9,7.768e-05
398,2071,2,5_9,7.64e-05
398,2072,2,5_9,7.508e-05
398,2073,2,5_9,7.369e-05
398,2074,2,5_9,7.219e-05
398,2075,2,5_9,7.098e-05
398,2076,2,5_9,6.974e-05
398,2077,2,5_9,6.849e-05
398,2078,2,5_9,6.707e-05
398,2079,2,5_9,6.591e-05
398,2080,2,5_9,6.478e-05
398,2081,2,5_9,6.371e-05
398,2082,2,5_9,6.268e-05
398,2083,2,5_9,6.166e-05
398,2084,2,5_9,6.075e-05
398,2085,2,5_9,5.974e-05
398,2086,2,5_9,5.878e-05
398,2087,2,5_9,5.776e-05
398,2088,2,5_9,5.683e-05
398,2089,2,5_9,5.597e-05
398,2090,2,5_9,5.505e-05
398,2091,2,5_9,5.419e-05
398,2092,2,5_9,5.32e-05
398,2093,2,5_9,5.24e-05
398,2094,2,5_9,5.15e-05
398,2095,2,5_9,5.057e-05
398,2096,2,5_9,4.972e-05
398,2097,2,5_9,4.888e-05
398,2098,2,5_9,4.803e-05
398,2099,2,5_9,4.718e-05
398,2100,2,5_9,4.638e-05
417,2024,2,5_9,0.00014743
417,2025,2,5_9,0.00014324
417,2026,2,5_9,0.00013961
417,2027,2,5_9,0.00013575
417,2028,2,5_9,0.00013193
417,2029,2,5_9,0.00012808
417,2030,2,5_9,0.00012449
417,2031,2,5_9,0.00012095
417,2032,2,5_9,0.00011735
417,2033,2,5_9,0.00011418
417,2034,2,5_9,0.00011108
417,2035,2,5_9,0.000108
417,2036,2,5_9,0.00010509
417,2037,2,5_9,0.00010304
417,2038,2,5_9,0.00010105
417,2039,2,5_9,9.91e-05
417,2040,2,5_9,9.723e-05
417,2041,2,5_9,9.535e-05
417,2042,2,5_9,9.366e-05
417,2043,2,5_9,9.173e-05
417,2044,2,5_9,9.001e-05
417,2045,2,5_9,8.848e-05
417,2046,2,5_9,8.689e-05
417,2047,2,5_9,8.534e-05
417,2048,2,5_9,8.402e-05
417,2049,2,5_9,8.242e-05
417,2050,2,5_9,8.096e-05
417,2051,2,5_9,7.946e-05
417,2052,2,5_9,7.815e-05
417,2053,2,5_9,7.694e-05
417,2054,2,5_9,7.573e-05
417,2055,2,5_9,7.449e-05
417,2056,2,5_9,7.316e-05
417,2057,2,5_9,7.203e-05
417,2058,2,5_9,7.096e-05
417,2059,2,5_9,6.986e-05
417,2060,2,5_9,6.875e-05
417,2061,2,5_9,6.775e-05
417,2062,2,5_9,6.683e-05
417,2063,2,5_9,6.574e-05
417,2064,2,5_9,6.48e-05
417,2065,2,5_9,6.378e-05
417,2066,2,5_9,6.29e-05
417,2067,2,5_9,6.202e-05
417,2068,2,5_9,6.127e-05
417,2069,2,5_9,6.039e-05
417,2070,2,5_9,5.955e-05
417,2071,2,5_9,5.866e-05
417,2072,2,5_9,5.79e-05
417,2073,2,5_9,5.711e-05
417,2074,2,5_9,5.636e-05
417,2075,2,5_9,5.56e-05
417,2076,2,5_9,5.492e-05
417,2077,2,5_9,5.414e-05
417,2078,2,5_9,5.345e-05
417,2079,2,5_9,5.282e-05
417,2080,2,5_9,5.206e-05
417,2081,2,5_9,5.127e-05
417,2082,2,5_9,5.068e-05
417,2083,2,5_9,5.009e-05
417,2084,2,5_9,4.938e-05
417,2085,2,5_9,4.885e-05
417,2086,2,5_9,4.83e-05
417,2087,2,5_9,4.76e-05
417,2088,2,5_9,4.704e-05
417,2089,2,5_9,4.65e-05
417,2090,2,5_9,4.585e-05
417,2091,2,5_9,4.531e-05
417,2092,2,5_9,4.46e-05
417,2093,2,5_9,4.406e-05
417,2094,2,5_9,4.354e-05
417,2095,2,5_9,4.29e-05
417,2096,2,5_9,4.243e-05
417,2097,2,5_9,4.196e-05
417,2098,2,5_9,4.153e-05
417,2099,2,5_9,4.115e-05
417,2100,2,5_9,4.064e-05
762,2024,2,5_9,0.00021283
762,2025,2,5_9,0.00020666
762,2026,2,5_9,0.00020047
762,2027,2,5_9,0.00019601
762,2028,2,5_9,0.00019217
762,2029,2,5_9,0.00018781
762,2030,2,5_9,0.00018472
762,2031,2,5_9,0.0001814
762,2032,2,5_9,0.00017843
762,2033,2,5_9,0.00017559
762,2034,2,5_9,0.00017304
762,2035,2,5_9,0.00016986
762,2036,2,5_9,0.00016724
762,2037,2,5_9,0.00016449
762,2038,2,5_9,0.00016176
762,2039,2,5_9,0.00015924
762,2040,2,5_9,0.00015676
762,2041,2,5_9,0.00015436
762,2042,2,5_9,0.00015207
762,2043,2,5_9,0.00014958
762,2044,2,5_9,0.0001474
762,2045,2,5_9,0.00014484
762,2046,2,5_9,0.00014271
762,2047,2,5_9,0.00014075
762,2048,2,5_9,0.00013873
762,2049,2,5_9,0.00013678
762,2050,2,5_9,0.00013481
762,2051,2,5_9,0.0001329
762,2052,2,5_9,0.00013125
762,2053,2,5_9,0.00012962
762,2054,2,5_9,0.00012807
762,2055,2,5_9,0.00012647
762,2056,2,5_9,0.00012492
762,2057,2,5_9,0.0001233
762,2058,2,5_9,0.00012187
762,2059,2,5_9,0.00012053
762,2060,2,5_9,0.00011927
762,2061,2,5_9,0.0001179
762,2062,2,5_9,0.00011661
762,2063,2,5_9,0.00011508
762,2064,2,5_9,0.00011379
762,2065,2,5_9,0.00011256
762,2066,2,5_9,0.00011136
762,2067,2,5_9,0.00011031
762,2068,2,5_9,0.00010916
762,2069,2,5_9,0.00010818
762,2070,2,5_9,0.00010712
762,2071,2,5_9,0.0001061
762,2072,2,5_9,0.00010526
762,2073,2,5_9,0.00010438
762,2074,2,5_9,0.00010349
762,2075,2,5_9,0.00010251
762,2076,2,5_9,0.00010165
762,2077,2,5_9,0.00010077
762,2078,2,5_9,9.99e-05
762,2079,2,5_9,9.908e-05
762,2080,2,5_9,9.843e-05
762,2081,2,5_9,9.763e-05
762,2082,2,5_9,9.683e-05
762,2083,2,5_9,9.602e-05
762,2084,2,5_9,9.508e-05
762,2085,2,5_9,9.434e-05
762,2086,2,5_9,9.355e-05
762,2087,2,5_9,9.281e-05
762,2088,2,5_9,9.198e-05
762,2089,2,5_9,9.128e-05
762,2090,2,5_9,9.063e-05
762,2091,2,5_9,8.998e-05
762,2092,2,5_9,8.925e-05
762,2093,2,5_9,8.859e-05
762,2094,2,5_9,8.796e-05
762,2095,2,5_9,8.729e-05
762,2096,2,5_9,8.667e-05
762,2097,2,5_9,8.585e-05
762,2098,2,5_9,8.516e-05
762,2099,2,5_9,8.456e-05
762,2100,2,5_9,8.392e-05
795,2024,2,5_9,0.00026122
795,2025,2,5_9,0.00025437
795,2026,2,5_9,0.00024844
795,2027,2,5_9,0.00024188
795,2028,2,5_9,0.00023567
795,2029,2,5_9,0.00022982
795,2030,2,5_9,0.00022398
795,2031,2,5_9,0.00021824
795,2032,2,5_9,0.00021251
795,2033,2,5_9,0.0002064
795,2034,2,5_9,0.00020053
795,2035,2,5_9,0.000195
795,2036,2,5_9,0.00019
795,2037,2,5_9,0.00018614
795,2038,2,5_9,0.00018243
795,2039,2,5_9,0.00017857
795,2040,2,5_9,0.00017522
795,2041,2,5_9,0.0001718
795,2042,2,5_9,0.00016847
795,2043,2,5_9,0.00016548
795,2044,2,5_9,0.00016211
795,2045,2,5_9,0.00015905
795,2046,2,5_9,0.00015546
795,2047,2,5_9,0.00015252
795,2048,2,5_9,0.00015042
795,2049,2,5_9,0.00014855
795,2050,2,5_9,0.00014648
795,2051,2,5_9,0.0001444
795,2052,2,5_9,0.00014215
795,2053,2,5_9,0.00014024
795,2054,2,5_9,0.00013806
795,2055,2,5_9,0.00013608
795,2056,2,5_9,0.0001345
795,2057,2,5_9,0.00013296
795,2058,2,5_9,0.00013145
795,2059,2,5_9,0.00012994
795,2060,2,5_9,0.00012855
795,2061,2,5_9,0.00012709
795,2062,2,5_9,0.00012582
795,2063,2,5_9,0.00012453
795,2064,2,5_9,0.00012317
795,2065,2,5_9,0.0001219
795,2066,2,5_9,0.00012046
795,2067,2,5_9,0.0001193
795,2068,2,5_9,0.00011809
795,2069,2,5_9,0.0001168
795,2070,2,5_9,0.00011563
795,2071,2,5_9,0.00011442
795,2072,2,5_9,0.00011332
795,2073,2,5_9,0.00011226
795,2074,2,5_9,0.00011112
795,2075,2,5_9,0.0001102
795,2076,2,5_9,0.000109
795,2077,2,5_9,0.00010806
795,2078,2,5_9,0.00010714
795,2079,2,5_9,0.00010619
795,2080,2,5_9,0.00010535
795,2081,2,5_9,0.00010459
795,2082,2,5_9,0.00010369
795,2083,2,5_9,0.00010293
795,2084,2,5_9,0.00010209
795,2085,2,5_9,0.00010116
795,2086,2,5_9,0.00010043
795,2087,2,5_9,9.976e-05
795,2088,2,5_9,9.91e-05
795,2089,2,5_9,9.822e-05
795,2090,2,5_9,9.756e-05
795,2091,2,5_9,9.68e-05
795,2092,2,5_9,9.612e-05
795,2093,2,5_9,9.527e-05
795,2094,2,5_9,9.453e-05
795,2095,2,5_9,9.386e-05
795,2096,2,5_9,9.298e-05
795,2097,2,5_9,9.232e-05
795,2098,2,5_9,9.168e-05
795,2099,2,5_9,9.1e-05
795,2100,2,5_9,9.019e-05
860,2024,2,5_9,0.00028736
860,2025,2,5_9,0.00027928
860,2026,2,5_9,0.0002716
860,2027,2,5_9,0.0002643
860,2028,2,5_9,0.00025903
860,2029,2,5_9,0.00025316
860,2030,2,5_9,0.00024793
860,2031,2,5_9,0.0002432
860,2032,2,5_9,0.00023798
860,2033,2,5_9,0.0002334
860,2034,2,5_9,0.00022876
860,2035,2,5_9,0.00022426
860,2036,2,5_9,0.00021964
860,2037,2,5_9,0.00021514
860,2038,2,5_9,0.00021094
860,2039,2,5_9,0.00020674
860,2040,2,5_9,0.00020284
860,2041,2,5_9,0.00019893
860,2042,2,5_9,0.00019508
860,2043,2,5_9,0.00019129
860,2044,2,5_9,0.00018772
860,2045,2,5_9,0.00018431
860,2046,2,5_9,0.00018091
860,2047,2,5_9,0.00017775
860,2048,2,5_9,0.00017458
860,2049,2,5_9,0.0001715
860,2050,2,5_9,0.00016857
860,2051,2,5_9,0.00016554
860,2052,2,5_9,0.00016268
860,2053,2,5_9,0.00015962
860,2054,2,5_9,0.0001569
860,2055,2,5_9,0.00015425
860,2056,2,5_9,0.00015156
860,2057,2,5_9,0.00014874
860,2058,2,5_9,0.00014624
860,2059,2,5_9,0.0001436
860,2060,2,5_9,0.00014136
860,2061,2,5_9,0.00013915
860,2062,2,5_9,0.00013698
860,2063,2,5_9,0.000135
860,2064,2,5_9,0.00013318
860,2065,2,5_9,0.00013135
860,2066,2,5_9,0.00012939
860,2067,2,5_9,0.0001276
860,2068,2,5_9,0.00012574
860,2069,2,5_9,0.00012399
860,2070,2,5_9,0.00012212
860,2071,2,5_9,0.00012025
860,2072,2,5_9,0.00011836
860,2073,2,5_9,0.00011675
860,2074,2,5_9,0.00011516
860,2075,2,5_9,0.00011356
860,2076,2,5_9,0.00011204
860,2077,2,5_9,0.00011047
860,2078,2,5_9,0.00010898
860,2079,2,5_9,0.00010749
860,2080,2,5_9,0.00010595
860,2081,2,5_9,0.00010463
860,2082,2,5_9,0.00010329
860,2083,2,5_9,0.00010199
860,2084,2,5_9,0.00010053
860,2085,2,5_9,9.913e-05
860,2086,2,5_9,9.781e-05
860,2087,2,5_9,9.629e-05
860,2088,2,5_9,9.51e-05
860,2089,2,5_9,9.394e-05
860,2090,2,5_9,9.263e-05
860,2091,2,5_9,9.151e-05
860,2092,2,5_9,9.038e-05
860,2093,2,5_9,8.919e-05
860,2094,2,5_9,8.82e-05
860,2095,2,5_9,8.718e-05
860,2096,2,5_9,8.588e-05
860,2097,2,5_9,8.482e-05
860,2098,2,5_9,8.375e-05
860,2099,2,5_9,8.261e-05
860,2100,2,5_9,8.16e-05
156,2024,2,5_9,0.00026341
156,2025,2,5_9,0.00025087
156,2026,2,5_9,0.00022853
156,2027,2,5_9,0.00022156
156,2028,2,5_9,0.00021531
156,2029,2,5_9,0.00020924
156,2030,2,5_9,0.00020307
156,2031,2,5_9,0.00019736
156,2032,2,5_9,0.00019186
156,2033,2,5_9,0.00018625
156,2034,2,5_9,0.00018066
156,2035,2,5_9,0.00017565
156,2036,2,5_9,0.00017049
156,2037,2,5_9,0.00016584
156,2038,2,5_9,0.00016103
156,2039,2,5_9,0.0001567
156,2040,2,5_9,0.00015255
156,2041,2,5_9,0.00014842
156,2042,2,5_9,0.00014419
156,2043,2,5_9,0.00014051
156,2044,2,5_9,0.00013692
156,2045,2,5_9,0.00013343
156,2046,2,5_9,0.00012987
156,2047,2,5_9,0.00012654
156,2048,2,5_9,0.00012334
156,2049,2,5_9,0.00012032
156,2050,2,5_9,0.00011739
156,2051,2,5_9,0.00011463
156,2052,2,5_9,0.00011191
156,2053,2,5_9,0.00010922
156,2054,2,5_9,0.00010659
156,2055,2,5_9,0.00010406
156,2056,2,5_9,0.00010134
156,2057,2,5_9,9.889e-05
156,2058,2,5_9,9.64e-05
156,2059,2,5_9,9.419e-05
156,2060,2,5_9,9.194e-05
156,2061,2,5_9,8.971e-05
156,2062,2,5_9,8.747e-05
156,2063,2,5_9,8.533e-05
156,2064,2,5_9,8.345e-05
156,2065,2,5_9,8.154e-05
156,2066,2,5_9,7.96e-05
156,2067,2,5_9,7.78e-05
156,2068,2,5_9,7.6e-05
156,2069,2,5_9,7.425e-05
156,2070,2,5_9,7.248e-05
156,2071,2,5_9,7.081e-05
156,2072,2,5_9,6.925e-05
156,2073,2,5_9,6.784e-05
156,2074,2,5_9,6.64e-05
156,2075,2,5_9,6.491e-05
156,2076,2,5_9,6.357e-05
156,2077,2,5_9,6.226e-05
156,2078,2,5_9,6.095e-05
156,2079,2,5_9,5.967e-05
156,2080,2,5_9,5.848e-05
156,2081,2,5_9,5.728e-05
156,2082,2,5_9,5.593e-05
156,2083,2,5_9,5.483e-05
156,2084,2,5_9,5.369e-05
156,2085,2,5_9,5.248e-05
156,2086,2,5_9,5.128e-05
156,2087,2,5_9,5.021e-05
156,2088,2,5_9,4.916e-05
156,2089,2,5_9,4.822e-05
156,2090,2,5_9,4.729e-05
156,2091,2,5_9,4.637e-05
156,2092,2,5_9,4.545e-05
156,2093,2,5_9,4.455e-05
156,2094,2,5_9,4.372e-05
156,2095,2,5_9,4.29e-05
156,2096,2,5_9,4.204e-05
156,2097,2,5_9,4.121e-05
156,2098,2,5_9,4.046e-05
156,2099,2,5_9,3.965e-05
156,2100,2,5_9,3.886e-05
344,2024,2,5_9,5.013e-05
344,2025,2,5_9,4.905e-05
344,2026,2,5_9,4.807e-05
344,2027,2,5_9,4.705e-05
344,2028,2,5_9,4.602e-05
344,2029,2,5_9,4.505e-05
344,2030,2,5_9,4.407e-05
344,2031,2,5_9,4.317e-05
344,2032,2,5_9,4.22e-05
344,2033,2,5_9,4.129e-05
344,2034,2,5_9,4.041e-05
344,2035,2,5_9,3.954e-05
344,2036,2,5_9,3.871e-05
344,2037,2,5_9,3.789e-05
344,2038,2,5_9,3.708e-05
344,2039,2,5_9,3.629e-05
344,2040,2,5_9,3.557e-05
344,2041,2,5_9,3.491e-05
344,2042,2,5_9,3.425e-05
344,2043,2,5_9,3.356e-05
344,2044,2,5_9,3.293e-05
344,2045,2,5_9,3.233e-05
344,2046,2,5_9,3.174e-05
344,2047,2,5_9,3.114e-05
344,2048,2,5_9,3.057e-05
344,2049,2,5_9,2.998e-05
344,2050,2,5_9,2.938e-05
344,2051,2,5_9,2.881e-05
344,2052,2,5_9,2.824e-05
344,2053,2,5_9,2.767e-05
344,2054,2,5_9,2.717e-05
344,2055,2,5_9,2.665e-05
344,2056,2,5_9,2.614e-05
344,2057,2,5_9,2.564e-05
344,2058,2,5_9,2.51e-05
344,2059,2,5_9,2.46e-05
344,2060,2,5_9,2.412e-05
344,2061,2,5_9,2.363e-05
344,2062,2,5_9,2.317e-05
344,2063,2,5_9,2.269e-05
344,2064,2,5_9,2.226e-05
344,2065,2,5_9,2.18e-05
344,2066,2,5_9,2.138e-05
344,2067,2,5_9,2.097e-05
344,2068,2,5_9,2.052e-05
344,2069,2,5_9,2.008e-05
344,2070,2,5_9,1.97e-05
344,2071,2,5_9,1.929e-05
344,2072,2,5_9,1.887e-05
344,2073,2,5_9,1.842e-05
344,2074,2,5_9,1.804e-05
344,2075,2,5_9,1.763e-05
344,2076,2,5_9,1.719e-05
344,2077,2,5_9,1.683e-05
344,2078,2,5_9,1.65e-05
344,2079,2,5_9,1.614e-05
344,2080,2,5_9,1.576e-05
344,2081,2,5_9,1.539e-05
344,2082,2,5_9,1.51e-05
344,2083,2,5_9,1.48e-05
344,2084,2,5_9,1.449e-05
344,2085,2,5_9,1.422e-05
344,2086,2,5_9,1.393e-05
344,2087,2,5_9,1.367e-05
344,2088,2,5_9,1.34e-05
344,2089,2,5_9,1.314e-05
344,2090,2,5_9,1.288e-05
344,2091,2,5_9,1.259e-05
344,2092,2,5_9,1.235e-05
344,2093,2,5_9,1.212e-05
344,2094,2,5_9,1.185e-05
344,2095,2,5_9,1.161e-05
344,2096,2,5_9,1.135e-05
344,2097,2,5_9,1.11e-05
344,2098,2,5_9,1.087e-05
344,2099,2,5_9,1.064e-05
344,2100,2,5_9,1.04e-05
446,2024,2,5_9,6.066e-05
446,2025,2,5_9,6.013e-05
446,2026,2,5_9,5.954e-05
446,2027,2,5_9,5.893e-05
446,2028,2,5_9,5.799e-05
446,2029,2,5_9,5.695e-05
446,2030,2,5_9,5.585e-05
446,2031,2,5_9,5.492e-05
446,2032,2,5_9,5.394e-05
446,2033,2,5_9,5.295e-05
446,2034,2,5_9,5.207e-05
446,2035,2,5_9,5.104e-05
446,2036,2,5_9,5.018e-05
446,2037,2,5_9,4.926e-05
446,2038,2,5_9,4.846e-05
446,2039,2,5_9,4.766e-05
446,2040,2,5_9,4.685e-05
446,2041,2,5_9,4.613e-05
446,2042,2,5_9,4.539e-05
446,2043,2,5_9,4.468e-05
446,2044,2,5_9,4.399e-05
446,2045,2,5_9,4.326e-05
446,2046,2,5_9,4.253e-05
446,2047,2,5_9,4.193e-05
446,2048,2,5_9,4.116e-05
446,2049,2,5_9,4.048e-05
446,2050,2,5_9,3.989e-05
446,2051,2,5_9,3.936e-05
446,2052,2,5_9,3.883e-05
446,2053,2,5_9,3.82e-05
446,2054,2,5_9,3.769e-05
446,2055,2,5_9,3.716e-05
446,2056,2,5_9,3.665e-05
446,2057,2,5_9,3.604e-05
446,2058,2,5_9,3.555e-05
446,2059,2,5_9,3.505e-05
446,2060,2,5_9,3.448e-05
446,2061,2,5_9,3.406e-05
446,2062,2,5_9,3.362e-05
446,2063,2,5_9,3.325e-05
446,2064,2,5_9,3.279e-05
446,2065,2,5_9,3.24e-05
446,2066,2,5_9,3.202e-05
446,2067,2,5_9,3.154e-05
446,2068,2,5_9,3.117e-05
446,2069,2,5_9,3.08e-05
446,2070,2,5_9,3.035e-05
446,2071,2,5_9,2.996e-05
446,2072,2,5_9,2.96e-05
446,2073,2,5_9,2.915e-05
446,2074,2,5_9,2.88e-05
446,2075,2,5_9,2.843e-05
446,2076,2,5_9,2.808e-05
446,2077,2,5_9,2.774e-05
446,2078,2,5_9,2.728e-05
446,2079,2,5_9,2.692e-05
446,2080,2,5_9,2.659e-05
446,2081,2,5_9,2.627e-05
446,2082,2,5_9,2.593e-05
446,2083,2,5_9,2.559e-05
446,2084,2,5_9,2.519e-05
446,2085,2,5_9,2.489e-05
446,2086,2,5_9,2.461e-05
446,2087,2,5_9,2.433e-05
446,2088,2,5_9,2.406e-05
446,2089,2,5_9,2.366e-05
446,2090,2,5_9,2.337e-05
446,2091,2,5_9,2.307e-05
446,2092,2,5_9,2.269e-05
446,2093,2,5_9,2.241e-05
446,2094,2,5_9,2.213e-05
446,2095,2,5_9,2.185e-05
446,2096,2,5_9,2.159e-05
446,2097,2,5_9,2.123e-05
446,2098,2,5_9,2.096e-05
446,2099,2,5_9,2.068e-05
446,2100,2,5_9,2.04e-05
158,2024,2,5_9,9.677e-05
158,2025,2,5_9,9.509e-05
158,2026,2,5_9,9.33e-05
158,2027,2,5_9,9.185e-05
158,2028,2,5_9,9.001e-05
158,2029,2,5_9,8.835e-05
158,2030,2,5_9,8.687e-05
158,2031,2,5_9,8.538e-05
158,2032,2,5_9,8.38e-05
158,2033,2,5_9,8.239e-05
158,2034,2,5_9,8.111e-05
158,2035,2,5_9,7.989e-05
158,2036,2,5_9,7.874e-05
158,2037,2,5_9,7.763e-05
158,2038,2,5_9,7.654e-05
158,2039,2,5_9,7.55e-05
158,2040,2,5_9,7.43e-05
158,2041,2,5_9,7.326e-05
158,2042,2,5_9,7.218e-05
158,2043,2,5_9,7.108e-05
158,2044,2,5_9,7.009e-05
158,2045,2,5_9,6.913e-05
158,2046,2,5_9,6.809e-05
158,2047,2,5_9,6.71e-05
158,2048,2,5_9,6.623e-05
158,2049,2,5_9,6.532e-05
158,2050,2,5_9,6.424e-05
158,2051,2,5_9,6.322e-05
158,2052,2,5_9,6.227e-05
158,2053,2,5_9,6.146e-05
158,2054,2,5_9,6.047e-05
158,2055,2,5_9,5.965e-05
158,2056,2,5_9,5.88e-05
158,2057,2,5_9,5.793e-05
158,2058,2,5_9,5.715e-05
158,2059,2,5_9,5.633e-05
158,2060,2,5_9,5.544e-05
158,2061,2,5_9,5.469e-05
158,2062,2,5_9,5.391e-05
158,2063,2,5_9,5.307e-05
158,2064,2,5_9,5.227e-05
158,2065,2,5_9,5.155e-05
158,2066,2,5_9,5.088e-05
158,2067,2,5_9,5.012e-05
158,2068,2,5_9,4.947e-05
158,2069,2,5_9,4.879e-05
158,2070,2,5_9,4.804e-05
158,2071,2,5_9,4.743e-05
158,2072,2,5_9,4.677e-05
158,2073,2,5_9,4.611e-05
158,2074,2,5_9,4.536e-05
158,2075,2,5_9,4.479e-05
158,2076,2,5_9,4.426e-05
158,2077,2,5_9,4.376e-05
158,2078,2,5_9,4.324e-05
158,2079,2,5_9,4.261e-05
158,2080,2,5_9,4.209e-05
158,2081,2,5_9,4.156e-05
158,2082,2,5_9,4.095e-05
158,2083,2,5_9,4.044e-05
158,2084,2,5_9,3.994e-05
158,2085,2,5_9,3.944e-05
158,2086,2,5_9,3.895e-05
158,2087,2,5_9,3.834e-05
158,2088,2,5_9,3.784e-05
158,2089,2,5_9,3.733e-05
158,2090,2,5_9,3.684e-05
158,2091,2,5_9,3.622e-05
158,2092,2,5_9,3.57e-05
158,2093,2,5_9,3.521e-05
158,2094,2,5_9,3.471e-05
158,2095,2,5_9,3.408e-05
158,2096,2,5_9,3.358e-05
158,2097,2,5_9,3.307e-05
158,2098,2,5_9,3.266e-05
158,2099,2,5_9,3.216e-05
158,2100,2,5_9,3.172e-05
408,2024,2,5_9,0.00053983
408,2025,2,5_9,0.00052856
408,2026,2,5_9,0.00051812
408,2027,2,5_9,0.00050804
408,2028,2,5_9,0.0004975
408,2029,2,5_9,0.00048793
408,2030,2,5_9,0.0004778
408,2031,2,5_9,0.00046867
408,2032,2,5_9,0.00045945
408,2033,2,5_9,0.0004503
408,2034,2,5_9,0.00044126
408,2035,2,5_9,0.00043305
408,2036,2,5_9,0.0004242
408,2037,2,5_9,0.00041698
408,2038,2,5_9,0.00040856
408,2039,2,5_9,0.0004007
408,2040,2,5_9,0.00039311
408,2041,2,5_9,0.00038633
408,2042,2,5_9,0.0003789
408,2043,2,5_9,0.00037184
408,2044,2,5_9,0.0003651
408,2045,2,5_9,0.00035897
408,2046,2,5_9,0.00035227
408,2047,2,5_9,0.0003461
408,2048,2,5_9,0.00033996
408,2049,2,5_9,0.00033464
408,2050,2,5_9,0.00032888
408,2051,2,5_9,0.00032365
408,2052,2,5_9,0.00031851
408,2053,2,5_9,0.00031366
408,2054,2,5_9,0.0003089
408,2055,2,5_9,0.0003044
408,2056,2,5_9,0.00030007
408,2057,2,5_9,0.00029588
408,2058,2,5_9,0.00029203
408,2059,2,5_9,0.0002873
408,2060,2,5_9,0.00028324
408,2061,2,5_9,0.00027912
408,2062,2,5_9,0.00027508
408,2063,2,5_9,0.00027112
408,2064,2,5_9,0.00026753
408,2065,2,5_9,0.00026394
408,2066,2,5_9,0.00026047
408,2067,2,5_9,0.00025688
408,2068,2,5_9,0.00025332
408,2069,2,5_9,0.00024999
408,2070,2,5_9,0.00024633
408,2071,2,5_9,0.00024318
408,2072,2,5_9,0.00024013
408,2073,2,5_9,0.00023675
408,2074,2,5_9,0.00023372
408,2075,2,5_9,0.00023048
408,2076,2,5_9,0.00022736
408,2077,2,5_9,0.00022474
408,2078,2,5_9,0.00022171
408,2079,2,5_9,0.00021853
408,2080,2,5_9,0.00021585
408,2081,2,5_9,0.00021299
408,2082,2,5_9,0.00021026
408,2083,2,5_9,0.00020769
408,2084,2,5_9,0.00020518
408,2085,2,5_9,0.00020278
408,2086,2,5_9,0.00020002
408,2087,2,5_9,0.00019745
408,2088,2,5_9,0.000195
408,2089,2,5_9,0.00019252
408,2090,2,5_9,0.00019011
408,2091,2,5_9,0.00018798
408,2092,2,5_9,0.00018543
408,2093,2,5_9,0.00018328
408,2094,2,5_9,0.00018111
408,2095,2,5_9,0.00017904
408,2096,2,5_9,0.00017696
408,2097,2,5_9,0.00017455
408,2098,2,5_9,0.00017237
408,2099,2,5_9,0.00017035
408,2100,2,5_9,0.00016866
392,2024,2,5_9,5.595e-05
392,2025,2,5_9,5.432e-05
392,2026,2,5_9,5.263e-05
392,2027,2,5_9,5.112e-05
392,2028,2,5_9,4.955e-05
392,2029,2,5_9,4.816e-05
392,2030,2,5_9,4.682e-05
392,2031,2,5_9,4.553e-05
392,2032,2,5_9,4.428e-05
392,2033,2,5_9,4.308e-05
392,2034,2,5_9,4.201e-05
392,2035,2,5_9,4.089e-05
392,2036,2,5_9,3.98e-05
392,2037,2,5_9,3.867e-05
392,2038,2,5_9,3.765e-05
392,2039,2,5_9,3.668e-05
392,2040,2,5_9,3.573e-05
392,2041,2,5_9,3.482e-05
392,2042,2,5_9,3.394e-05
392,2043,2,5_9,3.308e-05
392,2044,2,5_9,3.225e-05
392,2045,2,5_9,3.145e-05
392,2046,2,5_9,3.068e-05
392,2047,2,5_9,2.979e-05
392,2048,2,5_9,2.907e-05
392,2049,2,5_9,2.837e-05
392,2050,2,5_9,2.769e-05
392,2051,2,5_9,2.703e-05
392,2052,2,5_9,2.627e-05
392,2053,2,5_9,2.565e-05
392,2054,2,5_9,2.506e-05
392,2055,2,5_9,2.437e-05
392,2056,2,5_9,2.381e-05
392,2057,2,5_9,2.316e-05
392,2058,2,5_9,2.264e-05
392,2059,2,5_9,2.204e-05
392,2060,2,5_9,2.145e-05
392,2061,2,5_9,2.097e-05
392,2062,2,5_9,2.042e-05
392,2063,2,5_9,1.988e-05
392,2064,2,5_9,1.944e-05
392,2065,2,5_9,1.894e-05
392,2066,2,5_9,1.846e-05
392,2067,2,5_9,1.798e-05
392,2068,2,5_9,1.753e-05
392,2069,2,5_9,1.709e-05
392,2070,2,5_9,1.666e-05
392,2071,2,5_9,1.618e-05
392,2072,2,5_9,1.578e-05
392,2073,2,5_9,1.539e-05
392,2074,2,5_9,1.495e-05
392,2075,2,5_9,1.459e-05
392,2076,2,5_9,1.418e-05
392,2077,2,5_9,1.383e-05
392,2078,2,5_9,1.344e-05
392,2079,2,5_9,1.312e-05
392,2080,2,5_9,1.276e-05
392,2081,2,5_9,1.245e-05
392,2082,2,5_9,1.211e-05
392,2083,2,5_9,1.178e-05
392,2084,2,5_9,1.145e-05
392,2085,2,5_9,1.114e-05
392,2086,2,5_9,1.084e-05
392,2087,2,5_9,1.055e-05
392,2088,2,5_9,1.022e-05
392,2089,2,5_9,9.91e-06
392,2090,2,5_9,9.65e-06
392,2091,2,5_9,9.32e-06
392,2092,2,5_9,9.07e-06
392,2093,2,5_9,8.8e-06
392,2094,2,5_9,8.53e-06
392,2095,2,5_9,8.25e-06
392,2096,2,5_9,7.97e-06
392,2097,2,5_9,7.71e-06
392,2098,2,5_9,7.45e-06
392,2099,2,5_9,7.26e-06
392,2100,2,5_9,6.97e-06
496,2024,2,5_9,0.00016868
496,2025,2,5_9,0.00016071
496,2026,2,5_9,0.0001531
496,2027,2,5_9,0.00014641
496,2028,2,5_9,0.00013961
496,2029,2,5_9,0.0001331
496,2030,2,5_9,0.0001269
496,2031,2,5_9,0.00012105
496,2032,2,5_9,0.00011591
496,2033,2,5_9,0.00011079
496,2034,2,5_9,0.00010738
496,2035,2,5_9,0.00010407
496,2036,2,5_9,0.00010079
496,2037,2,5_9,9.8e-05
496,2038,2,5_9,9.516e-05
496,2039,2,5_9,9.216e-05
496,2040,2,5_9,8.943e-05
496,2041,2,5_9,8.673e-05
496,2042,2,5_9,8.439e-05
496,2043,2,5_9,8.221e-05
496,2044,2,5_9,8e-05
496,2045,2,5_9,7.795e-05
496,2046,2,5_9,7.584e-05
496,2047,2,5_9,7.396e-05
496,2048,2,5_9,7.213e-05
496,2049,2,5_9,7.026e-05
496,2050,2,5_9,6.85e-05
496,2051,2,5_9,6.686e-05
496,2052,2,5_9,6.513e-05
496,2053,2,5_9,6.355e-05
496,2054,2,5_9,6.194e-05
496,2055,2,5_9,6.063e-05
496,2056,2,5_9,5.933e-05
496,2057,2,5_9,5.811e-05
496,2058,2,5_9,5.688e-05
496,2059,2,5_9,5.564e-05
496,2060,2,5_9,5.447e-05
496,2061,2,5_9,5.334e-05
496,2062,2,5_9,5.225e-05
496,2063,2,5_9,5.119e-05
496,2064,2,5_9,5.004e-05
496,2065,2,5_9,4.901e-05
496,2066,2,5_9,4.803e-05
496,2067,2,5_9,4.708e-05
496,2068,2,5_9,4.623e-05
496,2069,2,5_9,4.531e-05
496,2070,2,5_9,4.444e-05
496,2071,2,5_9,4.35e-05
496,2072,2,5_9,4.264e-05
496,2073,2,5_9,4.181e-05
496,2074,2,5_9,4.1e-05
496,2075,2,5_9,4.02e-05
496,2076,2,5_9,3.943e-05
496,2077,2,5_9,3.871e-05
496,2078,2,5_9,3.794e-05
496,2079,2,5_9,3.732e-05
496,2080,2,5_9,3.665e-05
496,2081,2,5_9,3.595e-05
496,2082,2,5_9,3.533e-05
496,2083,2,5_9,3.468e-05
496,2084,2,5_9,3.413e-05
496,2085,2,5_9,3.351e-05
496,2086,2,5_9,3.297e-05
496,2087,2,5_9,3.246e-05
496,2088,2,5_9,3.19e-05
496,2089,2,5_9,3.136e-05
496,2090,2,5_9,3.078e-05
496,2091,2,5_9,3.028e-05
496,2092,2,5_9,2.978e-05
496,2093,2,5_9,2.923e-05
496,2094,2,5_9,2.875e-05
496,2095,2,5_9,2.82e-05
496,2096,2,5_9,2.773e-05
496,2097,2,5_9,2.73e-05
496,2098,2,5_9,2.686e-05
496,2099,2,5_9,2.638e-05
496,2100,2,5_9,2.597e-05
410,2024,2,5_9,7.366e-05
410,2025,2,5_9,7.206e-05
410,2026,2,5_9,7.05e-05
410,2027,2,5_9,6.884e-05
410,2028,2,5_9,6.729e-05
410,2029,2,5_9,6.571e-05
410,2030,2,5_9,6.427e-05
410,2031,2,5_9,6.276e-05
410,2032,2,5_9,6.126e-05
410,2033,2,5_9,5.993e-05
410,2034,2,5_9,5.856e-05
410,2035,2,5_9,5.729e-05
410,2036,2,5_9,5.595e-05
410,2037,2,5_9,5.466e-05
410,2038,2,5_9,5.345e-05
410,2039,2,5_9,5.221e-05
410,2040,2,5_9,5.1e-05
410,2041,2,5_9,4.981e-05
410,2042,2,5_9,4.865e-05
410,2043,2,5_9,4.75e-05
410,2044,2,5_9,4.637e-05
410,2045,2,5_9,4.527e-05
410,2046,2,5_9,4.421e-05
410,2047,2,5_9,4.315e-05
410,2048,2,5_9,4.218e-05
410,2049,2,5_9,4.123e-05
410,2050,2,5_9,4.031e-05
410,2051,2,5_9,3.942e-05
410,2052,2,5_9,3.85e-05
410,2053,2,5_9,3.768e-05
410,2054,2,5_9,3.683e-05
410,2055,2,5_9,3.603e-05
410,2056,2,5_9,3.526e-05
410,2057,2,5_9,3.449e-05
410,2058,2,5_9,3.373e-05
410,2059,2,5_9,3.305e-05
410,2060,2,5_9,3.235e-05
410,2061,2,5_9,3.165e-05
410,2062,2,5_9,3.098e-05
410,2063,2,5_9,3.03e-05
410,2064,2,5_9,2.967e-05
410,2065,2,5_9,2.896e-05
410,2066,2,5_9,2.827e-05
410,2067,2,5_9,2.767e-05
410,2068,2,5_9,2.703e-05
410,2069,2,5_9,2.646e-05
410,2070,2,5_9,2.582e-05
410,2071,2,5_9,2.526e-05
410,2072,2,5_9,2.467e-05
410,2073,2,5_9,2.411e-05
410,2074,2,5_9,2.361e-05
410,2075,2,5_9,2.305e-05
410,2076,2,5_9,2.25e-05
410,2077,2,5_9,2.199e-05
410,2078,2,5_9,2.151e-05
410,2079,2,5_9,2.104e-05
410,2080,2,5_9,2.052e-05
410,2081,2,5_9,2.009e-05
410,2082,2,5_9,1.96e-05
410,2083,2,5_9,1.912e-05
410,2084,2,5_9,1.862e-05
410,2085,2,5_9,1.82e-05
410,2086,2,5_9,1.776e-05
410,2087,2,5_9,1.729e-05
410,2088,2,5_9,1.686e-05
410,2089,2,5_9,1.644e-05
410,2090,2,5_9,1.6e-05
410,2091,2,5_9,1.561e-05
410,2092,2,5_9,1.525e-05
410,2093,2,5_9,1.487e-05
410,2094,2,5_9,1.453e-05
410,2095,2,5_9,1.42e-05
410,2096,2,5_9,1.383e-05
410,2097,2,5_9,1.351e-05
410,2098,2,5_9,1.32e-05
410,2099,2,5_9,1.291e-05
410,2100,2,5_9,1.261e-05
4,2024,2,5_9,0.00100264
4,2025,2,5_9,0.00096621
4,2026,2,5_9,0.0009338
4,2027,2,5_9,0.00090239
4,2028,2,5_9,0.000871
4,2029,2,5_9,0.0008407
4,2030,2,5_9,0.00081481
4,2031,2,5_9,0.00078539
4,2032,2,5_9,0.00075964
4,2033,2,5_9,0.00073422
4,2034,2,5_9,0.00071144
4,2035,2,5_9,0.00068797
4,2036,2,5_9,0.00066653
4,2037,2,5_9,0.00064602
4,2038,2,5_9,0.00062641
4,2039,2,5_9,0.0006074
4,2040,2,5_9,0.00058874
4,2041,2,5_9,0.0005708
4,2042,2,5_9,0.00055328
4,2043,2,5_9,0.00053662
4,2044,2,5_9,0.00051953
4,2045,2,5_9,0.00050383
4,2046,2,5_9,0.00048877
4,2047,2,5_9,0.00047365
4,2048,2,5_9,0.00046034
4,2049,2,5_9,0.0004467
4,2050,2,5_9,0.00043423
4,2051,2,5_9,0.00042176
4,2052,2,5_9,0.00040841
4,2053,2,5_9,0.00039648
4,2054,2,5_9,0.00038427
4,2055,2,5_9,0.00037348
4,2056,2,5_9,0.00036261
4,2057,2,5_9,0.00035159
4,2058,2,5_9,0.00034358
4,2059,2,5_9,0.00033501
4,2060,2,5_9,0.00032753
4,2061,2,5_9,0.00031954
4,2062,2,5_9,0.0003115
4,2063,2,5_9,0.00030405
4,2064,2,5_9,0.00029706
4,2065,2,5_9,0.00029163
4,2066,2,5_9,0.00028641
4,2067,2,5_9,0.00028142
4,2068,2,5_9,0.00027696
4,2069,2,5_9,0.00027255
4,2070,2,5_9,0.00026792
4,2071,2,5_9,0.00026374
4,2072,2,5_9,0.00025923
4,2073,2,5_9,0.00025447
4,2074,2,5_9,0.00025002
4,2075,2,5_9,0.00024596
4,2076,2,5_9,0.00024232
4,2077,2,5_9,0.0002384
4,2078,2,5_9,0.00023437
4,2079,2,5_9,0.00023062
4,2080,2,5_9,0.0002268
4,2081,2,5_9,0.00022264
4,2082,2,5_9,0.00021936
4,2083,2,5_9,0.00021587
4,2084,2,5_9,0.00021241
4,2085,2,5_9,0.00020944
4,2086,2,5_9,0.00020676
4,2087,2,5_9,0.00020377
4,2088,2,5_9,0.00020122
4,2089,2,5_9,0.00019837
4,2090,2,5_9,0.00019601
4,2091,2,5_9,0.00019354
4,2092,2,5_9,0.00019119
4,2093,2,5_9,0.00018876
4,2094,2,5_9,0.00018652
4,2095,2,5_9,0.00018432
4,2096,2,5_9,0.00018195
4,2097,2,5_9,0.00017953
4,2098,2,5_9,0.00017747
4,2099,2,5_9,0.00017543
4,2100,2,5_9,0.0001737
50,2024,2,5_9,0.00065274
50,2025,2,5_9,0.00062788
50,2026,2,5_9,0.00060292
50,2027,2,5_9,0.00057901
50,2028,2,5_9,0.00055748
50,2029,2,5_9,0.00053619
50,2030,2,5_9,0.00051642
50,2031,2,5_9,0.00049848
50,2032,2,5_9,0.00048153
50,2033,2,5_9,0.00046445
50,2034,2,5_9,0.00044936
50,2035,2,5_9,0.00043411
50,2036,2,5_9,0.00042003
50,2037,2,5_9,0.00040607
50,2038,2,5_9,0.00039318
50,2039,2,5_9,0.00038099
50,2040,2,5_9,0.00036905
50,2041,2,5_9,0.00035789
50,2042,2,5_9,0.00034662
50,2043,2,5_9,0.00033625
50,2044,2,5_9,0.00032602
50,2045,2,5_9,0.00031574
50,2046,2,5_9,0.00030646
50,2047,2,5_9,0.00029747
50,2048,2,5_9,0.00028883
50,2049,2,5_9,0.00028076
50,2050,2,5_9,0.00027271
50,2051,2,5_9,0.00026514
50,2052,2,5_9,0.00025804
50,2053,2,5_9,0.00025085
50,2054,2,5_9,0.00024443
50,2055,2,5_9,0.00023718
50,2056,2,5_9,0.00023104
50,2057,2,5_9,0.00022483
50,2058,2,5_9,0.00021859
50,2059,2,5_9,0.00021291
50,2060,2,5_9,0.00020716
50,2061,2,5_9,0.00020156
50,2062,2,5_9,0.00019643
50,2063,2,5_9,0.00019116
50,2064,2,5_9,0.00018594
50,2065,2,5_9,0.00018088
50,2066,2,5_9,0.00017645
50,2067,2,5_9,0.00017217
50,2068,2,5_9,0.00016745
50,2069,2,5_9,0.00016331
50,2070,2,5_9,0.00015905
50,2071,2,5_9,0.00015489
50,2072,2,5_9,0.00015126
50,2073,2,5_9,0.00014765
50,2074,2,5_9,0.00014403
50,2075,2,5_9,0.00014044
50,2076,2,5_9,0.00013672
50,2077,2,5_9,0.00013347
50,2078,2,5_9,0.0001301
50,2079,2,5_9,0.00012693
50,2080,2,5_9,0.000124
50,2081,2,5_9,0.00012098
50,2082,2,5_9,0.00011818
50,2083,2,5_9,0.00011552
50,2084,2,5_9,0.0001129
50,2085,2,5_9,0.00011024
50,2086,2,5_9,0.00010762
50,2087,2,5_9,0.00010512
50,2088,2,5_9,0.00010262
50,2089,2,5_9,0.00010044
50,2090,2,5_9,9.808e-05
50,2091,2,5_9,9.587e-05
50,2092,2,5_9,9.37e-05
50,2093,2,5_9,9.147e-05
50,2094,2,5_9,8.928e-05
50,2095,2,5_9,8.723e-05
50,2096,2,5_9,8.527e-05
50,2097,2,5_9,8.329e-05
50,2098,2,5_9,8.138e-05
50,2099,2,5_9,7.961e-05
50,2100,2,5_9,7.785e-05
64,2024,2,5_9,0.00031278
64,2025,2,5_9,0.0003004
64,2026,2,5_9,0.00028822
64,2027,2,5_9,0.00027696
64,2028,2,5_9,0.000266
64,2029,2,5_9,0.00025577
64,2030,2,5_9,0.00024621
64,2031,2,5_9,0.00023707
64,2032,2,5_9,0.00022791
64,2033,2,5_9,0.00021989
64,2034,2,5_9,0.00021189
64,2035,2,5_9,0.00020435
64,2036,2,5_9,0.00019688
64,2037,2,5_9,0.00018983
64,2038,2,5_9,0.00018329
64,2039,2,5_9,0.0001777
64,2040,2,5_9,0.00017211
64,2041,2,5_9,0.00016708
64,2042,2,5_9,0.00016175
64,2043,2,5_9,0.00015677
64,2044,2,5_9,0.00015199
64,2045,2,5_9,0.00014786
64,2046,2,5_9,0.00014372
64,2047,2,5_9,0.00013985
64,2048,2,5_9,0.00013583
64,2049,2,5_9,0.00013236
64,2050,2,5_9,0.00012887
64,2051,2,5_9,0.00012541
64,2052,2,5_9,0.00012212
64,2053,2,5_9,0.0001189
64,2054,2,5_9,0.00011592
64,2055,2,5_9,0.00011295
64,2056,2,5_9,0.00011002
64,2057,2,5_9,0.00010737
64,2058,2,5_9,0.0001047
64,2059,2,5_9,0.00010205
64,2060,2,5_9,9.936e-05
64,2061,2,5_9,9.682e-05
64,2062,2,5_9,9.469e-05
64,2063,2,5_9,9.263e-05
64,2064,2,5_9,9.042e-05
64,2065,2,5_9,8.841e-05
64,2066,2,5_9,8.652e-05
64,2067,2,5_9,8.45e-05
64,2068,2,5_9,8.267e-05
64,2069,2,5_9,8.073e-05
64,2070,2,5_9,7.895e-05
64,2071,2,5_9,7.731e-05
64,2072,2,5_9,7.555e-05
64,2073,2,5_9,7.387e-05
64,2074,2,5_9,7.239e-05
64,2075,2,5_9,7.084e-05
64,2076,2,5_9,6.929e-05
64,2077,2,5_9,6.788e-05
64,2078,2,5_9,6.662e-05
64,2079,2,5_9,6.53e-05
64,2080,2,5_9,6.409e-05
64,2081,2,5_9,6.282e-05
64,2082,2,5_9,6.159e-05
64,2083,2,5_9,6.041e-05
64,2084,2,5_9,5.918e-05
64,2085,2,5_9,5.81e-05
64,2086,2,5_9,5.696e-05
64,2087,2,5_9,5.587e-05
64,2088,2,5_9,5.476e-05
64,2089,2,5_9,5.367e-05
64,2090,2,5_9,5.264e-05
64,2091,2,5_9,5.168e-05
64,2092,2,5_9,5.069e-05
64,2093,2,5_9,4.979e-05
64,2094,2,5_9,4.89e-05
64,2095,2,5_9,4.803e-05
64,2096,2,5_9,4.719e-05
64,2097,2,5_9,4.636e-05
64,2098,2,5_9,4.547e-05
64,2099,2,5_9,4.474e-05
64,2100,2,5_9,4.401e-05
356,2024,2,5_9,0.0004973
356,2025,2,5_9,0.00047727
356,2026,2,5_9,0.00045938
356,2027,2,5_9,0.00044066
356,2028,2,5_9,0.00042399
356,2029,2,5_9,0.00041023
356,2030,2,5_9,0.00039737
356,2031,2,5_9,0.00038529
356,2032,2,5_9,0.00037329
356,2033,2,5_9,0.00036187
356,2034,2,5_9,0.00035042
356,2035,2,5_9,0.00034029
356,2036,2,5_9,0.00033001
356,2037,2,5_9,0.00032106
356,2038,2,5_9,0.00031147
356,2039,2,5_9,0.0003021
356,2040,2,5_9,0.00029304
356,2041,2,5_9,0.00028526
356,2042,2,5_9,0.00027733
356,2043,2,5_9,0.00026973
356,2044,2,5_9,0.00026203
356,2045,2,5_9,0.0002552
356,2046,2,5_9,0.00024876
356,2047,2,5_9,0.00024292
356,2048,2,5_9,0.00023715
356,2049,2,5_9,0.00023122
356,2050,2,5_9,0.00022584
356,2051,2,5_9,0.0002205
356,2052,2,5_9,0.0002154
356,2053,2,5_9,0.00021054
356,2054,2,5_9,0.00020599
356,2055,2,5_9,0.0002014
356,2056,2,5_9,0.00019692
356,2057,2,5_9,0.00019237
356,2058,2,5_9,0.00018812
356,2059,2,5_9,0.0001841
356,2060,2,5_9,0.00018022
356,2061,2,5_9,0.00017635
356,2062,2,5_9,0.00017264
356,2063,2,5_9,0.00016897
356,2064,2,5_9,0.00016541
356,2065,2,5_9,0.00016207
356,2066,2,5_9,0.0001586
356,2067,2,5_9,0.00015549
356,2068,2,5_9,0.00015233
356,2069,2,5_9,0.00014924
356,2070,2,5_9,0.00014646
356,2071,2,5_9,0.00014347
356,2072,2,5_9,0.00014066
356,2073,2,5_9,0.00013781
356,2074,2,5_9,0.00013522
356,2075,2,5_9,0.00013279
356,2076,2,5_9,0.00013039
356,2077,2,5_9,0.00012791
356,2078,2,5_9,0.00012557
356,2079,2,5_9,0.00012323
356,2080,2,5_9,0.00012094
356,2081,2,5_9,0.00011862
356,2082,2,5_9,0.00011637
356,2083,2,5_9,0.00011419
356,2084,2,5_9,0.00011221
356,2085,2,5_9,0.00011018
356,2086,2,5_9,0.0001083
356,2087,2,5_9,0.00010646
356,2088,2,5_9,0.00010453
356,2089,2,5_9,0.00010281
356,2090,2,5_9,0.00010095
356,2091,2,5_9,9.933e-05
356,2092,2,5_9,9.757e-05
356,2093,2,5_9,9.599e-05
356,2094,2,5_9,9.434e-05
356,2095,2,5_9,9.286e-05
356,2096,2,5_9,9.129e-05
356,2097,2,5_9,8.972e-05
356,2098,2,5_9,8.827e-05
356,2099,2,5_9,8.672e-05
356,2100,2,5_9,8.537e-05
364,2024,2,5_9,0.00032748
364,2025,2,5_9,0.00031674
364,2026,2,5_9,0.00030675
364,2027,2,5_9,0.00029686
364,2028,2,5_9,0.00028693
364,2029,2,5_9,0.00027788
364,2030,2,5_9,0.0002692
364,2031,2,5_9,0.00026042
364,2032,2,5_9,0.00025192
364,2033,2,5_9,0.00024441
364,2034,2,5_9,0.00023688
364,2035,2,5_9,0.00022973
364,2036,2,5_9,0.00022285
364,2037,2,5_9,0.00021647
364,2038,2,5_9,0.00021
364,2039,2,5_9,0.00020421
364,2040,2,5_9,0.00019815
364,2041,2,5_9,0.00019264
364,2042,2,5_9,0.00018708
364,2043,2,5_9,0.00018198
364,2044,2,5_9,0.00017683
364,2045,2,5_9,0.00017206
364,2046,2,5_9,0.00016715
364,2047,2,5_9,0.0001625
364,2048,2,5_9,0.00015818
364,2049,2,5_9,0.00015413
364,2050,2,5_9,0.0001499
364,2051,2,5_9,0.00014611
364,2052,2,5_9,0.00014205
364,2053,2,5_9,0.00013843
364,2054,2,5_9,0.00013487
364,2055,2,5_9,0.00013131
364,2056,2,5_9,0.00012775
364,2057,2,5_9,0.00012449
364,2058,2,5_9,0.0001215
364,2059,2,5_9,0.00011853
364,2060,2,5_9,0.00011581
364,2061,2,5_9,0.00011286
364,2062,2,5_9,0.00011027
364,2063,2,5_9,0.00010767
364,2064,2,5_9,0.00010521
364,2065,2,5_9,0.00010269
364,2066,2,5_9,0.00010025
364,2067,2,5_9,9.796e-05
364,2068,2,5_9,9.575e-05
364,2069,2,5_9,9.341e-05
364,2070,2,5_9,9.123e-05
364,2071,2,5_9,8.909e-05
364,2072,2,5_9,8.713e-05
364,2073,2,5_9,8.521e-05
364,2074,2,5_9,8.337e-05
364,2075,2,5_9,8.151e-05
364,2076,2,5_9,7.984e-05
364,2077,2,5_9,7.81e-05
364,2078,2,5_9,7.643e-05
364,2079,2,5_9,7.476e-05
364,2080,2,5_9,7.318e-05
364,2081,2,5_9,7.17e-05
364,2082,2,5_9,7.02e-05
364,2083,2,5_9,6.875e-05
364,2084,2,5_9,6.744e-05
364,2085,2,5_9,6.607e-05
364,2086,2,5_9,6.471e-05
364,2087,2,5_9,6.34e-05
364,2088,2,5_9,6.205e-05
364,2089,2,5_9,6.078e-05
364,2090,2,5_9,5.958e-05
364,2091,2,5_9,5.837e-05
364,2092,2,5_9,5.698e-05
364,2093,2,5_9,5.588e-05
364,2094,2,5_9,5.476e-05
364,2095,2,5_9,5.367e-05
364,2096,2,5_9,5.267e-05
364,2097,2,5_9,5.156e-05
364,2098,2,5_9,5.043e-05
364,2099,2,5_9,4.944e-05
364,2100,2,5_9,4.854e-05
462,2024,2,5_9,0.00013249
462,2025,2,5_9,0.00012835
462,2026,2,5_9,0.00012438
462,2027,2,5_9,0.00012049
462,2028,2,5_9,0.00011686
462,2029,2,5_9,0.00011333
462,2030,2,5_9,0.00011
462,2031,2,5_9,0.00010671
462,2032,2,5_9,0.00010365
462,2033,2,5_9,0.00010072
462,2034,2,5_9,9.8e-05
462,2035,2,5_9,9.536e-05
462,2036,2,5_9,9.262e-05
462,2037,2,5_9,9.022e-05
462,2038,2,5_9,8.793e-05
462,2039,2,5_9,8.57e-05
462,2040,2,5_9,8.342e-05
462,2041,2,5_9,8.152e-05
462,2042,2,5_9,7.966e-05
462,2043,2,5_9,7.783e-05
462,2044,2,5_9,7.588e-05
462,2045,2,5_9,7.422e-05
462,2046,2,5_9,7.249e-05
462,2047,2,5_9,7.08e-05
462,2048,2,5_9,6.925e-05
462,2049,2,5_9,6.771e-05
462,2050,2,5_9,6.629e-05
462,2051,2,5_9,6.483e-05
462,2052,2,5_9,6.349e-05
462,2053,2,5_9,6.224e-05
462,2054,2,5_9,6.101e-05
462,2055,2,5_9,5.969e-05
462,2056,2,5_9,5.846e-05
462,2057,2,5_9,5.727e-05
462,2058,2,5_9,5.617e-05
462,2059,2,5_9,5.499e-05
462,2060,2,5_9,5.395e-05
462,2061,2,5_9,5.288e-05
462,2062,2,5_9,5.189e-05
462,2063,2,5_9,5.094e-05
462,2064,2,5_9,5e-05
462,2065,2,5_9,4.912e-05
462,2066,2,5_9,4.825e-05
462,2067,2,5_9,4.737e-05
462,2068,2,5_9,4.656e-05
462,2069,2,5_9,4.574e-05
462,2070,2,5_9,4.495e-05
462,2071,2,5_9,4.417e-05
462,2072,2,5_9,4.338e-05
462,2073,2,5_9,4.263e-05
462,2074,2,5_9,4.183e-05
462,2075,2,5_9,4.112e-05
462,2076,2,5_9,4.037e-05
462,2077,2,5_9,3.969e-05
462,2078,2,5_9,3.905e-05
462,2079,2,5_9,3.844e-05
462,2080,2,5_9,3.783e-05
462,2081,2,5_9,3.72e-05
462,2082,2,5_9,3.664e-05
462,2083,2,5_9,3.605e-05
462,2084,2,5_9,3.548e-05
462,2085,2,5_9,3.492e-05
462,2086,2,5_9,3.442e-05
462,2087,2,5_9,3.38e-05
462,2088,2,5_9,3.33e-05
462,2089,2,5_9,3.273e-05
462,2090,2,5_9,3.227e-05
462,2091,2,5_9,3.179e-05
462,2092,2,5_9,3.125e-05
462,2093,2,5_9,3.075e-05
462,2094,2,5_9,3.027e-05
462,2095,2,5_9,2.971e-05
462,2096,2,5_9,2.928e-05
462,2097,2,5_9,2.881e-05
462,2098,2,5_9,2.837e-05
462,2099,2,5_9,2.794e-05
462,2100,2,5_9,2.752e-05
524,2024,2,5_9,0.00055531
524,2025,2,5_9,0.00052602
524,2026,2,5_9,0.00049702
524,2027,2,5_9,0.00047088
524,2028,2,5_9,0.00044501
524,2029,2,5_9,0.0004272
524,2030,2,5_9,0.000409
524,2031,2,5_9,0.00039178
524,2032,2,5_9,0.00037623
524,2033,2,5_9,0.00036074
524,2034,2,5_9,0.00034673
524,2035,2,5_9,0.00033314
524,2036,2,5_9,0.00032204
524,2037,2,5_9,0.00031174
524,2038,2,5_9,0.00030196
524,2039,2,5_9,0.00029262
524,2040,2,5_9,0.00028346
524,2041,2,5_9,0.00027465
524,2042,2,5_9,0.00026678
524,2043,2,5_9,0.00025857
524,2044,2,5_9,0.00025082
524,2045,2,5_9,0.0002438
524,2046,2,5_9,0.0002366
524,2047,2,5_9,0.00023025
524,2048,2,5_9,0.00022374
524,2049,2,5_9,0.00021755
524,2050,2,5_9,0.00021181
524,2051,2,5_9,0.00020628
524,2052,2,5_9,0.00020073
524,2053,2,5_9,0.00019573
524,2054,2,5_9,0.00019062
524,2055,2,5_9,0.00018556
524,2056,2,5_9,0.00018114
524,2057,2,5_9,0.0001771
524,2058,2,5_9,0.000173
524,2059,2,5_9,0.00016909
524,2060,2,5_9,0.00016569
524,2061,2,5_9,0.00016218
524,2062,2,5_9,0.0001589
524,2063,2,5_9,0.0001557
524,2064,2,5_9,0.00015266
524,2065,2,5_9,0.00014978
524,2066,2,5_9,0.00014687
524,2067,2,5_9,0.0001443
524,2068,2,5_9,0.00014162
524,2069,2,5_9,0.0001389
524,2070,2,5_9,0.00013629
524,2071,2,5_9,0.00013394
524,2072,2,5_9,0.00013159
524,2073,2,5_9,0.00012933
524,2074,2,5_9,0.00012707
524,2075,2,5_9,0.00012497
524,2076,2,5_9,0.00012281
524,2077,2,5_9,0.00012076
524,2078,2,5_9,0.00011865
524,2079,2,5_9,0.00011667
524,2080,2,5_9,0.00011468
524,2081,2,5_9,0.00011275
524,2082,2,5_9,0.00011084
524,2083,2,5_9,0.00010914
524,2084,2,5_9,0.00010732
524,2085,2,5_9,0.00010557
524,2086,2,5_9,0.00010408
524,2087,2,5_9,0.00010244
524,2088,2,5_9,0.00010101
524,2089,2,5_9,9.948e-05
524,2090,2,5_9,9.804e-05
524,2091,2,5_9,9.648e-05
524,2092,2,5_9,9.516e-05
524,2093,2,5_9,9.369e-05
524,2094,2,5_9,9.237e-05
524,2095,2,5_9,9.1e-05
524,2096,2,5_9,8.97e-05
524,2097,2,5_9,8.851e-05
524,2098,2,5_9,8.718e-05
524,2099,2,5_9,8.599e-05
524,2100,2,5_9,8.473e-05
586,2024,2,5_9,0.00048844
586,2025,2,5_9,0.00047983
586,2026,2,5_9,0.00047236
586,2027,2,5_9,0.00046359
586,2028,2,5_9,0.00045493
586,2029,2,5_9,0.00044698
586,2030,2,5_9,0.00043802
586,2031,2,5_9,0.00042966
586,2032,2,5_9,0.00042183
586,2033,2,5_9,0.00041409
586,2034,2,5_9,0.00040534
586,2035,2,5_9,0.00039713
586,2036,2,5_9,0.00038787
586,2037,2,5_9,0.00038003
586,2038,2,5_9,0.00037193
586,2039,2,5_9,0.00036356
586,2040,2,5_9,0.00035527
586,2041,2,5_9,0.00034789
586,2042,2,5_9,0.0003407
586,2043,2,5_9,0.00033358
586,2044,2,5_9,0.00032599
586,2045,2,5_9,0.00031902
586,2046,2,5_9,0.00031183
586,2047,2,5_9,0.00030577
586,2048,2,5_9,0.00029881
586,2049,2,5_9,0.00029203
586,2050,2,5_9,0.0002852
586,2051,2,5_9,0.00027883
586,2052,2,5_9,0.00027236
586,2053,2,5_9,0.0002665
586,2054,2,5_9,0.00026064
586,2055,2,5_9,0.00025511
586,2056,2,5_9,0.00024915
586,2057,2,5_9,0.00024307
586,2058,2,5_9,0.00023843
586,2059,2,5_9,0.00023418
586,2060,2,5_9,0.00023041
586,2061,2,5_9,0.00022693
586,2062,2,5_9,0.00022375
586,2063,2,5_9,0.00022039
586,2064,2,5_9,0.00021679
586,2065,2,5_9,0.00021385
586,2066,2,5_9,0.00021073
586,2067,2,5_9,0.0002079
586,2068,2,5_9,0.0002047
586,2069,2,5_9,0.00020163
586,2070,2,5_9,0.0001985
586,2071,2,5_9,0.00019548
586,2072,2,5_9,0.00019295
586,2073,2,5_9,0.0001901
586,2074,2,5_9,0.00018757
586,2075,2,5_9,0.00018467
586,2076,2,5_9,0.00018212
586,2077,2,5_9,0.00017944
586,2078,2,5_9,0.00017714
586,2079,2,5_9,0.00017512
586,2080,2,5_9,0.00017272
586,2081,2,5_9,0.00017038
586,2082,2,5_9,0.00016822
586,2083,2,5_9,0.00016618
586,2084,2,5_9,0.00016411
586,2085,2,5_9,0.00016225
586,2086,2,5_9,0.00016036
586,2087,2,5_9,0.00015833
586,2088,2,5_9,0.00015655
586,2089,2,5_9,0.00015455
586,2090,2,5_9,0.00015276
586,2091,2,5_9,0.00015099
586,2092,2,5_9,0.00014905
586,2093,2,5_9,0.00014735
586,2094,2,5_9,0.0001456
586,2095,2,5_9,0.0001439
586,2096,2,5_9,0.00014213
586,2097,2,5_9,0.00014066
586,2098,2,5_9,0.00013912
586,2099,2,5_9,0.00013765
586,2100,2,5_9,0.00013626
144,2024,2,5_9,9.909e-05
144,2025,2,5_9,9.68e-05
144,2026,2,5_9,9.463e-05
144,2027,2,5_9,9.28e-05
144,2028,2,5_9,9.095e-05
144,2029,2,5_9,8.932e-05
144,2030,2,5_9,8.766e-05
144,2031,2,5_9,8.6e-05
144,2032,2,5_9,8.447e-05
144,2033,2,5_9,8.301e-05
144,2034,2,5_9,8.147e-05
144,2035,2,5_9,8.007e-05
144,2036,2,5_9,7.866e-05
144,2037,2,5_9,7.721e-05
144,2038,2,5_9,7.584e-05
144,2039,2,5_9,7.457e-05
144,2040,2,5_9,7.324e-05
144,2041,2,5_9,7.182e-05
144,2042,2,5_9,7.067e-05
144,2043,2,5_9,6.952e-05
144,2044,2,5_9,6.846e-05
144,2045,2,5_9,6.725e-05
144,2046,2,5_9,6.613e-05
144,2047,2,5_9,6.514e-05
144,2048,2,5_9,6.408e-05
144,2049,2,5_9,6.306e-05
144,2050,2,5_9,6.226e-05
144,2051,2,5_9,6.127e-05
144,2052,2,5_9,6.031e-05
144,2053,2,5_9,5.949e-05
144,2054,2,5_9,5.867e-05
144,2055,2,5_9,5.78e-05
144,2056,2,5_9,5.704e-05
144,2057,2,5_9,5.623e-05
144,2058,2,5_9,5.547e-05
144,2059,2,5_9,5.478e-05
144,2060,2,5_9,5.408e-05
144,2061,2,5_9,5.341e-05
144,2062,2,5_9,5.269e-05
144,2063,2,5_9,5.208e-05
144,2064,2,5_9,5.146e-05
144,2065,2,5_9,5.076e-05
144,2066,2,5_9,5.015e-05
144,2067,2,5_9,4.95e-05
144,2068,2,5_9,4.89e-05
144,2069,2,5_9,4.832e-05
144,2070,2,5_9,4.765e-05
144,2071,2,5_9,4.706e-05
144,2072,2,5_9,4.637e-05
144,2073,2,5_9,4.579e-05
144,2074,2,5_9,4.512e-05
144,2075,2,5_9,4.458e-05
144,2076,2,5_9,4.396e-05
144,2077,2,5_9,4.344e-05
144,2078,2,5_9,4.299e-05
144,2079,2,5_9,4.251e-05
144,2080,2,5_9,4.194e-05
144,2081,2,5_9,4.147e-05
144,2082,2,5_9,4.101e-05
144,2083,2,5_9,4.047e-05
144,2084,2,5_9,4.005e-05
144,2085,2,5_9,3.961e-05
144,2086,2,5_9,3.908e-05
144,2087,2,5_9,3.866e-05
144,2088,2,5_9,3.823e-05
144,2089,2,5_9,3.784e-05
144,2090,2,5_9,3.745e-05
144,2091,2,5_9,3.694e-05
144,2092,2,5_9,3.651e-05
144,2093,2,5_9,3.607e-05
144,2094,2,5_9,3.556e-05
144,2095,2,5_9,3.514e-05
144,2096,2,5_9,3.469e-05
144,2097,2,5_9,3.415e-05
144,2098,2,5_9,3.383e-05
144,2099,2,5_9,3.348e-05
144,2100,2,5_9,3.315e-05
96,2024,2,5_9,0.00021508
96,2025,2,5_9,0.00020994
96,2026,2,5_9,0.00020519
96,2027,2,5_9,0.00020074
96,2028,2,5_9,0.0001959
96,2029,2,5_9,0.00019164
96,2030,2,5_9,0.00018717
96,2031,2,5_9,0.00018314
96,2032,2,5_9,0.00017905
96,2033,2,5_9,0.00017526
96,2034,2,5_9,0.00017173
96,2035,2,5_9,0.00016858
96,2036,2,5_9,0.00016551
96,2037,2,5_9,0.00016234
96,2038,2,5_9,0.00015948
96,2039,2,5_9,0.00015693
96,2040,2,5_9,0.00015422
96,2041,2,5_9,0.00015139
96,2042,2,5_9,0.00014886
96,2043,2,5_9,0.00014645
96,2044,2,5_9,0.00014393
96,2045,2,5_9,0.00014167
96,2046,2,5_9,0.0001393
96,2047,2,5_9,0.00013724
96,2048,2,5_9,0.00013513
96,2049,2,5_9,0.00013292
96,2050,2,5_9,0.00013088
96,2051,2,5_9,0.00012864
96,2052,2,5_9,0.00012659
96,2053,2,5_9,0.00012481
96,2054,2,5_9,0.00012288
96,2055,2,5_9,0.00012102
96,2056,2,5_9,0.00011932
96,2057,2,5_9,0.00011757
96,2058,2,5_9,0.00011597
96,2059,2,5_9,0.00011418
96,2060,2,5_9,0.0001126
96,2061,2,5_9,0.00011102
96,2062,2,5_9,0.00010948
96,2063,2,5_9,0.00010792
96,2064,2,5_9,0.00010665
96,2065,2,5_9,0.00010517
96,2066,2,5_9,0.00010393
96,2067,2,5_9,0.00010248
96,2068,2,5_9,0.0001012
96,2069,2,5_9,9.991e-05
96,2070,2,5_9,9.845e-05
96,2071,2,5_9,9.732e-05
96,2072,2,5_9,9.592e-05
96,2073,2,5_9,9.487e-05
96,2074,2,5_9,9.363e-05
96,2075,2,5_9,9.227e-05
96,2076,2,5_9,9.109e-05
96,2077,2,5_9,8.998e-05
96,2078,2,5_9,8.875e-05
96,2079,2,5_9,8.776e-05
96,2080,2,5_9,8.684e-05
96,2081,2,5_9,8.566e-05
96,2082,2,5_9,8.474e-05
96,2083,2,5_9,8.38e-05
96,2084,2,5_9,8.266e-05
96,2085,2,5_9,8.17e-05
96,2086,2,5_9,8.047e-05
96,2087,2,5_9,7.952e-05
96,2088,2,5_9,7.838e-05
96,2089,2,5_9,7.752e-05
96,2090,2,5_9,7.662e-05
96,2091,2,5_9,7.575e-05
96,2092,2,5_9,7.492e-05
96,2093,2,5_9,7.385e-05
96,2094,2,5_9,7.298e-05
96,2095,2,5_9,7.215e-05
96,2096,2,5_9,7.129e-05
96,2097,2,5_9,7.034e-05
96,2098,2,5_9,6.955e-05
96,2099,2,5_9,6.878e-05
96,2100,2,5_9,6.808e-05
116,2024,2,5_9,0.00081668
116,2025,2,5_9,0.00079096
116,2026,2,5_9,0.00076287
116,2027,2,5_9,0.00073653
116,2028,2,5_9,0.00071062
116,2029,2,5_9,0.00068829
116,2030,2,5_9,0.00066411
116,2031,2,5_9,0.00064081
116,2032,2,5_9,0.00061954
116,2033,2,5_9,0.00059986
116,2034,2,5_9,0.00058279
116,2035,2,5_9,0.00056647
116,2036,2,5_9,0.00055077
116,2037,2,5_9,0.00053688
116,2038,2,5_9,0.00052577
116,2039,2,5_9,0.00051449
116,2040,2,5_9,0.00050366
116,2041,2,5_9,0.00049327
116,2042,2,5_9,0.0004839
116,2043,2,5_9,0.00047382
116,2044,2,5_9,0.00046438
116,2045,2,5_9,0.0004547
116,2046,2,5_9,0.00044515
116,2047,2,5_9,0.00043678
116,2048,2,5_9,0.00042893
116,2049,2,5_9,0.00042016
116,2050,2,5_9,0.00041199
116,2051,2,5_9,0.00040418
116,2052,2,5_9,0.00039734
116,2053,2,5_9,0.00039061
116,2054,2,5_9,0.00038325
116,2055,2,5_9,0.00037592
116,2056,2,5_9,0.00036911
116,2057,2,5_9,0.00036199
116,2058,2,5_9,0.00035528
116,2059,2,5_9,0.00034876
116,2060,2,5_9,0.00034211
116,2061,2,5_9,0.0003364
116,2062,2,5_9,0.00033039
116,2063,2,5_9,0.00032497
116,2064,2,5_9,0.00031917
116,2065,2,5_9,0.00031337
116,2066,2,5_9,0.0003077
116,2067,2,5_9,0.00030301
116,2068,2,5_9,0.00029818
116,2069,2,5_9,0.00029304
116,2070,2,5_9,0.00028785
116,2071,2,5_9,0.00028292
116,2072,2,5_9,0.00027853
116,2073,2,5_9,0.00027459
116,2074,2,5_9,0.00027048
116,2075,2,5_9,0.00026625
116,2076,2,5_9,0.0002624
116,2077,2,5_9,0.00025848
116,2078,2,5_9,0.00025506
116,2079,2,5_9,0.00025173
116,2080,2,5_9,0.00024806
116,2081,2,5_9,0.00024421
116,2082,2,5_9,0.00024047
116,2083,2,5_9,0.00023697
116,2084,2,5_9,0.00023342
116,2085,2,5_9,0.00023022
116,2086,2,5_9,0.00022696
116,2087,2,5_9,0.00022409
116,2088,2,5_9,0.00022081
116,2089,2,5_9,0.00021764
116,2090,2,5_9,0.00021451
116,2091,2,5_9,0.00021149
116,2092,2,5_9,0.00020843
116,2093,2,5_9,0.00020534
116,2094,2,5_9,0.00020248
116,2095,2,5_9,0.00019958
116,2096,2,5_9,0.00019667
116,2097,2,5_9,0.00019373
116,2098,2,5_9,0.00019091
116,2099,2,5_9,0.00018833
116,2100,2,5_9,0.00018551
360,2024,2,5_9,0.00044462
360,2025,2,5_9,0.00043065
360,2026,2,5_9,0.00041741
360,2027,2,5_9,0.00040435
360,2028,2,5_9,0.00039077
360,2029,2,5_9,0.00038013
360,2030,2,5_9,0.00036776
360,2031,2,5_9,0.0003603
360,2032,2,5_9,0.00035207
360,2033,2,5_9,0.00034319
360,2034,2,5_9,0.00033717
360,2035,2,5_9,0.00033151
360,2036,2,5_9,0.00032614
360,2037,2,5_9,0.00032056
360,2038,2,5_9,0.00031538
360,2039,2,5_9,0.00031046
360,2040,2,5_9,0.0003054
360,2041,2,5_9,0.00030069
360,2042,2,5_9,0.00029585
360,2043,2,5_9,0.00029084
360,2044,2,5_9,0.00028637
360,2045,2,5_9,0.00028219
360,2046,2,5_9,0.00027799
360,2047,2,5_9,0.00027407
360,2048,2,5_9,0.00027016
360,2049,2,5_9,0.0002665
360,2050,2,5_9,0.00026293
360,2051,2,5_9,0.00025937
360,2052,2,5_9,0.00025617
360,2053,2,5_9,0.00025293
360,2054,2,5_9,0.00024985
360,2055,2,5_9,0.00024718
360,2056,2,5_9,0.0002444
360,2057,2,5_9,0.00024204
360,2058,2,5_9,0.00023956
360,2059,2,5_9,0.00023686
360,2060,2,5_9,0.00023469
360,2061,2,5_9,0.0002323
360,2062,2,5_9,0.00022989
360,2063,2,5_9,0.00022766
360,2064,2,5_9,0.00022558
360,2065,2,5_9,0.00022345
360,2066,2,5_9,0.00022162
360,2067,2,5_9,0.00021991
360,2068,2,5_9,0.00021828
360,2069,2,5_9,0.00021678
360,2070,2,5_9,0.00021509
360,2071,2,5_9,0.00021343
360,2072,2,5_9,0.00021199
360,2073,2,5_9,0.00021038
360,2074,2,5_9,0.00020878
360,2075,2,5_9,0.00020726
360,2076,2,5_9,0.00020584
360,2077,2,5_9,0.00020458
360,2078,2,5_9,0.00020292
360,2079,2,5_9,0.0002016
360,2080,2,5_9,0.0002
360,2081,2,5_9,0.00019869
360,2082,2,5_9,0.00019724
360,2083,2,5_9,0.00019615
360,2084,2,5_9,0.00019481
360,2085,2,5_9,0.0001934
360,2086,2,5_9,0.00019224
360,2087,2,5_9,0.00019105
360,2088,2,5_9,0.00018953
360,2089,2,5_9,0.00018825
360,2090,2,5_9,0.00018705
360,2091,2,5_9,0.00018587
360,2092,2,5_9,0.00018473
360,2093,2,5_9,0.00018365
360,2094,2,5_9,0.00018204
360,2095,2,5_9,0.00018077
360,2096,2,5_9,0.00017951
360,2097,2,5_9,0.00017801
360,2098,2,5_9,0.00017675
360,2099,2,5_9,0.00017568
360,2100,2,5_9,0.00017449
418,2024,2,5_9,0.00052966
418,2025,2,5_9,0.00050663
418,2026,2,5_9,0.00048487
418,2027,2,5_9,0.00046363
418,2028,2,5_9,0.00044362
418,2029,2,5_9,0.00042445
418,2030,2,5_9,0.00040536
418,2031,2,5_9,0.00038784
418,2032,2,5_9,0.0003698
418,2033,2,5_9,0.00035311
418,2034,2,5_9,0.00033735
418,2035,2,5_9,0.00032148
418,2036,2,5_9,0.00030681
418,2037,2,5_9,0.00029337
418,2038,2,5_9,0.00027985
418,2039,2,5_9,0.000267
418,2040,2,5_9,0.00025977
418,2041,2,5_9,0.00025296
418,2042,2,5_9,0.00024676
418,2043,2,5_9,0.00024017
418,2044,2,5_9,0.00023409
418,2045,2,5_9,0.00022788
418,2046,2,5_9,0.00022222
418,2047,2,5_9,0.00021661
418,2048,2,5_9,0.00021167
418,2049,2,5_9,0.00020658
418,2050,2,5_9,0.00020172
418,2051,2,5_9,0.00019698
418,2052,2,5_9,0.00019271
418,2053,2,5_9,0.00018819
418,2054,2,5_9,0.00018383
418,2055,2,5_9,0.00017966
418,2056,2,5_9,0.00017576
418,2057,2,5_9,0.00017218
418,2058,2,5_9,0.00016854
418,2059,2,5_9,0.00016477
418,2060,2,5_9,0.00016142
418,2061,2,5_9,0.00015797
418,2062,2,5_9,0.0001546
418,2063,2,5_9,0.00015124
418,2064,2,5_9,0.00014796
418,2065,2,5_9,0.00014518
418,2066,2,5_9,0.00014205
418,2067,2,5_9,0.00013911
418,2068,2,5_9,0.00013627
418,2069,2,5_9,0.00013393
418,2070,2,5_9,0.00013149
418,2071,2,5_9,0.00012896
418,2072,2,5_9,0.00012663
418,2073,2,5_9,0.00012449
418,2074,2,5_9,0.00012237
418,2075,2,5_9,0.00012048
418,2076,2,5_9,0.00011856
418,2077,2,5_9,0.00011659
418,2078,2,5_9,0.00011475
418,2079,2,5_9,0.00011285
418,2080,2,5_9,0.0001109
418,2081,2,5_9,0.00010907
418,2082,2,5_9,0.00010727
418,2083,2,5_9,0.00010568
418,2084,2,5_9,0.00010405
418,2085,2,5_9,0.00010243
418,2086,2,5_9,0.00010096
418,2087,2,5_9,9.945e-05
418,2088,2,5_9,9.784e-05
418,2089,2,5_9,9.634e-05
418,2090,2,5_9,9.484e-05
418,2091,2,5_9,9.331e-05
418,2092,2,5_9,9.176e-05
418,2093,2,5_9,9.048e-05
418,2094,2,5_9,8.911e-05
418,2095,2,5_9,8.763e-05
418,2096,2,5_9,8.625e-05
418,2097,2,5_9,8.499e-05
418,2098,2,5_9,8.384e-05
418,2099,2,5_9,8.269e-05
418,2100,2,5_9,8.14e-05
458,2024,2,5_9,0.00015099
458,2025,2,5_9,0.00014798
458,2026,2,5_9,0.00014498
458,2027,2,5_9,0.00014216
458,2028,2,5_9,0.00013986
458,2029,2,5_9,0.00013759
458,2030,2,5_9,0.00013536
458,2031,2,5_9,0.00013336
458,2032,2,5_9,0.00013117
458,2033,2,5_9,0.00012911
458,2034,2,5_9,0.00012718
458,2035,2,5_9,0.00012533
458,2036,2,5_9,0.00012347
458,2037,2,5_9,0.00012175
458,2038,2,5_9,0.00011968
458,2039,2,5_9,0.00011773
458,2040,2,5_9,0.00011599
458,2041,2,5_9,0.00011436
458,2042,2,5_9,0.0001128
458,2043,2,5_9,0.00011142
458,2044,2,5_9,0.00010982
458,2045,2,5_9,0.00010823
458,2046,2,5_9,0.00010679
458,2047,2,5_9,0.0001054
458,2048,2,5_9,0.00010411
458,2049,2,5_9,0.00010264
458,2050,2,5_9,0.00010117
458,2051,2,5_9,9.982e-05
458,2052,2,5_9,9.842e-05
458,2053,2,5_9,9.711e-05
458,2054,2,5_9,9.602e-05
458,2055,2,5_9,9.488e-05
458,2056,2,5_9,9.363e-05
458,2057,2,5_9,9.243e-05
458,2058,2,5_9,9.123e-05
458,2059,2,5_9,9.015e-05
458,2060,2,5_9,8.899e-05
458,2061,2,5_9,8.799e-05
458,2062,2,5_9,8.688e-05
458,2063,2,5_9,8.597e-05
458,2064,2,5_9,8.496e-05
458,2065,2,5_9,8.384e-05
458,2066,2,5_9,8.305e-05
458,2067,2,5_9,8.219e-05
458,2068,2,5_9,8.116e-05
458,2069,2,5_9,8.041e-05
458,2070,2,5_9,7.961e-05
458,2071,2,5_9,7.866e-05
458,2072,2,5_9,7.787e-05
458,2073,2,5_9,7.701e-05
458,2074,2,5_9,7.611e-05
458,2075,2,5_9,7.534e-05
458,2076,2,5_9,7.452e-05
458,2077,2,5_9,7.378e-05
458,2078,2,5_9,7.283e-05
458,2079,2,5_9,7.202e-05
458,2080,2,5_9,7.106e-05
458,2081,2,5_9,7.032e-05
458,2082,2,5_9,6.966e-05
458,2083,2,5_9,6.885e-05
458,2084,2,5_9,6.808e-05
458,2085,2,5_9,6.714e-05
458,2086,2,5_9,6.639e-05
458,2087,2,5_9,6.571e-05
458,2088,2,5_9,6.492e-05
458,2089,2,5_9,6.431e-05
458,2090,2,5_9,6.366e-05
458,2091,2,5_9,6.301e-05
458,2092,2,5_9,6.242e-05
458,2093,2,5_9,6.16e-05
458,2094,2,5_9,6.092e-05
458,2095,2,5_9,6.028e-05
458,2096,2,5_9,5.969e-05
458,2097,2,5_9,5.886e-05
458,2098,2,5_9,5.825e-05
458,2099,2,5_9,5.76e-05
458,2100,2,5_9,5.697e-05
104,2024,2,5_9,0.00067967
104,2025,2,5_9,0.00065712
104,2026,2,5_9,0.00063565
104,2027,2,5_9,0.00061422
104,2028,2,5_9,0.00059236
104,2029,2,5_9,0.00057263
104,2030,2,5_9,0.00055245
104,2031,2,5_9,0.0005349
104,2032,2,5_9,0.00051613
104,2033,2,5_9,0.00049816
104,2034,2,5_9,0.00048107
104,2035,2,5_9,0.00046515
104,2036,2,5_9,0.00044934
104,2037,2,5_9,0.00043377
104,2038,2,5_9,0.00041795
104,2039,2,5_9,0.00040351
104,2040,2,5_9,0.00038932
104,2041,2,5_9,0.00037619
104,2042,2,5_9,0.00036265
104,2043,2,5_9,0.00035083
104,2044,2,5_9,0.00033938
104,2045,2,5_9,0.00032808
104,2046,2,5_9,0.00031652
104,2047,2,5_9,0.00030523
104,2048,2,5_9,0.00029531
104,2049,2,5_9,0.00028489
104,2050,2,5_9,0.00027636
104,2051,2,5_9,0.00026879
104,2052,2,5_9,0.00026138
104,2053,2,5_9,0.00025477
104,2054,2,5_9,0.00024808
104,2055,2,5_9,0.00024208
104,2056,2,5_9,0.00023643
104,2057,2,5_9,0.00022962
104,2058,2,5_9,0.00022412
104,2059,2,5_9,0.00021896
104,2060,2,5_9,0.00021336
104,2061,2,5_9,0.00020944
104,2062,2,5_9,0.00020553
104,2063,2,5_9,0.00020198
104,2064,2,5_9,0.00019815
104,2065,2,5_9,0.00019423
104,2066,2,5_9,0.00019065
104,2067,2,5_9,0.00018707
104,2068,2,5_9,0.00018438
104,2069,2,5_9,0.00018122
104,2070,2,5_9,0.00017834
104,2071,2,5_9,0.00017534
104,2072,2,5_9,0.00017254
104,2073,2,5_9,0.00016981
104,2074,2,5_9,0.00016698
104,2075,2,5_9,0.00016412
104,2076,2,5_9,0.00016147
104,2077,2,5_9,0.00015911
104,2078,2,5_9,0.0001567
104,2079,2,5_9,0.00015459
104,2080,2,5_9,0.00015238
104,2081,2,5_9,0.00015015
104,2082,2,5_9,0.00014819
104,2083,2,5_9,0.00014605
104,2084,2,5_9,0.00014407
104,2085,2,5_9,0.00014199
104,2086,2,5_9,0.00014008
104,2087,2,5_9,0.00013832
104,2088,2,5_9,0.00013645
104,2089,2,5_9,0.00013462
104,2090,2,5_9,0.00013306
104,2091,2,5_9,0.0001316
104,2092,2,5_9,0.00013011
104,2093,2,5_9,0.00012873
104,2094,2,5_9,0.00012739
104,2095,2,5_9,0.00012587
104,2096,2,5_9,0.00012444
104,2097,2,5_9,0.00012306
104,2098,2,5_9,0.0001218
104,2099,2,5_9,0.00012051
104,2100,2,5_9,0.00011923
608,2024,2,5_9,0.00045394
608,2025,2,5_9,0.00044353
608,2026,2,5_9,0.00043397
608,2027,2,5_9,0.00042344
608,2028,2,5_9,0.00041252
608,2029,2,5_9,0.00040201
608,2030,2,5_9,0.00039271
608,2031,2,5_9,0.00038295
608,2032,2,5_9,0.00037361
608,2033,2,5_9,0.00036435
608,2034,2,5_9,0.00035616
608,2035,2,5_9,0.00034776
608,2036,2,5_9,0.00033908
608,2037,2,5_9,0.00032959
608,2038,2,5_9,0.0003219
608,2039,2,5_9,0.00031587
608,2040,2,5_9,0.0003098
608,2041,2,5_9,0.00030453
608,2042,2,5_9,0.0002988
608,2043,2,5_9,0.00029378
608,2044,2,5_9,0.00028847
608,2045,2,5_9,0.00028385
608,2046,2,5_9,0.00027871
608,2047,2,5_9,0.00027433
608,2048,2,5_9,0.00026956
608,2049,2,5_9,0.00026501
608,2050,2,5_9,0.00026187
608,2051,2,5_9,0.00025885
608,2052,2,5_9,0.00025604
608,2053,2,5_9,0.00025372
608,2054,2,5_9,0.00025109
608,2055,2,5_9,0.00024851
608,2056,2,5_9,0.00024606
608,2057,2,5_9,0.00024326
608,2058,2,5_9,0.00024098
608,2059,2,5_9,0.00023918
608,2060,2,5_9,0.00023668
608,2061,2,5_9,0.0002345
608,2062,2,5_9,0.00023234
608,2063,2,5_9,0.00023046
608,2064,2,5_9,0.00022872
608,2065,2,5_9,0.00022691
608,2066,2,5_9,0.00022503
608,2067,2,5_9,0.00022332
608,2068,2,5_9,0.00022156
608,2069,2,5_9,0.00021996
608,2070,2,5_9,0.00021835
608,2071,2,5_9,0.00021669
608,2072,2,5_9,0.0002151
608,2073,2,5_9,0.00021382
608,2074,2,5_9,0.00021262
608,2075,2,5_9,0.00021105
608,2076,2,5_9,0.00020987
608,2077,2,5_9,0.00020886
608,2078,2,5_9,0.00020749
608,2079,2,5_9,0.00020619
608,2080,2,5_9,0.00020468
608,2081,2,5_9,0.00020294
608,2082,2,5_9,0.00020178
608,2083,2,5_9,0.0002003
608,2084,2,5_9,0.00019914
608,2085,2,5_9,0.00019791
608,2086,2,5_9,0.00019673
608,2087,2,5_9,0.00019549
608,2088,2,5_9,0.00019408
608,2089,2,5_9,0.00019282
608,2090,2,5_9,0.0001914
608,2091,2,5_9,0.00019007
608,2092,2,5_9,0.00018895
608,2093,2,5_9,0.00018766
608,2094,2,5_9,0.0001866
608,2095,2,5_9,0.00018545
608,2096,2,5_9,0.00018447
608,2097,2,5_9,0.00018312
608,2098,2,5_9,0.00018196
608,2099,2,5_9,0.00018058
608,2100,2,5_9,0.00017943
702,2024,2,5_9,4.002e-05
702,2025,2,5_9,3.929e-05
702,2026,2,5_9,3.867e-05
702,2027,2,5_9,3.793e-05
702,2028,2,5_9,3.722e-05
702,2029,2,5_9,3.652e-05
702,2030,2,5_9,3.596e-05
702,2031,2,5_9,3.531e-05
702,2032,2,5_9,3.466e-05
702,2033,2,5_9,3.406e-05
702,2034,2,5_9,3.342e-05
702,2035,2,5_9,3.282e-05
702,2036,2,5_9,3.22e-05
702,2037,2,5_9,3.159e-05
702,2038,2,5_9,3.105e-05
702,2039,2,5_9,3.051e-05
702,2040,2,5_9,3.002e-05
702,2041,2,5_9,2.949e-05
702,2042,2,5_9,2.898e-05
702,2043,2,5_9,2.847e-05
702,2044,2,5_9,2.797e-05
702,2045,2,5_9,2.749e-05
702,2046,2,5_9,2.7e-05
702,2047,2,5_9,2.65e-05
702,2048,2,5_9,2.603e-05
702,2049,2,5_9,2.556e-05
702,2050,2,5_9,2.512e-05
702,2051,2,5_9,2.465e-05
702,2052,2,5_9,2.427e-05
702,2053,2,5_9,2.386e-05
702,2054,2,5_9,2.346e-05
702,2055,2,5_9,2.312e-05
702,2056,2,5_9,2.272e-05
702,2057,2,5_9,2.24e-05
702,2058,2,5_9,2.205e-05
702,2059,2,5_9,2.174e-05
702,2060,2,5_9,2.135e-05
702,2061,2,5_9,2.105e-05
702,2062,2,5_9,2.074e-05
702,2063,2,5_9,2.043e-05
702,2064,2,5_9,2.007e-05
702,2065,2,5_9,1.976e-05
702,2066,2,5_9,1.945e-05
702,2067,2,5_9,1.915e-05
702,2068,2,5_9,1.881e-05
702,2069,2,5_9,1.851e-05
702,2070,2,5_9,1.821e-05
702,2071,2,5_9,1.791e-05
702,2072,2,5_9,1.763e-05
702,2073,2,5_9,1.73e-05
702,2074,2,5_9,1.702e-05
702,2075,2,5_9,1.673e-05
702,2076,2,5_9,1.644e-05
702,2077,2,5_9,1.612e-05
702,2078,2,5_9,1.587e-05
702,2079,2,5_9,1.563e-05
702,2080,2,5_9,1.537e-05
702,2081,2,5_9,1.513e-05
702,2082,2,5_9,1.49e-05
702,2083,2,5_9,1.463e-05
702,2084,2,5_9,1.439e-05
702,2085,2,5_9,1.416e-05
702,2086,2,5_9,1.394e-05
702,2087,2,5_9,1.37e-05
702,2088,2,5_9,1.347e-05
702,2089,2,5_9,1.32e-05
702,2090,2,5_9,1.296e-05
702,2091,2,5_9,1.273e-05
702,2092,2,5_9,1.25e-05
702,2093,2,5_9,1.222e-05
702,2094,2,5_9,1.201e-05
702,2095,2,5_9,1.178e-05
702,2096,2,5_9,1.156e-05
702,2097,2,5_9,1.132e-05
702,2098,2,5_9,1.112e-05
702,2099,2,5_9,1.091e-05
702,2100,2,5_9,1.073e-05
764,2024,2,5_9,0.00027575
764,2025,2,5_9,0.00027057
764,2026,2,5_9,0.0002657
764,2027,2,5_9,0.00025906
764,2028,2,5_9,0.00025194
764,2029,2,5_9,0.00024517
764,2030,2,5_9,0.00023901
764,2031,2,5_9,0.00023244
764,2032,2,5_9,0.00022629
764,2033,2,5_9,0.00022036
764,2034,2,5_9,0.00021503
764,2035,2,5_9,0.00020983
764,2036,2,5_9,0.00020471
764,2037,2,5_9,0.00020011
764,2038,2,5_9,0.00019526
764,2039,2,5_9,0.00019094
764,2040,2,5_9,0.00018641
764,2041,2,5_9,0.00018198
764,2042,2,5_9,0.00017783
764,2043,2,5_9,0.00017374
764,2044,2,5_9,0.00016986
764,2045,2,5_9,0.00016574
764,2046,2,5_9,0.00016189
764,2047,2,5_9,0.00015796
764,2048,2,5_9,0.00015419
764,2049,2,5_9,0.00015054
764,2050,2,5_9,0.00014724
764,2051,2,5_9,0.00014388
764,2052,2,5_9,0.0001409
764,2053,2,5_9,0.00013796
764,2054,2,5_9,0.00013492
764,2055,2,5_9,0.00013202
764,2056,2,5_9,0.00012916
764,2057,2,5_9,0.00012614
764,2058,2,5_9,0.00012357
764,2059,2,5_9,0.00012113
764,2060,2,5_9,0.00011845
764,2061,2,5_9,0.00011607
764,2062,2,5_9,0.00011362
764,2063,2,5_9,0.00011127
764,2064,2,5_9,0.00010889
764,2065,2,5_9,0.0001067
764,2066,2,5_9,0.00010448
764,2067,2,5_9,0.00010235
764,2068,2,5_9,0.00010012
764,2069,2,5_9,9.804e-05
764,2070,2,5_9,9.611e-05
764,2071,2,5_9,9.407e-05
764,2072,2,5_9,9.215e-05
764,2073,2,5_9,9.025e-05
764,2074,2,5_9,8.831e-05
764,2075,2,5_9,8.64e-05
764,2076,2,5_9,8.469e-05
764,2077,2,5_9,8.294e-05
764,2078,2,5_9,8.123e-05
764,2079,2,5_9,7.963e-05
764,2080,2,5_9,7.797e-05
764,2081,2,5_9,7.634e-05
764,2082,2,5_9,7.474e-05
764,2083,2,5_9,7.306e-05
764,2084,2,5_9,7.163e-05
764,2085,2,5_9,7.008e-05
764,2086,2,5_9,6.868e-05
764,2087,2,5_9,6.721e-05
764,2088,2,5_9,6.576e-05
764,2089,2,5_9,6.437e-05
764,2090,2,5_9,6.299e-05
764,2091,2,5_9,6.163e-05
764,2092,2,5_9,6.037e-05
764,2093,2,5_9,5.915e-05
764,2094,2,5_9,5.801e-05
764,2095,2,5_9,5.694e-05
764,2096,2,5_9,5.584e-05
764,2097,2,5_9,5.478e-05
764,2098,2,5_9,5.371e-05
764,2099,2,5_9,5.266e-05
764,2100,2,5_9,5.163e-05
626,2024,2,5_9,0.00073037
626,2025,2,5_9,0.00070677
626,2026,2,5_9,0.00068751
626,2027,2,5_9,0.00066836
626,2028,2,5_9,0.0006494
626,2029,2,5_9,0.0006295
626,2030,2,5_9,0.00061175
626,2031,2,5_9,0.00059416
626,2032,2,5_9,0.00057622
626,2033,2,5_9,0.00056002
626,2034,2,5_9,0.00054408
626,2035,2,5_9,0.00052692
626,2036,2,5_9,0.00051068
626,2037,2,5_9,0.00049487
626,2038,2,5_9,0.00048026
626,2039,2,5_9,0.0004679
626,2040,2,5_9,0.00045458
626,2041,2,5_9,0.00044158
626,2042,2,5_9,0.00042818
626,2043,2,5_9,0.00041725
626,2044,2,5_9,0.00040514
626,2045,2,5_9,0.00039511
626,2046,2,5_9,0.00038473
626,2047,2,5_9,0.00037387
626,2048,2,5_9,0.00036654
626,2049,2,5_9,0.00035905
626,2050,2,5_9,0.00035166
626,2051,2,5_9,0.00034433
626,2052,2,5_9,0.00033691
626,2053,2,5_9,0.00033088
626,2054,2,5_9,0.00032558
626,2055,2,5_9,0.00032177
626,2056,2,5_9,0.00031744
626,2057,2,5_9,0.00031369
626,2058,2,5_9,0.00031003
626,2059,2,5_9,0.0003064
626,2060,2,5_9,0.00030303
626,2061,2,5_9,0.0002997
626,2062,2,5_9,0.00029611
626,2063,2,5_9,0.00029352
626,2064,2,5_9,0.00029032
626,2065,2,5_9,0.00028717
626,2066,2,5_9,0.00028432
626,2067,2,5_9,0.00028166
626,2068,2,5_9,0.00027917
626,2069,2,5_9,0.0002763
626,2070,2,5_9,0.00027331
626,2071,2,5_9,0.0002706
626,2072,2,5_9,0.00026821
626,2073,2,5_9,0.0002664
626,2074,2,5_9,0.00026443
626,2075,2,5_9,0.00026262
626,2076,2,5_9,0.00026047
626,2077,2,5_9,0.00025888
626,2078,2,5_9,0.00025711
626,2079,2,5_9,0.00025523
626,2080,2,5_9,0.00025368
626,2081,2,5_9,0.00025215
626,2082,2,5_9,0.00025063
626,2083,2,5_9,0.00024923
626,2084,2,5_9,0.0002478
626,2085,2,5_9,0.00024662
626,2086,2,5_9,0.00024561
626,2087,2,5_9,0.00024422
626,2088,2,5_9,0.000243
626,2089,2,5_9,0.00024203
626,2090,2,5_9,0.00024078
626,2091,2,5_9,0.00023983
626,2092,2,5_9,0.00023904
626,2093,2,5_9,0.00023812
626,2094,2,5_9,0.00023733
626,2095,2,5_9,0.00023593
626,2096,2,5_9,0.00023493
626,2097,2,5_9,0.00023393
626,2098,2,5_9,0.00023264
626,2099,2,5_9,0.00023115
626,2100,2,5_9,0.00023012
704,2024,2,5_9,0.00040252
704,2025,2,5_9,0.00039571
704,2026,2,5_9,0.00038818
704,2027,2,5_9,0.00038092
704,2028,2,5_9,0.00037344
704,2029,2,5_9,0.00036693
704,2030,2,5_9,0.00036056
704,2031,2,5_9,0.00035407
704,2032,2,5_9,0.00034775
704,2033,2,5_9,0.00034109
704,2034,2,5_9,0.00033518
704,2035,2,5_9,0.00032959
704,2036,2,5_9,0.00032327
704,2037,2,5_9,0.00031772
704,2038,2,5_9,0.00031168
704,2039,2,5_9,0.00030615
704,2040,2,5_9,0.00030037
704,2041,2,5_9,0.00029538
704,2042,2,5_9,0.00029008
704,2043,2,5_9,0.0002853
704,2044,2,5_9,0.0002806
704,2045,2,5_9,0.0002755
704,2046,2,5_9,0.00027073
704,2047,2,5_9,0.00026569
704,2048,2,5_9,0.00026083
704,2049,2,5_9,0.00025684
704,2050,2,5_9,0.00025275
704,2051,2,5_9,0.00024865
704,2052,2,5_9,0.00024465
704,2053,2,5_9,0.00024084
704,2054,2,5_9,0.00023677
704,2055,2,5_9,0.00023296
704,2056,2,5_9,0.00022914
704,2057,2,5_9,0.00022513
704,2058,2,5_9,0.00022184
704,2059,2,5_9,0.00021804
704,2060,2,5_9,0.00021455
704,2061,2,5_9,0.00021118
704,2062,2,5_9,0.00020777
704,2063,2,5_9,0.00020424
704,2064,2,5_9,0.00020099
704,2065,2,5_9,0.00019784
704,2066,2,5_9,0.00019472
704,2067,2,5_9,0.00019156
704,2068,2,5_9,0.00018836
704,2069,2,5_9,0.00018544
704,2070,2,5_9,0.00018224
704,2071,2,5_9,0.00017945
704,2072,2,5_9,0.00017654
704,2073,2,5_9,0.00017373
704,2074,2,5_9,0.00017115
704,2075,2,5_9,0.00016838
704,2076,2,5_9,0.00016572
704,2077,2,5_9,0.00016315
704,2078,2,5_9,0.00016079
704,2079,2,5_9,0.00015831
704,2080,2,5_9,0.0001558
704,2081,2,5_9,0.00015345
704,2082,2,5_9,0.00015125
704,2083,2,5_9,0.00014877
704,2084,2,5_9,0.00014649
704,2085,2,5_9,0.00014405
704,2086,2,5_9,0.00014204
704,2087,2,5_9,0.00014009
704,2088,2,5_9,0.00013773
704,2089,2,5_9,0.00013559
704,2090,2,5_9,0.00013374
704,2091,2,5_9,0.00013181
704,2092,2,5_9,0.00012987
704,2093,2,5_9,0.00012788
704,2094,2,5_9,0.00012599
704,2095,2,5_9,0.00012403
704,2096,2,5_9,0.0001222
704,2097,2,5_9,0.00012035
704,2098,2,5_9,0.00011843
704,2099,2,5_9,0.00011666
704,2100,2,5_9,0.00011495
51,2024,2,5_9,0.00015255
51,2025,2,5_9,0.00014901
51,2026,2,5_9,0.00014553
51,2027,2,5_9,0.0001423
51,2028,2,5_9,0.00013919
51,2029,2,5_9,0.00013617
51,2030,2,5_9,0.0001335
51,2031,2,5_9,0.00013053
51,2032,2,5_9,0.0001277
51,2033,2,5_9,0.00012512
51,2034,2,5_9,0.00012254
51,2035,2,5_9,0.00012023
51,2036,2,5_9,0.00011774
51,2037,2,5_9,0.00011548
51,2038,2,5_9,0.00011321
51,2039,2,5_9,0.00011092
51,2040,2,5_9,0.00010871
51,2041,2,5_9,0.00010673
51,2042,2,5_9,0.00010472
51,2043,2,5_9,0.0001029
51,2044,2,5_9,0.00010112
51,2045,2,5_9,9.938e-05
51,2046,2,5_9,9.766e-05
51,2047,2,5_9,9.589e-05
51,2048,2,5_9,9.421e-05
51,2049,2,5_9,9.254e-05
51,2050,2,5_9,9.087e-05
51,2051,2,5_9,8.934e-05
51,2052,2,5_9,8.781e-05
51,2053,2,5_9,8.642e-05
51,2054,2,5_9,8.518e-05
51,2055,2,5_9,8.363e-05
51,2056,2,5_9,8.233e-05
51,2057,2,5_9,8.095e-05
51,2058,2,5_9,7.964e-05
51,2059,2,5_9,7.835e-05
51,2060,2,5_9,7.708e-05
51,2061,2,5_9,7.581e-05
51,2062,2,5_9,7.467e-05
51,2063,2,5_9,7.347e-05
51,2064,2,5_9,7.233e-05
51,2065,2,5_9,7.127e-05
51,2066,2,5_9,7.02e-05
51,2067,2,5_9,6.903e-05
51,2068,2,5_9,6.804e-05
51,2069,2,5_9,6.705e-05
51,2070,2,5_9,6.623e-05
51,2071,2,5_9,6.543e-05
51,2072,2,5_9,6.465e-05
51,2073,2,5_9,6.388e-05
51,2074,2,5_9,6.308e-05
51,2075,2,5_9,6.228e-05
51,2076,2,5_9,6.151e-05
51,2077,2,5_9,6.072e-05
51,2078,2,5_9,5.99e-05
51,2079,2,5_9,5.917e-05
51,2080,2,5_9,5.841e-05
51,2081,2,5_9,5.772e-05
51,2082,2,5_9,5.689e-05
51,2083,2,5_9,5.618e-05
51,2084,2,5_9,5.554e-05
51,2085,2,5_9,5.483e-05
51,2086,2,5_9,5.405e-05
51,2087,2,5_9,5.337e-05
51,2088,2,5_9,5.27e-05
51,2089,2,5_9,5.207e-05
51,2090,2,5_9,5.149e-05
51,2091,2,5_9,5.086e-05
51,2092,2,5_9,5.017e-05
51,2093,2,5_9,4.957e-05
51,2094,2,5_9,4.901e-05
51,2095,2,5_9,4.845e-05
51,2096,2,5_9,4.787e-05
51,2097,2,5_9,4.718e-05
51,2098,2,5_9,4.659e-05
51,2099,2,5_9,4.604e-05
51,2100,2,5_9,4.548e-05
31,2024,2,5_9,0.00020974
31,2025,2,5_9,0.00020471
31,2026,2,5_9,0.00019989
31,2027,2,5_9,0.0001957
31,2028,2,5_9,0.00019097
31,2029,2,5_9,0.00018654
31,2030,2,5_9,0.00018253
31,2031,2,5_9,0.00017816
31,2032,2,5_9,0.00017428
31,2033,2,5_9,0.00017021
31,2034,2,5_9,0.00016646
31,2035,2,5_9,0.00016286
31,2036,2,5_9,0.00015914
31,2037,2,5_9,0.00015601
31,2038,2,5_9,0.00015266
31,2039,2,5_9,0.00014915
31,2040,2,5_9,0.00014598
31,2041,2,5_9,0.00014279
31,2042,2,5_9,0.00013982
31,2043,2,5_9,0.00013712
31,2044,2,5_9,0.00013453
31,2045,2,5_9,0.00013198
31,2046,2,5_9,0.00012969
31,2047,2,5_9,0.00012732
31,2048,2,5_9,0.00012517
31,2049,2,5_9,0.000123
31,2050,2,5_9,0.0001209
31,2051,2,5_9,0.00011878
31,2052,2,5_9,0.00011692
31,2053,2,5_9,0.00011503
31,2054,2,5_9,0.00011313
31,2055,2,5_9,0.0001112
31,2056,2,5_9,0.00010945
31,2057,2,5_9,0.00010764
31,2058,2,5_9,0.00010579
31,2059,2,5_9,0.00010406
31,2060,2,5_9,0.00010243
31,2061,2,5_9,0.00010074
31,2062,2,5_9,9.908e-05
31,2063,2,5_9,9.754e-05
31,2064,2,5_9,9.608e-05
31,2065,2,5_9,9.448e-05
31,2066,2,5_9,9.305e-05
31,2067,2,5_9,9.171e-05
31,2068,2,5_9,9.024e-05
31,2069,2,5_9,8.885e-05
31,2070,2,5_9,8.742e-05
31,2071,2,5_9,8.607e-05
31,2072,2,5_9,8.482e-05
31,2073,2,5_9,8.369e-05
31,2074,2,5_9,8.25e-05
31,2075,2,5_9,8.12e-05
31,2076,2,5_9,8.009e-05
31,2077,2,5_9,7.882e-05
31,2078,2,5_9,7.778e-05
31,2079,2,5_9,7.675e-05
31,2080,2,5_9,7.562e-05
31,2081,2,5_9,7.458e-05
31,2082,2,5_9,7.346e-05
31,2083,2,5_9,7.26e-05
31,2084,2,5_9,7.171e-05
31,2085,2,5_9,7.084e-05
31,2086,2,5_9,7e-05
31,2087,2,5_9,6.909e-05
31,2088,2,5_9,6.823e-05
31,2089,2,5_9,6.736e-05
31,2090,2,5_9,6.657e-05
31,2091,2,5_9,6.576e-05
31,2092,2,5_9,6.489e-05
31,2093,2,5_9,6.417e-05
31,2094,2,5_9,6.344e-05
31,2095,2,5_9,6.269e-05
31,2096,2,5_9,6.191e-05
31,2097,2,5_9,6.106e-05
31,2098,2,5_9,6.027e-05
31,2099,2,5_9,5.933e-05
31,2100,2,5_9,5.857e-05
48,2024,2,5_9,0.00017075
48,2025,2,5_9,0.00016731
48,2026,2,5_9,0.00016366
48,2027,2,5_9,0.00016016
48,2028,2,5_9,0.00015691
48,2029,2,5_9,0.00015383
48,2030,2,5_9,0.00015042
48,2031,2,5_9,0.00014715
48,2032,2,5_9,0.00014413
48,2033,2,5_9,0.00014138
48,2034,2,5_9,0.00013828
48,2035,2,5_9,0.00013539
48,2036,2,5_9,0.00013265
48,2037,2,5_9,0.0001301
48,2038,2,5_9,0.00012735
48,2039,2,5_9,0.00012464
48,2040,2,5_9,0.00012216
48,2041,2,5_9,0.0001196
48,2042,2,5_9,0.00011717
48,2043,2,5_9,0.00011468
48,2044,2,5_9,0.00011223
48,2045,2,5_9,0.00010986
48,2046,2,5_9,0.00010768
48,2047,2,5_9,0.00010553
48,2048,2,5_9,0.00010351
48,2049,2,5_9,0.00010154
48,2050,2,5_9,9.973e-05
48,2051,2,5_9,9.796e-05
48,2052,2,5_9,9.61e-05
48,2053,2,5_9,9.437e-05
48,2054,2,5_9,9.262e-05
48,2055,2,5_9,9.097e-05
48,2056,2,5_9,8.925e-05
48,2057,2,5_9,8.762e-05
48,2058,2,5_9,8.607e-05
48,2059,2,5_9,8.438e-05
48,2060,2,5_9,8.284e-05
48,2061,2,5_9,8.121e-05
48,2062,2,5_9,7.963e-05
48,2063,2,5_9,7.815e-05
48,2064,2,5_9,7.656e-05
48,2065,2,5_9,7.518e-05
48,2066,2,5_9,7.374e-05
48,2067,2,5_9,7.228e-05
48,2068,2,5_9,7.085e-05
48,2069,2,5_9,6.954e-05
48,2070,2,5_9,6.821e-05
48,2071,2,5_9,6.696e-05
48,2072,2,5_9,6.568e-05
48,2073,2,5_9,6.441e-05
48,2074,2,5_9,6.316e-05
48,2075,2,5_9,6.204e-05
48,2076,2,5_9,6.086e-05
48,2077,2,5_9,5.969e-05
48,2078,2,5_9,5.859e-05
48,2079,2,5_9,5.739e-05
48,2080,2,5_9,5.635e-05
48,2081,2,5_9,5.515e-05
48,2082,2,5_9,5.416e-05
48,2083,2,5_9,5.312e-05
48,2084,2,5_9,5.211e-05
48,2085,2,5_9,5.109e-05
48,2086,2,5_9,5.006e-05
48,2087,2,5_9,4.899e-05
48,2088,2,5_9,4.799e-05
48,2089,2,5_9,4.708e-05
48,2090,2,5_9,4.615e-05
48,2091,2,5_9,4.526e-05
48,2092,2,5_9,4.449e-05
48,2093,2,5_9,4.365e-05
48,2094,2,5_9,4.284e-05
48,2095,2,5_9,4.203e-05
48,2096,2,5_9,4.127e-05
48,2097,2,5_9,4.052e-05
48,2098,2,5_9,3.972e-05
48,2099,2,5_9,3.893e-05
48,2100,2,5_9,3.822e-05
196,2024,2,5_9,4.781e-05
196,2025,2,5_9,4.694e-05
196,2026,2,5_9,4.613e-05
196,2027,2,5_9,4.525e-05
196,2028,2,5_9,4.435e-05
196,2029,2,5_9,4.351e-05
196,2030,2,5_9,4.271e-05
196,2031,2,5_9,4.19e-05
196,2032,2,5_9,4.109e-05
196,2033,2,5_9,4.033e-05
196,2034,2,5_9,3.966e-05
196,2035,2,5_9,3.898e-05
196,2036,2,5_9,3.833e-05
196,2037,2,5_9,3.772e-05
196,2038,2,5_9,3.708e-05
196,2039,2,5_9,3.642e-05
196,2040,2,5_9,3.584e-05
196,2041,2,5_9,3.524e-05
196,2042,2,5_9,3.466e-05
196,2043,2,5_9,3.407e-05
196,2044,2,5_9,3.354e-05
196,2045,2,5_9,3.299e-05
196,2046,2,5_9,3.244e-05
196,2047,2,5_9,3.19e-05
196,2048,2,5_9,3.14e-05
196,2049,2,5_9,3.085e-05
196,2050,2,5_9,3.034e-05
196,2051,2,5_9,2.985e-05
196,2052,2,5_9,2.932e-05
196,2053,2,5_9,2.884e-05
196,2054,2,5_9,2.83e-05
196,2055,2,5_9,2.792e-05
196,2056,2,5_9,2.75e-05
196,2057,2,5_9,2.711e-05
196,2058,2,5_9,2.672e-05
196,2059,2,5_9,2.635e-05
196,2060,2,5_9,2.598e-05
196,2061,2,5_9,2.56e-05
196,2062,2,5_9,2.517e-05
196,2063,2,5_9,2.479e-05
196,2064,2,5_9,2.443e-05
196,2065,2,5_9,2.408e-05
196,2066,2,5_9,2.369e-05
196,2067,2,5_9,2.335e-05
196,2068,2,5_9,2.3e-05
196,2069,2,5_9,2.265e-05
196,2070,2,5_9,2.227e-05
196,2071,2,5_9,2.195e-05
196,2072,2,5_9,2.163e-05
196,2073,2,5_9,2.131e-05
196,2074,2,5_9,2.099e-05
196,2075,2,5_9,2.067e-05
196,2076,2,5_9,2.031e-05
196,2077,2,5_9,2.004e-05
196,2078,2,5_9,1.98e-05
196,2079,2,5_9,1.952e-05
196,2080,2,5_9,1.923e-05
196,2081,2,5_9,1.897e-05
196,2082,2,5_9,1.87e-05
196,2083,2,5_9,1.846e-05
196,2084,2,5_9,1.816e-05
196,2085,2,5_9,1.792e-05
196,2086,2,5_9,1.768e-05
196,2087,2,5_9,1.743e-05
196,2088,2,5_9,1.719e-05
196,2089,2,5_9,1.69e-05
196,2090,2,5_9,1.666e-05
196,2091,2,5_9,1.645e-05
196,2092,2,5_9,1.623e-05
196,2093,2,5_9,1.599e-05
196,2094,2,5_9,1.576e-05
196,2095,2,5_9,1.554e-05
196,2096,2,5_9,1.53e-05
196,2097,2,5_9,1.5e-05
196,2098,2,5_9,1.477e-05
196,2099,2,5_9,1.454e-05
196,2100,2,5_9,1.437e-05
268,2024,2,5_9,0.00013803
268,2025,2,5_9,0.00013407
268,2026,2,5_9,0.00013116
268,2027,2,5_9,0.00012815
268,2028,2,5_9,0.0001254
268,2029,2,5_9,0.00012264
268,2030,2,5_9,0.00011977
268,2031,2,5_9,0.00011721
268,2032,2,5_9,0.00011453
268,2033,2,5_9,0.00011211
268,2034,2,5_9,0.00010978
268,2035,2,5_9,0.00010753
268,2036,2,5_9,0.00010506
268,2037,2,5_9,0.00010292
268,2038,2,5_9,0.00010092
268,2039,2,5_9,9.886e-05
268,2040,2,5_9,9.663e-05
268,2041,2,5_9,9.46e-05
268,2042,2,5_9,9.246e-05
268,2043,2,5_9,9.049e-05
268,2044,2,5_9,8.867e-05
268,2045,2,5_9,8.69e-05
268,2046,2,5_9,8.475e-05
268,2047,2,5_9,8.298e-05
268,2048,2,5_9,8.111e-05
268,2049,2,5_9,7.927e-05
268,2050,2,5_9,7.746e-05
268,2051,2,5_9,7.601e-05
268,2052,2,5_9,7.449e-05
268,2053,2,5_9,7.304e-05
268,2054,2,5_9,7.161e-05
268,2055,2,5_9,7.023e-05
268,2056,2,5_9,6.888e-05
268,2057,2,5_9,6.761e-05
268,2058,2,5_9,6.613e-05
268,2059,2,5_9,6.484e-05
268,2060,2,5_9,6.359e-05
268,2061,2,5_9,6.231e-05
268,2062,2,5_9,6.112e-05
268,2063,2,5_9,5.993e-05
268,2064,2,5_9,5.873e-05
268,2065,2,5_9,5.755e-05
268,2066,2,5_9,5.647e-05
268,2067,2,5_9,5.538e-05
268,2068,2,5_9,5.436e-05
268,2069,2,5_9,5.321e-05
268,2070,2,5_9,5.221e-05
268,2071,2,5_9,5.121e-05
268,2072,2,5_9,5.028e-05
268,2073,2,5_9,4.936e-05
268,2074,2,5_9,4.847e-05
268,2075,2,5_9,4.76e-05
268,2076,2,5_9,4.671e-05
268,2077,2,5_9,4.577e-05
268,2078,2,5_9,4.488e-05
268,2079,2,5_9,4.401e-05
268,2080,2,5_9,4.322e-05
268,2081,2,5_9,4.238e-05
268,2082,2,5_9,4.169e-05
268,2083,2,5_9,4.091e-05
268,2084,2,5_9,4.021e-05
268,2085,2,5_9,3.953e-05
268,2086,2,5_9,3.88e-05
268,2087,2,5_9,3.81e-05
268,2088,2,5_9,3.742e-05
268,2089,2,5_9,3.675e-05
268,2090,2,5_9,3.604e-05
268,2091,2,5_9,3.53e-05
268,2092,2,5_9,3.468e-05
268,2093,2,5_9,3.409e-05
268,2094,2,5_9,3.344e-05
268,2095,2,5_9,3.286e-05
268,2096,2,5_9,3.225e-05
268,2097,2,5_9,3.166e-05
268,2098,2,5_9,3.108e-05
268,2099,2,5_9,3.05e-05
268,2100,2,5_9,2.995e-05
368,2024,2,5_9,0.00038417
368,2025,2,5_9,0.00037503
368,2026,2,5_9,0.00036665
368,2027,2,5_9,0.00035801
368,2028,2,5_9,0.00035038
368,2029,2,5_9,0.00034255
368,2030,2,5_9,0.0003343
368,2031,2,5_9,0.00032797
368,2032,2,5_9,0.00032203
368,2033,2,5_9,0.00031611
368,2034,2,5_9,0.00031036
368,2035,2,5_9,0.00030498
368,2036,2,5_9,0.00029919
368,2037,2,5_9,0.00029361
368,2038,2,5_9,0.00028837
368,2039,2,5_9,0.00028304
368,2040,2,5_9,0.0002778
368,2041,2,5_9,0.00027203
368,2042,2,5_9,0.00026725
368,2043,2,5_9,0.000262
368,2044,2,5_9,0.00025748
368,2045,2,5_9,0.00025277
368,2046,2,5_9,0.00024866
368,2047,2,5_9,0.00024358
368,2048,2,5_9,0.00023867
368,2049,2,5_9,0.00023434
368,2050,2,5_9,0.00022964
368,2051,2,5_9,0.00022541
368,2052,2,5_9,0.00022119
368,2053,2,5_9,0.00021716
368,2054,2,5_9,0.00021341
368,2055,2,5_9,0.00020958
368,2056,2,5_9,0.0002061
368,2057,2,5_9,0.00020199
368,2058,2,5_9,0.0001986
368,2059,2,5_9,0.00019511
368,2060,2,5_9,0.00019155
368,2061,2,5_9,0.00018835
368,2062,2,5_9,0.00018532
368,2063,2,5_9,0.0001823
368,2064,2,5_9,0.00017928
368,2065,2,5_9,0.00017647
368,2066,2,5_9,0.00017385
368,2067,2,5_9,0.00017137
368,2068,2,5_9,0.00016881
368,2069,2,5_9,0.00016646
368,2070,2,5_9,0.00016377
368,2071,2,5_9,0.00016134
368,2072,2,5_9,0.00015899
368,2073,2,5_9,0.0001567
368,2074,2,5_9,0.00015435
368,2075,2,5_9,0.0001521
368,2076,2,5_9,0.00014992
368,2077,2,5_9,0.00014796
368,2078,2,5_9,0.00014596
368,2079,2,5_9,0.00014397
368,2080,2,5_9,0.00014196
368,2081,2,5_9,0.00014001
368,2082,2,5_9,0.00013819
368,2083,2,5_9,0.0001363
368,2084,2,5_9,0.00013454
368,2085,2,5_9,0.00013257
368,2086,2,5_9,0.00013068
368,2087,2,5_9,0.00012891
368,2088,2,5_9,0.0001271
368,2089,2,5_9,0.00012539
368,2090,2,5_9,0.00012379
368,2091,2,5_9,0.00012216
368,2092,2,5_9,0.00012057
368,2093,2,5_9,0.0001191
368,2094,2,5_9,0.00011754
368,2095,2,5_9,0.00011595
368,2096,2,5_9,0.0001145
368,2097,2,5_9,0.00011313
368,2098,2,5_9,0.00011176
368,2099,2,5_9,0.00011032
368,2100,2,5_9,0.00010901
376,2024,2,5_9,6.554e-05
376,2025,2,5_9,6.418e-05
376,2026,2,5_9,6.253e-05
376,2027,2,5_9,6.11e-05
376,2028,2,5_9,5.971e-05
376,2029,2,5_9,5.821e-05
376,2030,2,5_9,5.69e-05
376,2031,2,5_9,5.55e-05
376,2032,2,5_9,5.427e-05
376,2033,2,5_9,5.294e-05
376,2034,2,5_9,5.166e-05
376,2035,2,5_9,5.041e-05
376,2036,2,5_9,4.921e-05
376,2037,2,5_9,4.828e-05
376,2038,2,5_9,4.713e-05
376,2039,2,5_9,4.603e-05
376,2040,2,5_9,4.495e-05
376,2041,2,5_9,4.391e-05
376,2042,2,5_9,4.29e-05
376,2043,2,5_9,4.191e-05
376,2044,2,5_9,4.095e-05
376,2045,2,5_9,4.003e-05
376,2046,2,5_9,3.913e-05
376,2047,2,5_9,3.826e-05
376,2048,2,5_9,3.74e-05
376,2049,2,5_9,3.641e-05
376,2050,2,5_9,3.561e-05
376,2051,2,5_9,3.484e-05
376,2052,2,5_9,3.408e-05
376,2053,2,5_9,3.334e-05
376,2054,2,5_9,3.263e-05
376,2055,2,5_9,3.179e-05
376,2056,2,5_9,3.105e-05
376,2057,2,5_9,3.032e-05
376,2058,2,5_9,2.969e-05
376,2059,2,5_9,2.907e-05
376,2060,2,5_9,2.834e-05
376,2061,2,5_9,2.775e-05
376,2062,2,5_9,2.706e-05
376,2063,2,5_9,2.639e-05
376,2064,2,5_9,2.586e-05
376,2065,2,5_9,2.523e-05
376,2066,2,5_9,2.473e-05
376,2067,2,5_9,2.413e-05
376,2068,2,5_9,2.354e-05
376,2069,2,5_9,2.307e-05
376,2070,2,5_9,2.252e-05
376,2071,2,5_9,2.198e-05
376,2072,2,5_9,2.147e-05
376,2073,2,5_9,2.105e-05
376,2074,2,5_9,2.056e-05
376,2075,2,5_9,2.008e-05
376,2076,2,5_9,1.961e-05
376,2077,2,5_9,1.924e-05
376,2078,2,5_9,1.879e-05
376,2079,2,5_9,1.836e-05
376,2080,2,5_9,1.794e-05
376,2081,2,5_9,1.753e-05
376,2082,2,5_9,1.714e-05
376,2083,2,5_9,1.675e-05
376,2084,2,5_9,1.637e-05
376,2085,2,5_9,1.6e-05
376,2086,2,5_9,1.565e-05
376,2087,2,5_9,1.524e-05
376,2088,2,5_9,1.491e-05
376,2089,2,5_9,1.452e-05
376,2090,2,5_9,1.42e-05
376,2091,2,5_9,1.383e-05
376,2092,2,5_9,1.348e-05
376,2093,2,5_9,1.319e-05
376,2094,2,5_9,1.29e-05
376,2095,2,5_9,1.258e-05
376,2096,2,5_9,1.226e-05
376,2097,2,5_9,1.195e-05
376,2098,2,5_9,1.165e-05
376,2099,2,5_9,1.131e-05
376,2100,2,5_9,1.108e-05
400,2024,2,5_9,0.00018426
400,2025,2,5_9,0.00018068
400,2026,2,5_9,0.00017666
400,2027,2,5_9,0.00017308
400,2028,2,5_9,0.00016939
400,2029,2,5_9,0.00016596
400,2030,2,5_9,0.00016245
400,2031,2,5_9,0.00015915
400,2032,2,5_9,0.00015568
400,2033,2,5_9,0.00015248
400,2034,2,5_9,0.00014958
400,2035,2,5_9,0.00014665
400,2036,2,5_9,0.00014328
400,2037,2,5_9,0.00014022
400,2038,2,5_9,0.00013742
400,2039,2,5_9,0.00013458
400,2040,2,5_9,0.00013189
400,2041,2,5_9,0.00012936
400,2042,2,5_9,0.00012655
400,2043,2,5_9,0.00012419
400,2044,2,5_9,0.00012162
400,2045,2,5_9,0.00011911
400,2046,2,5_9,0.00011673
400,2047,2,5_9,0.00011451
400,2048,2,5_9,0.00011235
400,2049,2,5_9,0.00011038
400,2050,2,5_9,0.0001083
400,2051,2,5_9,0.00010639
400,2052,2,5_9,0.00010445
400,2053,2,5_9,0.00010244
400,2054,2,5_9,0.00010054
400,2055,2,5_9,9.869e-05
400,2056,2,5_9,9.698e-05
400,2057,2,5_9,9.509e-05
400,2058,2,5_9,9.342e-05
400,2059,2,5_9,9.165e-05
400,2060,2,5_9,8.993e-05
400,2061,2,5_9,8.84e-05
400,2062,2,5_9,8.677e-05
400,2063,2,5_9,8.533e-05
400,2064,2,5_9,8.388e-05
400,2065,2,5_9,8.245e-05
400,2066,2,5_9,8.095e-05
400,2067,2,5_9,7.963e-05
400,2068,2,5_9,7.83e-05
400,2069,2,5_9,7.705e-05
400,2070,2,5_9,7.577e-05
400,2071,2,5_9,7.436e-05
400,2072,2,5_9,7.319e-05
400,2073,2,5_9,7.202e-05
400,2074,2,5_9,7.083e-05
400,2075,2,5_9,6.95e-05
400,2076,2,5_9,6.836e-05
400,2077,2,5_9,6.722e-05
400,2078,2,5_9,6.615e-05
400,2079,2,5_9,6.507e-05
400,2080,2,5_9,6.406e-05
400,2081,2,5_9,6.306e-05
400,2082,2,5_9,6.196e-05
400,2083,2,5_9,6.098e-05
400,2084,2,5_9,6e-05
400,2085,2,5_9,5.898e-05
400,2086,2,5_9,5.812e-05
400,2087,2,5_9,5.725e-05
400,2088,2,5_9,5.638e-05
400,2089,2,5_9,5.552e-05
400,2090,2,5_9,5.461e-05
400,2091,2,5_9,5.38e-05
400,2092,2,5_9,5.297e-05
400,2093,2,5_9,5.219e-05
400,2094,2,5_9,5.132e-05
400,2095,2,5_9,5.042e-05
400,2096,2,5_9,4.961e-05
400,2097,2,5_9,4.882e-05
400,2098,2,5_9,4.81e-05
400,2099,2,5_9,4.732e-05
400,2100,2,5_9,4.65e-05
414,2024,2,5_9,0.00016077
414,2025,2,5_9,0.00015639
414,2026,2,5_9,0.00015163
414,2027,2,5_9,0.00014758
414,2028,2,5_9,0.00014377
414,2029,2,5_9,0.00013991
414,2030,2,5_9,0.00013632
414,2031,2,5_9,0.00013259
414,2032,2,5_9,0.0001291
414,2033,2,5_9,0.00012558
414,2034,2,5_9,0.00012234
414,2035,2,5_9,0.00011885
414,2036,2,5_9,0.00011581
414,2037,2,5_9,0.00011284
414,2038,2,5_9,0.00010982
414,2039,2,5_9,0.00010703
414,2040,2,5_9,0.00010429
414,2041,2,5_9,0.00010165
414,2042,2,5_9,9.911e-05
414,2043,2,5_9,9.658e-05
414,2044,2,5_9,9.421e-05
414,2045,2,5_9,9.186e-05
414,2046,2,5_9,8.975e-05
414,2047,2,5_9,8.768e-05
414,2048,2,5_9,8.559e-05
414,2049,2,5_9,8.349e-05
414,2050,2,5_9,8.156e-05
414,2051,2,5_9,7.968e-05
414,2052,2,5_9,7.782e-05
414,2053,2,5_9,7.607e-05
414,2054,2,5_9,7.427e-05
414,2055,2,5_9,7.249e-05
414,2056,2,5_9,7.093e-05
414,2057,2,5_9,6.935e-05
414,2058,2,5_9,6.789e-05
414,2059,2,5_9,6.649e-05
414,2060,2,5_9,6.503e-05
414,2061,2,5_9,6.349e-05
414,2062,2,5_9,6.214e-05
414,2063,2,5_9,6.08e-05
414,2064,2,5_9,5.954e-05
414,2065,2,5_9,5.833e-05
414,2066,2,5_9,5.712e-05
414,2067,2,5_9,5.584e-05
414,2068,2,5_9,5.469e-05
414,2069,2,5_9,5.354e-05
414,2070,2,5_9,5.235e-05
414,2071,2,5_9,5.124e-05
414,2072,2,5_9,5.014e-05
414,2073,2,5_9,4.912e-05
414,2074,2,5_9,4.803e-05
414,2075,2,5_9,4.702e-05
414,2076,2,5_9,4.606e-05
414,2077,2,5_9,4.504e-05
414,2078,2,5_9,4.41e-05
414,2079,2,5_9,4.313e-05
414,2080,2,5_9,4.22e-05
414,2081,2,5_9,4.132e-05
414,2082,2,5_9,4.049e-05
414,2083,2,5_9,3.956e-05
414,2084,2,5_9,3.878e-05
414,2085,2,5_9,3.796e-05
414,2086,2,5_9,3.715e-05
414,2087,2,5_9,3.635e-05
414,2088,2,5_9,3.564e-05
414,2089,2,5_9,3.494e-05
414,2090,2,5_9,3.427e-05
414,2091,2,5_9,3.357e-05
414,2092,2,5_9,3.295e-05
414,2093,2,5_9,3.228e-05
414,2094,2,5_9,3.162e-05
414,2095,2,5_9,3.095e-05
414,2096,2,5_9,3.037e-05
414,2097,2,5_9,2.98e-05
414,2098,2,5_9,2.922e-05
414,2099,2,5_9,2.868e-05
414,2100,2,5_9,2.806e-05
422,2024,2,5_9,0.00019678
422,2025,2,5_9,0.00019291
422,2026,2,5_9,0.0001893
422,2027,2,5_9,0.00018558
422,2028,2,5_9,0.00018177
422,2029,2,5_9,0.00017836
422,2030,2,5_9,0.00017508
422,2031,2,5_9,0.00017173
422,2032,2,5_9,0.00016847
422,2033,2,5_9,0.00016572
422,2034,2,5_9,0.0001625
422,2035,2,5_9,0.00015908
422,2036,2,5_9,0.00015619
422,2037,2,5_9,0.00015336
422,2038,2,5_9,0.00015045
422,2039,2,5_9,0.00014785
422,2040,2,5_9,0.00014507
422,2041,2,5_9,0.00014256
422,2042,2,5_9,0.00013986
422,2043,2,5_9,0.00013737
422,2044,2,5_9,0.000135
422,2045,2,5_9,0.00013254
422,2046,2,5_9,0.00013016
422,2047,2,5_9,0.00012786
422,2048,2,5_9,0.0001255
422,2049,2,5_9,0.00012327
422,2050,2,5_9,0.00012113
422,2051,2,5_9,0.00011912
422,2052,2,5_9,0.00011708
422,2053,2,5_9,0.00011507
422,2054,2,5_9,0.00011316
422,2055,2,5_9,0.00011129
422,2056,2,5_9,0.00010926
422,2057,2,5_9,0.00010738
422,2058,2,5_9,0.00010565
422,2059,2,5_9,0.00010399
422,2060,2,5_9,0.00010223
422,2061,2,5_9,0.00010061
422,2062,2,5_9,9.882e-05
422,2063,2,5_9,9.712e-05
422,2064,2,5_9,9.555e-05
422,2065,2,5_9,9.405e-05
422,2066,2,5_9,9.244e-05
422,2067,2,5_9,9.092e-05
422,2068,2,5_9,8.945e-05
422,2069,2,5_9,8.802e-05
422,2070,2,5_9,8.669e-05
422,2071,2,5_9,8.524e-05
422,2072,2,5_9,8.385e-05
422,2073,2,5_9,8.245e-05
422,2074,2,5_9,8.118e-05
422,2075,2,5_9,7.987e-05
422,2076,2,5_9,7.868e-05
422,2077,2,5_9,7.741e-05
422,2078,2,5_9,7.618e-05
422,2079,2,5_9,7.5e-05
422,2080,2,5_9,7.382e-05
422,2081,2,5_9,7.267e-05
422,2082,2,5_9,7.158e-05
422,2083,2,5_9,7.04e-05
422,2084,2,5_9,6.932e-05
422,2085,2,5_9,6.826e-05
422,2086,2,5_9,6.725e-05
422,2087,2,5_9,6.617e-05
422,2088,2,5_9,6.504e-05
422,2089,2,5_9,6.409e-05
422,2090,2,5_9,6.318e-05
422,2091,2,5_9,6.224e-05
422,2092,2,5_9,6.13e-05
422,2093,2,5_9,6.045e-05
422,2094,2,5_9,5.956e-05
422,2095,2,5_9,5.869e-05
422,2096,2,5_9,5.784e-05
422,2097,2,5_9,5.698e-05
422,2098,2,5_9,5.622e-05
422,2099,2,5_9,5.539e-05
422,2100,2,5_9,5.457e-05
512,2024,2,5_9,0.00024303
512,2025,2,5_9,0.00023608
512,2026,2,5_9,0.00022949
512,2027,2,5_9,0.00022304
512,2028,2,5_9,0.00021719
512,2029,2,5_9,0.00021131
512,2030,2,5_9,0.00020584
512,2031,2,5_9,0.00020044
512,2032,2,5_9,0.0001954
512,2033,2,5_9,0.00019026
512,2034,2,5_9,0.00018555
512,2035,2,5_9,0.00018071
512,2036,2,5_9,0.00017591
512,2037,2,5_9,0.00017158
512,2038,2,5_9,0.00016742
512,2039,2,5_9,0.00016308
512,2040,2,5_9,0.00015915
512,2041,2,5_9,0.0001551
512,2042,2,5_9,0.00015123
512,2043,2,5_9,0.00014754
512,2044,2,5_9,0.00014399
512,2045,2,5_9,0.00014067
512,2046,2,5_9,0.00013737
512,2047,2,5_9,0.000134
512,2048,2,5_9,0.00013088
512,2049,2,5_9,0.000128
512,2050,2,5_9,0.00012505
512,2051,2,5_9,0.00012232
512,2052,2,5_9,0.00011972
512,2053,2,5_9,0.00011696
512,2054,2,5_9,0.00011446
512,2055,2,5_9,0.00011203
512,2056,2,5_9,0.00010937
512,2057,2,5_9,0.00010693
512,2058,2,5_9,0.00010481
512,2059,2,5_9,0.00010269
512,2060,2,5_9,0.00010046
512,2061,2,5_9,9.835e-05
512,2062,2,5_9,9.623e-05
512,2063,2,5_9,9.422e-05
512,2064,2,5_9,9.225e-05
512,2065,2,5_9,9.045e-05
512,2066,2,5_9,8.856e-05
512,2067,2,5_9,8.683e-05
512,2068,2,5_9,8.498e-05
512,2069,2,5_9,8.324e-05
512,2070,2,5_9,8.151e-05
512,2071,2,5_9,8.005e-05
512,2072,2,5_9,7.843e-05
512,2073,2,5_9,7.686e-05
512,2074,2,5_9,7.524e-05
512,2075,2,5_9,7.375e-05
512,2076,2,5_9,7.218e-05
512,2077,2,5_9,7.076e-05
512,2078,2,5_9,6.939e-05
512,2079,2,5_9,6.806e-05
512,2080,2,5_9,6.669e-05
512,2081,2,5_9,6.529e-05
512,2082,2,5_9,6.407e-05
512,2083,2,5_9,6.276e-05
512,2084,2,5_9,6.156e-05
512,2085,2,5_9,6.031e-05
512,2086,2,5_9,5.919e-05
512,2087,2,5_9,5.8e-05
512,2088,2,5_9,5.681e-05
512,2089,2,5_9,5.563e-05
512,2090,2,5_9,5.466e-05
512,2091,2,5_9,5.365e-05
512,2092,2,5_9,5.261e-05
512,2093,2,5_9,5.167e-05
512,2094,2,5_9,5.067e-05
512,2095,2,5_9,4.973e-05
512,2096,2,5_9,4.883e-05
512,2097,2,5_9,4.783e-05
512,2098,2,5_9,4.687e-05
512,2099,2,5_9,4.606e-05
512,2100,2,5_9,4.516e-05
634,2024,2,5_9,0.00015949
634,2025,2,5_9,0.00015612
634,2026,2,5_9,0.00015287
634,2027,2,5_9,0.0001494
634,2028,2,5_9,0.00014629
634,2029,2,5_9,0.00014328
634,2030,2,5_9,0.00014026
634,2031,2,5_9,0.00013737
634,2032,2,5_9,0.0001343
634,2033,2,5_9,0.00013148
634,2034,2,5_9,0.00012889
634,2035,2,5_9,0.00012634
634,2036,2,5_9,0.00012365
634,2037,2,5_9,0.00012114
634,2038,2,5_9,0.00011865
634,2039,2,5_9,0.00011642
634,2040,2,5_9,0.00011415
634,2041,2,5_9,0.00011192
634,2042,2,5_9,0.00010982
634,2043,2,5_9,0.00010757
634,2044,2,5_9,0.00010547
634,2045,2,5_9,0.00010343
634,2046,2,5_9,0.00010144
634,2047,2,5_9,9.958e-05
634,2048,2,5_9,9.764e-05
634,2049,2,5_9,9.589e-05
634,2050,2,5_9,9.41e-05
634,2051,2,5_9,9.237e-05
634,2052,2,5_9,9.075e-05
634,2053,2,5_9,8.906e-05
634,2054,2,5_9,8.745e-05
634,2055,2,5_9,8.581e-05
634,2056,2,5_9,8.417e-05
634,2057,2,5_9,8.248e-05
634,2058,2,5_9,8.097e-05
634,2059,2,5_9,7.937e-05
634,2060,2,5_9,7.785e-05
634,2061,2,5_9,7.645e-05
634,2062,2,5_9,7.509e-05
634,2063,2,5_9,7.372e-05
634,2064,2,5_9,7.233e-05
634,2065,2,5_9,7.108e-05
634,2066,2,5_9,6.971e-05
634,2067,2,5_9,6.846e-05
634,2068,2,5_9,6.725e-05
634,2069,2,5_9,6.599e-05
634,2070,2,5_9,6.478e-05
634,2071,2,5_9,6.359e-05
634,2072,2,5_9,6.244e-05
634,2073,2,5_9,6.128e-05
634,2074,2,5_9,6.021e-05
634,2075,2,5_9,5.911e-05
634,2076,2,5_9,5.812e-05
634,2077,2,5_9,5.706e-05
634,2078,2,5_9,5.596e-05
634,2079,2,5_9,5.499e-05
634,2080,2,5_9,5.4e-05
634,2081,2,5_9,5.297e-05
634,2082,2,5_9,5.201e-05
634,2083,2,5_9,5.106e-05
634,2084,2,5_9,5.013e-05
634,2085,2,5_9,4.923e-05
634,2086,2,5_9,4.843e-05
634,2087,2,5_9,4.751e-05
634,2088,2,5_9,4.67e-05
634,2089,2,5_9,4.585e-05
634,2090,2,5_9,4.51e-05
634,2091,2,5_9,4.434e-05
634,2092,2,5_9,4.36e-05
634,2093,2,5_9,4.285e-05
634,2094,2,5_9,4.205e-05
634,2095,2,5_9,4.125e-05
634,2096,2,5_9,4.058e-05
634,2097,2,5_9,3.99e-05
634,2098,2,5_9,3.923e-05
634,2099,2,5_9,3.855e-05
634,2100,2,5_9,3.789e-05
682,2024,2,5_9,0.00022056
682,2025,2,5_9,0.0002139
682,2026,2,5_9,0.00020801
682,2027,2,5_9,0.00020186
682,2028,2,5_9,0.00019585
682,2029,2,5_9,0.00019012
682,2030,2,5_9,0.00018462
682,2031,2,5_9,0.0001791
682,2032,2,5_9,0.00017421
682,2033,2,5_9,0.00016914
682,2034,2,5_9,0.00016459
682,2035,2,5_9,0.00015991
682,2036,2,5_9,0.00015578
682,2037,2,5_9,0.00015145
682,2038,2,5_9,0.00014745
682,2039,2,5_9,0.00014364
682,2040,2,5_9,0.00013975
682,2041,2,5_9,0.00013612
682,2042,2,5_9,0.0001328
682,2043,2,5_9,0.00012947
682,2044,2,5_9,0.0001262
682,2045,2,5_9,0.00012307
682,2046,2,5_9,0.00012002
682,2047,2,5_9,0.00011692
682,2048,2,5_9,0.0001142
682,2049,2,5_9,0.00011167
682,2050,2,5_9,0.00010902
682,2051,2,5_9,0.00010642
682,2052,2,5_9,0.00010377
682,2053,2,5_9,0.00010132
682,2054,2,5_9,9.896e-05
682,2055,2,5_9,9.656e-05
682,2056,2,5_9,9.42e-05
682,2057,2,5_9,9.217e-05
682,2058,2,5_9,9.002e-05
682,2059,2,5_9,8.797e-05
682,2060,2,5_9,8.597e-05
682,2061,2,5_9,8.396e-05
682,2062,2,5_9,8.196e-05
682,2063,2,5_9,8.013e-05
682,2064,2,5_9,7.831e-05
682,2065,2,5_9,7.658e-05
682,2066,2,5_9,7.492e-05
682,2067,2,5_9,7.328e-05
682,2068,2,5_9,7.161e-05
682,2069,2,5_9,7.003e-05
682,2070,2,5_9,6.847e-05
682,2071,2,5_9,6.701e-05
682,2072,2,5_9,6.555e-05
682,2073,2,5_9,6.409e-05
682,2074,2,5_9,6.269e-05
682,2075,2,5_9,6.139e-05
682,2076,2,5_9,6.005e-05
682,2077,2,5_9,5.868e-05
682,2078,2,5_9,5.741e-05
682,2079,2,5_9,5.618e-05
682,2080,2,5_9,5.491e-05
682,2081,2,5_9,5.37e-05
682,2082,2,5_9,5.25e-05
682,2083,2,5_9,5.127e-05
682,2084,2,5_9,5.012e-05
682,2085,2,5_9,4.906e-05
682,2086,2,5_9,4.787e-05
682,2087,2,5_9,4.677e-05
682,2088,2,5_9,4.579e-05
682,2089,2,5_9,4.478e-05
682,2090,2,5_9,4.385e-05
682,2091,2,5_9,4.294e-05
682,2092,2,5_9,4.208e-05
682,2093,2,5_9,4.116e-05
682,2094,2,5_9,4.029e-05
682,2095,2,5_9,3.942e-05
682,2096,2,5_9,3.856e-05
682,2097,2,5_9,3.779e-05
682,2098,2,5_9,3.7e-05
682,2099,2,5_9,3.62e-05
682,2100,2,5_9,3.545e-05
275,2024,2,5_9,0.00035578
275,2025,2,5_9,0.0002791
275,2026,2,5_9,0.00020263
275,2027,2,5_9,0.00019792
275,2028,2,5_9,0.00019367
275,2029,2,5_9,0.00018935
275,2030,2,5_9,0.00018511
275,2031,2,5_9,0.00018063
275,2032,2,5_9,0.00017658
275,2033,2,5_9,0.0001729
275,2034,2,5_9,0.00016923
275,2035,2,5_9,0.00016548
275,2036,2,5_9,0.00016204
275,2037,2,5_9,0.00015853
275,2038,2,5_9,0.00015511
275,2039,2,5_9,0.00015185
275,2040,2,5_9,0.00014877
275,2041,2,5_9,0.00014571
275,2042,2,5_9,0.0001428
275,2043,2,5_9,0.00014006
275,2044,2,5_9,0.00013693
275,2045,2,5_9,0.00013408
275,2046,2,5_9,0.00013136
275,2047,2,5_9,0.00012864
275,2048,2,5_9,0.00012601
275,2049,2,5_9,0.00012371
275,2050,2,5_9,0.00012102
275,2051,2,5_9,0.00011858
275,2052,2,5_9,0.00011647
275,2053,2,5_9,0.00011431
275,2054,2,5_9,0.00011214
275,2055,2,5_9,0.00011021
275,2056,2,5_9,0.00010833
275,2057,2,5_9,0.0001064
275,2058,2,5_9,0.00010458
275,2059,2,5_9,0.0001028
275,2060,2,5_9,0.00010092
275,2061,2,5_9,9.894e-05
275,2062,2,5_9,9.712e-05
275,2063,2,5_9,9.534e-05
275,2064,2,5_9,9.378e-05
275,2065,2,5_9,9.213e-05
275,2066,2,5_9,9.054e-05
275,2067,2,5_9,8.907e-05
275,2068,2,5_9,8.762e-05
275,2069,2,5_9,8.622e-05
275,2070,2,5_9,8.488e-05
275,2071,2,5_9,8.349e-05
275,2072,2,5_9,8.218e-05
275,2073,2,5_9,8.093e-05
275,2074,2,5_9,7.962e-05
275,2075,2,5_9,7.826e-05
275,2076,2,5_9,7.704e-05
275,2077,2,5_9,7.579e-05
275,2078,2,5_9,7.464e-05
275,2079,2,5_9,7.336e-05
275,2080,2,5_9,7.225e-05
275,2081,2,5_9,7.113e-05
275,2082,2,5_9,7.013e-05
275,2083,2,5_9,6.896e-05
275,2084,2,5_9,6.796e-05
275,2085,2,5_9,6.687e-05
275,2086,2,5_9,6.58e-05
275,2087,2,5_9,6.475e-05
275,2088,2,5_9,6.381e-05
275,2089,2,5_9,6.283e-05
275,2090,2,5_9,6.196e-05
275,2091,2,5_9,6.112e-05
275,2092,2,5_9,6.032e-05
275,2093,2,5_9,5.95e-05
275,2094,2,5_9,5.87e-05
275,2095,2,5_9,5.788e-05
275,2096,2,5_9,5.709e-05
275,2097,2,5_9,5.631e-05
275,2098,2,5_9,5.554e-05
275,2099,2,5_9,5.482e-05
275,2100,2,5_9,5.404e-05
760,2024,2,5_9,0.0005935
760,2025,2,5_9,0.00055232
760,2026,2,5_9,0.00051314
760,2027,2,5_9,0.00049928
760,2028,2,5_9,0.00048651
760,2029,2,5_9,0.00047339
760,2030,2,5_9,0.00046021
760,2031,2,5_9,0.00044867
760,2032,2,5_9,0.00043619
760,2033,2,5_9,0.00042471
760,2034,2,5_9,0.00041355
760,2035,2,5_9,0.00040275
760,2036,2,5_9,0.00039283
760,2037,2,5_9,0.00038321
760,2038,2,5_9,0.00037309
760,2039,2,5_9,0.0003631
760,2040,2,5_9,0.00035396
760,2041,2,5_9,0.00034454
760,2042,2,5_9,0.00033547
760,2043,2,5_9,0.00032747
760,2044,2,5_9,0.00031894
760,2045,2,5_9,0.00031125
760,2046,2,5_9,0.00030321
760,2047,2,5_9,0.00029592
760,2048,2,5_9,0.00028896
760,2049,2,5_9,0.00028193
760,2050,2,5_9,0.00027549
760,2051,2,5_9,0.00026897
760,2052,2,5_9,0.00026223
760,2053,2,5_9,0.00025668
760,2054,2,5_9,0.00025064
760,2055,2,5_9,0.00024559
760,2056,2,5_9,0.00024016
760,2057,2,5_9,0.00023533
760,2058,2,5_9,0.00023057
760,2059,2,5_9,0.00022579
760,2060,2,5_9,0.00022126
760,2061,2,5_9,0.00021651
760,2062,2,5_9,0.00021209
760,2063,2,5_9,0.00020753
760,2064,2,5_9,0.00020327
760,2065,2,5_9,0.0001993
760,2066,2,5_9,0.00019501
760,2067,2,5_9,0.00019079
760,2068,2,5_9,0.0001871
760,2069,2,5_9,0.00018323
760,2070,2,5_9,0.00017976
760,2071,2,5_9,0.00017624
760,2072,2,5_9,0.00017252
760,2073,2,5_9,0.00016859
760,2074,2,5_9,0.00016508
760,2075,2,5_9,0.00016186
760,2076,2,5_9,0.0001585
760,2077,2,5_9,0.00015522
760,2078,2,5_9,0.00015208
760,2079,2,5_9,0.00014896
760,2080,2,5_9,0.00014594
760,2081,2,5_9,0.00014298
760,2082,2,5_9,0.00014031
760,2083,2,5_9,0.00013767
760,2084,2,5_9,0.00013508
760,2085,2,5_9,0.00013273
760,2086,2,5_9,0.00013021
760,2087,2,5_9,0.00012793
760,2088,2,5_9,0.00012571
760,2089,2,5_9,0.0001232
760,2090,2,5_9,0.00012104
760,2091,2,5_9,0.00011877
760,2092,2,5_9,0.0001166
760,2093,2,5_9,0.00011448
760,2094,2,5_9,0.00011228
760,2095,2,5_9,0.00011025
760,2096,2,5_9,0.00010829
760,2097,2,5_9,0.00010651
760,2098,2,5_9,0.00010466
760,2099,2,5_9,0.00010292
760,2100,2,5_9,0.00010129
792,2024,2,5_9,6.315e-05
792,2025,2,5_9,5.882e-05
792,2026,2,5_9,5.487e-05
792,2027,2,5_9,5.425e-05
792,2028,2,5_9,5.366e-05
792,2029,2,5_9,5.306e-05
792,2030,2,5_9,5.248e-05
792,2031,2,5_9,5.2e-05
792,2032,2,5_9,5.147e-05
792,2033,2,5_9,5.105e-05
792,2034,2,5_9,5.059e-05
792,2035,2,5_9,5.013e-05
792,2036,2,5_9,4.975e-05
792,2037,2,5_9,4.929e-05
792,2038,2,5_9,4.894e-05
792,2039,2,5_9,4.847e-05
792,2040,2,5_9,4.814e-05
792,2041,2,5_9,4.774e-05
792,2042,2,5_9,4.739e-05
792,2043,2,5_9,4.702e-05
792,2044,2,5_9,4.665e-05
792,2045,2,5_9,4.625e-05
792,2046,2,5_9,4.581e-05
792,2047,2,5_9,4.547e-05
792,2048,2,5_9,4.512e-05
792,2049,2,5_9,4.492e-05
792,2050,2,5_9,4.463e-05
792,2051,2,5_9,4.426e-05
792,2052,2,5_9,4.399e-05
792,2053,2,5_9,4.374e-05
792,2054,2,5_9,4.348e-05
792,2055,2,5_9,4.318e-05
792,2056,2,5_9,4.299e-05
792,2057,2,5_9,4.279e-05
792,2058,2,5_9,4.251e-05
792,2059,2,5_9,4.231e-05
792,2060,2,5_9,4.215e-05
792,2061,2,5_9,4.194e-05
792,2062,2,5_9,4.165e-05
792,2063,2,5_9,4.146e-05
792,2064,2,5_9,4.119e-05
792,2065,2,5_9,4.083e-05
792,2066,2,5_9,4.064e-05
792,2067,2,5_9,4.041e-05
792,2068,2,5_9,4.02e-05
792,2069,2,5_9,3.998e-05
792,2070,2,5_9,3.962e-05
792,2071,2,5_9,3.938e-05
792,2072,2,5_9,3.912e-05
792,2073,2,5_9,3.887e-05
792,2074,2,5_9,3.848e-05
792,2075,2,5_9,3.821e-05
792,2076,2,5_9,3.799e-05
792,2077,2,5_9,3.779e-05
792,2078,2,5_9,3.758e-05
792,2079,2,5_9,3.738e-05
792,2080,2,5_9,3.717e-05
792,2081,2,5_9,3.696e-05
792,2082,2,5_9,3.673e-05
792,2083,2,5_9,3.642e-05
792,2084,2,5_9,3.62e-05
792,2085,2,5_9,3.599e-05
792,2086,2,5_9,3.575e-05
792,2087,2,5_9,3.554e-05
792,2088,2,5_9,3.531e-05
792,2089,2,5_9,3.506e-05
792,2090,2,5_9,3.483e-05
792,2091,2,5_9,3.459e-05
792,2092,2,5_9,3.432e-05
792,2093,2,5_9,3.409e-05
792,2094,2,5_9,3.382e-05
792,2095,2,5_9,3.341e-05
792,2096,2,5_9,3.33e-05
792,2097,2,5_9,3.303e-05
792,2098,2,5_9,3.276e-05
792,2099,2,5_9,3.235e-05
792,2100,2,5_9,3.221e-05
784,2024,2,5_9,9.863e-05
784,2025,2,5_9,9.622e-05
784,2026,2,5_9,9.395e-05
784,2027,2,5_9,9.168e-05
784,2028,2,5_9,8.947e-05
784,2029,2,5_9,8.75e-05
784,2030,2,5_9,8.56e-05
784,2031,2,5_9,8.368e-05
784,2032,2,5_9,8.192e-05
784,2033,2,5_9,8.001e-05
784,2034,2,5_9,7.828e-05
784,2035,2,5_9,7.651e-05
784,2036,2,5_9,7.491e-05
784,2037,2,5_9,7.322e-05
784,2038,2,5_9,7.16e-05
784,2039,2,5_9,7.009e-05
784,2040,2,5_9,6.852e-05
784,2041,2,5_9,6.704e-05
784,2042,2,5_9,6.555e-05
784,2043,2,5_9,6.422e-05
784,2044,2,5_9,6.285e-05
784,2045,2,5_9,6.16e-05
784,2046,2,5_9,6.026e-05
784,2047,2,5_9,5.898e-05
784,2048,2,5_9,5.771e-05
784,2049,2,5_9,5.659e-05
784,2050,2,5_9,5.535e-05
784,2051,2,5_9,5.415e-05
784,2052,2,5_9,5.31e-05
784,2053,2,5_9,5.201e-05
784,2054,2,5_9,5.091e-05
784,2055,2,5_9,4.995e-05
784,2056,2,5_9,4.887e-05
784,2057,2,5_9,4.789e-05
784,2058,2,5_9,4.687e-05
784,2059,2,5_9,4.589e-05
784,2060,2,5_9,4.495e-05
784,2061,2,5_9,4.403e-05
784,2062,2,5_9,4.308e-05
784,2063,2,5_9,4.219e-05
784,2064,2,5_9,4.135e-05
784,2065,2,5_9,4.045e-05
784,2066,2,5_9,3.957e-05
784,2067,2,5_9,3.873e-05
784,2068,2,5_9,3.79e-05
784,2069,2,5_9,3.712e-05
784,2070,2,5_9,3.63e-05
784,2071,2,5_9,3.559e-05
784,2072,2,5_9,3.487e-05
784,2073,2,5_9,3.413e-05
784,2074,2,5_9,3.343e-05
784,2075,2,5_9,3.274e-05
784,2076,2,5_9,3.207e-05
784,2077,2,5_9,3.146e-05
784,2078,2,5_9,3.087e-05
784,2079,2,5_9,3.028e-05
784,2080,2,5_9,2.97e-05
784,2081,2,5_9,2.91e-05
784,2082,2,5_9,2.854e-05
784,2083,2,5_9,2.797e-05
784,2084,2,5_9,2.743e-05
784,2085,2,5_9,2.687e-05
784,2086,2,5_9,2.633e-05
784,2087,2,5_9,2.582e-05
784,2088,2,5_9,2.533e-05
784,2089,2,5_9,2.483e-05
784,2090,2,5_9,2.435e-05
784,2091,2,5_9,2.391e-05
784,2092,2,5_9,2.35e-05
784,2093,2,5_9,2.308e-05
784,2094,2,5_9,2.262e-05
784,2095,2,5_9,2.223e-05
784,2096,2,5_9,2.18e-05
784,2097,2,5_9,2.138e-05
784,2098,2,5_9,2.1e-05
784,2099,2,5_9,2.059e-05
784,2100,2,5_9,2.018e-05
887,2024,2,5_9,0.00051809
887,2025,2,5_9,0.00050474
887,2026,2,5_9,0.00049129
887,2027,2,5_9,0.00047825
887,2028,2,5_9,0.00046606
887,2029,2,5_9,0.00045348
887,2030,2,5_9,0.00044162
887,2031,2,5_9,0.00042968
887,2032,2,5_9,0.00041877
887,2033,2,5_9,0.00040844
887,2034,2,5_9,0.00039774
887,2035,2,5_9,0.00038779
887,2036,2,5_9,0.00037794
887,2037,2,5_9,0.00036843
887,2038,2,5_9,0.00035818
887,2039,2,5_9,0.0003494
887,2040,2,5_9,0.00034037
887,2041,2,5_9,0.00033113
887,2042,2,5_9,0.00032298
887,2043,2,5_9,0.00031404
887,2044,2,5_9,0.00030524
887,2045,2,5_9,0.00029754
887,2046,2,5_9,0.00028916
887,2047,2,5_9,0.00028318
887,2048,2,5_9,0.00027718
887,2049,2,5_9,0.0002726
887,2050,2,5_9,0.00026802
887,2051,2,5_9,0.00026383
887,2052,2,5_9,0.0002591
887,2053,2,5_9,0.0002552
887,2054,2,5_9,0.00025114
887,2055,2,5_9,0.00024717
887,2056,2,5_9,0.00024373
887,2057,2,5_9,0.00023992
887,2058,2,5_9,0.0002366
887,2059,2,5_9,0.00023301
887,2060,2,5_9,0.00022971
887,2061,2,5_9,0.00022611
887,2062,2,5_9,0.00022263
887,2063,2,5_9,0.00021942
887,2064,2,5_9,0.00021597
887,2065,2,5_9,0.0002128
887,2066,2,5_9,0.00020951
887,2067,2,5_9,0.00020645
887,2068,2,5_9,0.00020294
887,2069,2,5_9,0.00020031
887,2070,2,5_9,0.0001973
887,2071,2,5_9,0.00019451
887,2072,2,5_9,0.0001917
887,2073,2,5_9,0.00018911
887,2074,2,5_9,0.00018657
887,2075,2,5_9,0.00018399
887,2076,2,5_9,0.00018167
887,2077,2,5_9,0.00017951
887,2078,2,5_9,0.00017694
887,2079,2,5_9,0.00017487
887,2080,2,5_9,0.00017284
887,2081,2,5_9,0.00017063
887,2082,2,5_9,0.00016857
887,2083,2,5_9,0.00016665
887,2084,2,5_9,0.0001646
887,2085,2,5_9,0.00016257
887,2086,2,5_9,0.00016059
887,2087,2,5_9,0.00015876
887,2088,2,5_9,0.00015692
887,2089,2,5_9,0.00015508
887,2090,2,5_9,0.00015321
887,2091,2,5_9,0.00015145
887,2092,2,5_9,0.00015002
887,2093,2,5_9,0.00014854
887,2094,2,5_9,0.00014706
887,2095,2,5_9,0.00014549
887,2096,2,5_9,0.00014411
887,2097,2,5_9,0.00014291
887,2098,2,5_9,0.0001415
887,2099,2,5_9,0.00014014
887,2100,2,5_9,0.00013869
112,2024,2,5_9,7.389e-05
112,2025,2,5_9,7.111e-05
112,2026,2,5_9,6.914e-05
112,2027,2,5_9,6.731e-05
112,2028,2,5_9,6.551e-05
112,2029,2,5_9,6.384e-05
112,2030,2,5_9,6.224e-05
112,2031,2,5_9,6.084e-05
112,2032,2,5_9,5.933e-05
112,2033,2,5_9,5.791e-05
112,2034,2,5_9,5.649e-05
112,2035,2,5_9,5.511e-05
112,2036,2,5_9,5.386e-05
112,2037,2,5_9,5.261e-05
112,2038,2,5_9,5.135e-05
112,2039,2,5_9,5.01e-05
112,2040,2,5_9,4.901e-05
112,2041,2,5_9,4.783e-05
112,2042,2,5_9,4.671e-05
112,2043,2,5_9,4.562e-05
112,2044,2,5_9,4.465e-05
112,2045,2,5_9,4.358e-05
112,2046,2,5_9,4.26e-05
112,2047,2,5_9,4.163e-05
112,2048,2,5_9,4.08e-05
112,2049,2,5_9,3.986e-05
112,2050,2,5_9,3.906e-05
112,2051,2,5_9,3.835e-05
112,2052,2,5_9,3.762e-05
112,2053,2,5_9,3.685e-05
112,2054,2,5_9,3.614e-05
112,2055,2,5_9,3.543e-05
112,2056,2,5_9,3.476e-05
112,2057,2,5_9,3.409e-05
112,2058,2,5_9,3.346e-05
112,2059,2,5_9,3.281e-05
112,2060,2,5_9,3.225e-05
112,2061,2,5_9,3.163e-05
112,2062,2,5_9,3.1e-05
112,2063,2,5_9,3.039e-05
112,2064,2,5_9,2.98e-05
112,2065,2,5_9,2.918e-05
112,2066,2,5_9,2.863e-05
112,2067,2,5_9,2.812e-05
112,2068,2,5_9,2.753e-05
112,2069,2,5_9,2.7e-05
112,2070,2,5_9,2.653e-05
112,2071,2,5_9,2.61e-05
112,2072,2,5_9,2.563e-05
112,2073,2,5_9,2.522e-05
112,2074,2,5_9,2.476e-05
112,2075,2,5_9,2.435e-05
112,2076,2,5_9,2.392e-05
112,2077,2,5_9,2.353e-05
112,2078,2,5_9,2.313e-05
112,2079,2,5_9,2.276e-05
112,2080,2,5_9,2.242e-05
112,2081,2,5_9,2.202e-05
112,2082,2,5_9,2.164e-05
112,2083,2,5_9,2.124e-05
112,2084,2,5_9,2.091e-05
112,2085,2,5_9,2.059e-05
112,2086,2,5_9,2.027e-05
112,2087,2,5_9,1.99e-05
112,2088,2,5_9,1.957e-05
112,2089,2,5_9,1.926e-05
112,2090,2,5_9,1.893e-05
112,2091,2,5_9,1.863e-05
112,2092,2,5_9,1.835e-05
112,2093,2,5_9,1.802e-05
112,2094,2,5_9,1.773e-05
112,2095,2,5_9,1.746e-05
112,2096,2,5_9,1.719e-05
112,2097,2,5_9,1.693e-05
112,2098,2,5_9,1.664e-05
112,2099,2,5_9,1.638e-05
112,2100,2,5_9,1.612e-05
100,2024,2,5_9,0.00011226
100,2025,2,5_9,0.00010935
100,2026,2,5_9,0.00010654
100,2027,2,5_9,0.00010411
100,2028,2,5_9,0.00010154
100,2029,2,5_9,9.931e-05
100,2030,2,5_9,9.696e-05
100,2031,2,5_9,9.49e-05
100,2032,2,5_9,9.28e-05
100,2033,2,5_9,9.063e-05
100,2034,2,5_9,8.872e-05
100,2035,2,5_9,8.686e-05
100,2036,2,5_9,8.485e-05
100,2037,2,5_9,8.309e-05
100,2038,2,5_9,8.135e-05
100,2039,2,5_9,7.971e-05
100,2040,2,5_9,7.809e-05
100,2041,2,5_9,7.663e-05
100,2042,2,5_9,7.523e-05
100,2043,2,5_9,7.382e-05
100,2044,2,5_9,7.248e-05
100,2045,2,5_9,7.12e-05
100,2046,2,5_9,6.993e-05
100,2047,2,5_9,6.863e-05
100,2048,2,5_9,6.752e-05
100,2049,2,5_9,6.629e-05
100,2050,2,5_9,6.516e-05
100,2051,2,5_9,6.409e-05
100,2052,2,5_9,6.302e-05
100,2053,2,5_9,6.187e-05
100,2054,2,5_9,6.093e-05
100,2055,2,5_9,5.983e-05
100,2056,2,5_9,5.872e-05
100,2057,2,5_9,5.761e-05
100,2058,2,5_9,5.666e-05
100,2059,2,5_9,5.57e-05
100,2060,2,5_9,5.481e-05
100,2061,2,5_9,5.388e-05
100,2062,2,5_9,5.293e-05
100,2063,2,5_9,5.198e-05
100,2064,2,5_9,5.105e-05
100,2065,2,5_9,5.021e-05
100,2066,2,5_9,4.935e-05
100,2067,2,5_9,4.854e-05
100,2068,2,5_9,4.78e-05
100,2069,2,5_9,4.71e-05
100,2070,2,5_9,4.641e-05
100,2071,2,5_9,4.571e-05
100,2072,2,5_9,4.511e-05
100,2073,2,5_9,4.445e-05
100,2074,2,5_9,4.381e-05
100,2075,2,5_9,4.317e-05
100,2076,2,5_9,4.25e-05
100,2077,2,5_9,4.187e-05
100,2078,2,5_9,4.121e-05
100,2079,2,5_9,4.063e-05
100,2080,2,5_9,4.009e-05
100,2081,2,5_9,3.957e-05
100,2082,2,5_9,3.902e-05
100,2083,2,5_9,3.848e-05
100,2084,2,5_9,3.785e-05
100,2085,2,5_9,3.735e-05
100,2086,2,5_9,3.682e-05
100,2087,2,5_9,3.629e-05
100,2088,2,5_9,3.577e-05
100,2089,2,5_9,3.516e-05
100,2090,2,5_9,3.465e-05
100,2091,2,5_9,3.414e-05
100,2092,2,5_9,3.367e-05
100,2093,2,5_9,3.326e-05
100,2094,2,5_9,3.281e-05
100,2095,2,5_9,3.24e-05
100,2096,2,5_9,3.196e-05
100,2097,2,5_9,3.15e-05
100,2098,2,5_9,3.099e-05
100,2099,2,5_9,3.054e-05
100,2100,2,5_9,3.014e-05
203,2024,2,5_9,7.077e-05
203,2025,2,5_9,6.943e-05
203,2026,2,5_9,6.799e-05
203,2027,2,5_9,6.658e-05
203,2028,2,5_9,6.531e-05
203,2029,2,5_9,6.392e-05
203,2030,2,5_9,6.265e-05
203,2031,2,5_9,6.132e-05
203,2032,2,5_9,6.002e-05
203,2033,2,5_9,5.876e-05
203,2034,2,5_9,5.765e-05
203,2035,2,5_9,5.639e-05
203,2036,2,5_9,5.517e-05
203,2037,2,5_9,5.398e-05
203,2038,2,5_9,5.285e-05
203,2039,2,5_9,5.17e-05
203,2040,2,5_9,5.063e-05
203,2041,2,5_9,4.96e-05
203,2042,2,5_9,4.857e-05
203,2043,2,5_9,4.761e-05
203,2044,2,5_9,4.665e-05
203,2045,2,5_9,4.575e-05
203,2046,2,5_9,4.492e-05
203,2047,2,5_9,4.404e-05
203,2048,2,5_9,4.313e-05
203,2049,2,5_9,4.235e-05
203,2050,2,5_9,4.149e-05
203,2051,2,5_9,4.073e-05
203,2052,2,5_9,3.99e-05
203,2053,2,5_9,3.912e-05
203,2054,2,5_9,3.833e-05
203,2055,2,5_9,3.756e-05
203,2056,2,5_9,3.675e-05
203,2057,2,5_9,3.6e-05
203,2058,2,5_9,3.53e-05
203,2059,2,5_9,3.465e-05
203,2060,2,5_9,3.392e-05
203,2061,2,5_9,3.32e-05
203,2062,2,5_9,3.256e-05
203,2063,2,5_9,3.189e-05
203,2064,2,5_9,3.121e-05
203,2065,2,5_9,3.061e-05
203,2066,2,5_9,2.994e-05
203,2067,2,5_9,2.933e-05
203,2068,2,5_9,2.871e-05
203,2069,2,5_9,2.813e-05
203,2070,2,5_9,2.754e-05
203,2071,2,5_9,2.69e-05
203,2072,2,5_9,2.634e-05
203,2073,2,5_9,2.58e-05
203,2074,2,5_9,2.526e-05
203,2075,2,5_9,2.472e-05
203,2076,2,5_9,2.424e-05
203,2077,2,5_9,2.374e-05
203,2078,2,5_9,2.33e-05
203,2079,2,5_9,2.278e-05
203,2080,2,5_9,2.231e-05
203,2081,2,5_9,2.186e-05
203,2082,2,5_9,2.14e-05
203,2083,2,5_9,2.097e-05
203,2084,2,5_9,2.054e-05
203,2085,2,5_9,2.01e-05
203,2086,2,5_9,1.966e-05
203,2087,2,5_9,1.925e-05
203,2088,2,5_9,1.887e-05
203,2089,2,5_9,1.849e-05
203,2090,2,5_9,1.809e-05
203,2091,2,5_9,1.775e-05
203,2092,2,5_9,1.739e-05
203,2093,2,5_9,1.706e-05
203,2094,2,5_9,1.673e-05
203,2095,2,5_9,1.64e-05
203,2096,2,5_9,1.606e-05
203,2097,2,5_9,1.575e-05
203,2098,2,5_9,1.541e-05
203,2099,2,5_9,1.511e-05
203,2100,2,5_9,1.481e-05
348,2024,2,5_9,7.967e-05
348,2025,2,5_9,7.771e-05
348,2026,2,5_9,7.582e-05
348,2027,2,5_9,7.387e-05
348,2028,2,5_9,7.216e-05
348,2029,2,5_9,7.036e-05
348,2030,2,5_9,6.886e-05
348,2031,2,5_9,6.745e-05
348,2032,2,5_9,6.601e-05
348,2033,2,5_9,6.45e-05
348,2034,2,5_9,6.303e-05
348,2035,2,5_9,6.172e-05
348,2036,2,5_9,6.03e-05
348,2037,2,5_9,5.903e-05
348,2038,2,5_9,5.783e-05
348,2039,2,5_9,5.655e-05
348,2040,2,5_9,5.535e-05
348,2041,2,5_9,5.421e-05
348,2042,2,5_9,5.305e-05
348,2043,2,5_9,5.196e-05
348,2044,2,5_9,5.093e-05
348,2045,2,5_9,4.981e-05
348,2046,2,5_9,4.868e-05
348,2047,2,5_9,4.766e-05
348,2048,2,5_9,4.657e-05
348,2049,2,5_9,4.556e-05
348,2050,2,5_9,4.454e-05
348,2051,2,5_9,4.358e-05
348,2052,2,5_9,4.267e-05
348,2053,2,5_9,4.177e-05
348,2054,2,5_9,4.092e-05
348,2055,2,5_9,4.002e-05
348,2056,2,5_9,3.915e-05
348,2057,2,5_9,3.843e-05
348,2058,2,5_9,3.763e-05
348,2059,2,5_9,3.685e-05
348,2060,2,5_9,3.61e-05
348,2061,2,5_9,3.543e-05
348,2062,2,5_9,3.479e-05
348,2063,2,5_9,3.418e-05
348,2064,2,5_9,3.349e-05
348,2065,2,5_9,3.284e-05
348,2066,2,5_9,3.227e-05
348,2067,2,5_9,3.164e-05
348,2068,2,5_9,3.099e-05
348,2069,2,5_9,3.039e-05
348,2070,2,5_9,2.978e-05
348,2071,2,5_9,2.92e-05
348,2072,2,5_9,2.863e-05
348,2073,2,5_9,2.802e-05
348,2074,2,5_9,2.748e-05
348,2075,2,5_9,2.694e-05
348,2076,2,5_9,2.642e-05
348,2077,2,5_9,2.586e-05
348,2078,2,5_9,2.535e-05
348,2079,2,5_9,2.485e-05
348,2080,2,5_9,2.432e-05
348,2081,2,5_9,2.387e-05
348,2082,2,5_9,2.34e-05
348,2083,2,5_9,2.292e-05
348,2084,2,5_9,2.25e-05
348,2085,2,5_9,2.209e-05
348,2086,2,5_9,2.162e-05
348,2087,2,5_9,2.12e-05
348,2088,2,5_9,2.079e-05
348,2089,2,5_9,2.039e-05
348,2090,2,5_9,1.998e-05
348,2091,2,5_9,1.963e-05
348,2092,2,5_9,1.925e-05
348,2093,2,5_9,1.886e-05
348,2094,2,5_9,1.85e-05
348,2095,2,5_9,1.817e-05
348,2096,2,5_9,1.783e-05
348,2097,2,5_9,1.744e-05
348,2098,2,5_9,1.711e-05
348,2099,2,5_9,1.677e-05
348,2100,2,5_9,1.64e-05
616,2024,2,5_9,6.95e-05
616,2025,2,5_9,6.802e-05
616,2026,2,5_9,6.656e-05
616,2027,2,5_9,6.497e-05
616,2028,2,5_9,6.359e-05
616,2029,2,5_9,6.225e-05
616,2030,2,5_9,6.082e-05
616,2031,2,5_9,5.952e-05
616,2032,2,5_9,5.826e-05
616,2033,2,5_9,5.7e-05
616,2034,2,5_9,5.57e-05
616,2035,2,5_9,5.451e-05
616,2036,2,5_9,5.336e-05
616,2037,2,5_9,5.222e-05
616,2038,2,5_9,5.106e-05
616,2039,2,5_9,5.001e-05
616,2040,2,5_9,4.885e-05
616,2041,2,5_9,4.777e-05
616,2042,2,5_9,4.666e-05
616,2043,2,5_9,4.56e-05
616,2044,2,5_9,4.454e-05
616,2045,2,5_9,4.364e-05
616,2046,2,5_9,4.275e-05
616,2047,2,5_9,4.188e-05
616,2048,2,5_9,4.096e-05
616,2049,2,5_9,4.016e-05
616,2050,2,5_9,3.936e-05
616,2051,2,5_9,3.86e-05
616,2052,2,5_9,3.785e-05
616,2053,2,5_9,3.71e-05
616,2054,2,5_9,3.637e-05
616,2055,2,5_9,3.567e-05
616,2056,2,5_9,3.502e-05
616,2057,2,5_9,3.432e-05
616,2058,2,5_9,3.367e-05
616,2059,2,5_9,3.303e-05
616,2060,2,5_9,3.234e-05
616,2061,2,5_9,3.174e-05
616,2062,2,5_9,3.114e-05
616,2063,2,5_9,3.052e-05
616,2064,2,5_9,2.989e-05
616,2065,2,5_9,2.934e-05
616,2066,2,5_9,2.877e-05
616,2067,2,5_9,2.823e-05
616,2068,2,5_9,2.766e-05
616,2069,2,5_9,2.712e-05
616,2070,2,5_9,2.662e-05
616,2071,2,5_9,2.605e-05
616,2072,2,5_9,2.552e-05
616,2073,2,5_9,2.501e-05
616,2074,2,5_9,2.449e-05
616,2075,2,5_9,2.395e-05
616,2076,2,5_9,2.346e-05
616,2077,2,5_9,2.298e-05
616,2078,2,5_9,2.251e-05
616,2079,2,5_9,2.207e-05
616,2080,2,5_9,2.162e-05
616,2081,2,5_9,2.111e-05
616,2082,2,5_9,2.069e-05
616,2083,2,5_9,2.027e-05
616,2084,2,5_9,1.99e-05
616,2085,2,5_9,1.953e-05
616,2086,2,5_9,1.916e-05
616,2087,2,5_9,1.881e-05
616,2088,2,5_9,1.846e-05
616,2089,2,5_9,1.81e-05
616,2090,2,5_9,1.776e-05
616,2091,2,5_9,1.746e-05
616,2092,2,5_9,1.715e-05
616,2093,2,5_9,1.683e-05
616,2094,2,5_9,1.653e-05
616,2095,2,5_9,1.622e-05
616,2096,2,5_9,1.594e-05
616,2097,2,5_9,1.565e-05
616,2098,2,5_9,1.537e-05
616,2099,2,5_9,1.506e-05
616,2100,2,5_9,1.478e-05
498,2024,2,5_9,0.00017513
498,2025,2,5_9,0.00017102
498,2026,2,5_9,0.00016674
498,2027,2,5_9,0.0001624
498,2028,2,5_9,0.00015814
498,2029,2,5_9,0.00015363
498,2030,2,5_9,0.00014952
498,2031,2,5_9,0.00014582
498,2032,2,5_9,0.00014257
498,2033,2,5_9,0.00013867
498,2034,2,5_9,0.00013516
498,2035,2,5_9,0.00013184
498,2036,2,5_9,0.00012852
498,2037,2,5_9,0.00012539
498,2038,2,5_9,0.00012206
498,2039,2,5_9,0.00011909
498,2040,2,5_9,0.00011598
498,2041,2,5_9,0.00011321
498,2042,2,5_9,0.00011024
498,2043,2,5_9,0.00010765
498,2044,2,5_9,0.00010502
498,2045,2,5_9,0.00010263
498,2046,2,5_9,0.00010091
498,2047,2,5_9,9.934e-05
498,2048,2,5_9,9.772e-05
498,2049,2,5_9,9.619e-05
498,2050,2,5_9,9.474e-05
498,2051,2,5_9,9.327e-05
498,2052,2,5_9,9.191e-05
498,2053,2,5_9,9.056e-05
498,2054,2,5_9,8.912e-05
498,2055,2,5_9,8.782e-05
498,2056,2,5_9,8.656e-05
498,2057,2,5_9,8.525e-05
498,2058,2,5_9,8.408e-05
498,2059,2,5_9,8.292e-05
498,2060,2,5_9,8.177e-05
498,2061,2,5_9,8.066e-05
498,2062,2,5_9,7.962e-05
498,2063,2,5_9,7.855e-05
498,2064,2,5_9,7.767e-05
498,2065,2,5_9,7.66e-05
498,2066,2,5_9,7.553e-05
498,2067,2,5_9,7.456e-05
498,2068,2,5_9,7.338e-05
498,2069,2,5_9,7.254e-05
498,2070,2,5_9,7.167e-05
498,2071,2,5_9,7.058e-05
498,2072,2,5_9,6.962e-05
498,2073,2,5_9,6.861e-05
498,2074,2,5_9,6.775e-05
498,2075,2,5_9,6.692e-05
498,2076,2,5_9,6.623e-05
498,2077,2,5_9,6.549e-05
498,2078,2,5_9,6.468e-05
498,2079,2,5_9,6.395e-05
498,2080,2,5_9,6.326e-05
498,2081,2,5_9,6.253e-05
498,2082,2,5_9,6.171e-05
498,2083,2,5_9,6.103e-05
498,2084,2,5_9,6.039e-05
498,2085,2,5_9,5.97e-05
498,2086,2,5_9,5.892e-05
498,2087,2,5_9,5.828e-05
498,2088,2,5_9,5.767e-05
498,2089,2,5_9,5.707e-05
498,2090,2,5_9,5.643e-05
498,2091,2,5_9,5.582e-05
498,2092,2,5_9,5.51e-05
498,2093,2,5_9,5.445e-05
498,2094,2,5_9,5.384e-05
498,2095,2,5_9,5.32e-05
498,2096,2,5_9,5.25e-05
498,2097,2,5_9,5.19e-05
498,2098,2,5_9,5.129e-05
498,2099,2,5_9,5.074e-05
498,2100,2,5_9,5.013e-05
642,2024,2,5_9,0.00011629
642,2025,2,5_9,0.00011357
642,2026,2,5_9,0.00011077
642,2027,2,5_9,0.00010848
642,2028,2,5_9,0.00010587
642,2029,2,5_9,0.0001035
642,2030,2,5_9,0.00010116
642,2031,2,5_9,9.878e-05
642,2032,2,5_9,9.663e-05
642,2033,2,5_9,9.454e-05
642,2034,2,5_9,9.27e-05
642,2035,2,5_9,9.054e-05
642,2036,2,5_9,8.861e-05
642,2037,2,5_9,8.678e-05
642,2038,2,5_9,8.496e-05
642,2039,2,5_9,8.348e-05
642,2040,2,5_9,8.178e-05
642,2041,2,5_9,8.025e-05
642,2042,2,5_9,7.871e-05
642,2043,2,5_9,7.714e-05
642,2044,2,5_9,7.572e-05
642,2045,2,5_9,7.417e-05
642,2046,2,5_9,7.282e-05
642,2047,2,5_9,7.134e-05
642,2048,2,5_9,7.004e-05
642,2049,2,5_9,6.873e-05
642,2050,2,5_9,6.747e-05
642,2051,2,5_9,6.618e-05
642,2052,2,5_9,6.493e-05
642,2053,2,5_9,6.365e-05
642,2054,2,5_9,6.245e-05
642,2055,2,5_9,6.12e-05
642,2056,2,5_9,6.005e-05
642,2057,2,5_9,5.898e-05
642,2058,2,5_9,5.78e-05
642,2059,2,5_9,5.672e-05
642,2060,2,5_9,5.557e-05
642,2061,2,5_9,5.458e-05
642,2062,2,5_9,5.355e-05
642,2063,2,5_9,5.248e-05
642,2064,2,5_9,5.146e-05
642,2065,2,5_9,5.045e-05
642,2066,2,5_9,4.955e-05
642,2067,2,5_9,4.871e-05
642,2068,2,5_9,4.799e-05
642,2069,2,5_9,4.709e-05
642,2070,2,5_9,4.622e-05
642,2071,2,5_9,4.553e-05
642,2072,2,5_9,4.481e-05
642,2073,2,5_9,4.412e-05
642,2074,2,5_9,4.333e-05
642,2075,2,5_9,4.264e-05
642,2076,2,5_9,4.186e-05
642,2077,2,5_9,4.116e-05
642,2078,2,5_9,4.054e-05
642,2079,2,5_9,3.988e-05
642,2080,2,5_9,3.919e-05
642,2081,2,5_9,3.852e-05
642,2082,2,5_9,3.793e-05
642,2083,2,5_9,3.727e-05
642,2084,2,5_9,3.669e-05
642,2085,2,5_9,3.609e-05
642,2086,2,5_9,3.55e-05
642,2087,2,5_9,3.482e-05
642,2088,2,5_9,3.425e-05
642,2089,2,5_9,3.37e-05
642,2090,2,5_9,3.32e-05
642,2091,2,5_9,3.259e-05
642,2092,2,5_9,3.21e-05
642,2093,2,5_9,3.159e-05
642,2094,2,5_9,3.102e-05
642,2095,2,5_9,3.057e-05
642,2096,2,5_9,3.008e-05
642,2097,2,5_9,2.959e-05
642,2098,2,5_9,2.914e-05
642,2099,2,5_9,2.87e-05
642,2100,2,5_9,2.82e-05
643,2024,2,5_9,0.00011786
643,2025,2,5_9,0.00011384
643,2026,2,5_9,0.0001102
643,2027,2,5_9,0.00010666
643,2028,2,5_9,0.00010307
643,2029,2,5_9,9.986e-05
643,2030,2,5_9,9.644e-05
643,2031,2,5_9,9.377e-05
643,2032,2,5_9,9.096e-05
643,2033,2,5_9,8.796e-05
643,2034,2,5_9,8.527e-05
643,2035,2,5_9,8.268e-05
643,2036,2,5_9,8.063e-05
643,2037,2,5_9,7.9e-05
643,2038,2,5_9,7.726e-05
643,2039,2,5_9,7.571e-05
643,2040,2,5_9,7.405e-05
643,2041,2,5_9,7.24e-05
643,2042,2,5_9,7.093e-05
643,2043,2,5_9,6.938e-05
643,2044,2,5_9,6.785e-05
643,2045,2,5_9,6.636e-05
643,2046,2,5_9,6.505e-05
643,2047,2,5_9,6.383e-05
643,2048,2,5_9,6.245e-05
643,2049,2,5_9,6.123e-05
643,2050,2,5_9,6.005e-05
643,2051,2,5_9,5.879e-05
643,2052,2,5_9,5.751e-05
643,2053,2,5_9,5.626e-05
643,2054,2,5_9,5.517e-05
643,2055,2,5_9,5.4e-05
643,2056,2,5_9,5.289e-05
643,2057,2,5_9,5.187e-05
643,2058,2,5_9,5.078e-05
643,2059,2,5_9,4.984e-05
643,2060,2,5_9,4.886e-05
643,2061,2,5_9,4.8e-05
643,2062,2,5_9,4.71e-05
643,2063,2,5_9,4.62e-05
643,2064,2,5_9,4.532e-05
643,2065,2,5_9,4.441e-05
643,2066,2,5_9,4.366e-05
643,2067,2,5_9,4.285e-05
643,2068,2,5_9,4.204e-05
643,2069,2,5_9,4.121e-05
643,2070,2,5_9,4.049e-05
643,2071,2,5_9,3.979e-05
643,2072,2,5_9,3.914e-05
643,2073,2,5_9,3.846e-05
643,2074,2,5_9,3.781e-05
643,2075,2,5_9,3.715e-05
643,2076,2,5_9,3.65e-05
643,2077,2,5_9,3.587e-05
643,2078,2,5_9,3.524e-05
643,2079,2,5_9,3.465e-05
643,2080,2,5_9,3.404e-05
643,2081,2,5_9,3.349e-05
643,2082,2,5_9,3.29e-05
643,2083,2,5_9,3.233e-05
643,2084,2,5_9,3.172e-05
643,2085,2,5_9,3.115e-05
643,2086,2,5_9,3.061e-05
643,2087,2,5_9,3.006e-05
643,2088,2,5_9,2.95e-05
643,2089,2,5_9,2.9e-05
643,2090,2,5_9,2.852e-05
643,2091,2,5_9,2.806e-05
643,2092,2,5_9,2.758e-05
643,2093,2,5_9,2.708e-05
643,2094,2,5_9,2.665e-05
643,2095,2,5_9,2.626e-05
643,2096,2,5_9,2.583e-05
643,2097,2,5_9,2.541e-05
643,2098,2,5_9,2.498e-05
643,2099,2,5_9,2.456e-05
643,2100,2,5_9,2.412e-05
703,2024,2,5_9,9.325e-05
703,2025,2,5_9,9.115e-05
703,2026,2,5_9,8.924e-05
703,2027,2,5_9,8.718e-05
703,2028,2,5_9,8.535e-05
703,2029,2,5_9,8.353e-05
703,2030,2,5_9,8.162e-05
703,2031,2,5_9,7.989e-05
703,2032,2,5_9,7.806e-05
703,2033,2,5_9,7.636e-05
703,2034,2,5_9,7.464e-05
703,2035,2,5_9,7.301e-05
703,2036,2,5_9,7.158e-05
703,2037,2,5_9,7.011e-05
703,2038,2,5_9,6.873e-05
703,2039,2,5_9,6.743e-05
703,2040,2,5_9,6.6e-05
703,2041,2,5_9,6.471e-05
703,2042,2,5_9,6.335e-05
703,2043,2,5_9,6.202e-05
703,2044,2,5_9,6.081e-05
703,2045,2,5_9,5.955e-05
703,2046,2,5_9,5.827e-05
703,2047,2,5_9,5.71e-05
703,2048,2,5_9,5.591e-05
703,2049,2,5_9,5.482e-05
703,2050,2,5_9,5.383e-05
703,2051,2,5_9,5.295e-05
703,2052,2,5_9,5.197e-05
703,2053,2,5_9,5.104e-05
703,2054,2,5_9,5.012e-05
703,2055,2,5_9,4.931e-05
703,2056,2,5_9,4.842e-05
703,2057,2,5_9,4.759e-05
703,2058,2,5_9,4.679e-05
703,2059,2,5_9,4.597e-05
703,2060,2,5_9,4.519e-05
703,2061,2,5_9,4.44e-05
703,2062,2,5_9,4.359e-05
703,2063,2,5_9,4.285e-05
703,2064,2,5_9,4.207e-05
703,2065,2,5_9,4.139e-05
703,2066,2,5_9,4.065e-05
703,2067,2,5_9,4.004e-05
703,2068,2,5_9,3.936e-05
703,2069,2,5_9,3.869e-05
703,2070,2,5_9,3.804e-05
703,2071,2,5_9,3.737e-05
703,2072,2,5_9,3.675e-05
703,2073,2,5_9,3.614e-05
703,2074,2,5_9,3.555e-05
703,2075,2,5_9,3.498e-05
703,2076,2,5_9,3.442e-05
703,2077,2,5_9,3.384e-05
703,2078,2,5_9,3.328e-05
703,2079,2,5_9,3.274e-05
703,2080,2,5_9,3.215e-05
703,2081,2,5_9,3.163e-05
703,2082,2,5_9,3.113e-05
703,2083,2,5_9,3.062e-05
703,2084,2,5_9,3.011e-05
703,2085,2,5_9,2.963e-05
703,2086,2,5_9,2.911e-05
703,2087,2,5_9,2.866e-05
703,2088,2,5_9,2.821e-05
703,2089,2,5_9,2.774e-05
703,2090,2,5_9,2.73e-05
703,2091,2,5_9,2.689e-05
703,2092,2,5_9,2.646e-05
703,2093,2,5_9,2.605e-05
703,2094,2,5_9,2.554e-05
703,2095,2,5_9,2.517e-05
703,2096,2,5_9,2.481e-05
703,2097,2,5_9,2.446e-05
703,2098,2,5_9,2.41e-05
703,2099,2,5_9,2.376e-05
703,2100,2,5_9,2.343e-05
804,2024,2,5_9,0.00011038
804,2025,2,5_9,0.00010684
804,2026,2,5_9,0.00010463
804,2027,2,5_9,0.00010242
804,2028,2,5_9,0.00010027
804,2029,2,5_9,9.824e-05
804,2030,2,5_9,9.633e-05
804,2031,2,5_9,9.441e-05
804,2032,2,5_9,9.254e-05
804,2033,2,5_9,9.076e-05
804,2034,2,5_9,8.894e-05
804,2035,2,5_9,8.737e-05
804,2036,2,5_9,8.561e-05
804,2037,2,5_9,8.392e-05
804,2038,2,5_9,8.212e-05
804,2039,2,5_9,8.048e-05
804,2040,2,5_9,7.893e-05
804,2041,2,5_9,7.752e-05
804,2042,2,5_9,7.586e-05
804,2043,2,5_9,7.454e-05
804,2044,2,5_9,7.312e-05
804,2045,2,5_9,7.169e-05
804,2046,2,5_9,7.031e-05
804,2047,2,5_9,6.9e-05
804,2048,2,5_9,6.762e-05
804,2049,2,5_9,6.632e-05
804,2050,2,5_9,6.504e-05
804,2051,2,5_9,6.396e-05
804,2052,2,5_9,6.283e-05
804,2053,2,5_9,6.185e-05
804,2054,2,5_9,6.068e-05
804,2055,2,5_9,5.963e-05
804,2056,2,5_9,5.87e-05
804,2057,2,5_9,5.759e-05
804,2058,2,5_9,5.656e-05
804,2059,2,5_9,5.562e-05
804,2060,2,5_9,5.476e-05
804,2061,2,5_9,5.379e-05
804,2062,2,5_9,5.29e-05
804,2063,2,5_9,5.196e-05
804,2064,2,5_9,5.108e-05
804,2065,2,5_9,5.019e-05
804,2066,2,5_9,4.934e-05
804,2067,2,5_9,4.842e-05
804,2068,2,5_9,4.754e-05
804,2069,2,5_9,4.665e-05
804,2070,2,5_9,4.583e-05
804,2071,2,5_9,4.504e-05
804,2072,2,5_9,4.429e-05
804,2073,2,5_9,4.35e-05
804,2074,2,5_9,4.28e-05
804,2075,2,5_9,4.208e-05
804,2076,2,5_9,4.134e-05
804,2077,2,5_9,4.07e-05
804,2078,2,5_9,4.001e-05
804,2079,2,5_9,3.935e-05
804,2080,2,5_9,3.87e-05
804,2081,2,5_9,3.808e-05
804,2082,2,5_9,3.748e-05
804,2083,2,5_9,3.686e-05
804,2084,2,5_9,3.624e-05
804,2085,2,5_9,3.565e-05
804,2086,2,5_9,3.507e-05
804,2087,2,5_9,3.451e-05
804,2088,2,5_9,3.388e-05
804,2089,2,5_9,3.334e-05
804,2090,2,5_9,3.282e-05
804,2091,2,5_9,3.229e-05
804,2092,2,5_9,3.176e-05
804,2093,2,5_9,3.124e-05
804,2094,2,5_9,3.07e-05
804,2095,2,5_9,3.02e-05
804,2096,2,5_9,2.973e-05
804,2097,2,5_9,2.927e-05
804,2098,2,5_9,2.882e-05
804,2099,2,5_9,2.837e-05
804,2100,2,5_9,2.789e-05
208,2024,2,5_9,3.767e-05
208,2025,2,5_9,3.654e-05
208,2026,2,5_9,3.568e-05
208,2027,2,5_9,3.464e-05
208,2028,2,5_9,3.363e-05
208,2029,2,5_9,3.287e-05
208,2030,2,5_9,3.193e-05
208,2031,2,5_9,3.103e-05
208,2032,2,5_9,3.017e-05
208,2033,2,5_9,2.951e-05
208,2034,2,5_9,2.871e-05
208,2035,2,5_9,2.793e-05
208,2036,2,5_9,2.718e-05
208,2037,2,5_9,2.646e-05
208,2038,2,5_9,2.576e-05
208,2039,2,5_9,2.524e-05
208,2040,2,5_9,2.459e-05
208,2041,2,5_9,2.396e-05
208,2042,2,5_9,2.348e-05
208,2043,2,5_9,2.29e-05
208,2044,2,5_9,2.232e-05
208,2045,2,5_9,2.19e-05
208,2046,2,5_9,2.136e-05
208,2047,2,5_9,2.084e-05
208,2048,2,5_9,2.034e-05
208,2049,2,5_9,1.996e-05
208,2050,2,5_9,1.949e-05
208,2051,2,5_9,1.903e-05
208,2052,2,5_9,1.859e-05
208,2053,2,5_9,1.816e-05
208,2054,2,5_9,1.779e-05
208,2055,2,5_9,1.735e-05
208,2056,2,5_9,1.7e-05
208,2057,2,5_9,1.658e-05
208,2058,2,5_9,1.621e-05
208,2059,2,5_9,1.594e-05
208,2060,2,5_9,1.56e-05
208,2061,2,5_9,1.526e-05
208,2062,2,5_9,1.494e-05
208,2063,2,5_9,1.462e-05
208,2064,2,5_9,1.431e-05
208,2065,2,5_9,1.395e-05
208,2066,2,5_9,1.366e-05
208,2067,2,5_9,1.338e-05
208,2068,2,5_9,1.317e-05
208,2069,2,5_9,1.29e-05
208,2070,2,5_9,1.258e-05
208,2071,2,5_9,1.233e-05
208,2072,2,5_9,1.203e-05
208,2073,2,5_9,1.18e-05
208,2074,2,5_9,1.152e-05
208,2075,2,5_9,1.13e-05
208,2076,2,5_9,1.103e-05
208,2077,2,5_9,1.082e-05
208,2078,2,5_9,1.057e-05
208,2079,2,5_9,1.038e-05
208,2080,2,5_9,1.014e-05
208,2081,2,5_9,9.91e-06
208,2082,2,5_9,9.73e-06
208,2083,2,5_9,9.51e-06
208,2084,2,5_9,9.34e-06
208,2085,2,5_9,9.13e-06
208,2086,2,5_9,8.93e-06
208,2087,2,5_9,8.74e-06
208,2088,2,5_9,8.55e-06
208,2089,2,5_9,8.36e-06
208,2090,2,5_9,8.19e-06
208,2091,2,5_9,8.02e-06
208,2092,2,5_9,7.85e-06
208,2093,2,5_9,7.65e-06
208,2094,2,5_9,7.49e-06
208,2095,2,5_9,7.34e-06
208,2096,2,5_9,7.19e-06
208,2097,2,5_9,7.01e-06
208,2098,2,5_9,6.87e-06
208,2099,2,5_9,6.73e-06
208,2100,2,5_9,6.57e-06
233,2024,2,5_9,9.611e-05
233,2025,2,5_9,9.389e-05
233,2026,2,5_9,9.179e-05
233,2027,2,5_9,8.975e-05
233,2028,2,5_9,8.77e-05
233,2029,2,5_9,8.556e-05
233,2030,2,5_9,8.359e-05
233,2031,2,5_9,8.175e-05
233,2032,2,5_9,7.967e-05
233,2033,2,5_9,7.774e-05
233,2034,2,5_9,7.597e-05
233,2035,2,5_9,7.427e-05
233,2036,2,5_9,7.252e-05
233,2037,2,5_9,7.083e-05
233,2038,2,5_9,6.928e-05
233,2039,2,5_9,6.756e-05
233,2040,2,5_9,6.597e-05
233,2041,2,5_9,6.454e-05
233,2042,2,5_9,6.31e-05
233,2043,2,5_9,6.163e-05
233,2044,2,5_9,6.029e-05
233,2045,2,5_9,5.901e-05
233,2046,2,5_9,5.777e-05
233,2047,2,5_9,5.639e-05
233,2048,2,5_9,5.509e-05
233,2049,2,5_9,5.39e-05
233,2050,2,5_9,5.268e-05
233,2051,2,5_9,5.157e-05
233,2052,2,5_9,5.039e-05
233,2053,2,5_9,4.92e-05
233,2054,2,5_9,4.811e-05
233,2055,2,5_9,4.709e-05
233,2056,2,5_9,4.613e-05
233,2057,2,5_9,4.51e-05
233,2058,2,5_9,4.409e-05
233,2059,2,5_9,4.316e-05
233,2060,2,5_9,4.221e-05
233,2061,2,5_9,4.134e-05
233,2062,2,5_9,4.038e-05
233,2063,2,5_9,3.945e-05
233,2064,2,5_9,3.858e-05
233,2065,2,5_9,3.769e-05
233,2066,2,5_9,3.686e-05
233,2067,2,5_9,3.607e-05
233,2068,2,5_9,3.528e-05
233,2069,2,5_9,3.448e-05
233,2070,2,5_9,3.372e-05
233,2071,2,5_9,3.292e-05
233,2072,2,5_9,3.216e-05
233,2073,2,5_9,3.139e-05
233,2074,2,5_9,3.069e-05
233,2075,2,5_9,2.993e-05
233,2076,2,5_9,2.926e-05
233,2077,2,5_9,2.862e-05
233,2078,2,5_9,2.797e-05
233,2079,2,5_9,2.726e-05
233,2080,2,5_9,2.661e-05
233,2081,2,5_9,2.594e-05
233,2082,2,5_9,2.53e-05
233,2083,2,5_9,2.471e-05
233,2084,2,5_9,2.414e-05
233,2085,2,5_9,2.362e-05
233,2086,2,5_9,2.309e-05
233,2087,2,5_9,2.258e-05
233,2088,2,5_9,2.21e-05
233,2089,2,5_9,2.163e-05
233,2090,2,5_9,2.116e-05
233,2091,2,5_9,2.07e-05
233,2092,2,5_9,2.028e-05
233,2093,2,5_9,1.987e-05
233,2094,2,5_9,1.942e-05
233,2095,2,5_9,1.9e-05
233,2096,2,5_9,1.86e-05
233,2097,2,5_9,1.819e-05
233,2098,2,5_9,1.776e-05
233,2099,2,5_9,1.738e-05
233,2100,2,5_9,1.702e-05
234,2024,2,5_9,6.053e-05
234,2025,2,5_9,5.913e-05
234,2026,2,5_9,5.772e-05
234,2027,2,5_9,5.627e-05
234,2028,2,5_9,5.501e-05
234,2029,2,5_9,5.383e-05
234,2030,2,5_9,5.266e-05
234,2031,2,5_9,5.161e-05
234,2032,2,5_9,5.074e-05
234,2033,2,5_9,4.982e-05
234,2034,2,5_9,4.893e-05
234,2035,2,5_9,4.801e-05
234,2036,2,5_9,4.723e-05
234,2037,2,5_9,4.643e-05
234,2038,2,5_9,4.566e-05
234,2039,2,5_9,4.495e-05
234,2040,2,5_9,4.44e-05
234,2041,2,5_9,4.375e-05
234,2042,2,5_9,4.305e-05
234,2043,2,5_9,4.242e-05
234,2044,2,5_9,4.182e-05
234,2045,2,5_9,4.127e-05
234,2046,2,5_9,4.066e-05
234,2047,2,5_9,4.008e-05
234,2048,2,5_9,3.951e-05
234,2049,2,5_9,3.902e-05
234,2050,2,5_9,3.846e-05
234,2051,2,5_9,3.792e-05
234,2052,2,5_9,3.747e-05
234,2053,2,5_9,3.694e-05
234,2054,2,5_9,3.65e-05
234,2055,2,5_9,3.597e-05
234,2056,2,5_9,3.542e-05
234,2057,2,5_9,3.497e-05
234,2058,2,5_9,3.447e-05
234,2059,2,5_9,3.413e-05
234,2060,2,5_9,3.37e-05
234,2061,2,5_9,3.334e-05
234,2062,2,5_9,3.294e-05
234,2063,2,5_9,3.261e-05
234,2064,2,5_9,3.219e-05
234,2065,2,5_9,3.187e-05
234,2066,2,5_9,3.144e-05
234,2067,2,5_9,3.113e-05
234,2068,2,5_9,3.073e-05
234,2069,2,5_9,3.041e-05
234,2070,2,5_9,3.009e-05
234,2071,2,5_9,2.965e-05
234,2072,2,5_9,2.934e-05
234,2073,2,5_9,2.897e-05
234,2074,2,5_9,2.864e-05
234,2075,2,5_9,2.836e-05
234,2076,2,5_9,2.795e-05
234,2077,2,5_9,2.764e-05
234,2078,2,5_9,2.736e-05
234,2079,2,5_9,2.703e-05
234,2080,2,5_9,2.679e-05
234,2081,2,5_9,2.657e-05
234,2082,2,5_9,2.626e-05
234,2083,2,5_9,2.599e-05
234,2084,2,5_9,2.567e-05
234,2085,2,5_9,2.54e-05
234,2086,2,5_9,2.506e-05
234,2087,2,5_9,2.483e-05
234,2088,2,5_9,2.457e-05
234,2089,2,5_9,2.434e-05
234,2090,2,5_9,2.401e-05
234,2091,2,5_9,2.374e-05
234,2092,2,5_9,2.349e-05
234,2093,2,5_9,2.315e-05
234,2094,2,5_9,2.288e-05
234,2095,2,5_9,2.252e-05
234,2096,2,5_9,2.225e-05
234,2097,2,5_9,2.198e-05
234,2098,2,5_9,2.159e-05
234,2099,2,5_9,2.138e-05
234,2100,2,5_9,2.11e-05
246,2024,2,5_9,4.078e-05
246,2025,2,5_9,3.959e-05
246,2026,2,5_9,3.844e-05
246,2027,2,5_9,3.722e-05
246,2028,2,5_9,3.617e-05
246,2029,2,5_9,3.504e-05
246,2030,2,5_9,3.396e-05
246,2031,2,5_9,3.315e-05
246,2032,2,5_9,3.215e-05
246,2033,2,5_9,3.119e-05
246,2034,2,5_9,3.027e-05
246,2035,2,5_9,2.948e-05
246,2036,2,5_9,2.863e-05
246,2037,2,5_9,2.782e-05
246,2038,2,5_9,2.712e-05
246,2039,2,5_9,2.636e-05
246,2040,2,5_9,2.563e-05
246,2041,2,5_9,2.492e-05
246,2042,2,5_9,2.424e-05
246,2043,2,5_9,2.359e-05
246,2044,2,5_9,2.295e-05
246,2045,2,5_9,2.235e-05
246,2046,2,5_9,2.177e-05
246,2047,2,5_9,2.121e-05
246,2048,2,5_9,2.067e-05
246,2049,2,5_9,2.014e-05
246,2050,2,5_9,1.964e-05
246,2051,2,5_9,1.915e-05
246,2052,2,5_9,1.857e-05
246,2053,2,5_9,1.812e-05
246,2054,2,5_9,1.768e-05
246,2055,2,5_9,1.725e-05
246,2056,2,5_9,1.685e-05
246,2057,2,5_9,1.637e-05
246,2058,2,5_9,1.59e-05
246,2059,2,5_9,1.554e-05
246,2060,2,5_9,1.511e-05
246,2061,2,5_9,1.47e-05
246,2062,2,5_9,1.429e-05
246,2063,2,5_9,1.398e-05
246,2064,2,5_9,1.361e-05
246,2065,2,5_9,1.331e-05
246,2066,2,5_9,1.296e-05
246,2067,2,5_9,1.262e-05
246,2068,2,5_9,1.235e-05
246,2069,2,5_9,1.203e-05
246,2070,2,5_9,1.172e-05
246,2071,2,5_9,1.143e-05
246,2072,2,5_9,1.114e-05
246,2073,2,5_9,1.087e-05
246,2074,2,5_9,1.059e-05
246,2075,2,5_9,1.034e-05
246,2076,2,5_9,1.009e-05
246,2077,2,5_9,9.8e-06
246,2078,2,5_9,9.52e-06
246,2079,2,5_9,9.29e-06
246,2080,2,5_9,9.08e-06
246,2081,2,5_9,8.82e-06
246,2082,2,5_9,8.62e-06
246,2083,2,5_9,8.38e-06
246,2084,2,5_9,8.19e-06
246,2085,2,5_9,7.97e-06
246,2086,2,5_9,7.76e-06
246,2087,2,5_9,7.58e-06
246,2088,2,5_9,7.35e-06
246,2089,2,5_9,7.16e-06
246,2090,2,5_9,6.94e-06
246,2091,2,5_9,6.76e-06
246,2092,2,5_9,6.56e-06
246,2093,2,5_9,6.39e-06
246,2094,2,5_9,6.23e-06
246,2095,2,5_9,6.05e-06
246,2096,2,5_9,5.87e-06
246,2097,2,5_9,5.7e-06
246,2098,2,5_9,5.54e-06
246,2099,2,5_9,5.38e-06
246,2100,2,5_9,5.23e-06
831,2024,2,5_9,0.00010171
831,2025,2,5_9,0.00010047
831,2026,2,5_9,9.86e-05
831,2027,2,5_9,9.736e-05
831,2028,2,5_9,9.611e-05
831,2029,2,5_9,9.425e-05
831,2030,2,5_9,9.3e-05
831,2031,2,5_9,9.176e-05
831,2032,2,5_9,9.052e-05
831,2033,2,5_9,8.927e-05
831,2034,2,5_9,8.741e-05
831,2035,2,5_9,8.616e-05
831,2036,2,5_9,8.492e-05
831,2037,2,5_9,8.368e-05
831,2038,2,5_9,8.243e-05
831,2039,2,5_9,8.119e-05
831,2040,2,5_9,7.995e-05
831,2041,2,5_9,7.834e-05
831,2042,2,5_9,7.735e-05
831,2043,2,5_9,7.637e-05
831,2044,2,5_9,7.538e-05
831,2045,2,5_9,7.44e-05
831,2046,2,5_9,7.341e-05
831,2047,2,5_9,7.243e-05
831,2048,2,5_9,7.144e-05
831,2049,2,5_9,7.046e-05
831,2050,2,5_9,6.947e-05
831,2051,2,5_9,6.849e-05
831,2052,2,5_9,6.75e-05
831,2053,2,5_9,6.652e-05
831,2054,2,5_9,6.553e-05
831,2055,2,5_9,6.405e-05
831,2056,2,5_9,6.307e-05
831,2057,2,5_9,6.208e-05
831,2058,2,5_9,6.11e-05
831,2059,2,5_9,6.011e-05
831,2060,2,5_9,5.913e-05
831,2061,2,5_9,5.814e-05
831,2062,2,5_9,5.716e-05
831,2063,2,5_9,5.617e-05
831,2064,2,5_9,5.519e-05
831,2065,2,5_9,5.446e-05
831,2066,2,5_9,5.373e-05
831,2067,2,5_9,5.301e-05
831,2068,2,5_9,5.228e-05
831,2069,2,5_9,5.155e-05
831,2070,2,5_9,5.083e-05
831,2071,2,5_9,5.01e-05
831,2072,2,5_9,4.937e-05
831,2073,2,5_9,4.865e-05
831,2074,2,5_9,4.792e-05
831,2075,2,5_9,4.719e-05
831,2076,2,5_9,4.646e-05
831,2077,2,5_9,4.574e-05
831,2078,2,5_9,4.501e-05
831,2079,2,5_9,4.428e-05
831,2080,2,5_9,4.319e-05
831,2081,2,5_9,4.283e-05
831,2082,2,5_9,4.21e-05
831,2083,2,5_9,4.138e-05
831,2084,2,5_9,4.065e-05
831,2085,2,5_9,3.992e-05
831,2086,2,5_9,3.92e-05
831,2087,2,5_9,3.847e-05
831,2088,2,5_9,3.774e-05
831,2089,2,5_9,3.685e-05
831,2090,2,5_9,3.632e-05
831,2091,2,5_9,3.579e-05
831,2092,2,5_9,3.526e-05
831,2093,2,5_9,3.473e-05
831,2094,2,5_9,3.419e-05
831,2095,2,5_9,3.366e-05
831,2096,2,5_9,3.313e-05
831,2097,2,5_9,3.26e-05
831,2098,2,5_9,3.207e-05
831,2099,2,5_9,3.154e-05
831,2100,2,5_9,3.101e-05
352,2024,2,5_9,4.848e-05
352,2025,2,5_9,4.711e-05
352,2026,2,5_9,4.553e-05
352,2027,2,5_9,4.427e-05
352,2028,2,5_9,4.28e-05
352,2029,2,5_9,4.14e-05
352,2030,2,5_9,4.005e-05
352,2031,2,5_9,3.875e-05
352,2032,2,5_9,3.772e-05
352,2033,2,5_9,3.652e-05
352,2034,2,5_9,3.536e-05
352,2035,2,5_9,3.444e-05
352,2036,2,5_9,3.318e-05
352,2037,2,5_9,3.215e-05
352,2038,2,5_9,3.133e-05
352,2039,2,5_9,3.037e-05
352,2040,2,5_9,2.929e-05
352,2041,2,5_9,2.841e-05
352,2042,2,5_9,2.756e-05
352,2043,2,5_9,2.674e-05
352,2044,2,5_9,2.581e-05
352,2045,2,5_9,2.519e-05
352,2046,2,5_9,2.432e-05
352,2047,2,5_9,2.362e-05
352,2048,2,5_9,2.294e-05
352,2049,2,5_9,2.228e-05
352,2050,2,5_9,2.155e-05
352,2051,2,5_9,2.094e-05
352,2052,2,5_9,2.014e-05
352,2053,2,5_9,1.968e-05
352,2054,2,5_9,1.895e-05
352,2055,2,5_9,1.842e-05
352,2056,2,5_9,1.793e-05
352,2057,2,5_9,1.735e-05
352,2058,2,5_9,1.68e-05
352,2059,2,5_9,1.635e-05
352,2060,2,5_9,1.576e-05
352,2061,2,5_9,1.534e-05
352,2062,2,5_9,1.487e-05
352,2063,2,5_9,1.441e-05
352,2064,2,5_9,1.39e-05
352,2065,2,5_9,1.348e-05
352,2066,2,5_9,1.308e-05
352,2067,2,5_9,1.262e-05
352,2068,2,5_9,1.224e-05
352,2069,2,5_9,1.188e-05
352,2070,2,5_9,1.147e-05
352,2071,2,5_9,1.108e-05
352,2072,2,5_9,1.071e-05
352,2073,2,5_9,1.035e-05
352,2074,2,5_9,1e-05
352,2075,2,5_9,9.72e-06
352,2076,2,5_9,9.4e-06
352,2077,2,5_9,9.05e-06
352,2078,2,5_9,8.75e-06
352,2079,2,5_9,8.39e-06
352,2080,2,5_9,8.12e-06
352,2081,2,5_9,7.86e-06
352,2082,2,5_9,7.54e-06
352,2083,2,5_9,7.3e-06
352,2084,2,5_9,7.01e-06
352,2085,2,5_9,6.73e-06
352,2086,2,5_9,6.46e-06
352,2087,2,5_9,6.2e-06
352,2088,2,5_9,5.9e-06
352,2089,2,5_9,5.67e-06
352,2090,2,5_9,5.5e-06
352,2091,2,5_9,5.28e-06
352,2092,2,5_9,5.08e-06
352,2093,2,5_9,4.84e-06
352,2094,2,5_9,4.65e-06
352,2095,2,5_9,4.44e-06
352,2096,2,5_9,4.19e-06
352,2097,2,5_9,4.07e-06
352,2098,2,5_9,3.85e-06
352,2099,2,5_9,3.67e-06
352,2100,2,5_9,3.47e-06
372,2024,2,5_9,3.822e-05
372,2025,2,5_9,3.723e-05
372,2026,2,5_9,3.617e-05
372,2027,2,5_9,3.515e-05
372,2028,2,5_9,3.437e-05
372,2029,2,5_9,3.342e-05
372,2030,2,5_9,3.25e-05
372,2031,2,5_9,3.171e-05
372,2032,2,5_9,3.085e-05
372,2033,2,5_9,3.012e-05
372,2034,2,5_9,2.932e-05
372,2035,2,5_9,2.855e-05
372,2036,2,5_9,2.781e-05
372,2037,2,5_9,2.717e-05
372,2038,2,5_9,2.648e-05
372,2039,2,5_9,2.588e-05
372,2040,2,5_9,2.523e-05
372,2041,2,5_9,2.461e-05
372,2042,2,5_9,2.4e-05
372,2043,2,5_9,2.348e-05
372,2044,2,5_9,2.298e-05
372,2045,2,5_9,2.242e-05
372,2046,2,5_9,2.188e-05
372,2047,2,5_9,2.142e-05
372,2048,2,5_9,2.097e-05
372,2049,2,5_9,2.048e-05
372,2050,2,5_9,2.001e-05
372,2051,2,5_9,1.945e-05
372,2052,2,5_9,1.901e-05
372,2053,2,5_9,1.859e-05
372,2054,2,5_9,1.808e-05
372,2055,2,5_9,1.768e-05
372,2056,2,5_9,1.73e-05
372,2057,2,5_9,1.684e-05
372,2058,2,5_9,1.648e-05
372,2059,2,5_9,1.613e-05
372,2060,2,5_9,1.57e-05
372,2061,2,5_9,1.538e-05
372,2062,2,5_9,1.498e-05
372,2063,2,5_9,1.467e-05
372,2064,2,5_9,1.429e-05
372,2065,2,5_9,1.394e-05
372,2066,2,5_9,1.365e-05
372,2067,2,5_9,1.331e-05
372,2068,2,5_9,1.299e-05
372,2069,2,5_9,1.273e-05
372,2070,2,5_9,1.243e-05
372,2071,2,5_9,1.212e-05
372,2072,2,5_9,1.183e-05
372,2073,2,5_9,1.15e-05
372,2074,2,5_9,1.123e-05
372,2075,2,5_9,1.097e-05
372,2076,2,5_9,1.067e-05
372,2077,2,5_9,1.042e-05
372,2078,2,5_9,1.018e-05
372,2079,2,5_9,9.95e-06
372,2080,2,5_9,9.68e-06
372,2081,2,5_9,9.46e-06
372,2082,2,5_9,9.21e-06
372,2083,2,5_9,9e-06
372,2084,2,5_9,8.77e-06
372,2085,2,5_9,8.54e-06
372,2086,2,5_9,8.28e-06
372,2087,2,5_9,8.1e-06
372,2088,2,5_9,7.86e-06
372,2089,2,5_9,7.62e-06
372,2090,2,5_9,7.43e-06
372,2091,2,5_9,7.24e-06
372,2092,2,5_9,7.03e-06
372,2093,2,5_9,6.82e-06
372,2094,2,5_9,6.68e-06
372,2095,2,5_9,6.46e-06
372,2096,2,5_9,6.27e-06
372,2097,2,5_9,6.1e-06
372,2098,2,5_9,5.9e-06
372,2099,2,5_9,5.73e-06
372,2100,2,5_9,5.57e-06
833,2024,2,5_9,0.00028424
833,2025,2,5_9,0.00028119
833,2026,2,5_9,0.00027814
833,2027,2,5_9,0.00027358
833,2028,2,5_9,0.00027053
833,2029,2,5_9,0.00026748
833,2030,2,5_9,0.00026444
833,2031,2,5_9,0.00025987
833,2032,2,5_9,0.00025682
833,2033,2,5_9,0.00025378
833,2034,2,5_9,0.00025073
833,2035,2,5_9,0.00024616
833,2036,2,5_9,0.00024312
833,2037,2,5_9,0.00024007
833,2038,2,5_9,0.0002355
833,2039,2,5_9,0.00023245
833,2040,2,5_9,0.00022968
833,2041,2,5_9,0.00022717
833,2042,2,5_9,0.0002234
833,2043,2,5_9,0.00022089
833,2044,2,5_9,0.00021838
833,2045,2,5_9,0.00021587
833,2046,2,5_9,0.00021211
833,2047,2,5_9,0.0002096
833,2048,2,5_9,0.00020709
833,2049,2,5_9,0.00020458
833,2050,2,5_9,0.00020207
833,2051,2,5_9,0.00019956
833,2052,2,5_9,0.00019579
833,2053,2,5_9,0.00019329
833,2054,2,5_9,0.00019078
833,2055,2,5_9,0.00018827
833,2056,2,5_9,0.0001845
833,2057,2,5_9,0.00018199
833,2058,2,5_9,0.00017948
833,2059,2,5_9,0.00017697
833,2060,2,5_9,0.00017446
833,2061,2,5_9,0.0001707
833,2062,2,5_9,0.00016843
833,2063,2,5_9,0.00016641
833,2064,2,5_9,0.00016337
833,2065,2,5_9,0.00016135
833,2066,2,5_9,0.00015933
833,2067,2,5_9,0.00015731
833,2068,2,5_9,0.00015528
833,2069,2,5_9,0.00015326
833,2070,2,5_9,0.00015124
833,2071,2,5_9,0.00014922
833,2072,2,5_9,0.00014719
833,2073,2,5_9,0.00014416
833,2074,2,5_9,0.00014214
833,2075,2,5_9,0.00014011
833,2076,2,5_9,0.00013809
833,2077,2,5_9,0.00013607
833,2078,2,5_9,0.00013405
833,2079,2,5_9,0.00013202
833,2080,2,5_9,0.00013
833,2081,2,5_9,0.00012798
833,2082,2,5_9,0.00012596
833,2083,2,5_9,0.00012393
833,2084,2,5_9,0.00012191
833,2085,2,5_9,0.00011912
833,2086,2,5_9,0.00011758
833,2087,2,5_9,0.00011605
833,2088,2,5_9,0.00011451
833,2089,2,5_9,0.00011298
833,2090,2,5_9,0.00011144
833,2091,2,5_9,0.00010914
833,2092,2,5_9,0.00010761
833,2093,2,5_9,0.00010607
833,2094,2,5_9,0.00010454
833,2095,2,5_9,0.000103
833,2096,2,5_9,0.00010147
833,2097,2,5_9,9.916e-05
833,2098,2,5_9,9.763e-05
833,2099,2,5_9,9.609e-05
833,2100,2,5_9,9.456e-05
832,2024,2,5_9,0.00015919
832,2025,2,5_9,0.00015737
832,2026,2,5_9,0.00015464
832,2027,2,5_9,0.00015282
832,2028,2,5_9,0.00015009
832,2029,2,5_9,0.00014827
832,2030,2,5_9,0.00014592
832,2031,2,5_9,0.00014356
832,2032,2,5_9,0.00014199
832,2033,2,5_9,0.00013964
832,2034,2,5_9,0.00013807
832,2035,2,5_9,0.00013571
832,2036,2,5_9,0.00013414
832,2037,2,5_9,0.00013178
832,2038,2,5_9,0.00013021
832,2039,2,5_9,0.00012786
832,2040,2,5_9,0.00012629
832,2041,2,5_9,0.00012393
832,2042,2,5_9,0.00012236
832,2043,2,5_9,0.00012
832,2044,2,5_9,0.00011843
832,2045,2,5_9,0.00011608
832,2046,2,5_9,0.00011451
832,2047,2,5_9,0.00011215
832,2048,2,5_9,0.00011058
832,2049,2,5_9,0.00010917
832,2050,2,5_9,0.00010731
832,2051,2,5_9,0.00010606
832,2052,2,5_9,0.0001042
832,2053,2,5_9,0.00010295
832,2054,2,5_9,0.00010109
832,2055,2,5_9,9.984e-05
832,2056,2,5_9,9.86e-05
832,2057,2,5_9,9.674e-05
832,2058,2,5_9,9.549e-05
832,2059,2,5_9,9.363e-05
832,2060,2,5_9,9.238e-05
832,2061,2,5_9,9.052e-05
832,2062,2,5_9,8.927e-05
832,2063,2,5_9,8.803e-05
832,2064,2,5_9,8.616e-05
832,2065,2,5_9,8.492e-05
832,2066,2,5_9,8.306e-05
832,2067,2,5_9,8.181e-05
832,2068,2,5_9,8.057e-05
832,2069,2,5_9,7.883e-05
832,2070,2,5_9,7.785e-05
832,2071,2,5_9,7.686e-05
832,2072,2,5_9,7.538e-05
832,2073,2,5_9,7.44e-05
832,2074,2,5_9,7.341e-05
832,2075,2,5_9,7.194e-05
832,2076,2,5_9,7.095e-05
832,2077,2,5_9,6.997e-05
832,2078,2,5_9,6.849e-05
832,2079,2,5_9,6.75e-05
832,2080,2,5_9,6.652e-05
832,2081,2,5_9,6.553e-05
832,2082,2,5_9,6.405e-05
832,2083,2,5_9,6.307e-05
832,2084,2,5_9,6.208e-05
832,2085,2,5_9,6.11e-05
832,2086,2,5_9,5.962e-05
832,2087,2,5_9,5.864e-05
832,2088,2,5_9,5.765e-05
832,2089,2,5_9,5.667e-05
832,2090,2,5_9,5.519e-05
832,2091,2,5_9,5.446e-05
832,2092,2,5_9,5.373e-05
832,2093,2,5_9,5.264e-05
832,2094,2,5_9,5.192e-05
832,2095,2,5_9,5.119e-05
832,2096,2,5_9,5.046e-05
832,2097,2,5_9,4.937e-05
832,2098,2,5_9,4.865e-05
832,2099,2,5_9,4.792e-05
832,2100,2,5_9,4.683e-05
428,2024,2,5_9,0.0001211
428,2025,2,5_9,0.0001185
428,2026,2,5_9,0.00011571
428,2027,2,5_9,0.00011316
428,2028,2,5_9,0.00011055
428,2029,2,5_9,0.00010823
428,2030,2,5_9,0.00010575
428,2031,2,5_9,0.00010351
428,2032,2,5_9,0.00010131
428,2033,2,5_9,9.896e-05
428,2034,2,5_9,9.689e-05
428,2035,2,5_9,9.465e-05
428,2036,2,5_9,9.263e-05
428,2037,2,5_9,9.031e-05
428,2038,2,5_9,8.836e-05
428,2039,2,5_9,8.655e-05
428,2040,2,5_9,8.455e-05
428,2041,2,5_9,8.3e-05
428,2042,2,5_9,8.126e-05
428,2043,2,5_9,7.958e-05
428,2044,2,5_9,7.806e-05
428,2045,2,5_9,7.645e-05
428,2046,2,5_9,7.498e-05
428,2047,2,5_9,7.34e-05
428,2048,2,5_9,7.192e-05
428,2049,2,5_9,7.042e-05
428,2050,2,5_9,6.894e-05
428,2051,2,5_9,6.758e-05
428,2052,2,5_9,6.621e-05
428,2053,2,5_9,6.5e-05
428,2054,2,5_9,6.366e-05
428,2055,2,5_9,6.237e-05
428,2056,2,5_9,6.11e-05
428,2057,2,5_9,5.993e-05
428,2058,2,5_9,5.863e-05
428,2059,2,5_9,5.738e-05
428,2060,2,5_9,5.617e-05
428,2061,2,5_9,5.489e-05
428,2062,2,5_9,5.376e-05
428,2063,2,5_9,5.276e-05
428,2064,2,5_9,5.175e-05
428,2065,2,5_9,5.072e-05
428,2066,2,5_9,4.972e-05
428,2067,2,5_9,4.877e-05
428,2068,2,5_9,4.766e-05
428,2069,2,5_9,4.67e-05
428,2070,2,5_9,4.585e-05
428,2071,2,5_9,4.502e-05
428,2072,2,5_9,4.419e-05
428,2073,2,5_9,4.328e-05
428,2074,2,5_9,4.258e-05
428,2075,2,5_9,4.166e-05
428,2076,2,5_9,4.09e-05
428,2077,2,5_9,4.01e-05
428,2078,2,5_9,3.932e-05
428,2079,2,5_9,3.852e-05
428,2080,2,5_9,3.774e-05
428,2081,2,5_9,3.707e-05
428,2082,2,5_9,3.635e-05
428,2083,2,5_9,3.564e-05
428,2084,2,5_9,3.496e-05
428,2085,2,5_9,3.426e-05
428,2086,2,5_9,3.36e-05
428,2087,2,5_9,3.299e-05
428,2088,2,5_9,3.23e-05
428,2089,2,5_9,3.164e-05
428,2090,2,5_9,3.103e-05
428,2091,2,5_9,3.041e-05
428,2092,2,5_9,2.986e-05
428,2093,2,5_9,2.931e-05
428,2094,2,5_9,2.874e-05
428,2095,2,5_9,2.814e-05
428,2096,2,5_9,2.757e-05
428,2097,2,5_9,2.702e-05
428,2098,2,5_9,2.651e-05
428,2099,2,5_9,2.596e-05
428,2100,2,5_9,2.544e-05
440,2024,2,5_9,0.00011169
440,2025,2,5_9,0.00010926
440,2026,2,5_9,0.00010672
440,2027,2,5_9,0.00010445
440,2028,2,5_9,0.00010209
440,2029,2,5_9,9.99e-05
440,2030,2,5_9,9.763e-05
440,2031,2,5_9,9.535e-05
440,2032,2,5_9,9.337e-05
440,2033,2,5_9,9.123e-05
440,2034,2,5_9,8.927e-05
440,2035,2,5_9,8.722e-05
440,2036,2,5_9,8.519e-05
440,2037,2,5_9,8.326e-05
440,2038,2,5_9,8.151e-05
440,2039,2,5_9,7.965e-05
440,2040,2,5_9,7.786e-05
440,2041,2,5_9,7.618e-05
440,2042,2,5_9,7.46e-05
440,2043,2,5_9,7.293e-05
440,2044,2,5_9,7.15e-05
440,2045,2,5_9,6.986e-05
440,2046,2,5_9,6.837e-05
440,2047,2,5_9,6.696e-05
440,2048,2,5_9,6.576e-05
440,2049,2,5_9,6.438e-05
440,2050,2,5_9,6.287e-05
440,2051,2,5_9,6.164e-05
440,2052,2,5_9,6.028e-05
440,2053,2,5_9,5.913e-05
440,2054,2,5_9,5.781e-05
440,2055,2,5_9,5.662e-05
440,2056,2,5_9,5.544e-05
440,2057,2,5_9,5.414e-05
440,2058,2,5_9,5.302e-05
440,2059,2,5_9,5.181e-05
440,2060,2,5_9,5.078e-05
440,2061,2,5_9,4.975e-05
440,2062,2,5_9,4.875e-05
440,2063,2,5_9,4.782e-05
440,2064,2,5_9,4.687e-05
440,2065,2,5_9,4.583e-05
440,2066,2,5_9,4.483e-05
440,2067,2,5_9,4.389e-05
440,2068,2,5_9,4.299e-05
440,2069,2,5_9,4.212e-05
440,2070,2,5_9,4.131e-05
440,2071,2,5_9,4.052e-05
440,2072,2,5_9,3.979e-05
440,2073,2,5_9,3.896e-05
440,2074,2,5_9,3.817e-05
440,2075,2,5_9,3.736e-05
440,2076,2,5_9,3.661e-05
440,2077,2,5_9,3.595e-05
440,2078,2,5_9,3.521e-05
440,2079,2,5_9,3.453e-05
440,2080,2,5_9,3.382e-05
440,2081,2,5_9,3.311e-05
440,2082,2,5_9,3.244e-05
440,2083,2,5_9,3.175e-05
440,2084,2,5_9,3.114e-05
440,2085,2,5_9,3.053e-05
440,2086,2,5_9,2.992e-05
440,2087,2,5_9,2.929e-05
440,2088,2,5_9,2.867e-05
440,2089,2,5_9,2.807e-05
440,2090,2,5_9,2.751e-05
440,2091,2,5_9,2.697e-05
440,2092,2,5_9,2.642e-05
440,2093,2,5_9,2.587e-05
440,2094,2,5_9,2.533e-05
440,2095,2,5_9,2.478e-05
440,2096,2,5_9,2.427e-05
440,2097,2,5_9,2.379e-05
440,2098,2,5_9,2.329e-05
440,2099,2,5_9,2.276e-05
440,2100,2,5_9,2.23e-05
578,2024,2,5_9,3.524e-05
578,2025,2,5_9,3.406e-05
578,2026,2,5_9,3.294e-05
578,2027,2,5_9,3.197e-05
578,2028,2,5_9,3.104e-05
578,2029,2,5_9,3.005e-05
578,2030,2,5_9,2.91e-05
578,2031,2,5_9,2.819e-05
578,2032,2,5_9,2.732e-05
578,2033,2,5_9,2.649e-05
578,2034,2,5_9,2.569e-05
578,2035,2,5_9,2.508e-05
578,2036,2,5_9,2.434e-05
578,2037,2,5_9,2.362e-05
578,2038,2,5_9,2.28e-05
578,2039,2,5_9,2.214e-05
578,2040,2,5_9,2.151e-05
578,2041,2,5_9,2.091e-05
578,2042,2,5_9,2.032e-05
578,2043,2,5_9,1.976e-05
578,2044,2,5_9,1.922e-05
578,2045,2,5_9,1.871e-05
578,2046,2,5_9,1.821e-05
578,2047,2,5_9,1.772e-05
578,2048,2,5_9,1.715e-05
578,2049,2,5_9,1.671e-05
578,2050,2,5_9,1.619e-05
578,2051,2,5_9,1.578e-05
578,2052,2,5_9,1.538e-05
578,2053,2,5_9,1.499e-05
578,2054,2,5_9,1.454e-05
578,2055,2,5_9,1.419e-05
578,2056,2,5_9,1.377e-05
578,2057,2,5_9,1.343e-05
578,2058,2,5_9,1.311e-05
578,2059,2,5_9,1.273e-05
578,2060,2,5_9,1.243e-05
578,2061,2,5_9,1.208e-05
578,2062,2,5_9,1.174e-05
578,2063,2,5_9,1.147e-05
578,2064,2,5_9,1.115e-05
578,2065,2,5_9,1.084e-05
578,2066,2,5_9,1.055e-05
578,2067,2,5_9,1.026e-05
578,2068,2,5_9,9.99e-06
578,2069,2,5_9,9.72e-06
578,2070,2,5_9,9.47e-06
578,2071,2,5_9,9.23e-06
578,2072,2,5_9,8.99e-06
578,2073,2,5_9,8.76e-06
578,2074,2,5_9,8.49e-06
578,2075,2,5_9,8.24e-06
578,2076,2,5_9,8.03e-06
578,2077,2,5_9,7.79e-06
578,2078,2,5_9,7.6e-06
578,2079,2,5_9,7.38e-06
578,2080,2,5_9,7.21e-06
578,2081,2,5_9,7e-06
578,2082,2,5_9,6.77e-06
578,2083,2,5_9,6.58e-06
578,2084,2,5_9,6.43e-06
578,2085,2,5_9,6.22e-06
578,2086,2,5_9,6.03e-06
578,2087,2,5_9,5.86e-06
578,2088,2,5_9,5.71e-06
578,2089,2,5_9,5.53e-06
578,2090,2,5_9,5.36e-06
578,2091,2,5_9,5.2e-06
578,2092,2,5_9,5.04e-06
578,2093,2,5_9,4.89e-06
578,2094,2,5_9,4.74e-06
578,2095,2,5_9,4.58e-06
578,2096,2,5_9,4.44e-06
578,2097,2,5_9,4.29e-06
578,2098,2,5_9,4.17e-06
578,2099,2,5_9,4.01e-06
578,2100,2,5_9,3.9e-06
752,2024,2,5_9,4.388e-05
752,2025,2,5_9,4.271e-05
752,2026,2,5_9,4.158e-05
752,2027,2,5_9,4.037e-05
752,2028,2,5_9,3.945e-05
752,2029,2,5_9,3.831e-05
752,2030,2,5_9,3.745e-05
752,2031,2,5_9,3.64e-05
752,2032,2,5_9,3.549e-05
752,2033,2,5_9,3.461e-05
752,2034,2,5_9,3.367e-05
752,2035,2,5_9,3.275e-05
752,2036,2,5_9,3.187e-05
752,2037,2,5_9,3.112e-05
752,2038,2,5_9,3.021e-05
752,2039,2,5_9,2.951e-05
752,2040,2,5_9,2.883e-05
752,2041,2,5_9,2.793e-05
752,2042,2,5_9,2.731e-05
752,2043,2,5_9,2.654e-05
752,2044,2,5_9,2.603e-05
752,2045,2,5_9,2.538e-05
752,2046,2,5_9,2.476e-05
752,2047,2,5_9,2.409e-05
752,2048,2,5_9,2.345e-05
752,2049,2,5_9,2.29e-05
752,2050,2,5_9,2.236e-05
752,2051,2,5_9,2.182e-05
752,2052,2,5_9,2.131e-05
752,2053,2,5_9,2.082e-05
752,2054,2,5_9,2.024e-05
752,2055,2,5_9,1.978e-05
752,2056,2,5_9,1.934e-05
752,2057,2,5_9,1.881e-05
752,2058,2,5_9,1.84e-05
752,2059,2,5_9,1.791e-05
752,2060,2,5_9,1.752e-05
752,2061,2,5_9,1.706e-05
752,2062,2,5_9,1.669e-05
752,2063,2,5_9,1.626e-05
752,2064,2,5_9,1.584e-05
752,2065,2,5_9,1.543e-05
752,2066,2,5_9,1.504e-05
752,2067,2,5_9,1.474e-05
752,2068,2,5_9,1.437e-05
752,2069,2,5_9,1.395e-05
752,2070,2,5_9,1.361e-05
752,2071,2,5_9,1.322e-05
752,2072,2,5_9,1.29e-05
752,2073,2,5_9,1.253e-05
752,2074,2,5_9,1.224e-05
752,2075,2,5_9,1.189e-05
752,2076,2,5_9,1.161e-05
752,2077,2,5_9,1.129e-05
752,2078,2,5_9,1.103e-05
752,2079,2,5_9,1.073e-05
752,2080,2,5_9,1.043e-05
752,2081,2,5_9,1.02e-05
752,2082,2,5_9,9.88e-06
752,2083,2,5_9,9.66e-06
752,2084,2,5_9,9.36e-06
752,2085,2,5_9,9.15e-06
752,2086,2,5_9,8.88e-06
752,2087,2,5_9,8.61e-06
752,2088,2,5_9,8.35e-06
752,2089,2,5_9,8.1e-06
752,2090,2,5_9,7.9e-06
752,2091,2,5_9,7.7e-06
752,2092,2,5_9,7.47e-06
752,2093,2,5_9,7.25e-06
752,2094,2,5_9,7.04e-06
752,2095,2,5_9,6.83e-06
752,2096,2,5_9,6.64e-06
752,2097,2,5_9,6.42e-06
752,2098,2,5_9,6.24e-06
752,2099,2,5_9,6.04e-06
752,2100,2,5_9,5.87e-06
826,2024,2,5_9,6.126e-05
826,2025,2,5_9,5.976e-05
826,2026,2,5_9,5.83e-05
826,2027,2,5_9,5.69e-05
826,2028,2,5_9,5.572e-05
826,2029,2,5_9,5.44e-05
826,2030,2,5_9,5.297e-05
826,2031,2,5_9,5.19e-05
826,2032,2,5_9,5.056e-05
826,2033,2,5_9,4.956e-05
826,2034,2,5_9,4.859e-05
826,2035,2,5_9,4.751e-05
826,2036,2,5_9,4.633e-05
826,2037,2,5_9,4.545e-05
826,2038,2,5_9,4.446e-05
826,2039,2,5_9,4.35e-05
826,2040,2,5_9,4.234e-05
826,2041,2,5_9,4.145e-05
826,2042,2,5_9,4.058e-05
826,2043,2,5_9,3.963e-05
826,2044,2,5_9,3.882e-05
826,2045,2,5_9,3.792e-05
826,2046,2,5_9,3.715e-05
826,2047,2,5_9,3.641e-05
826,2048,2,5_9,3.569e-05
826,2049,2,5_9,3.498e-05
826,2050,2,5_9,3.412e-05
826,2051,2,5_9,3.338e-05
826,2052,2,5_9,3.265e-05
826,2053,2,5_9,3.203e-05
826,2054,2,5_9,3.125e-05
826,2055,2,5_9,3.067e-05
826,2056,2,5_9,2.995e-05
826,2057,2,5_9,2.94e-05
826,2058,2,5_9,2.871e-05
826,2059,2,5_9,2.819e-05
826,2060,2,5_9,2.754e-05
826,2061,2,5_9,2.691e-05
826,2062,2,5_9,2.644e-05
826,2063,2,5_9,2.584e-05
826,2064,2,5_9,2.533e-05
826,2065,2,5_9,2.483e-05
826,2066,2,5_9,2.428e-05
826,2067,2,5_9,2.375e-05
826,2068,2,5_9,2.335e-05
826,2069,2,5_9,2.284e-05
826,2070,2,5_9,2.235e-05
826,2071,2,5_9,2.187e-05
826,2072,2,5_9,2.141e-05
826,2073,2,5_9,2.096e-05
826,2074,2,5_9,2.053e-05
826,2075,2,5_9,2.01e-05
826,2076,2,5_9,1.968e-05
826,2077,2,5_9,1.929e-05
826,2078,2,5_9,1.881e-05
826,2079,2,5_9,1.843e-05
826,2080,2,5_9,1.806e-05
826,2081,2,5_9,1.761e-05
826,2082,2,5_9,1.727e-05
826,2083,2,5_9,1.685e-05
826,2084,2,5_9,1.651e-05
826,2085,2,5_9,1.62e-05
826,2086,2,5_9,1.581e-05
826,2087,2,5_9,1.55e-05
826,2088,2,5_9,1.514e-05
826,2089,2,5_9,1.478e-05
826,2090,2,5_9,1.444e-05
826,2091,2,5_9,1.417e-05
826,2092,2,5_9,1.379e-05
826,2093,2,5_9,1.347e-05
826,2094,2,5_9,1.317e-05
826,2095,2,5_9,1.287e-05
826,2096,2,5_9,1.259e-05
826,2097,2,5_9,1.225e-05
826,2098,2,5_9,1.198e-05
826,2099,2,5_9,1.172e-05
826,2100,2,5_9,1.141e-05
8,2024,2,5_9,0.00020513
8,2025,2,5_9,0.00019963
8,2026,2,5_9,0.00019421
8,2027,2,5_9,0.00018894
8,2028,2,5_9,0.00018383
8,2029,2,5_9,0.00017888
8,2030,2,5_9,0.00017427
8,2031,2,5_9,0.0001698
8,2032,2,5_9,0.00016523
8,2033,2,5_9,0.0001609
8,2034,2,5_9,0.00015664
8,2035,2,5_9,0.00015293
8,2036,2,5_9,0.00014912
8,2037,2,5_9,0.00014537
8,2038,2,5_9,0.00014207
8,2039,2,5_9,0.00013872
8,2040,2,5_9,0.00013525
8,2041,2,5_9,0.00013213
8,2042,2,5_9,0.00012897
8,2043,2,5_9,0.00012606
8,2044,2,5_9,0.00012296
8,2045,2,5_9,0.00012
8,2046,2,5_9,0.00011714
8,2047,2,5_9,0.00011432
8,2048,2,5_9,0.00011179
8,2049,2,5_9,0.00010926
8,2050,2,5_9,0.00010674
8,2051,2,5_9,0.00010432
8,2052,2,5_9,0.00010206
8,2053,2,5_9,9.993e-05
8,2054,2,5_9,9.776e-05
8,2055,2,5_9,9.579e-05
8,2056,2,5_9,9.387e-05
8,2057,2,5_9,9.177e-05
8,2058,2,5_9,8.978e-05
8,2059,2,5_9,8.792e-05
8,2060,2,5_9,8.619e-05
8,2061,2,5_9,8.434e-05
8,2062,2,5_9,8.255e-05
8,2063,2,5_9,8.073e-05
8,2064,2,5_9,7.919e-05
8,2065,2,5_9,7.763e-05
8,2066,2,5_9,7.603e-05
8,2067,2,5_9,7.45e-05
8,2068,2,5_9,7.31e-05
8,2069,2,5_9,7.165e-05
8,2070,2,5_9,7.031e-05
8,2071,2,5_9,6.898e-05
8,2072,2,5_9,6.766e-05
8,2073,2,5_9,6.639e-05
8,2074,2,5_9,6.506e-05
8,2075,2,5_9,6.38e-05
8,2076,2,5_9,6.268e-05
8,2077,2,5_9,6.149e-05
8,2078,2,5_9,6.028e-05
8,2079,2,5_9,5.921e-05
8,2080,2,5_9,5.808e-05
8,2081,2,5_9,5.695e-05
8,2082,2,5_9,5.588e-05
8,2083,2,5_9,5.475e-05
8,2084,2,5_9,5.37e-05
8,2085,2,5_9,5.269e-05
8,2086,2,5_9,5.171e-05
8,2087,2,5_9,5.075e-05
8,2088,2,5_9,4.977e-05
8,2089,2,5_9,4.885e-05
8,2090,2,5_9,4.794e-05
8,2091,2,5_9,4.707e-05
8,2092,2,5_9,4.623e-05
8,2093,2,5_9,4.541e-05
8,2094,2,5_9,4.461e-05
8,2095,2,5_9,4.385e-05
8,2096,2,5_9,4.314e-05
8,2097,2,5_9,4.238e-05
8,2098,2,5_9,4.164e-05
8,2099,2,5_9,4.095e-05
8,2100,2,5_9,4.021e-05
20,2024,2,5_9,9.363e-05
20,2025,2,5_9,9.156e-05
20,2026,2,5_9,8.961e-05
20,2027,2,5_9,8.76e-05
20,2028,2,5_9,8.566e-05
20,2029,2,5_9,8.379e-05
20,2030,2,5_9,8.181e-05
20,2031,2,5_9,7.999e-05
20,2032,2,5_9,7.823e-05
20,2033,2,5_9,7.65e-05
20,2034,2,5_9,7.477e-05
20,2035,2,5_9,7.295e-05
20,2036,2,5_9,7.123e-05
20,2037,2,5_9,6.966e-05
20,2038,2,5_9,6.811e-05
20,2039,2,5_9,6.662e-05
20,2040,2,5_9,6.496e-05
20,2041,2,5_9,6.353e-05
20,2042,2,5_9,6.204e-05
20,2043,2,5_9,6.067e-05
20,2044,2,5_9,5.932e-05
20,2045,2,5_9,5.798e-05
20,2046,2,5_9,5.673e-05
20,2047,2,5_9,5.553e-05
20,2048,2,5_9,5.423e-05
20,2049,2,5_9,5.304e-05
20,2050,2,5_9,5.18e-05
20,2051,2,5_9,5.062e-05
20,2052,2,5_9,4.948e-05
20,2053,2,5_9,4.833e-05
20,2054,2,5_9,4.721e-05
20,2055,2,5_9,4.626e-05
20,2056,2,5_9,4.524e-05
20,2057,2,5_9,4.423e-05
20,2058,2,5_9,4.336e-05
20,2059,2,5_9,4.243e-05
20,2060,2,5_9,4.145e-05
20,2061,2,5_9,4.056e-05
20,2062,2,5_9,3.968e-05
20,2063,2,5_9,3.884e-05
20,2064,2,5_9,3.796e-05
20,2065,2,5_9,3.724e-05
20,2066,2,5_9,3.64e-05
20,2067,2,5_9,3.56e-05
20,2068,2,5_9,3.481e-05
20,2069,2,5_9,3.404e-05
20,2070,2,5_9,3.332e-05
20,2071,2,5_9,3.259e-05
20,2072,2,5_9,3.184e-05
20,2073,2,5_9,3.116e-05
20,2074,2,5_9,3.046e-05
20,2075,2,5_9,2.975e-05
20,2076,2,5_9,2.907e-05
20,2077,2,5_9,2.844e-05
20,2078,2,5_9,2.782e-05
20,2079,2,5_9,2.718e-05
20,2080,2,5_9,2.654e-05
20,2081,2,5_9,2.594e-05
20,2082,2,5_9,2.534e-05
20,2083,2,5_9,2.475e-05
20,2084,2,5_9,2.418e-05
20,2085,2,5_9,2.364e-05
20,2086,2,5_9,2.308e-05
20,2087,2,5_9,2.249e-05
20,2088,2,5_9,2.197e-05
20,2089,2,5_9,2.145e-05
20,2090,2,5_9,2.095e-05
20,2091,2,5_9,2.046e-05
20,2092,2,5_9,1.999e-05
20,2093,2,5_9,1.953e-05
20,2094,2,5_9,1.91e-05
20,2095,2,5_9,1.865e-05
20,2096,2,5_9,1.824e-05
20,2097,2,5_9,1.781e-05
20,2098,2,5_9,1.74e-05
20,2099,2,5_9,1.696e-05
20,2100,2,5_9,1.653e-05
70,2024,2,5_9,4.514e-05
70,2025,2,5_9,4.419e-05
70,2026,2,5_9,4.353e-05
70,2027,2,5_9,4.284e-05
70,2028,2,5_9,4.225e-05
70,2029,2,5_9,4.161e-05
70,2030,2,5_9,4.095e-05
70,2031,2,5_9,4.038e-05
70,2032,2,5_9,3.978e-05
70,2033,2,5_9,3.925e-05
70,2034,2,5_9,3.875e-05
70,2035,2,5_9,3.818e-05
70,2036,2,5_9,3.765e-05
70,2037,2,5_9,3.711e-05
70,2038,2,5_9,3.667e-05
70,2039,2,5_9,3.622e-05
70,2040,2,5_9,3.58e-05
70,2041,2,5_9,3.536e-05
70,2042,2,5_9,3.495e-05
70,2043,2,5_9,3.446e-05
70,2044,2,5_9,3.4e-05
70,2045,2,5_9,3.359e-05
70,2046,2,5_9,3.318e-05
70,2047,2,5_9,3.284e-05
70,2048,2,5_9,3.24e-05
70,2049,2,5_9,3.203e-05
70,2050,2,5_9,3.165e-05
70,2051,2,5_9,3.131e-05
70,2052,2,5_9,3.09e-05
70,2053,2,5_9,3.061e-05
70,2054,2,5_9,3.028e-05
70,2055,2,5_9,3e-05
70,2056,2,5_9,2.967e-05
70,2057,2,5_9,2.94e-05
70,2058,2,5_9,2.915e-05
70,2059,2,5_9,2.882e-05
70,2060,2,5_9,2.847e-05
70,2061,2,5_9,2.823e-05
70,2062,2,5_9,2.799e-05
70,2063,2,5_9,2.767e-05
70,2064,2,5_9,2.74e-05
70,2065,2,5_9,2.714e-05
70,2066,2,5_9,2.681e-05
70,2067,2,5_9,2.655e-05
70,2068,2,5_9,2.629e-05
70,2069,2,5_9,2.6e-05
70,2070,2,5_9,2.575e-05
70,2071,2,5_9,2.548e-05
70,2072,2,5_9,2.517e-05
70,2073,2,5_9,2.49e-05
70,2074,2,5_9,2.466e-05
70,2075,2,5_9,2.442e-05
70,2076,2,5_9,2.415e-05
70,2077,2,5_9,2.392e-05
70,2078,2,5_9,2.368e-05
70,2079,2,5_9,2.347e-05
70,2080,2,5_9,2.317e-05
70,2081,2,5_9,2.292e-05
70,2082,2,5_9,2.271e-05
70,2083,2,5_9,2.251e-05
70,2084,2,5_9,2.224e-05
70,2085,2,5_9,2.203e-05
70,2086,2,5_9,2.181e-05
70,2087,2,5_9,2.159e-05
70,2088,2,5_9,2.137e-05
70,2089,2,5_9,2.107e-05
70,2090,2,5_9,2.087e-05
70,2091,2,5_9,2.064e-05
70,2092,2,5_9,2.041e-05
70,2093,2,5_9,2.02e-05
70,2094,2,5_9,1.989e-05
70,2095,2,5_9,1.967e-05
70,2096,2,5_9,1.947e-05
70,2097,2,5_9,1.93e-05
70,2098,2,5_9,1.912e-05
70,2099,2,5_9,1.888e-05
70,2100,2,5_9,1.871e-05
191,2024,2,5_9,9.117e-05
191,2025,2,5_9,8.909e-05
191,2026,2,5_9,8.684e-05
191,2027,2,5_9,8.481e-05
191,2028,2,5_9,8.268e-05
191,2029,2,5_9,8.081e-05
191,2030,2,5_9,7.886e-05
191,2031,2,5_9,7.693e-05
191,2032,2,5_9,7.506e-05
191,2033,2,5_9,7.334e-05
191,2034,2,5_9,7.16e-05
191,2035,2,5_9,7e-05
191,2036,2,5_9,6.831e-05
191,2037,2,5_9,6.684e-05
191,2038,2,5_9,6.522e-05
191,2039,2,5_9,6.371e-05
191,2040,2,5_9,6.212e-05
191,2041,2,5_9,6.061e-05
191,2042,2,5_9,5.913e-05
191,2043,2,5_9,5.759e-05
191,2044,2,5_9,5.636e-05
191,2045,2,5_9,5.496e-05
191,2046,2,5_9,5.37e-05
191,2047,2,5_9,5.243e-05
191,2048,2,5_9,5.122e-05
191,2049,2,5_9,5.01e-05
191,2050,2,5_9,4.899e-05
191,2051,2,5_9,4.808e-05
191,2052,2,5_9,4.708e-05
191,2053,2,5_9,4.604e-05
191,2054,2,5_9,4.509e-05
191,2055,2,5_9,4.413e-05
191,2056,2,5_9,4.327e-05
191,2057,2,5_9,4.242e-05
191,2058,2,5_9,4.155e-05
191,2059,2,5_9,4.067e-05
191,2060,2,5_9,3.98e-05
191,2061,2,5_9,3.896e-05
191,2062,2,5_9,3.811e-05
191,2063,2,5_9,3.738e-05
191,2064,2,5_9,3.664e-05
191,2065,2,5_9,3.588e-05
191,2066,2,5_9,3.515e-05
191,2067,2,5_9,3.443e-05
191,2068,2,5_9,3.374e-05
191,2069,2,5_9,3.303e-05
191,2070,2,5_9,3.234e-05
191,2071,2,5_9,3.166e-05
191,2072,2,5_9,3.105e-05
191,2073,2,5_9,3.04e-05
191,2074,2,5_9,2.979e-05
191,2075,2,5_9,2.917e-05
191,2076,2,5_9,2.855e-05
191,2077,2,5_9,2.796e-05
191,2078,2,5_9,2.735e-05
191,2079,2,5_9,2.677e-05
191,2080,2,5_9,2.62e-05
191,2081,2,5_9,2.566e-05
191,2082,2,5_9,2.515e-05
191,2083,2,5_9,2.462e-05
191,2084,2,5_9,2.413e-05
191,2085,2,5_9,2.362e-05
191,2086,2,5_9,2.315e-05
191,2087,2,5_9,2.27e-05
191,2088,2,5_9,2.225e-05
191,2089,2,5_9,2.18e-05
191,2090,2,5_9,2.136e-05
191,2091,2,5_9,2.091e-05
191,2092,2,5_9,2.047e-05
191,2093,2,5_9,2.009e-05
191,2094,2,5_9,1.97e-05
191,2095,2,5_9,1.932e-05
191,2096,2,5_9,1.895e-05
191,2097,2,5_9,1.858e-05
191,2098,2,5_9,1.823e-05
191,2099,2,5_9,1.785e-05
191,2100,2,5_9,1.754e-05
292,2024,2,5_9,0.00020081
292,2025,2,5_9,0.00019705
292,2026,2,5_9,0.00019454
292,2027,2,5_9,0.00019203
292,2028,2,5_9,0.00018827
292,2029,2,5_9,0.00018576
292,2030,2,5_9,0.00018325
292,2031,2,5_9,0.00017948
292,2032,2,5_9,0.00017697
292,2033,2,5_9,0.00017446
292,2034,2,5_9,0.0001707
292,2035,2,5_9,0.00016843
292,2036,2,5_9,0.00016641
292,2037,2,5_9,0.00016439
292,2038,2,5_9,0.00016236
292,2039,2,5_9,0.00015933
292,2040,2,5_9,0.00015731
292,2041,2,5_9,0.00015528
292,2042,2,5_9,0.00015225
292,2043,2,5_9,0.00015023
292,2044,2,5_9,0.0001482
292,2045,2,5_9,0.00014618
292,2046,2,5_9,0.00014416
292,2047,2,5_9,0.00014113
292,2048,2,5_9,0.0001391
292,2049,2,5_9,0.00013708
292,2050,2,5_9,0.00013506
292,2051,2,5_9,0.00013303
292,2052,2,5_9,0.00013101
292,2053,2,5_9,0.00012798
292,2054,2,5_9,0.00012596
292,2055,2,5_9,0.00012393
292,2056,2,5_9,0.00012191
292,2057,2,5_9,0.00011989
292,2058,2,5_9,0.00011835
292,2059,2,5_9,0.00011605
292,2060,2,5_9,0.00011451
292,2061,2,5_9,0.00011298
292,2062,2,5_9,0.00011068
292,2063,2,5_9,0.00010914
292,2064,2,5_9,0.00010761
292,2065,2,5_9,0.00010607
292,2066,2,5_9,0.00010377
292,2067,2,5_9,0.00010223
292,2068,2,5_9,0.0001007
292,2069,2,5_9,9.916e-05
292,2070,2,5_9,9.763e-05
292,2071,2,5_9,9.533e-05
292,2072,2,5_9,9.379e-05
292,2073,2,5_9,9.226e-05
292,2074,2,5_9,9.072e-05
292,2075,2,5_9,8.919e-05
292,2076,2,5_9,8.765e-05
292,2077,2,5_9,8.612e-05
292,2078,2,5_9,8.381e-05
292,2079,2,5_9,8.228e-05
292,2080,2,5_9,8.113e-05
292,2081,2,5_9,7.998e-05
292,2082,2,5_9,7.883e-05
292,2083,2,5_9,7.711e-05
292,2084,2,5_9,7.596e-05
292,2085,2,5_9,7.482e-05
292,2086,2,5_9,7.367e-05
292,2087,2,5_9,7.252e-05
292,2088,2,5_9,7.08e-05
292,2089,2,5_9,6.965e-05
292,2090,2,5_9,6.85e-05
292,2091,2,5_9,6.735e-05
292,2092,2,5_9,6.62e-05
292,2093,2,5_9,6.448e-05
292,2094,2,5_9,6.333e-05
292,2095,2,5_9,6.219e-05
292,2096,2,5_9,6.104e-05
292,2097,2,5_9,5.989e-05
292,2098,2,5_9,5.874e-05
292,2099,2,5_9,5.702e-05
292,2100,2,5_9,5.587e-05
300,2024,2,5_9,3.675e-05
300,2025,2,5_9,3.507e-05
300,2026,2,5_9,3.373e-05
300,2027,2,5_9,3.245e-05
300,2028,2,5_9,3.124e-05
300,2029,2,5_9,2.989e-05
300,2030,2,5_9,2.881e-05
300,2031,2,5_9,2.777e-05
300,2032,2,5_9,2.679e-05
300,2033,2,5_9,2.585e-05
300,2034,2,5_9,2.495e-05
300,2035,2,5_9,2.41e-05
300,2036,2,5_9,2.343e-05
300,2037,2,5_9,2.264e-05
300,2038,2,5_9,2.189e-05
300,2039,2,5_9,2.13e-05
300,2040,2,5_9,2.061e-05
300,2041,2,5_9,2.007e-05
300,2042,2,5_9,1.944e-05
300,2043,2,5_9,1.894e-05
300,2044,2,5_9,1.835e-05
300,2045,2,5_9,1.789e-05
300,2046,2,5_9,1.735e-05
300,2047,2,5_9,1.692e-05
300,2048,2,5_9,1.651e-05
300,2049,2,5_9,1.611e-05
300,2050,2,5_9,1.564e-05
300,2051,2,5_9,1.527e-05
300,2052,2,5_9,1.492e-05
300,2053,2,5_9,1.45e-05
300,2054,2,5_9,1.417e-05
300,2055,2,5_9,1.385e-05
300,2056,2,5_9,1.355e-05
300,2057,2,5_9,1.318e-05
300,2058,2,5_9,1.29e-05
300,2059,2,5_9,1.262e-05
300,2060,2,5_9,1.229e-05
300,2061,2,5_9,1.203e-05
300,2062,2,5_9,1.172e-05
300,2063,2,5_9,1.149e-05
300,2064,2,5_9,1.12e-05
300,2065,2,5_9,1.097e-05
300,2066,2,5_9,1.075e-05
300,2067,2,5_9,1.054e-05
300,2068,2,5_9,1.033e-05
300,2069,2,5_9,1.008e-05
300,2070,2,5_9,9.89e-06
300,2071,2,5_9,9.7e-06
300,2072,2,5_9,9.52e-06
300,2073,2,5_9,9.34e-06
300,2074,2,5_9,9.12e-06
300,2075,2,5_9,8.96e-06
300,2076,2,5_9,8.75e-06
300,2077,2,5_9,8.6e-06
300,2078,2,5_9,8.45e-06
300,2079,2,5_9,8.3e-06
300,2080,2,5_9,8.11e-06
300,2081,2,5_9,7.97e-06
300,2082,2,5_9,7.84e-06
300,2083,2,5_9,7.67e-06
300,2084,2,5_9,7.54e-06
300,2085,2,5_9,7.41e-06
300,2086,2,5_9,7.26e-06
300,2087,2,5_9,7.14e-06
300,2088,2,5_9,6.99e-06
300,2089,2,5_9,6.88e-06
300,2090,2,5_9,6.74e-06
300,2091,2,5_9,6.64e-06
300,2092,2,5_9,6.5e-06
300,2093,2,5_9,6.41e-06
300,2094,2,5_9,6.28e-06
300,2095,2,5_9,6.16e-06
300,2096,2,5_9,6.07e-06
300,2097,2,5_9,5.95e-06
300,2098,2,5_9,5.83e-06
300,2099,2,5_9,5.75e-06
300,2100,2,5_9,5.64e-06
336,2024,2,5_9,0.00010731
336,2025,2,5_9,0.00010544
336,2026,2,5_9,0.0001042
336,2027,2,5_9,0.00010233
336,2028,2,5_9,0.00010109
336,2029,2,5_9,9.984e-05
336,2030,2,5_9,9.798e-05
336,2031,2,5_9,9.674e-05
336,2032,2,5_9,9.549e-05
336,2033,2,5_9,9.363e-05
336,2034,2,5_9,9.238e-05
336,2035,2,5_9,9.114e-05
336,2036,2,5_9,8.927e-05
336,2037,2,5_9,8.803e-05
336,2038,2,5_9,8.616e-05
336,2039,2,5_9,8.492e-05
336,2040,2,5_9,8.368e-05
336,2041,2,5_9,8.243e-05
336,2042,2,5_9,8.057e-05
336,2043,2,5_9,7.932e-05
336,2044,2,5_9,7.834e-05
336,2045,2,5_9,7.735e-05
336,2046,2,5_9,7.637e-05
336,2047,2,5_9,7.489e-05
336,2048,2,5_9,7.391e-05
336,2049,2,5_9,7.292e-05
336,2050,2,5_9,7.194e-05
336,2051,2,5_9,7.046e-05
336,2052,2,5_9,6.947e-05
336,2053,2,5_9,6.849e-05
336,2054,2,5_9,6.75e-05
336,2055,2,5_9,6.652e-05
336,2056,2,5_9,6.504e-05
336,2057,2,5_9,6.405e-05
336,2058,2,5_9,6.307e-05
336,2059,2,5_9,6.208e-05
336,2060,2,5_9,6.11e-05
336,2061,2,5_9,6.011e-05
336,2062,2,5_9,5.864e-05
336,2063,2,5_9,5.765e-05
336,2064,2,5_9,5.667e-05
336,2065,2,5_9,5.568e-05
336,2066,2,5_9,5.482e-05
336,2067,2,5_9,5.41e-05
336,2068,2,5_9,5.337e-05
336,2069,2,5_9,5.228e-05
336,2070,2,5_9,5.155e-05
336,2071,2,5_9,5.083e-05
336,2072,2,5_9,5.01e-05
336,2073,2,5_9,4.901e-05
336,2074,2,5_9,4.828e-05
336,2075,2,5_9,4.756e-05
336,2076,2,5_9,4.683e-05
336,2077,2,5_9,4.61e-05
336,2078,2,5_9,4.537e-05
336,2079,2,5_9,4.465e-05
336,2080,2,5_9,4.356e-05
336,2081,2,5_9,4.283e-05
336,2082,2,5_9,4.21e-05
336,2083,2,5_9,4.138e-05
336,2084,2,5_9,4.065e-05
336,2085,2,5_9,3.992e-05
336,2086,2,5_9,3.92e-05
336,2087,2,5_9,3.847e-05
336,2088,2,5_9,3.774e-05
336,2089,2,5_9,3.685e-05
336,2090,2,5_9,3.632e-05
336,2091,2,5_9,3.579e-05
336,2092,2,5_9,3.526e-05
336,2093,2,5_9,3.473e-05
336,2094,2,5_9,3.419e-05
336,2095,2,5_9,3.366e-05
336,2096,2,5_9,3.313e-05
336,2097,2,5_9,3.26e-05
336,2098,2,5_9,3.207e-05
336,2099,2,5_9,3.128e-05
336,2100,2,5_9,3.075e-05
380,2024,2,5_9,4.748e-05
380,2025,2,5_9,4.602e-05
380,2026,2,5_9,4.485e-05
380,2027,2,5_9,4.36e-05
380,2028,2,5_9,4.239e-05
380,2029,2,5_9,4.134e-05
380,2030,2,5_9,4.011e-05
380,2031,2,5_9,3.913e-05
380,2032,2,5_9,3.798e-05
380,2033,2,5_9,3.687e-05
380,2034,2,5_9,3.599e-05
380,2035,2,5_9,3.496e-05
380,2036,2,5_9,3.413e-05
380,2037,2,5_9,3.317e-05
380,2038,2,5_9,3.223e-05
380,2039,2,5_9,3.149e-05
380,2040,2,5_9,3.062e-05
380,2041,2,5_9,2.978e-05
380,2042,2,5_9,2.896e-05
380,2043,2,5_9,2.83e-05
380,2044,2,5_9,2.754e-05
380,2045,2,5_9,2.681e-05
380,2046,2,5_9,2.609e-05
380,2047,2,5_9,2.539e-05
380,2048,2,5_9,2.473e-05
380,2049,2,5_9,2.408e-05
380,2050,2,5_9,2.345e-05
380,2051,2,5_9,2.285e-05
380,2052,2,5_9,2.226e-05
380,2053,2,5_9,2.169e-05
380,2054,2,5_9,2.105e-05
380,2055,2,5_9,2.052e-05
380,2056,2,5_9,2e-05
380,2057,2,5_9,1.95e-05
380,2058,2,5_9,1.893e-05
380,2059,2,5_9,1.846e-05
380,2060,2,5_9,1.801e-05
380,2061,2,5_9,1.757e-05
380,2062,2,5_9,1.714e-05
380,2063,2,5_9,1.665e-05
380,2064,2,5_9,1.618e-05
380,2065,2,5_9,1.58e-05
380,2066,2,5_9,1.535e-05
380,2067,2,5_9,1.492e-05
380,2068,2,5_9,1.457e-05
380,2069,2,5_9,1.417e-05
380,2070,2,5_9,1.378e-05
380,2071,2,5_9,1.335e-05
380,2072,2,5_9,1.299e-05
380,2073,2,5_9,1.264e-05
380,2074,2,5_9,1.224e-05
380,2075,2,5_9,1.186e-05
380,2076,2,5_9,1.155e-05
380,2077,2,5_9,1.119e-05
380,2078,2,5_9,1.09e-05
380,2079,2,5_9,1.057e-05
380,2080,2,5_9,1.025e-05
380,2081,2,5_9,9.94e-06
380,2082,2,5_9,9.64e-06
380,2083,2,5_9,9.36e-06
380,2084,2,5_9,9e-06
380,2085,2,5_9,8.74e-06
380,2086,2,5_9,8.48e-06
380,2087,2,5_9,8.29e-06
380,2088,2,5_9,7.98e-06
380,2089,2,5_9,7.75e-06
380,2090,2,5_9,7.53e-06
380,2091,2,5_9,7.25e-06
380,2092,2,5_9,7.01e-06
380,2093,2,5_9,6.78e-06
380,2094,2,5_9,6.53e-06
380,2095,2,5_9,6.3e-06
380,2096,2,5_9,6.12e-06
380,2097,2,5_9,5.9e-06
380,2098,2,5_9,5.68e-06
380,2099,2,5_9,5.43e-06
380,2100,2,5_9,5.28e-06
412,2024,2,5_9,9.764e-05
412,2025,2,5_9,9.487e-05
412,2026,2,5_9,9.238e-05
412,2027,2,5_9,8.986e-05
412,2028,2,5_9,8.759e-05
412,2029,2,5_9,8.542e-05
412,2030,2,5_9,8.33e-05
412,2031,2,5_9,8.11e-05
412,2032,2,5_9,7.912e-05
412,2033,2,5_9,7.713e-05
412,2034,2,5_9,7.528e-05
412,2035,2,5_9,7.345e-05
412,2036,2,5_9,7.162e-05
412,2037,2,5_9,6.978e-05
412,2038,2,5_9,6.811e-05
412,2039,2,5_9,6.646e-05
412,2040,2,5_9,6.498e-05
412,2041,2,5_9,6.348e-05
412,2042,2,5_9,6.2e-05
412,2043,2,5_9,6.055e-05
412,2044,2,5_9,5.917e-05
412,2045,2,5_9,5.788e-05
412,2046,2,5_9,5.664e-05
412,2047,2,5_9,5.537e-05
412,2048,2,5_9,5.418e-05
412,2049,2,5_9,5.298e-05
412,2050,2,5_9,5.184e-05
412,2051,2,5_9,5.075e-05
412,2052,2,5_9,4.965e-05
412,2053,2,5_9,4.862e-05
412,2054,2,5_9,4.753e-05
412,2055,2,5_9,4.651e-05
412,2056,2,5_9,4.556e-05
412,2057,2,5_9,4.461e-05
412,2058,2,5_9,4.369e-05
412,2059,2,5_9,4.285e-05
412,2060,2,5_9,4.205e-05
412,2061,2,5_9,4.118e-05
412,2062,2,5_9,4.033e-05
412,2063,2,5_9,3.956e-05
412,2064,2,5_9,3.876e-05
412,2065,2,5_9,3.8e-05
412,2066,2,5_9,3.728e-05
412,2067,2,5_9,3.652e-05
412,2068,2,5_9,3.58e-05
412,2069,2,5_9,3.511e-05
412,2070,2,5_9,3.442e-05
412,2071,2,5_9,3.375e-05
412,2072,2,5_9,3.313e-05
412,2073,2,5_9,3.243e-05
412,2074,2,5_9,3.185e-05
412,2075,2,5_9,3.127e-05
412,2076,2,5_9,3.073e-05
412,2077,2,5_9,3.011e-05
412,2078,2,5_9,2.956e-05
412,2079,2,5_9,2.897e-05
412,2080,2,5_9,2.846e-05
412,2081,2,5_9,2.79e-05
412,2082,2,5_9,2.741e-05
412,2083,2,5_9,2.693e-05
412,2084,2,5_9,2.648e-05
412,2085,2,5_9,2.598e-05
412,2086,2,5_9,2.551e-05
412,2087,2,5_9,2.51e-05
412,2088,2,5_9,2.465e-05
412,2089,2,5_9,2.423e-05
412,2090,2,5_9,2.379e-05
412,2091,2,5_9,2.336e-05
412,2092,2,5_9,2.293e-05
412,2093,2,5_9,2.253e-05
412,2094,2,5_9,2.212e-05
412,2095,2,5_9,2.173e-05
412,2096,2,5_9,2.134e-05
412,2097,2,5_9,2.094e-05
412,2098,2,5_9,2.057e-05
412,2099,2,5_9,2.018e-05
412,2100,2,5_9,1.973e-05
470,2024,2,5_9,0.00020518
470,2025,2,5_9,0.00020131
470,2026,2,5_9,0.00019731
470,2027,2,5_9,0.0001937
470,2028,2,5_9,0.00019008
470,2029,2,5_9,0.00018635
470,2030,2,5_9,0.00018296
470,2031,2,5_9,0.0001795
470,2032,2,5_9,0.00017633
470,2033,2,5_9,0.00017289
470,2034,2,5_9,0.00016972
470,2035,2,5_9,0.00016633
470,2036,2,5_9,0.00016334
470,2037,2,5_9,0.00016019
470,2038,2,5_9,0.00015732
470,2039,2,5_9,0.00015424
470,2040,2,5_9,0.00015137
470,2041,2,5_9,0.00014849
470,2042,2,5_9,0.00014551
470,2043,2,5_9,0.00014271
470,2044,2,5_9,0.00014021
470,2045,2,5_9,0.00013759
470,2046,2,5_9,0.00013514
470,2047,2,5_9,0.00013259
470,2048,2,5_9,0.00013019
470,2049,2,5_9,0.00012796
470,2050,2,5_9,0.00012565
470,2051,2,5_9,0.00012336
470,2052,2,5_9,0.00012121
470,2053,2,5_9,0.00011917
470,2054,2,5_9,0.00011723
470,2055,2,5_9,0.00011515
470,2056,2,5_9,0.00011308
470,2057,2,5_9,0.00011094
470,2058,2,5_9,0.00010893
470,2059,2,5_9,0.00010692
470,2060,2,5_9,0.00010497
470,2061,2,5_9,0.00010304
470,2062,2,5_9,0.00010115
470,2063,2,5_9,9.936e-05
470,2064,2,5_9,9.764e-05
470,2065,2,5_9,9.609e-05
470,2066,2,5_9,9.433e-05
470,2067,2,5_9,9.277e-05
470,2068,2,5_9,9.126e-05
470,2069,2,5_9,8.974e-05
470,2070,2,5_9,8.822e-05
470,2071,2,5_9,8.659e-05
470,2072,2,5_9,8.508e-05
470,2073,2,5_9,8.362e-05
470,2074,2,5_9,8.213e-05
470,2075,2,5_9,8.077e-05
470,2076,2,5_9,7.945e-05
470,2077,2,5_9,7.81e-05
470,2078,2,5_9,7.679e-05
470,2079,2,5_9,7.543e-05
470,2080,2,5_9,7.399e-05
470,2081,2,5_9,7.277e-05
470,2082,2,5_9,7.147e-05
470,2083,2,5_9,7.025e-05
470,2084,2,5_9,6.892e-05
470,2085,2,5_9,6.754e-05
470,2086,2,5_9,6.635e-05
470,2087,2,5_9,6.529e-05
470,2088,2,5_9,6.424e-05
470,2089,2,5_9,6.313e-05
470,2090,2,5_9,6.207e-05
470,2091,2,5_9,6.091e-05
470,2092,2,5_9,5.979e-05
470,2093,2,5_9,5.879e-05
470,2094,2,5_9,5.78e-05
470,2095,2,5_9,5.677e-05
470,2096,2,5_9,5.578e-05
470,2097,2,5_9,5.49e-05
470,2098,2,5_9,5.393e-05
470,2099,2,5_9,5.295e-05
470,2100,2,5_9,5.187e-05
499,2024,2,5_9,0.00017326
499,2025,2,5_9,0.00016872
499,2026,2,5_9,0.00016421
499,2027,2,5_9,0.00015988
499,2028,2,5_9,0.0001555
499,2029,2,5_9,0.00015163
499,2030,2,5_9,0.00014818
499,2031,2,5_9,0.00014456
499,2032,2,5_9,0.00014122
499,2033,2,5_9,0.00013803
499,2034,2,5_9,0.00013491
499,2035,2,5_9,0.00013183
499,2036,2,5_9,0.00012883
499,2037,2,5_9,0.00012591
499,2038,2,5_9,0.00012309
499,2039,2,5_9,0.00012038
499,2040,2,5_9,0.00011743
499,2041,2,5_9,0.0001147
499,2042,2,5_9,0.000112
499,2043,2,5_9,0.00010947
499,2044,2,5_9,0.000107
499,2045,2,5_9,0.00010432
499,2046,2,5_9,0.00010199
499,2047,2,5_9,9.975e-05
499,2048,2,5_9,9.73e-05
499,2049,2,5_9,9.508e-05
499,2050,2,5_9,9.295e-05
499,2051,2,5_9,9.072e-05
499,2052,2,5_9,8.849e-05
499,2053,2,5_9,8.648e-05
499,2054,2,5_9,8.459e-05
499,2055,2,5_9,8.266e-05
499,2056,2,5_9,8.089e-05
499,2057,2,5_9,7.919e-05
499,2058,2,5_9,7.735e-05
499,2059,2,5_9,7.575e-05
499,2060,2,5_9,7.43e-05
499,2061,2,5_9,7.268e-05
499,2062,2,5_9,7.135e-05
499,2063,2,5_9,6.988e-05
499,2064,2,5_9,6.848e-05
499,2065,2,5_9,6.709e-05
499,2066,2,5_9,6.58e-05
499,2067,2,5_9,6.44e-05
499,2068,2,5_9,6.317e-05
499,2069,2,5_9,6.197e-05
499,2070,2,5_9,6.068e-05
499,2071,2,5_9,5.942e-05
499,2072,2,5_9,5.823e-05
499,2073,2,5_9,5.707e-05
499,2074,2,5_9,5.598e-05
499,2075,2,5_9,5.477e-05
499,2076,2,5_9,5.365e-05
499,2077,2,5_9,5.254e-05
499,2078,2,5_9,5.148e-05
499,2079,2,5_9,5.045e-05
499,2080,2,5_9,4.941e-05
499,2081,2,5_9,4.842e-05
499,2082,2,5_9,4.737e-05
499,2083,2,5_9,4.64e-05
499,2084,2,5_9,4.545e-05
499,2085,2,5_9,4.451e-05
499,2086,2,5_9,4.355e-05
499,2087,2,5_9,4.268e-05
499,2088,2,5_9,4.182e-05
499,2089,2,5_9,4.094e-05
499,2090,2,5_9,4.011e-05
499,2091,2,5_9,3.935e-05
499,2092,2,5_9,3.854e-05
499,2093,2,5_9,3.775e-05
499,2094,2,5_9,3.7e-05
499,2095,2,5_9,3.624e-05
499,2096,2,5_9,3.561e-05
499,2097,2,5_9,3.491e-05
499,2098,2,5_9,3.419e-05
499,2099,2,5_9,3.356e-05
499,2100,2,5_9,3.289e-05
807,2024,2,5_9,0.00011139
807,2025,2,5_9,0.00010921
807,2026,2,5_9,0.00010715
807,2027,2,5_9,0.00010513
807,2028,2,5_9,0.00010312
807,2029,2,5_9,0.00010131
807,2030,2,5_9,9.941e-05
807,2031,2,5_9,9.767e-05
807,2032,2,5_9,9.582e-05
807,2033,2,5_9,9.399e-05
807,2034,2,5_9,9.226e-05
807,2035,2,5_9,9.055e-05
807,2036,2,5_9,8.886e-05
807,2037,2,5_9,8.731e-05
807,2038,2,5_9,8.58e-05
807,2039,2,5_9,8.442e-05
807,2040,2,5_9,8.286e-05
807,2041,2,5_9,8.121e-05
807,2042,2,5_9,7.985e-05
807,2043,2,5_9,7.83e-05
807,2044,2,5_9,7.697e-05
807,2045,2,5_9,7.555e-05
807,2046,2,5_9,7.415e-05
807,2047,2,5_9,7.295e-05
807,2048,2,5_9,7.146e-05
807,2049,2,5_9,7.014e-05
807,2050,2,5_9,6.891e-05
807,2051,2,5_9,6.769e-05
807,2052,2,5_9,6.657e-05
807,2053,2,5_9,6.555e-05
807,2054,2,5_9,6.452e-05
807,2055,2,5_9,6.339e-05
807,2056,2,5_9,6.245e-05
807,2057,2,5_9,6.148e-05
807,2058,2,5_9,6.051e-05
807,2059,2,5_9,5.96e-05
807,2060,2,5_9,5.871e-05
807,2061,2,5_9,5.781e-05
807,2062,2,5_9,5.689e-05
807,2063,2,5_9,5.6e-05
807,2064,2,5_9,5.511e-05
807,2065,2,5_9,5.43e-05
807,2066,2,5_9,5.346e-05
807,2067,2,5_9,5.272e-05
807,2068,2,5_9,5.19e-05
807,2069,2,5_9,5.11e-05
807,2070,2,5_9,5.025e-05
807,2071,2,5_9,4.957e-05
807,2072,2,5_9,4.883e-05
807,2073,2,5_9,4.801e-05
807,2074,2,5_9,4.73e-05
807,2075,2,5_9,4.663e-05
807,2076,2,5_9,4.597e-05
807,2077,2,5_9,4.524e-05
807,2078,2,5_9,4.458e-05
807,2079,2,5_9,4.391e-05
807,2080,2,5_9,4.329e-05
807,2081,2,5_9,4.263e-05
807,2082,2,5_9,4.205e-05
807,2083,2,5_9,4.139e-05
807,2084,2,5_9,4.081e-05
807,2085,2,5_9,4.012e-05
807,2086,2,5_9,3.953e-05
807,2087,2,5_9,3.897e-05
807,2088,2,5_9,3.843e-05
807,2089,2,5_9,3.79e-05
807,2090,2,5_9,3.735e-05
807,2091,2,5_9,3.676e-05
807,2092,2,5_9,3.624e-05
807,2093,2,5_9,3.577e-05
807,2094,2,5_9,3.529e-05
807,2095,2,5_9,3.48e-05
807,2096,2,5_9,3.424e-05
807,2097,2,5_9,3.379e-05
807,2098,2,5_9,3.333e-05
807,2099,2,5_9,3.287e-05
807,2100,2,5_9,3.24e-05
620,2024,2,5_9,4.919e-05
620,2025,2,5_9,4.769e-05
620,2026,2,5_9,4.596e-05
620,2027,2,5_9,4.446e-05
620,2028,2,5_9,4.301e-05
620,2029,2,5_9,4.177e-05
620,2030,2,5_9,4.032e-05
620,2031,2,5_9,3.918e-05
620,2032,2,5_9,3.797e-05
620,2033,2,5_9,3.681e-05
620,2034,2,5_9,3.58e-05
620,2035,2,5_9,3.483e-05
620,2036,2,5_9,3.38e-05
620,2037,2,5_9,3.281e-05
620,2038,2,5_9,3.196e-05
620,2039,2,5_9,3.113e-05
620,2040,2,5_9,3.017e-05
620,2041,2,5_9,2.941e-05
620,2042,2,5_9,2.868e-05
620,2043,2,5_9,2.781e-05
620,2044,2,5_9,2.714e-05
620,2045,2,5_9,2.634e-05
620,2046,2,5_9,2.571e-05
620,2047,2,5_9,2.51e-05
620,2048,2,5_9,2.452e-05
620,2049,2,5_9,2.396e-05
620,2050,2,5_9,2.328e-05
620,2051,2,5_9,2.277e-05
620,2052,2,5_9,2.226e-05
620,2053,2,5_9,2.177e-05
620,2054,2,5_9,2.129e-05
620,2055,2,5_9,2.072e-05
620,2056,2,5_9,2.028e-05
620,2057,2,5_9,1.986e-05
620,2058,2,5_9,1.944e-05
620,2059,2,5_9,1.894e-05
620,2060,2,5_9,1.856e-05
620,2061,2,5_9,1.809e-05
620,2062,2,5_9,1.773e-05
620,2063,2,5_9,1.73e-05
620,2064,2,5_9,1.696e-05
620,2065,2,5_9,1.655e-05
620,2066,2,5_9,1.624e-05
620,2067,2,5_9,1.593e-05
620,2068,2,5_9,1.556e-05
620,2069,2,5_9,1.527e-05
620,2070,2,5_9,1.492e-05
620,2071,2,5_9,1.465e-05
620,2072,2,5_9,1.432e-05
620,2073,2,5_9,1.401e-05
620,2074,2,5_9,1.376e-05
620,2075,2,5_9,1.346e-05
620,2076,2,5_9,1.317e-05
620,2077,2,5_9,1.289e-05
620,2078,2,5_9,1.262e-05
620,2079,2,5_9,1.236e-05
620,2080,2,5_9,1.21e-05
620,2081,2,5_9,1.185e-05
620,2082,2,5_9,1.167e-05
620,2083,2,5_9,1.143e-05
620,2084,2,5_9,1.12e-05
620,2085,2,5_9,1.097e-05
620,2086,2,5_9,1.071e-05
620,2087,2,5_9,1.051e-05
620,2088,2,5_9,1.03e-05
620,2089,2,5_9,1.01e-05
620,2090,2,5_9,9.91e-06
620,2091,2,5_9,9.72e-06
620,2092,2,5_9,9.51e-06
620,2093,2,5_9,9.29e-06
620,2094,2,5_9,9.11e-06
620,2095,2,5_9,8.92e-06
620,2096,2,5_9,8.72e-06
620,2097,2,5_9,8.53e-06
620,2098,2,5_9,8.35e-06
620,2099,2,5_9,8.17e-06
620,2100,2,5_9,8e-06
674,2024,2,5_9,3.743e-05
674,2025,2,5_9,3.683e-05
674,2026,2,5_9,3.629e-05
674,2027,2,5_9,3.571e-05
674,2028,2,5_9,3.513e-05
674,2029,2,5_9,3.458e-05
674,2030,2,5_9,3.412e-05
674,2031,2,5_9,3.363e-05
674,2032,2,5_9,3.319e-05
674,2033,2,5_9,3.272e-05
674,2034,2,5_9,3.224e-05
674,2035,2,5_9,3.183e-05
674,2036,2,5_9,3.143e-05
674,2037,2,5_9,3.101e-05
674,2038,2,5_9,3.059e-05
674,2039,2,5_9,3.014e-05
674,2040,2,5_9,2.976e-05
674,2041,2,5_9,2.934e-05
674,2042,2,5_9,2.896e-05
674,2043,2,5_9,2.856e-05
674,2044,2,5_9,2.819e-05
674,2045,2,5_9,2.782e-05
674,2046,2,5_9,2.743e-05
674,2047,2,5_9,2.699e-05
674,2048,2,5_9,2.66e-05
674,2049,2,5_9,2.63e-05
674,2050,2,5_9,2.596e-05
674,2051,2,5_9,2.566e-05
674,2052,2,5_9,2.538e-05
674,2053,2,5_9,2.506e-05
674,2054,2,5_9,2.478e-05
674,2055,2,5_9,2.439e-05
674,2056,2,5_9,2.411e-05
674,2057,2,5_9,2.381e-05
674,2058,2,5_9,2.352e-05
674,2059,2,5_9,2.318e-05
674,2060,2,5_9,2.289e-05
674,2061,2,5_9,2.26e-05
674,2062,2,5_9,2.231e-05
674,2063,2,5_9,2.201e-05
674,2064,2,5_9,2.168e-05
674,2065,2,5_9,2.141e-05
674,2066,2,5_9,2.112e-05
674,2067,2,5_9,2.085e-05
674,2068,2,5_9,2.058e-05
674,2069,2,5_9,2.033e-05
674,2070,2,5_9,2.004e-05
674,2071,2,5_9,1.969e-05
674,2072,2,5_9,1.939e-05
674,2073,2,5_9,1.917e-05
674,2074,2,5_9,1.893e-05
674,2075,2,5_9,1.871e-05
674,2076,2,5_9,1.85e-05
674,2077,2,5_9,1.823e-05
674,2078,2,5_9,1.803e-05
674,2079,2,5_9,1.781e-05
674,2080,2,5_9,1.761e-05
674,2081,2,5_9,1.74e-05
674,2082,2,5_9,1.72e-05
674,2083,2,5_9,1.699e-05
674,2084,2,5_9,1.672e-05
674,2085,2,5_9,1.652e-05
674,2086,2,5_9,1.63e-05
674,2087,2,5_9,1.608e-05
674,2088,2,5_9,1.587e-05
674,2089,2,5_9,1.565e-05
674,2090,2,5_9,1.537e-05
674,2091,2,5_9,1.516e-05
674,2092,2,5_9,1.496e-05
674,2093,2,5_9,1.475e-05
674,2094,2,5_9,1.452e-05
674,2095,2,5_9,1.431e-05
674,2096,2,5_9,1.416e-05
674,2097,2,5_9,1.399e-05
674,2098,2,5_9,1.378e-05
674,2099,2,5_9,1.361e-05
674,2100,2,5_9,1.345e-05
688,2024,2,5_9,7.274e-05
688,2025,2,5_9,7.083e-05
688,2026,2,5_9,6.903e-05
688,2027,2,5_9,6.741e-05
688,2028,2,5_9,6.573e-05
688,2029,2,5_9,6.409e-05
688,2030,2,5_9,6.262e-05
688,2031,2,5_9,6.126e-05
688,2032,2,5_9,5.985e-05
688,2033,2,5_9,5.851e-05
688,2034,2,5_9,5.73e-05
688,2035,2,5_9,5.614e-05
688,2036,2,5_9,5.492e-05
688,2037,2,5_9,5.375e-05
688,2038,2,5_9,5.267e-05
688,2039,2,5_9,5.153e-05
688,2040,2,5_9,5.036e-05
688,2041,2,5_9,4.943e-05
688,2042,2,5_9,4.839e-05
688,2043,2,5_9,4.742e-05
688,2044,2,5_9,4.648e-05
688,2045,2,5_9,4.548e-05
688,2046,2,5_9,4.448e-05
688,2047,2,5_9,4.354e-05
688,2048,2,5_9,4.26e-05
688,2049,2,5_9,4.175e-05
688,2050,2,5_9,4.085e-05
688,2051,2,5_9,4.005e-05
688,2052,2,5_9,3.919e-05
688,2053,2,5_9,3.835e-05
688,2054,2,5_9,3.758e-05
688,2055,2,5_9,3.686e-05
688,2056,2,5_9,3.609e-05
688,2057,2,5_9,3.54e-05
688,2058,2,5_9,3.47e-05
688,2059,2,5_9,3.406e-05
688,2060,2,5_9,3.352e-05
688,2061,2,5_9,3.294e-05
688,2062,2,5_9,3.237e-05
688,2063,2,5_9,3.182e-05
688,2064,2,5_9,3.124e-05
688,2065,2,5_9,3.073e-05
688,2066,2,5_9,3.016e-05
688,2067,2,5_9,2.961e-05
688,2068,2,5_9,2.904e-05
688,2069,2,5_9,2.858e-05
688,2070,2,5_9,2.807e-05
688,2071,2,5_9,2.755e-05
688,2072,2,5_9,2.707e-05
688,2073,2,5_9,2.654e-05
688,2074,2,5_9,2.607e-05
688,2075,2,5_9,2.559e-05
688,2076,2,5_9,2.514e-05
688,2077,2,5_9,2.471e-05
688,2078,2,5_9,2.425e-05
688,2079,2,5_9,2.382e-05
688,2080,2,5_9,2.34e-05
688,2081,2,5_9,2.296e-05
688,2082,2,5_9,2.253e-05
688,2083,2,5_9,2.21e-05
688,2084,2,5_9,2.17e-05
688,2085,2,5_9,2.132e-05
688,2086,2,5_9,2.092e-05
688,2087,2,5_9,2.054e-05
688,2088,2,5_9,2.02e-05
688,2089,2,5_9,1.988e-05
688,2090,2,5_9,1.95e-05
688,2091,2,5_9,1.916e-05
688,2092,2,5_9,1.884e-05
688,2093,2,5_9,1.848e-05
688,2094,2,5_9,1.818e-05
688,2095,2,5_9,1.785e-05
688,2096,2,5_9,1.75e-05
688,2097,2,5_9,1.718e-05
688,2098,2,5_9,1.689e-05
688,2099,2,5_9,1.659e-05
688,2100,2,5_9,1.626e-05
705,2024,2,5_9,4.903e-05
705,2025,2,5_9,4.78e-05
705,2026,2,5_9,4.66e-05
705,2027,2,5_9,4.522e-05
705,2028,2,5_9,4.411e-05
705,2029,2,5_9,4.304e-05
705,2030,2,5_9,4.201e-05
705,2031,2,5_9,4.1e-05
705,2032,2,5_9,3.983e-05
705,2033,2,5_9,3.89e-05
705,2034,2,5_9,3.8e-05
705,2035,2,5_9,3.694e-05
705,2036,2,5_9,3.61e-05
705,2037,2,5_9,3.528e-05
705,2038,2,5_9,3.432e-05
705,2039,2,5_9,3.356e-05
705,2040,2,5_9,3.281e-05
705,2041,2,5_9,3.209e-05
705,2042,2,5_9,3.139e-05
705,2043,2,5_9,3.064e-05
705,2044,2,5_9,3.005e-05
705,2045,2,5_9,2.941e-05
705,2046,2,5_9,2.865e-05
705,2047,2,5_9,2.804e-05
705,2048,2,5_9,2.746e-05
705,2049,2,5_9,2.689e-05
705,2050,2,5_9,2.633e-05
705,2051,2,5_9,2.58e-05
705,2052,2,5_9,2.527e-05
705,2053,2,5_9,2.465e-05
705,2054,2,5_9,2.416e-05
705,2055,2,5_9,2.368e-05
705,2056,2,5_9,2.321e-05
705,2057,2,5_9,2.276e-05
705,2058,2,5_9,2.231e-05
705,2059,2,5_9,2.188e-05
705,2060,2,5_9,2.146e-05
705,2061,2,5_9,2.096e-05
705,2062,2,5_9,2.056e-05
705,2063,2,5_9,2.017e-05
705,2064,2,5_9,1.979e-05
705,2065,2,5_9,1.943e-05
705,2066,2,5_9,1.907e-05
705,2067,2,5_9,1.865e-05
705,2068,2,5_9,1.83e-05
705,2069,2,5_9,1.797e-05
705,2070,2,5_9,1.765e-05
705,2071,2,5_9,1.733e-05
705,2072,2,5_9,1.702e-05
705,2073,2,5_9,1.665e-05
705,2074,2,5_9,1.636e-05
705,2075,2,5_9,1.607e-05
705,2076,2,5_9,1.579e-05
705,2077,2,5_9,1.546e-05
705,2078,2,5_9,1.519e-05
705,2079,2,5_9,1.494e-05
705,2080,2,5_9,1.462e-05
705,2081,2,5_9,1.438e-05
705,2082,2,5_9,1.408e-05
705,2083,2,5_9,1.384e-05
705,2084,2,5_9,1.361e-05
705,2085,2,5_9,1.334e-05
705,2086,2,5_9,1.312e-05
705,2087,2,5_9,1.29e-05
705,2088,2,5_9,1.264e-05
705,2089,2,5_9,1.244e-05
705,2090,2,5_9,1.219e-05
705,2091,2,5_9,1.2e-05
705,2092,2,5_9,1.181e-05
705,2093,2,5_9,1.157e-05
705,2094,2,5_9,1.139e-05
705,2095,2,5_9,1.116e-05
705,2096,2,5_9,1.099e-05
705,2097,2,5_9,1.077e-05
705,2098,2,5_9,1.061e-05
705,2099,2,5_9,1.041e-05
705,2100,2,5_9,1.025e-05
724,2024,2,5_9,4.611e-05
724,2025,2,5_9,4.441e-05
724,2026,2,5_9,4.325e-05
724,2027,2,5_9,4.191e-05
724,2028,2,5_9,4.062e-05
724,2029,2,5_9,3.949e-05
724,2030,2,5_9,3.841e-05
724,2031,2,5_9,3.726e-05
724,2032,2,5_9,3.615e-05
724,2033,2,5_9,3.51e-05
724,2034,2,5_9,3.425e-05
724,2035,2,5_9,3.326e-05
724,2036,2,5_9,3.248e-05
724,2037,2,5_9,3.155e-05
724,2038,2,5_9,3.067e-05
724,2039,2,5_9,2.982e-05
724,2040,2,5_9,2.899e-05
724,2041,2,5_9,2.82e-05
724,2042,2,5_9,2.744e-05
724,2043,2,5_9,2.671e-05
724,2044,2,5_9,2.6e-05
724,2045,2,5_9,2.544e-05
724,2046,2,5_9,2.477e-05
724,2047,2,5_9,2.413e-05
724,2048,2,5_9,2.351e-05
724,2049,2,5_9,2.291e-05
724,2050,2,5_9,2.244e-05
724,2051,2,5_9,2.177e-05
724,2052,2,5_9,2.123e-05
724,2053,2,5_9,2.072e-05
724,2054,2,5_9,2.012e-05
724,2055,2,5_9,1.963e-05
724,2056,2,5_9,1.908e-05
724,2057,2,5_9,1.863e-05
724,2058,2,5_9,1.818e-05
724,2059,2,5_9,1.776e-05
724,2060,2,5_9,1.734e-05
724,2061,2,5_9,1.694e-05
724,2062,2,5_9,1.648e-05
724,2063,2,5_9,1.611e-05
724,2064,2,5_9,1.575e-05
724,2065,2,5_9,1.533e-05
724,2066,2,5_9,1.492e-05
724,2067,2,5_9,1.46e-05
724,2068,2,5_9,1.421e-05
724,2069,2,5_9,1.385e-05
724,2070,2,5_9,1.355e-05
724,2071,2,5_9,1.32e-05
724,2072,2,5_9,1.282e-05
724,2073,2,5_9,1.255e-05
724,2074,2,5_9,1.223e-05
724,2075,2,5_9,1.193e-05
724,2076,2,5_9,1.159e-05
724,2077,2,5_9,1.13e-05
724,2078,2,5_9,1.103e-05
724,2079,2,5_9,1.072e-05
724,2080,2,5_9,1.046e-05
724,2081,2,5_9,1.021e-05
724,2082,2,5_9,9.92e-06
724,2083,2,5_9,9.65e-06
724,2084,2,5_9,9.39e-06
724,2085,2,5_9,9.13e-06
724,2086,2,5_9,8.89e-06
724,2087,2,5_9,8.65e-06
724,2088,2,5_9,8.38e-06
724,2089,2,5_9,8.13e-06
724,2090,2,5_9,7.91e-06
724,2091,2,5_9,7.7e-06
724,2092,2,5_9,7.44e-06
724,2093,2,5_9,7.25e-06
724,2094,2,5_9,7e-06
724,2095,2,5_9,6.82e-06
724,2096,2,5_9,6.59e-06
724,2097,2,5_9,6.42e-06
724,2098,2,5_9,6.22e-06
724,2099,2,5_9,5.97e-06
724,2100,2,5_9,5.77e-06
40,2024,2,5_9,3.952e-05
40,2025,2,5_9,3.838e-05
40,2026,2,5_9,3.728e-05
40,2027,2,5_9,3.611e-05
40,2028,2,5_9,3.51e-05
40,2029,2,5_9,3.403e-05
40,2030,2,5_9,3.3e-05
40,2031,2,5_9,3.21e-05
40,2032,2,5_9,3.124e-05
40,2033,2,5_9,3.04e-05
40,2034,2,5_9,2.96e-05
40,2035,2,5_9,2.883e-05
40,2036,2,5_9,2.8e-05
40,2037,2,5_9,2.721e-05
40,2038,2,5_9,2.652e-05
40,2039,2,5_9,2.585e-05
40,2040,2,5_9,2.52e-05
40,2041,2,5_9,2.458e-05
40,2042,2,5_9,2.384e-05
40,2043,2,5_9,2.326e-05
40,2044,2,5_9,2.27e-05
40,2045,2,5_9,2.215e-05
40,2046,2,5_9,2.163e-05
40,2047,2,5_9,2.101e-05
40,2048,2,5_9,2.053e-05
40,2049,2,5_9,2.006e-05
40,2050,2,5_9,1.95e-05
40,2051,2,5_9,1.905e-05
40,2052,2,5_9,1.862e-05
40,2053,2,5_9,1.812e-05
40,2054,2,5_9,1.772e-05
40,2055,2,5_9,1.733e-05
40,2056,2,5_9,1.686e-05
40,2057,2,5_9,1.65e-05
40,2058,2,5_9,1.606e-05
40,2059,2,5_9,1.572e-05
40,2060,2,5_9,1.531e-05
40,2061,2,5_9,1.5e-05
40,2062,2,5_9,1.461e-05
40,2063,2,5_9,1.431e-05
40,2064,2,5_9,1.395e-05
40,2065,2,5_9,1.36e-05
40,2066,2,5_9,1.333e-05
40,2067,2,5_9,1.3e-05
40,2068,2,5_9,1.269e-05
40,2069,2,5_9,1.238e-05
40,2070,2,5_9,1.208e-05
40,2071,2,5_9,1.179e-05
40,2072,2,5_9,1.157e-05
40,2073,2,5_9,1.124e-05
40,2074,2,5_9,1.098e-05
40,2075,2,5_9,1.073e-05
40,2076,2,5_9,1.048e-05
40,2077,2,5_9,1.024e-05
40,2078,2,5_9,1.001e-05
40,2079,2,5_9,9.74e-06
40,2080,2,5_9,9.51e-06
40,2081,2,5_9,9.3e-06
40,2082,2,5_9,9.1e-06
40,2083,2,5_9,8.86e-06
40,2084,2,5_9,8.63e-06
40,2085,2,5_9,8.41e-06
40,2086,2,5_9,8.19e-06
40,2087,2,5_9,8.01e-06
40,2088,2,5_9,7.8e-06
40,2089,2,5_9,7.6e-06
40,2090,2,5_9,7.44e-06
40,2091,2,5_9,7.25e-06
40,2092,2,5_9,7.07e-06
40,2093,2,5_9,6.89e-06
40,2094,2,5_9,6.72e-06
40,2095,2,5_9,6.53e-06
40,2096,2,5_9,6.35e-06
40,2097,2,5_9,6.17e-06
40,2098,2,5_9,6.02e-06
40,2099,2,5_9,5.85e-06
40,2100,2,5_9,5.69e-06
56,2024,2,5_9,5.721e-05
56,2025,2,5_9,5.584e-05
56,2026,2,5_9,5.451e-05
56,2027,2,5_9,5.337e-05
56,2028,2,5_9,5.198e-05
56,2029,2,5_9,5.092e-05
56,2030,2,5_9,4.975e-05
56,2031,2,5_9,4.862e-05
56,2032,2,5_9,4.753e-05
56,2033,2,5_9,4.647e-05
56,2034,2,5_9,4.556e-05
56,2035,2,5_9,4.456e-05
56,2036,2,5_9,4.359e-05
56,2037,2,5_9,4.254e-05
56,2038,2,5_9,4.173e-05
56,2039,2,5_9,4.074e-05
56,2040,2,5_9,3.999e-05
56,2041,2,5_9,3.905e-05
56,2042,2,5_9,3.834e-05
56,2043,2,5_9,3.746e-05
56,2044,2,5_9,3.669e-05
56,2045,2,5_9,3.595e-05
56,2046,2,5_9,3.532e-05
56,2047,2,5_9,3.452e-05
56,2048,2,5_9,3.392e-05
56,2049,2,5_9,3.318e-05
56,2050,2,5_9,3.245e-05
56,2051,2,5_9,3.191e-05
56,2052,2,5_9,3.121e-05
56,2053,2,5_9,3.062e-05
56,2054,2,5_9,3.004e-05
56,2055,2,5_9,2.941e-05
56,2056,2,5_9,2.886e-05
56,2057,2,5_9,2.832e-05
56,2058,2,5_9,2.773e-05
56,2059,2,5_9,2.717e-05
56,2060,2,5_9,2.662e-05
56,2061,2,5_9,2.62e-05
56,2062,2,5_9,2.567e-05
56,2063,2,5_9,2.516e-05
56,2064,2,5_9,2.477e-05
56,2065,2,5_9,2.429e-05
56,2066,2,5_9,2.38e-05
56,2067,2,5_9,2.334e-05
56,2068,2,5_9,2.289e-05
56,2069,2,5_9,2.246e-05
56,2070,2,5_9,2.203e-05
56,2071,2,5_9,2.152e-05
56,2072,2,5_9,2.111e-05
56,2073,2,5_9,2.072e-05
56,2074,2,5_9,2.042e-05
56,2075,2,5_9,1.995e-05
56,2076,2,5_9,1.959e-05
56,2077,2,5_9,1.924e-05
56,2078,2,5_9,1.889e-05
56,2079,2,5_9,1.847e-05
56,2080,2,5_9,1.814e-05
56,2081,2,5_9,1.774e-05
56,2082,2,5_9,1.743e-05
56,2083,2,5_9,1.706e-05
56,2084,2,5_9,1.669e-05
56,2085,2,5_9,1.634e-05
56,2086,2,5_9,1.599e-05
56,2087,2,5_9,1.572e-05
56,2088,2,5_9,1.539e-05
56,2089,2,5_9,1.507e-05
56,2090,2,5_9,1.475e-05
56,2091,2,5_9,1.451e-05
56,2092,2,5_9,1.421e-05
56,2093,2,5_9,1.386e-05
56,2094,2,5_9,1.357e-05
56,2095,2,5_9,1.325e-05
56,2096,2,5_9,1.298e-05
56,2097,2,5_9,1.273e-05
56,2098,2,5_9,1.247e-05
56,2099,2,5_9,1.222e-05
56,2100,2,5_9,1.193e-05
250,2024,2,5_9,5.406e-05
250,2025,2,5_9,5.3e-05
250,2026,2,5_9,5.197e-05
250,2027,2,5_9,5.083e-05
250,2028,2,5_9,4.986e-05
250,2029,2,5_9,4.879e-05
250,2030,2,5_9,4.787e-05
250,2031,2,5_9,4.697e-05
250,2032,2,5_9,4.61e-05
250,2033,2,5_9,4.525e-05
250,2034,2,5_9,4.442e-05
250,2035,2,5_9,4.351e-05
250,2036,2,5_9,4.263e-05
250,2037,2,5_9,4.177e-05
250,2038,2,5_9,4.094e-05
250,2039,2,5_9,4.022e-05
250,2040,2,5_9,3.943e-05
250,2041,2,5_9,3.866e-05
250,2042,2,5_9,3.799e-05
250,2043,2,5_9,3.735e-05
250,2044,2,5_9,3.663e-05
250,2045,2,5_9,3.593e-05
250,2046,2,5_9,3.534e-05
250,2047,2,5_9,3.46e-05
250,2048,2,5_9,3.404e-05
250,2049,2,5_9,3.333e-05
250,2050,2,5_9,3.28e-05
250,2051,2,5_9,3.213e-05
250,2052,2,5_9,3.149e-05
250,2053,2,5_9,3.093e-05
250,2054,2,5_9,3.038e-05
250,2055,2,5_9,2.978e-05
250,2056,2,5_9,2.933e-05
250,2057,2,5_9,2.876e-05
250,2058,2,5_9,2.826e-05
250,2059,2,5_9,2.778e-05
250,2060,2,5_9,2.725e-05
250,2061,2,5_9,2.674e-05
250,2062,2,5_9,2.623e-05
250,2063,2,5_9,2.586e-05
250,2064,2,5_9,2.538e-05
250,2065,2,5_9,2.491e-05
250,2066,2,5_9,2.446e-05
250,2067,2,5_9,2.402e-05
250,2068,2,5_9,2.359e-05
250,2069,2,5_9,2.317e-05
250,2070,2,5_9,2.276e-05
250,2071,2,5_9,2.227e-05
250,2072,2,5_9,2.187e-05
250,2073,2,5_9,2.149e-05
250,2074,2,5_9,2.112e-05
250,2075,2,5_9,2.076e-05
250,2076,2,5_9,2.04e-05
250,2077,2,5_9,2.005e-05
250,2078,2,5_9,1.971e-05
250,2079,2,5_9,1.938e-05
250,2080,2,5_9,1.905e-05
250,2081,2,5_9,1.866e-05
250,2082,2,5_9,1.836e-05
250,2083,2,5_9,1.798e-05
250,2084,2,5_9,1.762e-05
250,2085,2,5_9,1.734e-05
250,2086,2,5_9,1.699e-05
250,2087,2,5_9,1.672e-05
250,2088,2,5_9,1.639e-05
250,2089,2,5_9,1.607e-05
250,2090,2,5_9,1.576e-05
250,2091,2,5_9,1.546e-05
250,2092,2,5_9,1.516e-05
250,2093,2,5_9,1.487e-05
250,2094,2,5_9,1.453e-05
250,2095,2,5_9,1.425e-05
250,2096,2,5_9,1.399e-05
250,2097,2,5_9,1.372e-05
250,2098,2,5_9,1.342e-05
250,2099,2,5_9,1.312e-05
250,2100,2,5_9,1.288e-05
276,2024,2,5_9,5.786e-05
276,2025,2,5_9,5.624e-05
276,2026,2,5_9,5.501e-05
276,2027,2,5_9,5.381e-05
276,2028,2,5_9,5.235e-05
276,2029,2,5_9,5.095e-05
276,2030,2,5_9,4.988e-05
276,2031,2,5_9,4.857e-05
276,2032,2,5_9,4.73e-05
276,2033,2,5_9,4.634e-05
276,2034,2,5_9,4.54e-05
276,2035,2,5_9,4.424e-05
276,2036,2,5_9,4.337e-05
276,2037,2,5_9,4.228e-05
276,2038,2,5_9,4.146e-05
276,2039,2,5_9,4.055e-05
276,2040,2,5_9,3.967e-05
276,2041,2,5_9,3.881e-05
276,2042,2,5_9,3.799e-05
276,2043,2,5_9,3.708e-05
276,2044,2,5_9,3.64e-05
276,2045,2,5_9,3.555e-05
276,2046,2,5_9,3.49e-05
276,2047,2,5_9,3.418e-05
276,2048,2,5_9,3.349e-05
276,2049,2,5_9,3.273e-05
276,2050,2,5_9,3.2e-05
276,2051,2,5_9,3.145e-05
276,2052,2,5_9,3.083e-05
276,2053,2,5_9,3.022e-05
276,2054,2,5_9,2.957e-05
276,2055,2,5_9,2.893e-05
276,2056,2,5_9,2.839e-05
276,2057,2,5_9,2.785e-05
276,2058,2,5_9,2.726e-05
276,2059,2,5_9,2.682e-05
276,2060,2,5_9,2.626e-05
276,2061,2,5_9,2.572e-05
276,2062,2,5_9,2.531e-05
276,2063,2,5_9,2.479e-05
276,2064,2,5_9,2.429e-05
276,2065,2,5_9,2.381e-05
276,2066,2,5_9,2.334e-05
276,2067,2,5_9,2.287e-05
276,2068,2,5_9,2.253e-05
276,2069,2,5_9,2.209e-05
276,2070,2,5_9,2.167e-05
276,2071,2,5_9,2.125e-05
276,2072,2,5_9,2.085e-05
276,2073,2,5_9,2.045e-05
276,2074,2,5_9,2.007e-05
276,2075,2,5_9,1.961e-05
276,2076,2,5_9,1.925e-05
276,2077,2,5_9,1.889e-05
276,2078,2,5_9,1.855e-05
276,2079,2,5_9,1.813e-05
276,2080,2,5_9,1.78e-05
276,2081,2,5_9,1.749e-05
276,2082,2,5_9,1.718e-05
276,2083,2,5_9,1.68e-05
276,2084,2,5_9,1.65e-05
276,2085,2,5_9,1.621e-05
276,2086,2,5_9,1.586e-05
276,2087,2,5_9,1.559e-05
276,2088,2,5_9,1.526e-05
276,2089,2,5_9,1.494e-05
276,2090,2,5_9,1.469e-05
276,2091,2,5_9,1.438e-05
276,2092,2,5_9,1.409e-05
276,2093,2,5_9,1.379e-05
276,2094,2,5_9,1.351e-05
276,2095,2,5_9,1.329e-05
276,2096,2,5_9,1.301e-05
276,2097,2,5_9,1.275e-05
276,2098,2,5_9,1.244e-05
276,2099,2,5_9,1.224e-05
276,2100,2,5_9,1.195e-05
438,2024,2,5_9,0.00010482
438,2025,2,5_9,0.00010295
438,2026,2,5_9,0.00010171
438,2027,2,5_9,9.984e-05
438,2028,2,5_9,9.798e-05
438,2029,2,5_9,9.674e-05
438,2030,2,5_9,9.487e-05
438,2031,2,5_9,9.363e-05
438,2032,2,5_9,9.176e-05
438,2033,2,5_9,9.052e-05
438,2034,2,5_9,8.865e-05
438,2035,2,5_9,8.741e-05
438,2036,2,5_9,8.616e-05
438,2037,2,5_9,8.43e-05
438,2038,2,5_9,8.306e-05
438,2039,2,5_9,8.119e-05
438,2040,2,5_9,7.995e-05
438,2041,2,5_9,7.883e-05
438,2042,2,5_9,7.735e-05
438,2043,2,5_9,7.637e-05
438,2044,2,5_9,7.489e-05
438,2045,2,5_9,7.391e-05
438,2046,2,5_9,7.292e-05
438,2047,2,5_9,7.194e-05
438,2048,2,5_9,7.046e-05
438,2049,2,5_9,6.947e-05
438,2050,2,5_9,6.849e-05
438,2051,2,5_9,6.701e-05
438,2052,2,5_9,6.602e-05
438,2053,2,5_9,6.504e-05
438,2054,2,5_9,6.356e-05
438,2055,2,5_9,6.258e-05
438,2056,2,5_9,6.159e-05
438,2057,2,5_9,6.011e-05
438,2058,2,5_9,5.913e-05
438,2059,2,5_9,5.814e-05
438,2060,2,5_9,5.716e-05
438,2061,2,5_9,5.568e-05
438,2062,2,5_9,5.482e-05
438,2063,2,5_9,5.41e-05
438,2064,2,5_9,5.301e-05
438,2065,2,5_9,5.228e-05
438,2066,2,5_9,5.155e-05
438,2067,2,5_9,5.046e-05
438,2068,2,5_9,4.974e-05
438,2069,2,5_9,4.901e-05
438,2070,2,5_9,4.792e-05
438,2071,2,5_9,4.719e-05
438,2072,2,5_9,4.646e-05
438,2073,2,5_9,4.537e-05
438,2074,2,5_9,4.465e-05
438,2075,2,5_9,4.392e-05
438,2076,2,5_9,4.283e-05
438,2077,2,5_9,4.21e-05
438,2078,2,5_9,4.138e-05
438,2079,2,5_9,4.029e-05
438,2080,2,5_9,3.956e-05
438,2081,2,5_9,3.883e-05
438,2082,2,5_9,3.811e-05
438,2083,2,5_9,3.711e-05
438,2084,2,5_9,3.658e-05
438,2085,2,5_9,3.605e-05
438,2086,2,5_9,3.526e-05
438,2087,2,5_9,3.473e-05
438,2088,2,5_9,3.419e-05
438,2089,2,5_9,3.366e-05
438,2090,2,5_9,3.287e-05
438,2091,2,5_9,3.234e-05
438,2092,2,5_9,3.181e-05
438,2093,2,5_9,3.101e-05
438,2094,2,5_9,3.048e-05
438,2095,2,5_9,2.995e-05
438,2096,2,5_9,2.942e-05
438,2097,2,5_9,2.862e-05
438,2098,2,5_9,2.809e-05
438,2099,2,5_9,2.756e-05
438,2100,2,5_9,2.703e-05
442,2024,2,5_9,0.00021802
442,2025,2,5_9,0.00021402
442,2026,2,5_9,0.00021011
442,2027,2,5_9,0.00020678
442,2028,2,5_9,0.00020351
442,2029,2,5_9,0.00019985
442,2030,2,5_9,0.00019628
442,2031,2,5_9,0.00019279
442,2032,2,5_9,0.00018939
442,2033,2,5_9,0.00018605
442,2034,2,5_9,0.0001828
442,2035,2,5_9,0.00017881
442,2036,2,5_9,0.00017571
442,2037,2,5_9,0.00017269
442,2038,2,5_9,0.00016973
442,2039,2,5_9,0.00016683
442,2040,2,5_9,0.000164
442,2041,2,5_9,0.00016051
442,2042,2,5_9,0.00015781
442,2043,2,5_9,0.00015517
442,2044,2,5_9,0.00015258
442,2045,2,5_9,0.00014971
442,2046,2,5_9,0.00014723
442,2047,2,5_9,0.00014448
442,2048,2,5_9,0.00014211
442,2049,2,5_9,0.00013979
442,2050,2,5_9,0.00013691
442,2051,2,5_9,0.00013469
442,2052,2,5_9,0.00013252
442,2053,2,5_9,0.00012983
442,2054,2,5_9,0.00012776
442,2055,2,5_9,0.00012544
442,2056,2,5_9,0.00012318
442,2057,2,5_9,0.00012072
442,2058,2,5_9,0.00011882
442,2059,2,5_9,0.00011646
442,2060,2,5_9,0.0001144
442,2061,2,5_9,0.00011238
442,2062,2,5_9,0.00011062
442,2063,2,5_9,0.00010845
442,2064,2,5_9,0.00010679
442,2065,2,5_9,0.0001047
442,2066,2,5_9,0.00010267
442,2067,2,5_9,0.0001009
442,2068,2,5_9,9.916e-05
442,2069,2,5_9,9.725e-05
442,2070,2,5_9,9.54e-05
442,2071,2,5_9,9.357e-05
442,2072,2,5_9,9.179e-05
442,2073,2,5_9,9.005e-05
442,2074,2,5_9,8.835e-05
442,2075,2,5_9,8.669e-05
442,2076,2,5_9,8.505e-05
442,2077,2,5_9,8.346e-05
442,2078,2,5_9,8.19e-05
442,2079,2,5_9,8.038e-05
442,2080,2,5_9,7.89e-05
442,2081,2,5_9,7.713e-05
442,2082,2,5_9,7.57e-05
442,2083,2,5_9,7.432e-05
442,2084,2,5_9,7.266e-05
442,2085,2,5_9,7.134e-05
442,2086,2,5_9,7.004e-05
442,2087,2,5_9,6.85e-05
442,2088,2,5_9,6.7e-05
442,2089,2,5_9,6.554e-05
442,2090,2,5_9,6.435e-05
442,2091,2,5_9,6.295e-05
442,2092,2,5_9,6.182e-05
442,2093,2,5_9,6.047e-05
442,2094,2,5_9,5.916e-05
442,2095,2,5_9,5.789e-05
442,2096,2,5_9,5.686e-05
442,2097,2,5_9,5.564e-05
442,2098,2,5_9,5.444e-05
442,2099,2,5_9,5.329e-05
442,2100,2,5_9,5.216e-05
492,2024,2,5_9,6.807e-05
492,2025,2,5_9,6.672e-05
492,2026,2,5_9,6.516e-05
492,2027,2,5_9,6.388e-05
492,2028,2,5_9,6.252e-05
492,2029,2,5_9,6.129e-05
492,2030,2,5_9,6.008e-05
492,2031,2,5_9,5.893e-05
492,2032,2,5_9,5.777e-05
492,2033,2,5_9,5.665e-05
492,2034,2,5_9,5.551e-05
492,2035,2,5_9,5.44e-05
492,2036,2,5_9,5.335e-05
492,2037,2,5_9,5.224e-05
492,2038,2,5_9,5.123e-05
492,2039,2,5_9,5.022e-05
492,2040,2,5_9,4.926e-05
492,2041,2,5_9,4.824e-05
492,2042,2,5_9,4.729e-05
492,2043,2,5_9,4.644e-05
492,2044,2,5_9,4.546e-05
492,2045,2,5_9,4.461e-05
492,2046,2,5_9,4.375e-05
492,2047,2,5_9,4.29e-05
492,2048,2,5_9,4.206e-05
492,2049,2,5_9,4.119e-05
492,2050,2,5_9,4.036e-05
492,2051,2,5_9,3.953e-05
492,2052,2,5_9,3.875e-05
492,2053,2,5_9,3.795e-05
492,2054,2,5_9,3.724e-05
492,2055,2,5_9,3.649e-05
492,2056,2,5_9,3.581e-05
492,2057,2,5_9,3.508e-05
492,2058,2,5_9,3.44e-05
492,2059,2,5_9,3.37e-05
492,2060,2,5_9,3.305e-05
492,2061,2,5_9,3.239e-05
492,2062,2,5_9,3.174e-05
492,2063,2,5_9,3.115e-05
492,2064,2,5_9,3.048e-05
492,2065,2,5_9,2.987e-05
492,2066,2,5_9,2.927e-05
492,2067,2,5_9,2.864e-05
492,2068,2,5_9,2.806e-05
492,2069,2,5_9,2.748e-05
492,2070,2,5_9,2.695e-05
492,2071,2,5_9,2.641e-05
492,2072,2,5_9,2.588e-05
492,2073,2,5_9,2.537e-05
492,2074,2,5_9,2.486e-05
492,2075,2,5_9,2.433e-05
492,2076,2,5_9,2.383e-05
492,2077,2,5_9,2.336e-05
492,2078,2,5_9,2.289e-05
492,2079,2,5_9,2.248e-05
492,2080,2,5_9,2.203e-05
492,2081,2,5_9,2.16e-05
492,2082,2,5_9,2.118e-05
492,2083,2,5_9,2.076e-05
492,2084,2,5_9,2.036e-05
492,2085,2,5_9,1.998e-05
492,2086,2,5_9,1.958e-05
492,2087,2,5_9,1.923e-05
492,2088,2,5_9,1.887e-05
492,2089,2,5_9,1.853e-05
492,2090,2,5_9,1.818e-05
492,2091,2,5_9,1.785e-05
492,2092,2,5_9,1.752e-05
492,2093,2,5_9,1.719e-05
492,2094,2,5_9,1.685e-05
492,2095,2,5_9,1.652e-05
492,2096,2,5_9,1.62e-05
492,2097,2,5_9,1.588e-05
492,2098,2,5_9,1.551e-05
492,2099,2,5_9,1.52e-05
492,2100,2,5_9,1.488e-05
528,2024,2,5_9,5.463e-05
528,2025,2,5_9,5.285e-05
528,2026,2,5_9,5.114e-05
528,2027,2,5_9,4.968e-05
528,2028,2,5_9,4.827e-05
528,2029,2,5_9,4.677e-05
528,2030,2,5_9,4.547e-05
528,2031,2,5_9,4.423e-05
528,2032,2,5_9,4.289e-05
528,2033,2,5_9,4.162e-05
528,2034,2,5_9,4.04e-05
528,2035,2,5_9,3.922e-05
528,2036,2,5_9,3.808e-05
528,2037,2,5_9,3.723e-05
528,2038,2,5_9,3.607e-05
528,2039,2,5_9,3.517e-05
528,2040,2,5_9,3.399e-05
528,2041,2,5_9,3.327e-05
528,2042,2,5_9,3.236e-05
528,2043,2,5_9,3.149e-05
528,2044,2,5_9,3.066e-05
528,2045,2,5_9,2.985e-05
528,2046,2,5_9,2.908e-05
528,2047,2,5_9,2.833e-05
528,2048,2,5_9,2.761e-05
528,2049,2,5_9,2.692e-05
528,2050,2,5_9,2.609e-05
528,2051,2,5_9,2.545e-05
528,2052,2,5_9,2.469e-05
528,2053,2,5_9,2.41e-05
528,2054,2,5_9,2.352e-05
528,2055,2,5_9,2.296e-05
528,2056,2,5_9,2.229e-05
528,2057,2,5_9,2.178e-05
528,2058,2,5_9,2.128e-05
528,2059,2,5_9,2.067e-05
528,2060,2,5_9,2.021e-05
528,2061,2,5_9,1.965e-05
528,2062,2,5_9,1.911e-05
528,2063,2,5_9,1.87e-05
528,2064,2,5_9,1.82e-05
528,2065,2,5_9,1.772e-05
528,2066,2,5_9,1.725e-05
528,2067,2,5_9,1.679e-05
528,2068,2,5_9,1.636e-05
528,2069,2,5_9,1.594e-05
528,2070,2,5_9,1.555e-05
528,2071,2,5_9,1.515e-05
528,2072,2,5_9,1.478e-05
528,2073,2,5_9,1.441e-05
528,2074,2,5_9,1.406e-05
528,2075,2,5_9,1.364e-05
528,2076,2,5_9,1.331e-05
528,2077,2,5_9,1.299e-05
528,2078,2,5_9,1.268e-05
528,2079,2,5_9,1.233e-05
528,2080,2,5_9,1.198e-05
528,2081,2,5_9,1.165e-05
528,2082,2,5_9,1.133e-05
528,2083,2,5_9,1.103e-05
528,2084,2,5_9,1.078e-05
528,2085,2,5_9,1.044e-05
528,2086,2,5_9,1.016e-05
528,2087,2,5_9,9.9e-06
528,2088,2,5_9,9.59e-06
528,2089,2,5_9,9.3e-06
528,2090,2,5_9,9.06e-06
528,2091,2,5_9,8.75e-06
528,2092,2,5_9,8.5e-06
528,2093,2,5_9,8.25e-06
528,2094,2,5_9,8.01e-06
528,2095,2,5_9,7.75e-06
528,2096,2,5_9,7.49e-06
528,2097,2,5_9,7.28e-06
528,2098,2,5_9,7.04e-06
528,2099,2,5_9,6.81e-06
528,2100,2,5_9,6.59e-06
756,2024,2,5_9,4.876e-05
756,2025,2,5_9,4.752e-05
756,2026,2,5_9,4.607e-05
756,2027,2,5_9,4.492e-05
756,2028,2,5_9,4.369e-05
756,2029,2,5_9,4.25e-05
756,2030,2,5_9,4.146e-05
756,2031,2,5_9,4.035e-05
756,2032,2,5_9,3.928e-05
756,2033,2,5_9,3.834e-05
756,2034,2,5_9,3.742e-05
756,2035,2,5_9,3.644e-05
756,2036,2,5_9,3.558e-05
756,2037,2,5_9,3.467e-05
756,2038,2,5_9,3.37e-05
756,2039,2,5_9,3.293e-05
756,2040,2,5_9,3.217e-05
756,2041,2,5_9,3.128e-05
756,2042,2,5_9,3.058e-05
756,2043,2,5_9,2.989e-05
756,2044,2,5_9,2.908e-05
756,2045,2,5_9,2.831e-05
756,2046,2,5_9,2.768e-05
756,2047,2,5_9,2.695e-05
756,2048,2,5_9,2.624e-05
756,2049,2,5_9,2.567e-05
756,2050,2,5_9,2.501e-05
756,2051,2,5_9,2.436e-05
756,2052,2,5_9,2.374e-05
756,2053,2,5_9,2.313e-05
756,2054,2,5_9,2.254e-05
756,2055,2,5_9,2.198e-05
756,2056,2,5_9,2.152e-05
756,2057,2,5_9,2.099e-05
756,2058,2,5_9,2.037e-05
756,2059,2,5_9,1.987e-05
756,2060,2,5_9,1.938e-05
756,2061,2,5_9,1.89e-05
756,2062,2,5_9,1.836e-05
756,2063,2,5_9,1.792e-05
756,2064,2,5_9,1.749e-05
756,2065,2,5_9,1.699e-05
756,2066,2,5_9,1.659e-05
756,2067,2,5_9,1.613e-05
756,2068,2,5_9,1.575e-05
756,2069,2,5_9,1.531e-05
756,2070,2,5_9,1.496e-05
756,2071,2,5_9,1.448e-05
756,2072,2,5_9,1.415e-05
756,2073,2,5_9,1.371e-05
756,2074,2,5_9,1.339e-05
756,2075,2,5_9,1.298e-05
756,2076,2,5_9,1.263e-05
756,2077,2,5_9,1.23e-05
756,2078,2,5_9,1.192e-05
756,2079,2,5_9,1.155e-05
756,2080,2,5_9,1.125e-05
756,2081,2,5_9,1.091e-05
756,2082,2,5_9,1.059e-05
756,2083,2,5_9,1.027e-05
756,2084,2,5_9,9.96e-06
756,2085,2,5_9,9.67e-06
756,2086,2,5_9,9.34e-06
756,2087,2,5_9,9.07e-06
756,2088,2,5_9,8.73e-06
756,2089,2,5_9,8.48e-06
756,2090,2,5_9,8.23e-06
756,2091,2,5_9,7.93e-06
756,2092,2,5_9,7.63e-06
756,2093,2,5_9,7.42e-06
756,2094,2,5_9,7.17e-06
756,2095,2,5_9,6.94e-06
756,2096,2,5_9,6.69e-06
756,2097,2,5_9,6.47e-06
756,2098,2,5_9,6.24e-06
756,2099,2,5_9,5.99e-06
756,2100,2,5_9,5.82e-06
660,2024,2,5_9,7.851e-05
660,2025,2,5_9,7.707e-05
660,2026,2,5_9,7.552e-05
660,2027,2,5_9,7.403e-05
660,2028,2,5_9,7.272e-05
660,2029,2,5_9,7.14e-05
660,2030,2,5_9,7.013e-05
660,2031,2,5_9,6.885e-05
660,2032,2,5_9,6.773e-05
660,2033,2,5_9,6.659e-05
660,2034,2,5_9,6.543e-05
660,2035,2,5_9,6.427e-05
660,2036,2,5_9,6.316e-05
660,2037,2,5_9,6.206e-05
660,2038,2,5_9,6.098e-05
660,2039,2,5_9,6.005e-05
660,2040,2,5_9,5.903e-05
660,2041,2,5_9,5.81e-05
660,2042,2,5_9,5.717e-05
660,2043,2,5_9,5.644e-05
660,2044,2,5_9,5.564e-05
660,2045,2,5_9,5.484e-05
660,2046,2,5_9,5.414e-05
660,2047,2,5_9,5.332e-05
660,2048,2,5_9,5.27e-05
660,2049,2,5_9,5.202e-05
660,2050,2,5_9,5.143e-05
660,2051,2,5_9,5.067e-05
660,2052,2,5_9,4.999e-05
660,2053,2,5_9,4.931e-05
660,2054,2,5_9,4.87e-05
660,2055,2,5_9,4.815e-05
660,2056,2,5_9,4.751e-05
660,2057,2,5_9,4.692e-05
660,2058,2,5_9,4.627e-05
660,2059,2,5_9,4.565e-05
660,2060,2,5_9,4.504e-05
660,2061,2,5_9,4.441e-05
660,2062,2,5_9,4.38e-05
660,2063,2,5_9,4.326e-05
660,2064,2,5_9,4.272e-05
660,2065,2,5_9,4.223e-05
660,2066,2,5_9,4.166e-05
660,2067,2,5_9,4.112e-05
660,2068,2,5_9,4.061e-05
660,2069,2,5_9,4.003e-05
660,2070,2,5_9,3.955e-05
660,2071,2,5_9,3.907e-05
660,2072,2,5_9,3.862e-05
660,2073,2,5_9,3.814e-05
660,2074,2,5_9,3.767e-05
660,2075,2,5_9,3.714e-05
660,2076,2,5_9,3.671e-05
660,2077,2,5_9,3.624e-05
660,2078,2,5_9,3.58e-05
660,2079,2,5_9,3.538e-05
660,2080,2,5_9,3.487e-05
660,2081,2,5_9,3.444e-05
660,2082,2,5_9,3.403e-05
660,2083,2,5_9,3.363e-05
660,2084,2,5_9,3.322e-05
660,2085,2,5_9,3.269e-05
660,2086,2,5_9,3.231e-05
660,2087,2,5_9,3.202e-05
660,2088,2,5_9,3.166e-05
660,2089,2,5_9,3.135e-05
660,2090,2,5_9,3.092e-05
660,2091,2,5_9,3.061e-05
660,2092,2,5_9,3.03e-05
660,2093,2,5_9,2.999e-05
660,2094,2,5_9,2.968e-05
660,2095,2,5_9,2.933e-05
660,2096,2,5_9,2.893e-05
660,2097,2,5_9,2.858e-05
660,2098,2,5_9,2.824e-05
660,2099,2,5_9,2.781e-05
660,2100,2,5_9,2.748e-05
28,2024,2,5_9,0.00015802
28,2025,2,5_9,0.00015451
28,2026,2,5_9,0.00015125
28,2027,2,5_9,0.00014796
28,2028,2,5_9,0.000145
28,2029,2,5_9,0.0001422
28,2030,2,5_9,0.00013912
28,2031,2,5_9,0.00013633
28,2032,2,5_9,0.00013364
28,2033,2,5_9,0.00013086
28,2034,2,5_9,0.00012809
28,2035,2,5_9,0.00012563
28,2036,2,5_9,0.00012318
28,2037,2,5_9,0.00012064
28,2038,2,5_9,0.00011808
28,2039,2,5_9,0.00011574
28,2040,2,5_9,0.00011331
28,2041,2,5_9,0.00011098
28,2042,2,5_9,0.00010889
28,2043,2,5_9,0.00010687
28,2044,2,5_9,0.00010469
28,2045,2,5_9,0.00010252
28,2046,2,5_9,0.0001006
28,2047,2,5_9,9.87e-05
28,2048,2,5_9,9.667e-05
28,2049,2,5_9,9.493e-05
28,2050,2,5_9,9.295e-05
28,2051,2,5_9,9.106e-05
28,2052,2,5_9,8.942e-05
28,2053,2,5_9,8.774e-05
28,2054,2,5_9,8.616e-05
28,2055,2,5_9,8.459e-05
28,2056,2,5_9,8.302e-05
28,2057,2,5_9,8.147e-05
28,2058,2,5_9,7.996e-05
28,2059,2,5_9,7.855e-05
28,2060,2,5_9,7.724e-05
28,2061,2,5_9,7.602e-05
28,2062,2,5_9,7.472e-05
28,2063,2,5_9,7.346e-05
28,2064,2,5_9,7.221e-05
28,2065,2,5_9,7.09e-05
28,2066,2,5_9,6.97e-05
28,2067,2,5_9,6.839e-05
28,2068,2,5_9,6.724e-05
28,2069,2,5_9,6.609e-05
28,2070,2,5_9,6.492e-05
28,2071,2,5_9,6.382e-05
28,2072,2,5_9,6.276e-05
28,2073,2,5_9,6.162e-05
28,2074,2,5_9,6.053e-05
28,2075,2,5_9,5.956e-05
28,2076,2,5_9,5.857e-05
28,2077,2,5_9,5.744e-05
28,2078,2,5_9,5.646e-05
28,2079,2,5_9,5.549e-05
28,2080,2,5_9,5.453e-05
28,2081,2,5_9,5.361e-05
28,2082,2,5_9,5.268e-05
28,2083,2,5_9,5.171e-05
28,2084,2,5_9,5.084e-05
28,2085,2,5_9,4.999e-05
28,2086,2,5_9,4.908e-05
28,2087,2,5_9,4.825e-05
28,2088,2,5_9,4.744e-05
28,2089,2,5_9,4.669e-05
28,2090,2,5_9,4.586e-05
28,2091,2,5_9,4.509e-05
28,2092,2,5_9,4.434e-05
28,2093,2,5_9,4.356e-05
28,2094,2,5_9,4.278e-05
28,2095,2,5_9,4.205e-05
28,2096,2,5_9,4.129e-05
28,2097,2,5_9,4.059e-05
28,2098,2,5_9,3.98e-05
28,2099,2,5_9,3.911e-05
28,2100,2,5_9,3.843e-05
533,2024,2,5_9,0.00021996
533,2025,2,5_9,0.00021439
533,2026,2,5_9,0.00020928
533,2027,2,5_9,0.00020362
533,2028,2,5_9,0.00019832
533,2029,2,5_9,0.00019341
533,2030,2,5_9,0.00018839
533,2031,2,5_9,0.00018368
533,2032,2,5_9,0.00017963
533,2033,2,5_9,0.00017575
533,2034,2,5_9,0.00017202
533,2035,2,5_9,0.00016823
533,2036,2,5_9,0.00016454
533,2037,2,5_9,0.00016074
533,2038,2,5_9,0.00015725
533,2039,2,5_9,0.0001538
533,2040,2,5_9,0.00015042
533,2041,2,5_9,0.00014719
533,2042,2,5_9,0.00014416
533,2043,2,5_9,0.00014093
533,2044,2,5_9,0.00013795
533,2045,2,5_9,0.00013519
533,2046,2,5_9,0.0001322
533,2047,2,5_9,0.00012949
533,2048,2,5_9,0.00012666
533,2049,2,5_9,0.00012401
533,2050,2,5_9,0.00012147
533,2051,2,5_9,0.00011891
533,2052,2,5_9,0.00011642
533,2053,2,5_9,0.00011406
533,2054,2,5_9,0.00011173
533,2055,2,5_9,0.00010944
533,2056,2,5_9,0.00010739
533,2057,2,5_9,0.00010524
533,2058,2,5_9,0.00010316
533,2059,2,5_9,0.00010123
533,2060,2,5_9,9.922e-05
533,2061,2,5_9,9.728e-05
533,2062,2,5_9,9.55e-05
533,2063,2,5_9,9.362e-05
533,2064,2,5_9,9.196e-05
533,2065,2,5_9,9.045e-05
533,2066,2,5_9,8.897e-05
533,2067,2,5_9,8.737e-05
533,2068,2,5_9,8.593e-05
533,2069,2,5_9,8.451e-05
533,2070,2,5_9,8.302e-05
533,2071,2,5_9,8.159e-05
533,2072,2,5_9,8.022e-05
533,2073,2,5_9,7.894e-05
533,2074,2,5_9,7.763e-05
533,2075,2,5_9,7.639e-05
533,2076,2,5_9,7.519e-05
533,2077,2,5_9,7.405e-05
533,2078,2,5_9,7.293e-05
533,2079,2,5_9,7.164e-05
533,2080,2,5_9,7.052e-05
533,2081,2,5_9,6.942e-05
533,2082,2,5_9,6.833e-05
533,2083,2,5_9,6.72e-05
533,2084,2,5_9,6.622e-05
533,2085,2,5_9,6.516e-05
533,2086,2,5_9,6.42e-05
533,2087,2,5_9,6.316e-05
533,2088,2,5_9,6.218e-05
533,2089,2,5_9,6.126e-05
533,2090,2,5_9,6.036e-05
533,2091,2,5_9,5.936e-05
533,2092,2,5_9,5.858e-05
533,2093,2,5_9,5.774e-05
533,2094,2,5_9,5.69e-05
533,2095,2,5_9,5.6e-05
533,2096,2,5_9,5.524e-05
533,2097,2,5_9,5.45e-05
533,2098,2,5_9,5.371e-05
533,2099,2,5_9,5.303e-05
533,2100,2,5_9,5.236e-05
44,2024,2,5_9,0.000201
44,2025,2,5_9,0.00019719
44,2026,2,5_9,0.00019373
44,2027,2,5_9,0.00019013
44,2028,2,5_9,0.00018703
44,2029,2,5_9,0.00018346
44,2030,2,5_9,0.00018018
44,2031,2,5_9,0.00017698
44,2032,2,5_9,0.00017385
44,2033,2,5_9,0.00017081
44,2034,2,5_9,0.00016776
44,2035,2,5_9,0.00016476
44,2036,2,5_9,0.0001619
44,2037,2,5_9,0.00015922
44,2038,2,5_9,0.00015658
44,2039,2,5_9,0.00015404
44,2040,2,5_9,0.00015135
44,2041,2,5_9,0.00014885
44,2042,2,5_9,0.00014627
44,2043,2,5_9,0.00014382
44,2044,2,5_9,0.00014149
44,2045,2,5_9,0.00013902
44,2046,2,5_9,0.00013671
44,2047,2,5_9,0.00013448
44,2048,2,5_9,0.00013242
44,2049,2,5_9,0.00013031
44,2050,2,5_9,0.00012838
44,2051,2,5_9,0.00012656
44,2052,2,5_9,0.00012469
44,2053,2,5_9,0.00012294
44,2054,2,5_9,0.00012106
44,2055,2,5_9,0.00011921
44,2056,2,5_9,0.00011725
44,2057,2,5_9,0.00011547
44,2058,2,5_9,0.00011377
44,2059,2,5_9,0.00011209
44,2060,2,5_9,0.00011036
44,2061,2,5_9,0.00010871
44,2062,2,5_9,0.00010706
44,2063,2,5_9,0.00010548
44,2064,2,5_9,0.00010393
44,2065,2,5_9,0.00010239
44,2066,2,5_9,0.00010075
44,2067,2,5_9,9.925e-05
44,2068,2,5_9,9.776e-05
44,2069,2,5_9,9.63e-05
44,2070,2,5_9,9.483e-05
44,2071,2,5_9,9.327e-05
44,2072,2,5_9,9.185e-05
44,2073,2,5_9,9.053e-05
44,2074,2,5_9,8.917e-05
44,2075,2,5_9,8.776e-05
44,2076,2,5_9,8.633e-05
44,2077,2,5_9,8.519e-05
44,2078,2,5_9,8.397e-05
44,2079,2,5_9,8.276e-05
44,2080,2,5_9,8.164e-05
44,2081,2,5_9,8.059e-05
44,2082,2,5_9,7.94e-05
44,2083,2,5_9,7.832e-05
44,2084,2,5_9,7.726e-05
44,2085,2,5_9,7.621e-05
44,2086,2,5_9,7.513e-05
44,2087,2,5_9,7.402e-05
44,2088,2,5_9,7.299e-05
44,2089,2,5_9,7.188e-05
44,2090,2,5_9,7.085e-05
44,2091,2,5_9,6.974e-05
44,2092,2,5_9,6.872e-05
44,2093,2,5_9,6.773e-05
44,2094,2,5_9,6.674e-05
44,2095,2,5_9,6.575e-05
44,2096,2,5_9,6.489e-05
44,2097,2,5_9,6.387e-05
44,2098,2,5_9,6.29e-05
44,2099,2,5_9,6.203e-05
44,2100,2,5_9,6.11e-05
52,2024,2,5_9,0.00011981
52,2025,2,5_9,0.00011766
52,2026,2,5_9,0.00011542
52,2027,2,5_9,0.00011319
52,2028,2,5_9,0.00011102
52,2029,2,5_9,0.00010889
52,2030,2,5_9,0.00010681
52,2031,2,5_9,0.00010483
52,2032,2,5_9,0.00010316
52,2033,2,5_9,0.00010149
52,2034,2,5_9,0.00010002
52,2035,2,5_9,9.841e-05
52,2036,2,5_9,9.686e-05
52,2037,2,5_9,9.534e-05
52,2038,2,5_9,9.394e-05
52,2039,2,5_9,9.258e-05
52,2040,2,5_9,9.115e-05
52,2041,2,5_9,8.985e-05
52,2042,2,5_9,8.875e-05
52,2043,2,5_9,8.73e-05
52,2044,2,5_9,8.604e-05
52,2045,2,5_9,8.475e-05
52,2046,2,5_9,8.352e-05
52,2047,2,5_9,8.236e-05
52,2048,2,5_9,8.126e-05
52,2049,2,5_9,8.007e-05
52,2050,2,5_9,7.905e-05
52,2051,2,5_9,7.786e-05
52,2052,2,5_9,7.696e-05
52,2053,2,5_9,7.591e-05
52,2054,2,5_9,7.501e-05
52,2055,2,5_9,7.412e-05
52,2056,2,5_9,7.317e-05
52,2057,2,5_9,7.227e-05
52,2058,2,5_9,7.13e-05
52,2059,2,5_9,7.043e-05
52,2060,2,5_9,6.95e-05
52,2061,2,5_9,6.875e-05
52,2062,2,5_9,6.805e-05
52,2063,2,5_9,6.721e-05
52,2064,2,5_9,6.647e-05
52,2065,2,5_9,6.577e-05
52,2066,2,5_9,6.5e-05
52,2067,2,5_9,6.431e-05
52,2068,2,5_9,6.367e-05
52,2069,2,5_9,6.301e-05
52,2070,2,5_9,6.222e-05
52,2071,2,5_9,6.153e-05
52,2072,2,5_9,6.084e-05
52,2073,2,5_9,6.028e-05
52,2074,2,5_9,5.965e-05
52,2075,2,5_9,5.907e-05
52,2076,2,5_9,5.851e-05
52,2077,2,5_9,5.791e-05
52,2078,2,5_9,5.738e-05
52,2079,2,5_9,5.69e-05
52,2080,2,5_9,5.636e-05
52,2081,2,5_9,5.584e-05
52,2082,2,5_9,5.517e-05
52,2083,2,5_9,5.459e-05
52,2084,2,5_9,5.406e-05
52,2085,2,5_9,5.342e-05
52,2086,2,5_9,5.291e-05
52,2087,2,5_9,5.242e-05
52,2088,2,5_9,5.192e-05
52,2089,2,5_9,5.146e-05
52,2090,2,5_9,5.083e-05
52,2091,2,5_9,5.031e-05
52,2092,2,5_9,4.984e-05
52,2093,2,5_9,4.936e-05
52,2094,2,5_9,4.884e-05
52,2095,2,5_9,4.838e-05
52,2096,2,5_9,4.786e-05
52,2097,2,5_9,4.746e-05
52,2098,2,5_9,4.707e-05
52,2099,2,5_9,4.665e-05
52,2100,2,5_9,4.623e-05
535,2024,2,5_9,0.00018567
535,2025,2,5_9,0.0001814
535,2026,2,5_9,0.00017731
535,2027,2,5_9,0.0001737
535,2028,2,5_9,0.00016994
535,2029,2,5_9,0.00016656
535,2030,2,5_9,0.00016303
535,2031,2,5_9,0.00015979
535,2032,2,5_9,0.00015631
535,2033,2,5_9,0.00015294
535,2034,2,5_9,0.00014969
535,2035,2,5_9,0.00014655
535,2036,2,5_9,0.00014369
535,2037,2,5_9,0.00014061
535,2038,2,5_9,0.00013751
535,2039,2,5_9,0.00013472
535,2040,2,5_9,0.00013199
535,2041,2,5_9,0.00012931
535,2042,2,5_9,0.0001269
535,2043,2,5_9,0.00012439
535,2044,2,5_9,0.00012211
535,2045,2,5_9,0.00011958
535,2046,2,5_9,0.00011727
535,2047,2,5_9,0.00011482
535,2048,2,5_9,0.00011262
535,2049,2,5_9,0.00011059
535,2050,2,5_9,0.00010842
535,2051,2,5_9,0.0001064
535,2052,2,5_9,0.00010462
535,2053,2,5_9,0.0001026
535,2054,2,5_9,0.00010094
535,2055,2,5_9,9.915e-05
535,2056,2,5_9,9.726e-05
535,2057,2,5_9,9.554e-05
535,2058,2,5_9,9.39e-05
535,2059,2,5_9,9.229e-05
535,2060,2,5_9,9.053e-05
535,2061,2,5_9,8.91e-05
535,2062,2,5_9,8.76e-05
535,2063,2,5_9,8.617e-05
535,2064,2,5_9,8.474e-05
535,2065,2,5_9,8.335e-05
535,2066,2,5_9,8.201e-05
535,2067,2,5_9,8.079e-05
535,2068,2,5_9,7.942e-05
535,2069,2,5_9,7.806e-05
535,2070,2,5_9,7.673e-05
535,2071,2,5_9,7.546e-05
535,2072,2,5_9,7.426e-05
535,2073,2,5_9,7.304e-05
535,2074,2,5_9,7.196e-05
535,2075,2,5_9,7.073e-05
535,2076,2,5_9,6.963e-05
535,2077,2,5_9,6.859e-05
535,2078,2,5_9,6.743e-05
535,2079,2,5_9,6.64e-05
535,2080,2,5_9,6.529e-05
535,2081,2,5_9,6.422e-05
535,2082,2,5_9,6.327e-05
535,2083,2,5_9,6.221e-05
535,2084,2,5_9,6.131e-05
535,2085,2,5_9,6.037e-05
535,2086,2,5_9,5.948e-05
535,2087,2,5_9,5.864e-05
535,2088,2,5_9,5.788e-05
535,2089,2,5_9,5.709e-05
535,2090,2,5_9,5.631e-05
535,2091,2,5_9,5.549e-05
535,2092,2,5_9,5.467e-05
535,2093,2,5_9,5.394e-05
535,2094,2,5_9,5.315e-05
535,2095,2,5_9,5.227e-05
535,2096,2,5_9,5.149e-05
535,2097,2,5_9,5.072e-05
535,2098,2,5_9,4.998e-05
535,2099,2,5_9,4.922e-05
535,2100,2,5_9,4.855e-05
92,2024,2,5_9,0.0001021
92,2025,2,5_9,9.967e-05
92,2026,2,5_9,9.777e-05
92,2027,2,5_9,9.575e-05
92,2028,2,5_9,9.381e-05
92,2029,2,5_9,9.176e-05
92,2030,2,5_9,8.991e-05
92,2031,2,5_9,8.807e-05
92,2032,2,5_9,8.623e-05
92,2033,2,5_9,8.46e-05
92,2034,2,5_9,8.296e-05
92,2035,2,5_9,8.142e-05
92,2036,2,5_9,7.986e-05
92,2037,2,5_9,7.839e-05
92,2038,2,5_9,7.711e-05
92,2039,2,5_9,7.567e-05
92,2040,2,5_9,7.432e-05
92,2041,2,5_9,7.298e-05
92,2042,2,5_9,7.155e-05
92,2043,2,5_9,7.03e-05
92,2044,2,5_9,6.897e-05
92,2045,2,5_9,6.779e-05
92,2046,2,5_9,6.655e-05
92,2047,2,5_9,6.547e-05
92,2048,2,5_9,6.441e-05
92,2049,2,5_9,6.328e-05
92,2050,2,5_9,6.226e-05
92,2051,2,5_9,6.121e-05
92,2052,2,5_9,6.03e-05
92,2053,2,5_9,5.934e-05
92,2054,2,5_9,5.85e-05
92,2055,2,5_9,5.762e-05
92,2056,2,5_9,5.678e-05
92,2057,2,5_9,5.585e-05
92,2058,2,5_9,5.505e-05
92,2059,2,5_9,5.426e-05
92,2060,2,5_9,5.348e-05
92,2061,2,5_9,5.277e-05
92,2062,2,5_9,5.2e-05
92,2063,2,5_9,5.128e-05
92,2064,2,5_9,5.065e-05
92,2065,2,5_9,5e-05
92,2066,2,5_9,4.938e-05
92,2067,2,5_9,4.87e-05
92,2068,2,5_9,4.807e-05
92,2069,2,5_9,4.751e-05
92,2070,2,5_9,4.698e-05
92,2071,2,5_9,4.638e-05
92,2072,2,5_9,4.582e-05
92,2073,2,5_9,4.527e-05
92,2074,2,5_9,4.468e-05
92,2075,2,5_9,4.418e-05
92,2076,2,5_9,4.367e-05
92,2077,2,5_9,4.317e-05
92,2078,2,5_9,4.262e-05
92,2079,2,5_9,4.211e-05
92,2080,2,5_9,4.162e-05
92,2081,2,5_9,4.117e-05
92,2082,2,5_9,4.067e-05
92,2083,2,5_9,4.023e-05
92,2084,2,5_9,3.977e-05
92,2085,2,5_9,3.934e-05
92,2086,2,5_9,3.895e-05
92,2087,2,5_9,3.848e-05
92,2088,2,5_9,3.814e-05
92,2089,2,5_9,3.782e-05
92,2090,2,5_9,3.745e-05
92,2091,2,5_9,3.712e-05
92,2092,2,5_9,3.676e-05
92,2093,2,5_9,3.644e-05
92,2094,2,5_9,3.604e-05
92,2095,2,5_9,3.567e-05
92,2096,2,5_9,3.532e-05
92,2097,2,5_9,3.502e-05
92,2098,2,5_9,3.469e-05
92,2099,2,5_9,3.438e-05
92,2100,2,5_9,3.397e-05
136,2024,2,5_9,0.00013751
136,2025,2,5_9,0.00013451
136,2026,2,5_9,0.00013148
136,2027,2,5_9,0.00012883
136,2028,2,5_9,0.00012604
136,2029,2,5_9,0.00012346
136,2030,2,5_9,0.00012078
136,2031,2,5_9,0.00011817
136,2032,2,5_9,0.00011583
136,2033,2,5_9,0.00011344
136,2034,2,5_9,0.0001111
136,2035,2,5_9,0.00010878
136,2036,2,5_9,0.00010673
136,2037,2,5_9,0.00010454
136,2038,2,5_9,0.00010258
136,2039,2,5_9,0.00010045
136,2040,2,5_9,9.84e-05
136,2041,2,5_9,9.652e-05
136,2042,2,5_9,9.469e-05
136,2043,2,5_9,9.288e-05
136,2044,2,5_9,9.109e-05
136,2045,2,5_9,8.939e-05
136,2046,2,5_9,8.77e-05
136,2047,2,5_9,8.614e-05
136,2048,2,5_9,8.453e-05
136,2049,2,5_9,8.292e-05
136,2050,2,5_9,8.138e-05
136,2051,2,5_9,7.97e-05
136,2052,2,5_9,7.814e-05
136,2053,2,5_9,7.664e-05
136,2054,2,5_9,7.53e-05
136,2055,2,5_9,7.396e-05
136,2056,2,5_9,7.253e-05
136,2057,2,5_9,7.113e-05
136,2058,2,5_9,6.99e-05
136,2059,2,5_9,6.859e-05
136,2060,2,5_9,6.719e-05
136,2061,2,5_9,6.606e-05
136,2062,2,5_9,6.488e-05
136,2063,2,5_9,6.369e-05
136,2064,2,5_9,6.253e-05
136,2065,2,5_9,6.154e-05
136,2066,2,5_9,6.048e-05
136,2067,2,5_9,5.935e-05
136,2068,2,5_9,5.83e-05
136,2069,2,5_9,5.725e-05
136,2070,2,5_9,5.624e-05
136,2071,2,5_9,5.524e-05
136,2072,2,5_9,5.42e-05
136,2073,2,5_9,5.324e-05
136,2074,2,5_9,5.231e-05
136,2075,2,5_9,5.135e-05
136,2076,2,5_9,5.046e-05
136,2077,2,5_9,4.953e-05
136,2078,2,5_9,4.869e-05
136,2079,2,5_9,4.78e-05
136,2080,2,5_9,4.696e-05
136,2081,2,5_9,4.613e-05
136,2082,2,5_9,4.531e-05
136,2083,2,5_9,4.455e-05
136,2084,2,5_9,4.376e-05
136,2085,2,5_9,4.302e-05
136,2086,2,5_9,4.226e-05
136,2087,2,5_9,4.156e-05
136,2088,2,5_9,4.082e-05
136,2089,2,5_9,4.014e-05
136,2090,2,5_9,3.938e-05
136,2091,2,5_9,3.873e-05
136,2092,2,5_9,3.805e-05
136,2093,2,5_9,3.741e-05
136,2094,2,5_9,3.671e-05
136,2095,2,5_9,3.607e-05
136,2096,2,5_9,3.545e-05
136,2097,2,5_9,3.484e-05
136,2098,2,5_9,3.42e-05
136,2099,2,5_9,3.356e-05
136,2100,2,5_9,3.295e-05
192,2024,2,5_9,0.00013196
192,2025,2,5_9,0.00012891
192,2026,2,5_9,0.00012603
192,2027,2,5_9,0.00012324
192,2028,2,5_9,0.00012075
192,2029,2,5_9,0.00011831
192,2030,2,5_9,0.00011578
192,2031,2,5_9,0.00011343
192,2032,2,5_9,0.00011099
192,2033,2,5_9,0.000109
192,2034,2,5_9,0.00010696
192,2035,2,5_9,0.00010477
192,2036,2,5_9,0.00010271
192,2037,2,5_9,0.00010075
192,2038,2,5_9,9.891e-05
192,2039,2,5_9,9.703e-05
192,2040,2,5_9,9.524e-05
192,2041,2,5_9,9.358e-05
192,2042,2,5_9,9.189e-05
192,2043,2,5_9,9.025e-05
192,2044,2,5_9,8.869e-05
192,2045,2,5_9,8.714e-05
192,2046,2,5_9,8.561e-05
192,2047,2,5_9,8.413e-05
192,2048,2,5_9,8.274e-05
192,2049,2,5_9,8.137e-05
192,2050,2,5_9,8.024e-05
192,2051,2,5_9,7.9e-05
192,2052,2,5_9,7.763e-05
192,2053,2,5_9,7.65e-05
192,2054,2,5_9,7.514e-05
192,2055,2,5_9,7.393e-05
192,2056,2,5_9,7.281e-05
192,2057,2,5_9,7.177e-05
192,2058,2,5_9,7.069e-05
192,2059,2,5_9,6.976e-05
192,2060,2,5_9,6.885e-05
192,2061,2,5_9,6.786e-05
192,2062,2,5_9,6.683e-05
192,2063,2,5_9,6.587e-05
192,2064,2,5_9,6.487e-05
192,2065,2,5_9,6.396e-05
192,2066,2,5_9,6.309e-05
192,2067,2,5_9,6.219e-05
192,2068,2,5_9,6.125e-05
192,2069,2,5_9,6.045e-05
192,2070,2,5_9,5.946e-05
192,2071,2,5_9,5.868e-05
192,2072,2,5_9,5.79e-05
192,2073,2,5_9,5.689e-05
192,2074,2,5_9,5.619e-05
192,2075,2,5_9,5.542e-05
192,2076,2,5_9,5.456e-05
192,2077,2,5_9,5.38e-05
192,2078,2,5_9,5.319e-05
192,2079,2,5_9,5.249e-05
192,2080,2,5_9,5.185e-05
192,2081,2,5_9,5.111e-05
192,2082,2,5_9,5.05e-05
192,2083,2,5_9,4.984e-05
192,2084,2,5_9,4.925e-05
192,2085,2,5_9,4.858e-05
192,2086,2,5_9,4.789e-05
192,2087,2,5_9,4.727e-05
192,2088,2,5_9,4.665e-05
192,2089,2,5_9,4.606e-05
192,2090,2,5_9,4.54e-05
192,2091,2,5_9,4.47e-05
192,2092,2,5_9,4.411e-05
192,2093,2,5_9,4.356e-05
192,2094,2,5_9,4.297e-05
192,2095,2,5_9,4.242e-05
192,2096,2,5_9,4.184e-05
192,2097,2,5_9,4.129e-05
192,2098,2,5_9,4.073e-05
192,2099,2,5_9,4.011e-05
192,2100,2,5_9,3.964e-05
531,2024,2,5_9,0.00017878
531,2025,2,5_9,0.00017467
531,2026,2,5_9,0.0001706
531,2027,2,5_9,0.00016689
531,2028,2,5_9,0.00016311
531,2029,2,5_9,0.00015937
531,2030,2,5_9,0.00015583
531,2031,2,5_9,0.00015215
531,2032,2,5_9,0.00014866
531,2033,2,5_9,0.00014541
531,2034,2,5_9,0.00014216
531,2035,2,5_9,0.00013923
531,2036,2,5_9,0.00013626
531,2037,2,5_9,0.00013339
531,2038,2,5_9,0.00013077
531,2039,2,5_9,0.00012815
531,2040,2,5_9,0.00012573
531,2041,2,5_9,0.0001231
531,2042,2,5_9,0.00012058
531,2043,2,5_9,0.00011822
531,2044,2,5_9,0.00011595
531,2045,2,5_9,0.00011368
531,2046,2,5_9,0.00011137
531,2047,2,5_9,0.00010919
531,2048,2,5_9,0.00010695
531,2049,2,5_9,0.00010485
531,2050,2,5_9,0.00010275
531,2051,2,5_9,0.00010061
531,2052,2,5_9,9.875e-05
531,2053,2,5_9,9.673e-05
531,2054,2,5_9,9.507e-05
531,2055,2,5_9,9.325e-05
531,2056,2,5_9,9.155e-05
531,2057,2,5_9,8.967e-05
531,2058,2,5_9,8.815e-05
531,2059,2,5_9,8.658e-05
531,2060,2,5_9,8.489e-05
531,2061,2,5_9,8.33e-05
531,2062,2,5_9,8.183e-05
531,2063,2,5_9,8.047e-05
531,2064,2,5_9,7.909e-05
531,2065,2,5_9,7.771e-05
531,2066,2,5_9,7.642e-05
531,2067,2,5_9,7.51e-05
531,2068,2,5_9,7.373e-05
531,2069,2,5_9,7.255e-05
531,2070,2,5_9,7.13e-05
531,2071,2,5_9,7.015e-05
531,2072,2,5_9,6.891e-05
531,2073,2,5_9,6.773e-05
531,2074,2,5_9,6.668e-05
531,2075,2,5_9,6.556e-05
531,2076,2,5_9,6.431e-05
531,2077,2,5_9,6.327e-05
531,2078,2,5_9,6.227e-05
531,2079,2,5_9,6.129e-05
531,2080,2,5_9,6.032e-05
531,2081,2,5_9,5.934e-05
531,2082,2,5_9,5.837e-05
531,2083,2,5_9,5.744e-05
531,2084,2,5_9,5.658e-05
531,2085,2,5_9,5.562e-05
531,2086,2,5_9,5.465e-05
531,2087,2,5_9,5.379e-05
531,2088,2,5_9,5.293e-05
531,2089,2,5_9,5.21e-05
531,2090,2,5_9,5.127e-05
531,2091,2,5_9,5.045e-05
531,2092,2,5_9,4.956e-05
531,2093,2,5_9,4.881e-05
531,2094,2,5_9,4.801e-05
531,2095,2,5_9,4.728e-05
531,2096,2,5_9,4.654e-05
531,2097,2,5_9,4.582e-05
531,2098,2,5_9,4.512e-05
531,2099,2,5_9,4.442e-05
531,2100,2,5_9,4.364e-05
212,2024,2,5_9,0.00030821
212,2025,2,5_9,0.00029816
212,2026,2,5_9,0.00028939
212,2027,2,5_9,0.000281
212,2028,2,5_9,0.00027303
212,2029,2,5_9,0.0002652
212,2030,2,5_9,0.00025762
212,2031,2,5_9,0.0002496
212,2032,2,5_9,0.00024227
212,2033,2,5_9,0.00023514
212,2034,2,5_9,0.00022832
212,2035,2,5_9,0.00022178
212,2036,2,5_9,0.00021652
212,2037,2,5_9,0.00021172
212,2038,2,5_9,0.00020644
212,2039,2,5_9,0.00020174
212,2040,2,5_9,0.00019737
212,2041,2,5_9,0.00019293
212,2042,2,5_9,0.00018882
212,2043,2,5_9,0.00018437
212,2044,2,5_9,0.00018045
212,2045,2,5_9,0.0001767
212,2046,2,5_9,0.00017326
212,2047,2,5_9,0.00016963
212,2048,2,5_9,0.00016614
212,2049,2,5_9,0.00016248
212,2050,2,5_9,0.00015878
212,2051,2,5_9,0.00015544
212,2052,2,5_9,0.00015205
212,2053,2,5_9,0.00014868
212,2054,2,5_9,0.00014564
212,2055,2,5_9,0.00014232
212,2056,2,5_9,0.00013955
212,2057,2,5_9,0.00013684
212,2058,2,5_9,0.00013434
212,2059,2,5_9,0.00013164
212,2060,2,5_9,0.00012915
212,2061,2,5_9,0.00012684
212,2062,2,5_9,0.00012434
212,2063,2,5_9,0.00012197
212,2064,2,5_9,0.00011987
212,2065,2,5_9,0.00011756
212,2066,2,5_9,0.00011531
212,2067,2,5_9,0.00011357
212,2068,2,5_9,0.00011162
212,2069,2,5_9,0.00010968
212,2070,2,5_9,0.00010785
212,2071,2,5_9,0.00010609
212,2072,2,5_9,0.00010431
212,2073,2,5_9,0.00010253
212,2074,2,5_9,0.00010098
212,2075,2,5_9,9.943e-05
212,2076,2,5_9,9.795e-05
212,2077,2,5_9,9.637e-05
212,2078,2,5_9,9.495e-05
212,2079,2,5_9,9.341e-05
212,2080,2,5_9,9.189e-05
212,2081,2,5_9,9.044e-05
212,2082,2,5_9,8.918e-05
212,2083,2,5_9,8.792e-05
212,2084,2,5_9,8.661e-05
212,2085,2,5_9,8.539e-05
212,2086,2,5_9,8.427e-05
212,2087,2,5_9,8.308e-05
212,2088,2,5_9,8.194e-05
212,2089,2,5_9,8.09e-05
212,2090,2,5_9,7.98e-05
212,2091,2,5_9,7.879e-05
212,2092,2,5_9,7.763e-05
212,2093,2,5_9,7.664e-05
212,2094,2,5_9,7.555e-05
212,2095,2,5_9,7.455e-05
212,2096,2,5_9,7.359e-05
212,2097,2,5_9,7.272e-05
212,2098,2,5_9,7.181e-05
212,2099,2,5_9,7.087e-05
212,2100,2,5_9,7.003e-05
214,2024,2,5_9,0.00012415
214,2025,2,5_9,0.00012327
214,2026,2,5_9,0.00012227
214,2027,2,5_9,0.00012115
214,2028,2,5_9,0.00012023
214,2029,2,5_9,0.00011927
214,2030,2,5_9,0.00011834
214,2031,2,5_9,0.00011754
214,2032,2,5_9,0.00011665
214,2033,2,5_9,0.0001157
214,2034,2,5_9,0.00011495
214,2035,2,5_9,0.00011413
214,2036,2,5_9,0.00011322
214,2037,2,5_9,0.00011242
214,2038,2,5_9,0.00011164
214,2039,2,5_9,0.00011081
214,2040,2,5_9,0.00010994
214,2041,2,5_9,0.00010918
214,2042,2,5_9,0.00010849
214,2043,2,5_9,0.00010767
214,2044,2,5_9,0.00010693
214,2045,2,5_9,0.00010615
214,2046,2,5_9,0.00010551
214,2047,2,5_9,0.00010476
214,2048,2,5_9,0.00010394
214,2049,2,5_9,0.00010323
214,2050,2,5_9,0.00010255
214,2051,2,5_9,0.00010196
214,2052,2,5_9,0.0001013
214,2053,2,5_9,0.00010066
214,2054,2,5_9,9.998e-05
214,2055,2,5_9,9.947e-05
214,2056,2,5_9,9.89e-05
214,2057,2,5_9,9.83e-05
214,2058,2,5_9,9.771e-05
214,2059,2,5_9,9.715e-05
214,2060,2,5_9,9.658e-05
214,2061,2,5_9,9.6e-05
214,2062,2,5_9,9.546e-05
214,2063,2,5_9,9.492e-05
214,2064,2,5_9,9.434e-05
214,2065,2,5_9,9.383e-05
214,2066,2,5_9,9.326e-05
214,2067,2,5_9,9.26e-05
214,2068,2,5_9,9.198e-05
214,2069,2,5_9,9.125e-05
214,2070,2,5_9,9.066e-05
214,2071,2,5_9,9.01e-05
214,2072,2,5_9,8.971e-05
214,2073,2,5_9,8.915e-05
214,2074,2,5_9,8.859e-05
214,2075,2,5_9,8.798e-05
214,2076,2,5_9,8.726e-05
214,2077,2,5_9,8.682e-05
214,2078,2,5_9,8.612e-05
214,2079,2,5_9,8.57e-05
214,2080,2,5_9,8.515e-05
214,2081,2,5_9,8.457e-05
214,2082,2,5_9,8.401e-05
214,2083,2,5_9,8.347e-05
214,2084,2,5_9,8.293e-05
214,2085,2,5_9,8.234e-05
214,2086,2,5_9,8.183e-05
214,2087,2,5_9,8.122e-05
214,2088,2,5_9,8.071e-05
214,2089,2,5_9,8.016e-05
214,2090,2,5_9,7.961e-05
214,2091,2,5_9,7.908e-05
214,2092,2,5_9,7.853e-05
214,2093,2,5_9,7.795e-05
214,2094,2,5_9,7.737e-05
214,2095,2,5_9,7.677e-05
214,2096,2,5_9,7.641e-05
214,2097,2,5_9,7.574e-05
214,2098,2,5_9,7.516e-05
214,2099,2,5_9,7.465e-05
214,2100,2,5_9,7.414e-05
308,2024,2,5_9,0.00035107
308,2025,2,5_9,0.00034414
308,2026,2,5_9,0.00033746
308,2027,2,5_9,0.00033056
308,2028,2,5_9,0.00032446
308,2029,2,5_9,0.000318
308,2030,2,5_9,0.00031236
308,2031,2,5_9,0.00030615
308,2032,2,5_9,0.00029999
308,2033,2,5_9,0.00029411
308,2034,2,5_9,0.00028837
308,2035,2,5_9,0.00028216
308,2036,2,5_9,0.00027694
308,2037,2,5_9,0.00027138
308,2038,2,5_9,0.00026544
308,2039,2,5_9,0.00026039
308,2040,2,5_9,0.00025561
308,2041,2,5_9,0.000251
308,2042,2,5_9,0.00024629
308,2043,2,5_9,0.00024195
308,2044,2,5_9,0.00023778
308,2045,2,5_9,0.00023366
308,2046,2,5_9,0.00023012
308,2047,2,5_9,0.00022603
308,2048,2,5_9,0.00022197
308,2049,2,5_9,0.00021805
308,2050,2,5_9,0.00021434
308,2051,2,5_9,0.00021062
308,2052,2,5_9,0.00020674
308,2053,2,5_9,0.00020318
308,2054,2,5_9,0.00019949
308,2055,2,5_9,0.00019592
308,2056,2,5_9,0.00019252
308,2057,2,5_9,0.00018922
308,2058,2,5_9,0.00018592
308,2059,2,5_9,0.00018243
308,2060,2,5_9,0.00017915
308,2061,2,5_9,0.00017574
308,2062,2,5_9,0.00017263
308,2063,2,5_9,0.00016936
308,2064,2,5_9,0.00016635
308,2065,2,5_9,0.00016336
308,2066,2,5_9,0.00016038
308,2067,2,5_9,0.00015754
308,2068,2,5_9,0.00015455
308,2069,2,5_9,0.00015204
308,2070,2,5_9,0.00014954
308,2071,2,5_9,0.00014703
308,2072,2,5_9,0.00014444
308,2073,2,5_9,0.00014201
308,2074,2,5_9,0.00013955
308,2075,2,5_9,0.00013694
308,2076,2,5_9,0.00013446
308,2077,2,5_9,0.00013219
308,2078,2,5_9,0.00013011
308,2079,2,5_9,0.0001278
308,2080,2,5_9,0.0001257
308,2081,2,5_9,0.00012352
308,2082,2,5_9,0.00012143
308,2083,2,5_9,0.00011941
308,2084,2,5_9,0.00011735
308,2085,2,5_9,0.00011547
308,2086,2,5_9,0.0001135
308,2087,2,5_9,0.00011152
308,2088,2,5_9,0.00010968
308,2089,2,5_9,0.00010774
308,2090,2,5_9,0.00010599
308,2091,2,5_9,0.00010406
308,2092,2,5_9,0.0001024
308,2093,2,5_9,0.00010069
308,2094,2,5_9,9.893e-05
308,2095,2,5_9,9.708e-05
308,2096,2,5_9,9.535e-05
308,2097,2,5_9,9.37e-05
308,2098,2,5_9,9.207e-05
308,2099,2,5_9,9.036e-05
308,2100,2,5_9,8.886e-05
312,2024,2,5_9,7.003e-05
312,2025,2,5_9,6.902e-05
312,2026,2,5_9,6.791e-05
312,2027,2,5_9,6.697e-05
312,2028,2,5_9,6.604e-05
312,2029,2,5_9,6.503e-05
312,2030,2,5_9,6.413e-05
312,2031,2,5_9,6.316e-05
312,2032,2,5_9,6.228e-05
312,2033,2,5_9,6.134e-05
312,2034,2,5_9,6.049e-05
312,2035,2,5_9,5.962e-05
312,2036,2,5_9,5.869e-05
312,2037,2,5_9,5.784e-05
312,2038,2,5_9,5.704e-05
312,2039,2,5_9,5.625e-05
312,2040,2,5_9,5.546e-05
312,2041,2,5_9,5.472e-05
312,2042,2,5_9,5.393e-05
312,2043,2,5_9,5.317e-05
312,2044,2,5_9,5.245e-05
312,2045,2,5_9,5.17e-05
312,2046,2,5_9,5.105e-05
312,2047,2,5_9,5.02e-05
312,2048,2,5_9,4.952e-05
312,2049,2,5_9,4.888e-05
312,2050,2,5_9,4.815e-05
312,2051,2,5_9,4.746e-05
312,2052,2,5_9,4.677e-05
312,2053,2,5_9,4.619e-05
312,2054,2,5_9,4.554e-05
312,2055,2,5_9,4.489e-05
312,2056,2,5_9,4.425e-05
312,2057,2,5_9,4.36e-05
312,2058,2,5_9,4.295e-05
312,2059,2,5_9,4.226e-05
312,2060,2,5_9,4.165e-05
312,2061,2,5_9,4.105e-05
312,2062,2,5_9,4.037e-05
312,2063,2,5_9,3.977e-05
312,2064,2,5_9,3.916e-05
312,2065,2,5_9,3.86e-05
312,2066,2,5_9,3.806e-05
312,2067,2,5_9,3.756e-05
312,2068,2,5_9,3.704e-05
312,2069,2,5_9,3.655e-05
312,2070,2,5_9,3.596e-05
312,2071,2,5_9,3.543e-05
312,2072,2,5_9,3.492e-05
312,2073,2,5_9,3.444e-05
312,2074,2,5_9,3.396e-05
312,2075,2,5_9,3.35e-05
312,2076,2,5_9,3.303e-05
312,2077,2,5_9,3.256e-05
312,2078,2,5_9,3.212e-05
312,2079,2,5_9,3.161e-05
312,2080,2,5_9,3.126e-05
312,2081,2,5_9,3.083e-05
312,2082,2,5_9,3.033e-05
312,2083,2,5_9,2.987e-05
312,2084,2,5_9,2.944e-05
312,2085,2,5_9,2.905e-05
312,2086,2,5_9,2.862e-05
312,2087,2,5_9,2.821e-05
312,2088,2,5_9,2.777e-05
312,2089,2,5_9,2.736e-05
312,2090,2,5_9,2.699e-05
312,2091,2,5_9,2.661e-05
312,2092,2,5_9,2.621e-05
312,2093,2,5_9,2.586e-05
312,2094,2,5_9,2.542e-05
312,2095,2,5_9,2.505e-05
312,2096,2,5_9,2.469e-05
312,2097,2,5_9,2.432e-05
312,2098,2,5_9,2.398e-05
312,2099,2,5_9,2.362e-05
312,2100,2,5_9,2.327e-05
332,2024,2,5_9,0.00084446
332,2025,2,5_9,0.00082267
332,2026,2,5_9,0.0008037
332,2027,2,5_9,0.00078444
332,2028,2,5_9,0.00076428
332,2029,2,5_9,0.00074495
332,2030,2,5_9,0.00072682
332,2031,2,5_9,0.00070938
332,2032,2,5_9,0.0006914
332,2033,2,5_9,0.00067553
332,2034,2,5_9,0.0006593
332,2035,2,5_9,0.00064459
332,2036,2,5_9,0.00062934
332,2037,2,5_9,0.00061597
332,2038,2,5_9,0.00060096
332,2039,2,5_9,0.00058659
332,2040,2,5_9,0.0005742
332,2041,2,5_9,0.00056002
332,2042,2,5_9,0.00054647
332,2043,2,5_9,0.00053312
332,2044,2,5_9,0.00051993
332,2045,2,5_9,0.00050655
332,2046,2,5_9,0.00049348
332,2047,2,5_9,0.00048187
332,2048,2,5_9,0.00047082
332,2049,2,5_9,0.00045958
332,2050,2,5_9,0.00044738
332,2051,2,5_9,0.00043756
332,2052,2,5_9,0.00042689
332,2053,2,5_9,0.0004167
332,2054,2,5_9,0.00040698
332,2055,2,5_9,0.0003975
332,2056,2,5_9,0.00038806
332,2057,2,5_9,0.0003788
332,2058,2,5_9,0.00036993
332,2059,2,5_9,0.00036151
332,2060,2,5_9,0.00035425
332,2061,2,5_9,0.00034641
332,2062,2,5_9,0.0003383
332,2063,2,5_9,0.00032971
332,2064,2,5_9,0.00032243
332,2065,2,5_9,0.0003138
332,2066,2,5_9,0.00030694
332,2067,2,5_9,0.00030004
332,2068,2,5_9,0.00029224
332,2069,2,5_9,0.00028515
332,2070,2,5_9,0.00027755
332,2071,2,5_9,0.00027222
332,2072,2,5_9,0.00026741
332,2073,2,5_9,0.00026231
332,2074,2,5_9,0.00025742
332,2075,2,5_9,0.00025306
332,2076,2,5_9,0.00024845
332,2077,2,5_9,0.00024421
332,2078,2,5_9,0.00024002
332,2079,2,5_9,0.00023603
332,2080,2,5_9,0.00023174
332,2081,2,5_9,0.00022747
332,2082,2,5_9,0.00022377
332,2083,2,5_9,0.00021949
332,2084,2,5_9,0.00021597
332,2085,2,5_9,0.0002131
332,2086,2,5_9,0.00021013
332,2087,2,5_9,0.00020708
332,2088,2,5_9,0.00020442
332,2089,2,5_9,0.00020162
332,2090,2,5_9,0.0001988
332,2091,2,5_9,0.00019621
332,2092,2,5_9,0.00019349
332,2093,2,5_9,0.00019122
332,2094,2,5_9,0.00018937
332,2095,2,5_9,0.00018716
332,2096,2,5_9,0.00018524
332,2097,2,5_9,0.00018337
332,2098,2,5_9,0.0001812
332,2099,2,5_9,0.00017933
332,2100,2,5_9,0.00017758
388,2024,2,5_9,0.00030063
388,2025,2,5_9,0.00029153
388,2026,2,5_9,0.00028186
388,2027,2,5_9,0.00027179
388,2028,2,5_9,0.00026377
388,2029,2,5_9,0.00025402
388,2030,2,5_9,0.00024726
388,2031,2,5_9,0.0002401
388,2032,2,5_9,0.00023388
388,2033,2,5_9,0.00022927
388,2034,2,5_9,0.00022445
388,2035,2,5_9,0.00021993
388,2036,2,5_9,0.00021589
388,2037,2,5_9,0.00021187
388,2038,2,5_9,0.00020781
388,2039,2,5_9,0.00020354
388,2040,2,5_9,0.00019978
388,2041,2,5_9,0.00019594
388,2042,2,5_9,0.00019233
388,2043,2,5_9,0.00018896
388,2044,2,5_9,0.0001855
388,2045,2,5_9,0.00018186
388,2046,2,5_9,0.00017841
388,2047,2,5_9,0.00017512
388,2048,2,5_9,0.00017184
388,2049,2,5_9,0.00016909
388,2050,2,5_9,0.00016617
388,2051,2,5_9,0.00016354
388,2052,2,5_9,0.00016105
388,2053,2,5_9,0.00015845
388,2054,2,5_9,0.00015587
388,2055,2,5_9,0.00015326
388,2056,2,5_9,0.00015075
388,2057,2,5_9,0.00014823
388,2058,2,5_9,0.00014598
388,2059,2,5_9,0.00014365
388,2060,2,5_9,0.00014148
388,2061,2,5_9,0.00013947
388,2062,2,5_9,0.00013752
388,2063,2,5_9,0.00013539
388,2064,2,5_9,0.00013362
388,2065,2,5_9,0.00013173
388,2066,2,5_9,0.00012974
388,2067,2,5_9,0.00012814
388,2068,2,5_9,0.00012667
388,2069,2,5_9,0.00012482
388,2070,2,5_9,0.00012333
388,2071,2,5_9,0.00012187
388,2072,2,5_9,0.00012042
388,2073,2,5_9,0.000119
388,2074,2,5_9,0.00011763
388,2075,2,5_9,0.00011621
388,2076,2,5_9,0.0001148
388,2077,2,5_9,0.00011341
388,2078,2,5_9,0.00011213
388,2079,2,5_9,0.00011097
388,2080,2,5_9,0.00010983
388,2081,2,5_9,0.00010852
388,2082,2,5_9,0.00010738
388,2083,2,5_9,0.00010614
388,2084,2,5_9,0.00010493
388,2085,2,5_9,0.0001039
388,2086,2,5_9,0.00010276
388,2087,2,5_9,0.00010177
388,2088,2,5_9,0.00010074
388,2089,2,5_9,9.962e-05
388,2090,2,5_9,9.858e-05
388,2091,2,5_9,9.763e-05
388,2092,2,5_9,9.643e-05
388,2093,2,5_9,9.549e-05
388,2094,2,5_9,9.461e-05
388,2095,2,5_9,9.358e-05
388,2096,2,5_9,9.269e-05
388,2097,2,5_9,9.184e-05
388,2098,2,5_9,9.075e-05
388,2099,2,5_9,8.984e-05
388,2100,2,5_9,8.889e-05
474,2024,2,5_9,8.22e-05
474,2025,2,5_9,8.074e-05
474,2026,2,5_9,7.926e-05
474,2027,2,5_9,7.785e-05
474,2028,2,5_9,7.655e-05
474,2029,2,5_9,7.528e-05
474,2030,2,5_9,7.401e-05
474,2031,2,5_9,7.273e-05
474,2032,2,5_9,7.148e-05
474,2033,2,5_9,7.027e-05
474,2034,2,5_9,6.897e-05
474,2035,2,5_9,6.774e-05
474,2036,2,5_9,6.65e-05
474,2037,2,5_9,6.534e-05
474,2038,2,5_9,6.417e-05
474,2039,2,5_9,6.304e-05
474,2040,2,5_9,6.201e-05
474,2041,2,5_9,6.101e-05
474,2042,2,5_9,6.004e-05
474,2043,2,5_9,5.898e-05
474,2044,2,5_9,5.798e-05
474,2045,2,5_9,5.696e-05
474,2046,2,5_9,5.602e-05
474,2047,2,5_9,5.505e-05
474,2048,2,5_9,5.418e-05
474,2049,2,5_9,5.324e-05
474,2050,2,5_9,5.237e-05
474,2051,2,5_9,5.14e-05
474,2052,2,5_9,5.055e-05
474,2053,2,5_9,4.97e-05
474,2054,2,5_9,4.889e-05
474,2055,2,5_9,4.799e-05
474,2056,2,5_9,4.719e-05
474,2057,2,5_9,4.634e-05
474,2058,2,5_9,4.553e-05
474,2059,2,5_9,4.473e-05
474,2060,2,5_9,4.397e-05
474,2061,2,5_9,4.319e-05
474,2062,2,5_9,4.248e-05
474,2063,2,5_9,4.17e-05
474,2064,2,5_9,4.1e-05
474,2065,2,5_9,4.033e-05
474,2066,2,5_9,3.968e-05
474,2067,2,5_9,3.905e-05
474,2068,2,5_9,3.845e-05
474,2069,2,5_9,3.789e-05
474,2070,2,5_9,3.723e-05
474,2071,2,5_9,3.671e-05
474,2072,2,5_9,3.616e-05
474,2073,2,5_9,3.563e-05
474,2074,2,5_9,3.509e-05
474,2075,2,5_9,3.455e-05
474,2076,2,5_9,3.401e-05
474,2077,2,5_9,3.348e-05
474,2078,2,5_9,3.296e-05
474,2079,2,5_9,3.243e-05
474,2080,2,5_9,3.192e-05
474,2081,2,5_9,3.134e-05
474,2082,2,5_9,3.081e-05
474,2083,2,5_9,3.034e-05
474,2084,2,5_9,2.985e-05
474,2085,2,5_9,2.936e-05
474,2086,2,5_9,2.888e-05
474,2087,2,5_9,2.841e-05
474,2088,2,5_9,2.796e-05
474,2089,2,5_9,2.755e-05
474,2090,2,5_9,2.713e-05
474,2091,2,5_9,2.671e-05
474,2092,2,5_9,2.629e-05
474,2093,2,5_9,2.589e-05
474,2094,2,5_9,2.549e-05
474,2095,2,5_9,2.51e-05
474,2096,2,5_9,2.465e-05
474,2097,2,5_9,2.425e-05
474,2098,2,5_9,2.389e-05
474,2099,2,5_9,2.352e-05
474,2100,2,5_9,2.316e-05
500,2024,2,5_9,0.00022663
500,2025,2,5_9,0.00022055
500,2026,2,5_9,0.00021428
500,2027,2,5_9,0.00020847
500,2028,2,5_9,0.00020227
500,2029,2,5_9,0.00019708
500,2030,2,5_9,0.00019219
500,2031,2,5_9,0.00018748
500,2032,2,5_9,0.00018305
500,2033,2,5_9,0.00017897
500,2034,2,5_9,0.00017481
500,2035,2,5_9,0.00017074
500,2036,2,5_9,0.00016704
500,2037,2,5_9,0.00016313
500,2038,2,5_9,0.00015943
500,2039,2,5_9,0.00015571
500,2040,2,5_9,0.00015203
500,2041,2,5_9,0.00014858
500,2042,2,5_9,0.00014512
500,2043,2,5_9,0.00014185
500,2044,2,5_9,0.00013851
500,2045,2,5_9,0.00013556
500,2046,2,5_9,0.00013243
500,2047,2,5_9,0.00012927
500,2048,2,5_9,0.00012657
500,2049,2,5_9,0.00012382
500,2050,2,5_9,0.00012117
500,2051,2,5_9,0.00011846
500,2052,2,5_9,0.00011574
500,2053,2,5_9,0.0001135
500,2054,2,5_9,0.00011086
500,2055,2,5_9,0.0001087
500,2056,2,5_9,0.00010642
500,2057,2,5_9,0.00010404
500,2058,2,5_9,0.00010182
500,2059,2,5_9,9.977e-05
500,2060,2,5_9,9.778e-05
500,2061,2,5_9,9.57e-05
500,2062,2,5_9,9.382e-05
500,2063,2,5_9,9.192e-05
500,2064,2,5_9,9.019e-05
500,2065,2,5_9,8.842e-05
500,2066,2,5_9,8.667e-05
500,2067,2,5_9,8.511e-05
500,2068,2,5_9,8.359e-05
500,2069,2,5_9,8.209e-05
500,2070,2,5_9,8.043e-05
500,2071,2,5_9,7.893e-05
500,2072,2,5_9,7.75e-05
500,2073,2,5_9,7.611e-05
500,2074,2,5_9,7.476e-05
500,2075,2,5_9,7.34e-05
500,2076,2,5_9,7.211e-05
500,2077,2,5_9,7.102e-05
500,2078,2,5_9,6.973e-05
500,2079,2,5_9,6.853e-05
500,2080,2,5_9,6.738e-05
500,2081,2,5_9,6.617e-05
500,2082,2,5_9,6.505e-05
500,2083,2,5_9,6.393e-05
500,2084,2,5_9,6.29e-05
500,2085,2,5_9,6.184e-05
500,2086,2,5_9,6.084e-05
500,2087,2,5_9,5.992e-05
500,2088,2,5_9,5.898e-05
500,2089,2,5_9,5.807e-05
500,2090,2,5_9,5.714e-05
500,2091,2,5_9,5.634e-05
500,2092,2,5_9,5.541e-05
500,2093,2,5_9,5.46e-05
500,2094,2,5_9,5.376e-05
500,2095,2,5_9,5.297e-05
500,2096,2,5_9,5.223e-05
500,2097,2,5_9,5.143e-05
500,2098,2,5_9,5.067e-05
500,2099,2,5_9,4.997e-05
500,2100,2,5_9,4.927e-05
630,2024,2,5_9,0.00015663
630,2025,2,5_9,0.00015336
630,2026,2,5_9,0.00014989
630,2027,2,5_9,0.0001466
630,2028,2,5_9,0.00014357
630,2029,2,5_9,0.00014039
630,2030,2,5_9,0.00013741
630,2031,2,5_9,0.00013406
630,2032,2,5_9,0.00013126
630,2033,2,5_9,0.00012829
630,2034,2,5_9,0.00012573
630,2035,2,5_9,0.00012308
630,2036,2,5_9,0.00012044
630,2037,2,5_9,0.00011802
630,2038,2,5_9,0.00011546
630,2039,2,5_9,0.00011315
630,2040,2,5_9,0.00011071
630,2041,2,5_9,0.00010846
630,2042,2,5_9,0.00010622
630,2043,2,5_9,0.00010407
630,2044,2,5_9,0.00010184
630,2045,2,5_9,9.964e-05
630,2046,2,5_9,9.762e-05
630,2047,2,5_9,9.551e-05
630,2048,2,5_9,9.345e-05
630,2049,2,5_9,9.156e-05
630,2050,2,5_9,8.962e-05
630,2051,2,5_9,8.783e-05
630,2052,2,5_9,8.579e-05
630,2053,2,5_9,8.405e-05
630,2054,2,5_9,8.24e-05
630,2055,2,5_9,8.061e-05
630,2056,2,5_9,7.881e-05
630,2057,2,5_9,7.698e-05
630,2058,2,5_9,7.538e-05
630,2059,2,5_9,7.362e-05
630,2060,2,5_9,7.216e-05
630,2061,2,5_9,7.052e-05
630,2062,2,5_9,6.896e-05
630,2063,2,5_9,6.731e-05
630,2064,2,5_9,6.584e-05
630,2065,2,5_9,6.454e-05
630,2066,2,5_9,6.301e-05
630,2067,2,5_9,6.163e-05
630,2068,2,5_9,6.021e-05
630,2069,2,5_9,5.891e-05
630,2070,2,5_9,5.772e-05
630,2071,2,5_9,5.641e-05
630,2072,2,5_9,5.532e-05
630,2073,2,5_9,5.417e-05
630,2074,2,5_9,5.304e-05
630,2075,2,5_9,5.182e-05
630,2076,2,5_9,5.081e-05
630,2077,2,5_9,4.978e-05
630,2078,2,5_9,4.875e-05
630,2079,2,5_9,4.765e-05
630,2080,2,5_9,4.673e-05
630,2081,2,5_9,4.574e-05
630,2082,2,5_9,4.47e-05
630,2083,2,5_9,4.374e-05
630,2084,2,5_9,4.274e-05
630,2085,2,5_9,4.191e-05
630,2086,2,5_9,4.093e-05
630,2087,2,5_9,4.008e-05
630,2088,2,5_9,3.921e-05
630,2089,2,5_9,3.833e-05
630,2090,2,5_9,3.749e-05
630,2091,2,5_9,3.662e-05
630,2092,2,5_9,3.584e-05
630,2093,2,5_9,3.5e-05
630,2094,2,5_9,3.422e-05
630,2095,2,5_9,3.348e-05
630,2096,2,5_9,3.27e-05
630,2097,2,5_9,3.199e-05
630,2098,2,5_9,3.124e-05
630,2099,2,5_9,3.052e-05
630,2100,2,5_9,2.986e-05
652,2024,2,5_9,8.577e-05
652,2025,2,5_9,8.41e-05
652,2026,2,5_9,8.236e-05
652,2027,2,5_9,8.081e-05
652,2028,2,5_9,7.92e-05
652,2029,2,5_9,7.76e-05
652,2030,2,5_9,7.606e-05
652,2031,2,5_9,7.455e-05
652,2032,2,5_9,7.318e-05
652,2033,2,5_9,7.187e-05
652,2034,2,5_9,7.054e-05
652,2035,2,5_9,6.907e-05
652,2036,2,5_9,6.78e-05
652,2037,2,5_9,6.656e-05
652,2038,2,5_9,6.518e-05
652,2039,2,5_9,6.396e-05
652,2040,2,5_9,6.271e-05
652,2041,2,5_9,6.142e-05
652,2042,2,5_9,6.029e-05
652,2043,2,5_9,5.899e-05
652,2044,2,5_9,5.784e-05
652,2045,2,5_9,5.664e-05
652,2046,2,5_9,5.555e-05
652,2047,2,5_9,5.445e-05
652,2048,2,5_9,5.34e-05
652,2049,2,5_9,5.233e-05
652,2050,2,5_9,5.133e-05
652,2051,2,5_9,5.031e-05
652,2052,2,5_9,4.933e-05
652,2053,2,5_9,4.846e-05
652,2054,2,5_9,4.757e-05
652,2055,2,5_9,4.676e-05
652,2056,2,5_9,4.6e-05
652,2057,2,5_9,4.524e-05
652,2058,2,5_9,4.445e-05
652,2059,2,5_9,4.37e-05
652,2060,2,5_9,4.283e-05
652,2061,2,5_9,4.211e-05
652,2062,2,5_9,4.132e-05
652,2063,2,5_9,4.063e-05
652,2064,2,5_9,3.989e-05
652,2065,2,5_9,3.913e-05
652,2066,2,5_9,3.845e-05
652,2067,2,5_9,3.774e-05
652,2068,2,5_9,3.706e-05
652,2069,2,5_9,3.644e-05
652,2070,2,5_9,3.582e-05
652,2071,2,5_9,3.516e-05
652,2072,2,5_9,3.457e-05
652,2073,2,5_9,3.391e-05
652,2074,2,5_9,3.324e-05
652,2075,2,5_9,3.26e-05
652,2076,2,5_9,3.196e-05
652,2077,2,5_9,3.137e-05
652,2078,2,5_9,3.081e-05
652,2079,2,5_9,3.026e-05
652,2080,2,5_9,2.971e-05
652,2081,2,5_9,2.924e-05
652,2082,2,5_9,2.869e-05
652,2083,2,5_9,2.821e-05
652,2084,2,5_9,2.775e-05
652,2085,2,5_9,2.723e-05
652,2086,2,5_9,2.671e-05
652,2087,2,5_9,2.626e-05
652,2088,2,5_9,2.58e-05
652,2089,2,5_9,2.532e-05
652,2090,2,5_9,2.487e-05
652,2091,2,5_9,2.434e-05
652,2092,2,5_9,2.391e-05
652,2093,2,5_9,2.348e-05
652,2094,2,5_9,2.305e-05
652,2095,2,5_9,2.263e-05
652,2096,2,5_9,2.22e-05
652,2097,2,5_9,2.176e-05
652,2098,2,5_9,2.133e-05
652,2099,2,5_9,2.092e-05
652,2100,2,5_9,2.05e-05
659,2024,2,5_9,0.00027821
659,2025,2,5_9,0.00027058
659,2026,2,5_9,0.00026278
659,2027,2,5_9,0.00025597
659,2028,2,5_9,0.00024879
659,2029,2,5_9,0.00024167
659,2030,2,5_9,0.00023486
659,2031,2,5_9,0.00022824
659,2032,2,5_9,0.00022176
659,2033,2,5_9,0.00021538
659,2034,2,5_9,0.00021071
659,2035,2,5_9,0.00020618
659,2036,2,5_9,0.00020187
659,2037,2,5_9,0.00019804
659,2038,2,5_9,0.00019341
659,2039,2,5_9,0.00018925
659,2040,2,5_9,0.00018517
659,2041,2,5_9,0.00018122
659,2042,2,5_9,0.00017747
659,2043,2,5_9,0.00017373
659,2044,2,5_9,0.00017037
659,2045,2,5_9,0.00016676
659,2046,2,5_9,0.00016328
659,2047,2,5_9,0.00015935
659,2048,2,5_9,0.00015599
659,2049,2,5_9,0.0001526
659,2050,2,5_9,0.00014942
659,2051,2,5_9,0.00014597
659,2052,2,5_9,0.00014275
659,2053,2,5_9,0.00013947
659,2054,2,5_9,0.00013662
659,2055,2,5_9,0.00013419
659,2056,2,5_9,0.00013154
659,2057,2,5_9,0.00012888
659,2058,2,5_9,0.00012626
659,2059,2,5_9,0.00012367
659,2060,2,5_9,0.00012093
659,2061,2,5_9,0.00011841
659,2062,2,5_9,0.00011603
659,2063,2,5_9,0.00011363
659,2064,2,5_9,0.00011116
659,2065,2,5_9,0.00010915
659,2066,2,5_9,0.00010703
659,2067,2,5_9,0.00010502
659,2068,2,5_9,0.00010286
659,2069,2,5_9,0.00010079
659,2070,2,5_9,9.915e-05
659,2071,2,5_9,9.721e-05
659,2072,2,5_9,9.533e-05
659,2073,2,5_9,9.339e-05
659,2074,2,5_9,9.166e-05
659,2075,2,5_9,8.998e-05
659,2076,2,5_9,8.824e-05
659,2077,2,5_9,8.639e-05
659,2078,2,5_9,8.461e-05
659,2079,2,5_9,8.303e-05
659,2080,2,5_9,8.14e-05
659,2081,2,5_9,7.984e-05
659,2082,2,5_9,7.827e-05
659,2083,2,5_9,7.673e-05
659,2084,2,5_9,7.527e-05
659,2085,2,5_9,7.396e-05
659,2086,2,5_9,7.244e-05
659,2087,2,5_9,7.097e-05
659,2088,2,5_9,6.954e-05
659,2089,2,5_9,6.813e-05
659,2090,2,5_9,6.68e-05
659,2091,2,5_9,6.558e-05
659,2092,2,5_9,6.424e-05
659,2093,2,5_9,6.295e-05
659,2094,2,5_9,6.173e-05
659,2095,2,5_9,6.05e-05
659,2096,2,5_9,5.94e-05
659,2097,2,5_9,5.829e-05
659,2098,2,5_9,5.721e-05
659,2099,2,5_9,5.623e-05
659,2100,2,5_9,5.521e-05
662,2024,2,5_9,0.00025292
662,2025,2,5_9,0.00024569
662,2026,2,5_9,0.00023879
662,2027,2,5_9,0.00023214
662,2028,2,5_9,0.00022733
662,2029,2,5_9,0.00022225
662,2030,2,5_9,0.00021769
662,2031,2,5_9,0.00021308
662,2032,2,5_9,0.00020864
662,2033,2,5_9,0.0002044
662,2034,2,5_9,0.00019992
662,2035,2,5_9,0.00019584
662,2036,2,5_9,0.00019144
662,2037,2,5_9,0.00018765
662,2038,2,5_9,0.00018404
662,2039,2,5_9,0.00018046
662,2040,2,5_9,0.00017694
662,2041,2,5_9,0.00017322
662,2042,2,5_9,0.00016985
662,2043,2,5_9,0.00016668
662,2044,2,5_9,0.00016361
662,2045,2,5_9,0.00016031
662,2046,2,5_9,0.00015724
662,2047,2,5_9,0.00015409
662,2048,2,5_9,0.00015127
662,2049,2,5_9,0.0001486
662,2050,2,5_9,0.00014582
662,2051,2,5_9,0.00014312
662,2052,2,5_9,0.00014059
662,2053,2,5_9,0.00013791
662,2054,2,5_9,0.00013553
662,2055,2,5_9,0.00013332
662,2056,2,5_9,0.00013123
662,2057,2,5_9,0.00012881
662,2058,2,5_9,0.00012675
662,2059,2,5_9,0.00012476
662,2060,2,5_9,0.00012277
662,2061,2,5_9,0.00012108
662,2062,2,5_9,0.00011946
662,2063,2,5_9,0.00011787
662,2064,2,5_9,0.00011616
662,2065,2,5_9,0.00011455
662,2066,2,5_9,0.0001129
662,2067,2,5_9,0.00011139
662,2068,2,5_9,0.00010975
662,2069,2,5_9,0.00010826
662,2070,2,5_9,0.00010672
662,2071,2,5_9,0.00010536
662,2072,2,5_9,0.00010377
662,2073,2,5_9,0.00010243
662,2074,2,5_9,0.00010104
662,2075,2,5_9,9.975e-05
662,2076,2,5_9,9.835e-05
662,2077,2,5_9,9.723e-05
662,2078,2,5_9,9.6e-05
662,2079,2,5_9,9.468e-05
662,2080,2,5_9,9.33e-05
662,2081,2,5_9,9.205e-05
662,2082,2,5_9,9.086e-05
662,2083,2,5_9,8.976e-05
662,2084,2,5_9,8.862e-05
662,2085,2,5_9,8.75e-05
662,2086,2,5_9,8.625e-05
662,2087,2,5_9,8.513e-05
662,2088,2,5_9,8.402e-05
662,2089,2,5_9,8.297e-05
662,2090,2,5_9,8.177e-05
662,2091,2,5_9,8.065e-05
662,2092,2,5_9,7.952e-05
662,2093,2,5_9,7.857e-05
662,2094,2,5_9,7.773e-05
662,2095,2,5_9,7.687e-05
662,2096,2,5_9,7.598e-05
662,2097,2,5_9,7.52e-05
662,2098,2,5_9,7.431e-05
662,2099,2,5_9,7.344e-05
662,2100,2,5_9,7.258e-05
663,2024,2,5_9,0.00012424
663,2025,2,5_9,0.00012163
663,2026,2,5_9,0.00011894
663,2027,2,5_9,0.00011637
663,2028,2,5_9,0.00011398
663,2029,2,5_9,0.00011145
663,2030,2,5_9,0.00010905
663,2031,2,5_9,0.00010689
663,2032,2,5_9,0.00010461
663,2033,2,5_9,0.0001026
663,2034,2,5_9,0.00010049
663,2035,2,5_9,9.852e-05
663,2036,2,5_9,9.652e-05
663,2037,2,5_9,9.454e-05
663,2038,2,5_9,9.269e-05
663,2039,2,5_9,9.074e-05
663,2040,2,5_9,8.893e-05
663,2041,2,5_9,8.723e-05
663,2042,2,5_9,8.548e-05
663,2043,2,5_9,8.39e-05
663,2044,2,5_9,8.229e-05
663,2045,2,5_9,8.071e-05
663,2046,2,5_9,7.906e-05
663,2047,2,5_9,7.752e-05
663,2048,2,5_9,7.615e-05
663,2049,2,5_9,7.454e-05
663,2050,2,5_9,7.307e-05
663,2051,2,5_9,7.163e-05
663,2052,2,5_9,7.028e-05
663,2053,2,5_9,6.901e-05
663,2054,2,5_9,6.764e-05
663,2055,2,5_9,6.634e-05
663,2056,2,5_9,6.522e-05
663,2057,2,5_9,6.404e-05
663,2058,2,5_9,6.285e-05
663,2059,2,5_9,6.174e-05
663,2060,2,5_9,6.05e-05
663,2061,2,5_9,5.934e-05
663,2062,2,5_9,5.819e-05
663,2063,2,5_9,5.703e-05
663,2064,2,5_9,5.596e-05
663,2065,2,5_9,5.492e-05
663,2066,2,5_9,5.393e-05
663,2067,2,5_9,5.293e-05
663,2068,2,5_9,5.203e-05
663,2069,2,5_9,5.107e-05
663,2070,2,5_9,5.005e-05
663,2071,2,5_9,4.907e-05
663,2072,2,5_9,4.813e-05
663,2073,2,5_9,4.719e-05
663,2074,2,5_9,4.628e-05
663,2075,2,5_9,4.548e-05
663,2076,2,5_9,4.47e-05
663,2077,2,5_9,4.397e-05
663,2078,2,5_9,4.318e-05
663,2079,2,5_9,4.248e-05
663,2080,2,5_9,4.183e-05
663,2081,2,5_9,4.117e-05
663,2082,2,5_9,4.05e-05
663,2083,2,5_9,3.985e-05
663,2084,2,5_9,3.92e-05
663,2085,2,5_9,3.85e-05
663,2086,2,5_9,3.782e-05
663,2087,2,5_9,3.718e-05
663,2088,2,5_9,3.658e-05
663,2089,2,5_9,3.59e-05
663,2090,2,5_9,3.53e-05
663,2091,2,5_9,3.469e-05
663,2092,2,5_9,3.408e-05
663,2093,2,5_9,3.351e-05
663,2094,2,5_9,3.294e-05
663,2095,2,5_9,3.231e-05
663,2096,2,5_9,3.176e-05
663,2097,2,5_9,3.123e-05
663,2098,2,5_9,3.07e-05
663,2099,2,5_9,3.016e-05
663,2100,2,5_9,2.961e-05
670,2024,2,5_9,0.00026159
670,2025,2,5_9,0.00025289
670,2026,2,5_9,0.00024429
670,2027,2,5_9,0.0002358
670,2028,2,5_9,0.00022941
670,2029,2,5_9,0.00022356
670,2030,2,5_9,0.00021754
670,2031,2,5_9,0.00021136
670,2032,2,5_9,0.00020561
670,2033,2,5_9,0.00019998
670,2034,2,5_9,0.00019445
670,2035,2,5_9,0.00019088
670,2036,2,5_9,0.00018687
670,2037,2,5_9,0.00018314
670,2038,2,5_9,0.00017941
670,2039,2,5_9,0.00017558
670,2040,2,5_9,0.00017206
670,2041,2,5_9,0.00016844
670,2042,2,5_9,0.00016496
670,2043,2,5_9,0.00016137
670,2044,2,5_9,0.00015811
670,2045,2,5_9,0.00015493
670,2046,2,5_9,0.00015172
670,2047,2,5_9,0.00014856
670,2048,2,5_9,0.0001455
670,2049,2,5_9,0.00014262
670,2050,2,5_9,0.00013973
670,2051,2,5_9,0.00013729
670,2052,2,5_9,0.00013463
670,2053,2,5_9,0.00013197
670,2054,2,5_9,0.00012924
670,2055,2,5_9,0.00012669
670,2056,2,5_9,0.00012406
670,2057,2,5_9,0.00012152
670,2058,2,5_9,0.00011914
670,2059,2,5_9,0.00011673
670,2060,2,5_9,0.00011421
670,2061,2,5_9,0.00011187
670,2062,2,5_9,0.00010976
670,2063,2,5_9,0.00010764
670,2064,2,5_9,0.00010546
670,2065,2,5_9,0.00010338
670,2066,2,5_9,0.00010128
670,2067,2,5_9,9.94e-05
670,2068,2,5_9,9.755e-05
670,2069,2,5_9,9.579e-05
670,2070,2,5_9,9.427e-05
670,2071,2,5_9,9.279e-05
670,2072,2,5_9,9.12e-05
670,2073,2,5_9,8.973e-05
670,2074,2,5_9,8.817e-05
670,2075,2,5_9,8.67e-05
670,2076,2,5_9,8.517e-05
670,2077,2,5_9,8.371e-05
670,2078,2,5_9,8.23e-05
670,2079,2,5_9,8.072e-05
670,2080,2,5_9,7.937e-05
670,2081,2,5_9,7.8e-05
670,2082,2,5_9,7.657e-05
670,2083,2,5_9,7.527e-05
670,2084,2,5_9,7.404e-05
670,2085,2,5_9,7.272e-05
670,2086,2,5_9,7.151e-05
670,2087,2,5_9,7.036e-05
670,2088,2,5_9,6.91e-05
670,2089,2,5_9,6.797e-05
670,2090,2,5_9,6.686e-05
670,2091,2,5_9,6.565e-05
670,2092,2,5_9,6.454e-05
670,2093,2,5_9,6.347e-05
670,2094,2,5_9,6.235e-05
670,2095,2,5_9,6.127e-05
670,2096,2,5_9,6.027e-05
670,2097,2,5_9,5.915e-05
670,2098,2,5_9,5.813e-05
670,2099,2,5_9,5.718e-05
670,2100,2,5_9,5.61e-05
534,2024,2,5_9,0.00019773
534,2025,2,5_9,0.0001933
534,2026,2,5_9,0.00018915
534,2027,2,5_9,0.0001852
534,2028,2,5_9,0.00018114
534,2029,2,5_9,0.00017752
534,2030,2,5_9,0.00017373
534,2031,2,5_9,0.00017023
534,2032,2,5_9,0.00016704
534,2033,2,5_9,0.00016386
534,2034,2,5_9,0.00016088
534,2035,2,5_9,0.00015777
534,2036,2,5_9,0.00015457
534,2037,2,5_9,0.00015165
534,2038,2,5_9,0.00014884
534,2039,2,5_9,0.00014616
534,2040,2,5_9,0.0001436
534,2041,2,5_9,0.00014097
534,2042,2,5_9,0.00013846
534,2043,2,5_9,0.00013582
534,2044,2,5_9,0.00013329
534,2045,2,5_9,0.00013073
534,2046,2,5_9,0.00012853
534,2047,2,5_9,0.0001262
534,2048,2,5_9,0.00012369
534,2049,2,5_9,0.00012136
534,2050,2,5_9,0.00011919
534,2051,2,5_9,0.00011695
534,2052,2,5_9,0.00011491
534,2053,2,5_9,0.00011272
534,2054,2,5_9,0.00011065
534,2055,2,5_9,0.00010864
534,2056,2,5_9,0.00010678
534,2057,2,5_9,0.0001048
534,2058,2,5_9,0.0001029
534,2059,2,5_9,0.00010102
534,2060,2,5_9,9.918e-05
534,2061,2,5_9,9.759e-05
534,2062,2,5_9,9.591e-05
534,2063,2,5_9,9.427e-05
534,2064,2,5_9,9.272e-05
534,2065,2,5_9,9.114e-05
534,2066,2,5_9,8.958e-05
534,2067,2,5_9,8.806e-05
534,2068,2,5_9,8.668e-05
534,2069,2,5_9,8.534e-05
534,2070,2,5_9,8.399e-05
534,2071,2,5_9,8.269e-05
534,2072,2,5_9,8.15e-05
534,2073,2,5_9,8.03e-05
534,2074,2,5_9,7.908e-05
534,2075,2,5_9,7.801e-05
534,2076,2,5_9,7.681e-05
534,2077,2,5_9,7.573e-05
534,2078,2,5_9,7.452e-05
534,2079,2,5_9,7.335e-05
534,2080,2,5_9,7.228e-05
534,2081,2,5_9,7.102e-05
534,2082,2,5_9,7e-05
534,2083,2,5_9,6.898e-05
534,2084,2,5_9,6.794e-05
534,2085,2,5_9,6.701e-05
534,2086,2,5_9,6.607e-05
534,2087,2,5_9,6.503e-05
534,2088,2,5_9,6.412e-05
534,2089,2,5_9,6.311e-05
534,2090,2,5_9,6.212e-05
534,2091,2,5_9,6.115e-05
534,2092,2,5_9,6.025e-05
534,2093,2,5_9,5.946e-05
534,2094,2,5_9,5.863e-05
534,2095,2,5_9,5.786e-05
534,2096,2,5_9,5.701e-05
534,2097,2,5_9,5.615e-05
534,2098,2,5_9,5.542e-05
534,2099,2,5_9,5.465e-05
534,2100,2,5_9,5.386e-05
780,2024,2,5_9,0.00015142
780,2025,2,5_9,0.00014898
780,2026,2,5_9,0.00014647
780,2027,2,5_9,0.00014408
780,2028,2,5_9,0.00014167
780,2029,2,5_9,0.00013947
780,2030,2,5_9,0.00013712
780,2031,2,5_9,0.00013507
780,2032,2,5_9,0.0001332
780,2033,2,5_9,0.00013091
780,2034,2,5_9,0.00012901
780,2035,2,5_9,0.00012699
780,2036,2,5_9,0.00012516
780,2037,2,5_9,0.00012338
780,2038,2,5_9,0.00012155
780,2039,2,5_9,0.00011972
780,2040,2,5_9,0.0001179
780,2041,2,5_9,0.00011633
780,2042,2,5_9,0.00011478
780,2043,2,5_9,0.0001132
780,2044,2,5_9,0.00011161
780,2045,2,5_9,0.00010991
780,2046,2,5_9,0.00010836
780,2047,2,5_9,0.00010681
780,2048,2,5_9,0.00010533
780,2049,2,5_9,0.00010398
780,2050,2,5_9,0.00010254
780,2051,2,5_9,0.00010129
780,2052,2,5_9,9.991e-05
780,2053,2,5_9,9.865e-05
780,2054,2,5_9,9.738e-05
780,2055,2,5_9,9.646e-05
780,2056,2,5_9,9.545e-05
780,2057,2,5_9,9.435e-05
780,2058,2,5_9,9.337e-05
780,2059,2,5_9,9.236e-05
780,2060,2,5_9,9.139e-05
780,2061,2,5_9,9.051e-05
780,2062,2,5_9,8.951e-05
780,2063,2,5_9,8.87e-05
780,2064,2,5_9,8.794e-05
780,2065,2,5_9,8.701e-05
780,2066,2,5_9,8.607e-05
780,2067,2,5_9,8.52e-05
780,2068,2,5_9,8.442e-05
780,2069,2,5_9,8.349e-05
780,2070,2,5_9,8.27e-05
780,2071,2,5_9,8.189e-05
780,2072,2,5_9,8.096e-05
780,2073,2,5_9,8.024e-05
780,2074,2,5_9,7.947e-05
780,2075,2,5_9,7.871e-05
780,2076,2,5_9,7.787e-05
780,2077,2,5_9,7.716e-05
780,2078,2,5_9,7.638e-05
780,2079,2,5_9,7.55e-05
780,2080,2,5_9,7.474e-05
780,2081,2,5_9,7.414e-05
780,2082,2,5_9,7.339e-05
780,2083,2,5_9,7.253e-05
780,2084,2,5_9,7.182e-05
780,2085,2,5_9,7.117e-05
780,2086,2,5_9,7.052e-05
780,2087,2,5_9,6.992e-05
780,2088,2,5_9,6.915e-05
780,2089,2,5_9,6.853e-05
780,2090,2,5_9,6.793e-05
780,2091,2,5_9,6.733e-05
780,2092,2,5_9,6.679e-05
780,2093,2,5_9,6.611e-05
780,2094,2,5_9,6.563e-05
780,2095,2,5_9,6.518e-05
780,2096,2,5_9,6.462e-05
780,2097,2,5_9,6.405e-05
780,2098,2,5_9,6.355e-05
780,2099,2,5_9,6.304e-05
780,2100,2,5_9,6.236e-05
796,2024,2,5_9,0.00013487
796,2025,2,5_9,0.00013217
796,2026,2,5_9,0.00012948
796,2027,2,5_9,0.00012665
796,2028,2,5_9,0.00012411
796,2029,2,5_9,0.00012162
796,2030,2,5_9,0.00011916
796,2031,2,5_9,0.00011665
796,2032,2,5_9,0.00011404
796,2033,2,5_9,0.00011182
796,2034,2,5_9,0.00010966
796,2035,2,5_9,0.00010736
796,2036,2,5_9,0.00010527
796,2037,2,5_9,0.00010308
796,2038,2,5_9,0.00010108
796,2039,2,5_9,9.907e-05
796,2040,2,5_9,9.741e-05
796,2041,2,5_9,9.553e-05
796,2042,2,5_9,9.38e-05
796,2043,2,5_9,9.194e-05
796,2044,2,5_9,9.029e-05
796,2045,2,5_9,8.858e-05
796,2046,2,5_9,8.707e-05
796,2047,2,5_9,8.564e-05
796,2048,2,5_9,8.423e-05
796,2049,2,5_9,8.279e-05
796,2050,2,5_9,8.151e-05
796,2051,2,5_9,8.021e-05
796,2052,2,5_9,7.892e-05
796,2053,2,5_9,7.758e-05
796,2054,2,5_9,7.636e-05
796,2055,2,5_9,7.507e-05
796,2056,2,5_9,7.378e-05
796,2057,2,5_9,7.273e-05
796,2058,2,5_9,7.15e-05
796,2059,2,5_9,7.035e-05
796,2060,2,5_9,6.931e-05
796,2061,2,5_9,6.844e-05
796,2062,2,5_9,6.745e-05
796,2063,2,5_9,6.65e-05
796,2064,2,5_9,6.556e-05
796,2065,2,5_9,6.447e-05
796,2066,2,5_9,6.356e-05
796,2067,2,5_9,6.259e-05
796,2068,2,5_9,6.17e-05
796,2069,2,5_9,6.089e-05
796,2070,2,5_9,6.01e-05
796,2071,2,5_9,5.915e-05
796,2072,2,5_9,5.833e-05
796,2073,2,5_9,5.757e-05
796,2074,2,5_9,5.684e-05
796,2075,2,5_9,5.599e-05
796,2076,2,5_9,5.516e-05
796,2077,2,5_9,5.44e-05
796,2078,2,5_9,5.356e-05
796,2079,2,5_9,5.286e-05
796,2080,2,5_9,5.218e-05
796,2081,2,5_9,5.154e-05
796,2082,2,5_9,5.085e-05
796,2083,2,5_9,5.025e-05
796,2084,2,5_9,4.96e-05
796,2085,2,5_9,4.896e-05
796,2086,2,5_9,4.837e-05
796,2087,2,5_9,4.777e-05
796,2088,2,5_9,4.708e-05
796,2089,2,5_9,4.653e-05
796,2090,2,5_9,4.592e-05
796,2091,2,5_9,4.532e-05
796,2092,2,5_9,4.473e-05
796,2093,2,5_9,4.405e-05
796,2094,2,5_9,4.349e-05
796,2095,2,5_9,4.289e-05
796,2096,2,5_9,4.236e-05
796,2097,2,5_9,4.184e-05
796,2098,2,5_9,4.128e-05
796,2099,2,5_9,4.078e-05
796,2100,2,5_9,4.013e-05
850,2024,2,5_9,0.00017544
850,2025,2,5_9,0.00017114
850,2026,2,5_9,0.00016684
850,2027,2,5_9,0.00016276
850,2028,2,5_9,0.00015875
850,2029,2,5_9,0.00015515
850,2030,2,5_9,0.00015142
850,2031,2,5_9,0.00014772
850,2032,2,5_9,0.00014422
850,2033,2,5_9,0.0001404
850,2034,2,5_9,0.00013703
850,2035,2,5_9,0.00013403
850,2036,2,5_9,0.00013057
850,2037,2,5_9,0.00012755
850,2038,2,5_9,0.00012483
850,2039,2,5_9,0.00012164
850,2040,2,5_9,0.00011848
850,2041,2,5_9,0.00011577
850,2042,2,5_9,0.00011283
850,2043,2,5_9,0.00011045
850,2044,2,5_9,0.00010795
850,2045,2,5_9,0.00010567
850,2046,2,5_9,0.00010332
850,2047,2,5_9,0.00010123
850,2048,2,5_9,9.919e-05
850,2049,2,5_9,9.714e-05
850,2050,2,5_9,9.501e-05
850,2051,2,5_9,9.294e-05
850,2052,2,5_9,9.09e-05
850,2053,2,5_9,8.908e-05
850,2054,2,5_9,8.719e-05
850,2055,2,5_9,8.546e-05
850,2056,2,5_9,8.375e-05
850,2057,2,5_9,8.21e-05
850,2058,2,5_9,8.042e-05
850,2059,2,5_9,7.877e-05
850,2060,2,5_9,7.732e-05
850,2061,2,5_9,7.576e-05
850,2062,2,5_9,7.426e-05
850,2063,2,5_9,7.28e-05
850,2064,2,5_9,7.135e-05
850,2065,2,5_9,7.005e-05
850,2066,2,5_9,6.865e-05
850,2067,2,5_9,6.735e-05
850,2068,2,5_9,6.608e-05
850,2069,2,5_9,6.477e-05
850,2070,2,5_9,6.352e-05
850,2071,2,5_9,6.238e-05
850,2072,2,5_9,6.113e-05
850,2073,2,5_9,6.003e-05
850,2074,2,5_9,5.897e-05
850,2075,2,5_9,5.791e-05
850,2076,2,5_9,5.688e-05
850,2077,2,5_9,5.595e-05
850,2078,2,5_9,5.502e-05
850,2079,2,5_9,5.399e-05
850,2080,2,5_9,5.302e-05
850,2081,2,5_9,5.209e-05
850,2082,2,5_9,5.109e-05
850,2083,2,5_9,5.023e-05
850,2084,2,5_9,4.942e-05
850,2085,2,5_9,4.859e-05
850,2086,2,5_9,4.771e-05
850,2087,2,5_9,4.692e-05
850,2088,2,5_9,4.612e-05
850,2089,2,5_9,4.531e-05
850,2090,2,5_9,4.448e-05
850,2091,2,5_9,4.373e-05
850,2092,2,5_9,4.298e-05
850,2093,2,5_9,4.226e-05
850,2094,2,5_9,4.155e-05
850,2095,2,5_9,4.083e-05
850,2096,2,5_9,4.021e-05
850,2097,2,5_9,3.96e-05
850,2098,2,5_9,3.9e-05
850,2099,2,5_9,3.833e-05
850,2100,2,5_9,3.773e-05
84,2024,2,5_9,0.00016854
84,2025,2,5_9,0.00016487
84,2026,2,5_9,0.00016083
84,2027,2,5_9,0.0001573
84,2028,2,5_9,0.00015394
84,2029,2,5_9,0.00015064
84,2030,2,5_9,0.00014755
84,2031,2,5_9,0.00014423
84,2032,2,5_9,0.00014134
84,2033,2,5_9,0.00013853
84,2034,2,5_9,0.00013582
84,2035,2,5_9,0.0001331
84,2036,2,5_9,0.00013041
84,2037,2,5_9,0.00012794
84,2038,2,5_9,0.00012527
84,2039,2,5_9,0.00012295
84,2040,2,5_9,0.00012064
84,2041,2,5_9,0.0001185
84,2042,2,5_9,0.00011649
84,2043,2,5_9,0.00011438
84,2044,2,5_9,0.00011243
84,2045,2,5_9,0.00011059
84,2046,2,5_9,0.00010868
84,2047,2,5_9,0.00010691
84,2048,2,5_9,0.00010537
84,2049,2,5_9,0.00010398
84,2050,2,5_9,0.00010248
84,2051,2,5_9,0.00010109
84,2052,2,5_9,9.97e-05
84,2053,2,5_9,9.815e-05
84,2054,2,5_9,9.676e-05
84,2055,2,5_9,9.549e-05
84,2056,2,5_9,9.427e-05
84,2057,2,5_9,9.298e-05
84,2058,2,5_9,9.167e-05
84,2059,2,5_9,9.037e-05
84,2060,2,5_9,8.911e-05
84,2061,2,5_9,8.786e-05
84,2062,2,5_9,8.674e-05
84,2063,2,5_9,8.56e-05
84,2064,2,5_9,8.449e-05
84,2065,2,5_9,8.354e-05
84,2066,2,5_9,8.243e-05
84,2067,2,5_9,8.142e-05
84,2068,2,5_9,8.032e-05
84,2069,2,5_9,7.944e-05
84,2070,2,5_9,7.839e-05
84,2071,2,5_9,7.754e-05
84,2072,2,5_9,7.65e-05
84,2073,2,5_9,7.56e-05
84,2074,2,5_9,7.465e-05
84,2075,2,5_9,7.372e-05
84,2076,2,5_9,7.288e-05
84,2077,2,5_9,7.204e-05
84,2078,2,5_9,7.117e-05
84,2079,2,5_9,7.04e-05
84,2080,2,5_9,6.946e-05
84,2081,2,5_9,6.868e-05
84,2082,2,5_9,6.785e-05
84,2083,2,5_9,6.704e-05
84,2084,2,5_9,6.623e-05
84,2085,2,5_9,6.56e-05
84,2086,2,5_9,6.481e-05
84,2087,2,5_9,6.426e-05
84,2088,2,5_9,6.362e-05
84,2089,2,5_9,6.287e-05
84,2090,2,5_9,6.224e-05
84,2091,2,5_9,6.145e-05
84,2092,2,5_9,6.082e-05
84,2093,2,5_9,6.013e-05
84,2094,2,5_9,5.953e-05
84,2095,2,5_9,5.896e-05
84,2096,2,5_9,5.816e-05
84,2097,2,5_9,5.759e-05
84,2098,2,5_9,5.686e-05
84,2099,2,5_9,5.625e-05
84,2100,2,5_9,5.552e-05
188,2024,2,5_9,0.0001211
188,2025,2,5_9,0.00011828
188,2026,2,5_9,0.00011538
188,2027,2,5_9,0.00011278
188,2028,2,5_9,0.00011019
188,2029,2,5_9,0.00010759
188,2030,2,5_9,0.00010517
188,2031,2,5_9,0.00010286
188,2032,2,5_9,0.00010071
188,2033,2,5_9,9.841e-05
188,2034,2,5_9,9.634e-05
188,2035,2,5_9,9.429e-05
188,2036,2,5_9,9.236e-05
188,2037,2,5_9,9.055e-05
188,2038,2,5_9,8.874e-05
188,2039,2,5_9,8.693e-05
188,2040,2,5_9,8.521e-05
188,2041,2,5_9,8.356e-05
188,2042,2,5_9,8.189e-05
188,2043,2,5_9,8.041e-05
188,2044,2,5_9,7.874e-05
188,2045,2,5_9,7.716e-05
188,2046,2,5_9,7.575e-05
188,2047,2,5_9,7.418e-05
188,2048,2,5_9,7.275e-05
188,2049,2,5_9,7.126e-05
188,2050,2,5_9,6.984e-05
188,2051,2,5_9,6.845e-05
188,2052,2,5_9,6.724e-05
188,2053,2,5_9,6.586e-05
188,2054,2,5_9,6.458e-05
188,2055,2,5_9,6.334e-05
188,2056,2,5_9,6.214e-05
188,2057,2,5_9,6.092e-05
188,2058,2,5_9,5.973e-05
188,2059,2,5_9,5.854e-05
188,2060,2,5_9,5.744e-05
188,2061,2,5_9,5.638e-05
188,2062,2,5_9,5.534e-05
188,2063,2,5_9,5.437e-05
188,2064,2,5_9,5.345e-05
188,2065,2,5_9,5.246e-05
188,2066,2,5_9,5.151e-05
188,2067,2,5_9,5.057e-05
188,2068,2,5_9,4.964e-05
188,2069,2,5_9,4.874e-05
188,2070,2,5_9,4.778e-05
188,2071,2,5_9,4.695e-05
188,2072,2,5_9,4.613e-05
188,2073,2,5_9,4.53e-05
188,2074,2,5_9,4.447e-05
188,2075,2,5_9,4.366e-05
188,2076,2,5_9,4.291e-05
188,2077,2,5_9,4.22e-05
188,2078,2,5_9,4.144e-05
188,2079,2,5_9,4.075e-05
188,2080,2,5_9,4.008e-05
188,2081,2,5_9,3.938e-05
188,2082,2,5_9,3.87e-05
188,2083,2,5_9,3.806e-05
188,2084,2,5_9,3.745e-05
188,2085,2,5_9,3.683e-05
188,2086,2,5_9,3.618e-05
188,2087,2,5_9,3.561e-05
188,2088,2,5_9,3.5e-05
188,2089,2,5_9,3.44e-05
188,2090,2,5_9,3.383e-05
188,2091,2,5_9,3.327e-05
188,2092,2,5_9,3.259e-05
188,2093,2,5_9,3.204e-05
188,2094,2,5_9,3.145e-05
188,2095,2,5_9,3.089e-05
188,2096,2,5_9,3.03e-05
188,2097,2,5_9,2.977e-05
188,2098,2,5_9,2.93e-05
188,2099,2,5_9,2.885e-05
188,2100,2,5_9,2.837e-05
222,2024,2,5_9,0.00024343
222,2025,2,5_9,0.00023366
222,2026,2,5_9,0.0002242
222,2027,2,5_9,0.00021537
222,2028,2,5_9,0.00020648
222,2029,2,5_9,0.00019854
222,2030,2,5_9,0.00019086
222,2031,2,5_9,0.00018373
222,2032,2,5_9,0.00017675
222,2033,2,5_9,0.00017019
222,2034,2,5_9,0.00016554
222,2035,2,5_9,0.0001612
222,2036,2,5_9,0.00015672
222,2037,2,5_9,0.00015254
222,2038,2,5_9,0.00014867
222,2039,2,5_9,0.00014478
222,2040,2,5_9,0.00014129
222,2041,2,5_9,0.00013793
222,2042,2,5_9,0.00013467
222,2043,2,5_9,0.00013156
222,2044,2,5_9,0.00012859
222,2045,2,5_9,0.00012582
222,2046,2,5_9,0.00012323
222,2047,2,5_9,0.00012056
222,2048,2,5_9,0.00011815
222,2049,2,5_9,0.00011568
222,2050,2,5_9,0.00011329
222,2051,2,5_9,0.00011104
222,2052,2,5_9,0.00010878
222,2053,2,5_9,0.00010666
222,2054,2,5_9,0.00010455
222,2055,2,5_9,0.00010264
222,2056,2,5_9,0.00010073
222,2057,2,5_9,9.89e-05
222,2058,2,5_9,9.73e-05
222,2059,2,5_9,9.558e-05
222,2060,2,5_9,9.394e-05
222,2061,2,5_9,9.245e-05
222,2062,2,5_9,9.091e-05
222,2063,2,5_9,8.942e-05
222,2064,2,5_9,8.794e-05
222,2065,2,5_9,8.658e-05
222,2066,2,5_9,8.515e-05
222,2067,2,5_9,8.384e-05
222,2068,2,5_9,8.261e-05
222,2069,2,5_9,8.122e-05
222,2070,2,5_9,8.006e-05
222,2071,2,5_9,7.888e-05
222,2072,2,5_9,7.775e-05
222,2073,2,5_9,7.659e-05
222,2074,2,5_9,7.552e-05
222,2075,2,5_9,7.431e-05
222,2076,2,5_9,7.309e-05
222,2077,2,5_9,7.205e-05
222,2078,2,5_9,7.09e-05
222,2079,2,5_9,6.986e-05
222,2080,2,5_9,6.889e-05
222,2081,2,5_9,6.804e-05
222,2082,2,5_9,6.712e-05
222,2083,2,5_9,6.625e-05
222,2084,2,5_9,6.533e-05
222,2085,2,5_9,6.454e-05
222,2086,2,5_9,6.37e-05
222,2087,2,5_9,6.297e-05
222,2088,2,5_9,6.214e-05
222,2089,2,5_9,6.143e-05
222,2090,2,5_9,6.068e-05
222,2091,2,5_9,5.986e-05
222,2092,2,5_9,5.916e-05
222,2093,2,5_9,5.85e-05
222,2094,2,5_9,5.769e-05
222,2095,2,5_9,5.7e-05
222,2096,2,5_9,5.63e-05
222,2097,2,5_9,5.553e-05
222,2098,2,5_9,5.483e-05
222,2099,2,5_9,5.42e-05
222,2100,2,5_9,5.345e-05
320,2024,2,5_9,0.00031078
320,2025,2,5_9,0.00030397
320,2026,2,5_9,0.00029717
320,2027,2,5_9,0.00029083
320,2028,2,5_9,0.00028459
320,2029,2,5_9,0.00027828
320,2030,2,5_9,0.00027225
320,2031,2,5_9,0.00026657
320,2032,2,5_9,0.00026093
320,2033,2,5_9,0.00025561
320,2034,2,5_9,0.00025038
320,2035,2,5_9,0.00024492
320,2036,2,5_9,0.00023992
320,2037,2,5_9,0.00023493
320,2038,2,5_9,0.00023052
320,2039,2,5_9,0.00022588
320,2040,2,5_9,0.00022145
320,2041,2,5_9,0.00021742
320,2042,2,5_9,0.00021317
320,2043,2,5_9,0.00020956
320,2044,2,5_9,0.0002055
320,2045,2,5_9,0.00020182
320,2046,2,5_9,0.00019838
320,2047,2,5_9,0.00019466
320,2048,2,5_9,0.00019107
320,2049,2,5_9,0.00018751
320,2050,2,5_9,0.00018438
320,2051,2,5_9,0.0001811
320,2052,2,5_9,0.00017787
320,2053,2,5_9,0.0001745
320,2054,2,5_9,0.00017142
320,2055,2,5_9,0.00016839
320,2056,2,5_9,0.00016578
320,2057,2,5_9,0.00016329
320,2058,2,5_9,0.00016078
320,2059,2,5_9,0.00015798
320,2060,2,5_9,0.00015585
320,2061,2,5_9,0.00015373
320,2062,2,5_9,0.00015144
320,2063,2,5_9,0.00014915
320,2064,2,5_9,0.00014693
320,2065,2,5_9,0.00014484
320,2066,2,5_9,0.00014263
320,2067,2,5_9,0.00014069
320,2068,2,5_9,0.0001388
320,2069,2,5_9,0.0001369
320,2070,2,5_9,0.00013497
320,2071,2,5_9,0.00013313
320,2072,2,5_9,0.00013143
320,2073,2,5_9,0.00012968
320,2074,2,5_9,0.00012789
320,2075,2,5_9,0.00012608
320,2076,2,5_9,0.00012445
320,2077,2,5_9,0.00012275
320,2078,2,5_9,0.0001211
320,2079,2,5_9,0.00011958
320,2080,2,5_9,0.00011788
320,2081,2,5_9,0.0001164
320,2082,2,5_9,0.00011494
320,2083,2,5_9,0.00011344
320,2084,2,5_9,0.00011199
320,2085,2,5_9,0.00011075
320,2086,2,5_9,0.0001095
320,2087,2,5_9,0.0001081
320,2088,2,5_9,0.00010668
320,2089,2,5_9,0.00010545
320,2090,2,5_9,0.00010413
320,2091,2,5_9,0.00010293
320,2092,2,5_9,0.00010169
320,2093,2,5_9,0.00010037
320,2094,2,5_9,9.914e-05
320,2095,2,5_9,9.796e-05
320,2096,2,5_9,9.684e-05
320,2097,2,5_9,9.578e-05
320,2098,2,5_9,9.458e-05
320,2099,2,5_9,9.333e-05
320,2100,2,5_9,9.22e-05
340,2024,2,5_9,0.00030795
340,2025,2,5_9,0.00029983
340,2026,2,5_9,0.00029215
340,2027,2,5_9,0.00028474
340,2028,2,5_9,0.00027746
340,2029,2,5_9,0.00027052
340,2030,2,5_9,0.00026332
340,2031,2,5_9,0.00025717
340,2032,2,5_9,0.00025085
340,2033,2,5_9,0.00024458
340,2034,2,5_9,0.00023843
340,2035,2,5_9,0.00023249
340,2036,2,5_9,0.00022689
340,2037,2,5_9,0.00022149
340,2038,2,5_9,0.00021629
340,2039,2,5_9,0.00021131
340,2040,2,5_9,0.00020619
340,2041,2,5_9,0.00020133
340,2042,2,5_9,0.00019679
340,2043,2,5_9,0.00019205
340,2044,2,5_9,0.00018767
340,2045,2,5_9,0.00018316
340,2046,2,5_9,0.00017936
340,2047,2,5_9,0.00017514
340,2048,2,5_9,0.00017155
340,2049,2,5_9,0.00016756
340,2050,2,5_9,0.00016393
340,2051,2,5_9,0.00016033
340,2052,2,5_9,0.00015717
340,2053,2,5_9,0.00015419
340,2054,2,5_9,0.0001514
340,2055,2,5_9,0.00014863
340,2056,2,5_9,0.00014622
340,2057,2,5_9,0.00014359
340,2058,2,5_9,0.00014088
340,2059,2,5_9,0.00013849
340,2060,2,5_9,0.00013594
340,2061,2,5_9,0.00013352
340,2062,2,5_9,0.00013144
340,2063,2,5_9,0.00012917
340,2064,2,5_9,0.00012694
340,2065,2,5_9,0.00012478
340,2066,2,5_9,0.00012255
340,2067,2,5_9,0.0001204
340,2068,2,5_9,0.00011824
340,2069,2,5_9,0.00011622
340,2070,2,5_9,0.0001142
340,2071,2,5_9,0.00011239
340,2072,2,5_9,0.0001107
340,2073,2,5_9,0.00010894
340,2074,2,5_9,0.00010736
340,2075,2,5_9,0.00010567
340,2076,2,5_9,0.00010402
340,2077,2,5_9,0.0001023
340,2078,2,5_9,0.00010071
340,2079,2,5_9,9.918e-05
340,2080,2,5_9,9.774e-05
340,2081,2,5_9,9.608e-05
340,2082,2,5_9,9.457e-05
340,2083,2,5_9,9.312e-05
340,2084,2,5_9,9.184e-05
340,2085,2,5_9,9.049e-05
340,2086,2,5_9,8.915e-05
340,2087,2,5_9,8.792e-05
340,2088,2,5_9,8.655e-05
340,2089,2,5_9,8.531e-05
340,2090,2,5_9,8.419e-05
340,2091,2,5_9,8.291e-05
340,2092,2,5_9,8.182e-05
340,2093,2,5_9,8.076e-05
340,2094,2,5_9,7.96e-05
340,2095,2,5_9,7.854e-05
340,2096,2,5_9,7.758e-05
340,2097,2,5_9,7.66e-05
340,2098,2,5_9,7.55e-05
340,2099,2,5_9,7.456e-05
340,2100,2,5_9,7.363e-05
484,2024,2,5_9,0.00019723
484,2025,2,5_9,0.00019229
484,2026,2,5_9,0.00018716
484,2027,2,5_9,0.00018236
484,2028,2,5_9,0.00017753
484,2029,2,5_9,0.00017315
484,2030,2,5_9,0.00016859
484,2031,2,5_9,0.00016423
484,2032,2,5_9,0.00016039
484,2033,2,5_9,0.00015664
484,2034,2,5_9,0.00015308
484,2035,2,5_9,0.00014938
484,2036,2,5_9,0.00014594
484,2037,2,5_9,0.00014246
484,2038,2,5_9,0.00013956
484,2039,2,5_9,0.00013682
484,2040,2,5_9,0.00013393
484,2041,2,5_9,0.00013138
484,2042,2,5_9,0.0001288
484,2043,2,5_9,0.00012629
484,2044,2,5_9,0.00012396
484,2045,2,5_9,0.00012166
484,2046,2,5_9,0.00011933
484,2047,2,5_9,0.00011737
484,2048,2,5_9,0.00011523
484,2049,2,5_9,0.00011315
484,2050,2,5_9,0.00011099
484,2051,2,5_9,0.00010901
484,2052,2,5_9,0.00010698
484,2053,2,5_9,0.00010514
484,2054,2,5_9,0.00010323
484,2055,2,5_9,0.00010142
484,2056,2,5_9,9.969e-05
484,2057,2,5_9,9.8e-05
484,2058,2,5_9,9.634e-05
484,2059,2,5_9,9.479e-05
484,2060,2,5_9,9.313e-05
484,2061,2,5_9,9.148e-05
484,2062,2,5_9,8.995e-05
484,2063,2,5_9,8.854e-05
484,2064,2,5_9,8.715e-05
484,2065,2,5_9,8.579e-05
484,2066,2,5_9,8.455e-05
484,2067,2,5_9,8.328e-05
484,2068,2,5_9,8.197e-05
484,2069,2,5_9,8.094e-05
484,2070,2,5_9,7.979e-05
484,2071,2,5_9,7.859e-05
484,2072,2,5_9,7.733e-05
484,2073,2,5_9,7.613e-05
484,2074,2,5_9,7.515e-05
484,2075,2,5_9,7.42e-05
484,2076,2,5_9,7.309e-05
484,2077,2,5_9,7.212e-05
484,2078,2,5_9,7.103e-05
484,2079,2,5_9,7.012e-05
484,2080,2,5_9,6.922e-05
484,2081,2,5_9,6.835e-05
484,2082,2,5_9,6.737e-05
484,2083,2,5_9,6.651e-05
484,2084,2,5_9,6.56e-05
484,2085,2,5_9,6.484e-05
484,2086,2,5_9,6.393e-05
484,2087,2,5_9,6.312e-05
484,2088,2,5_9,6.228e-05
484,2089,2,5_9,6.147e-05
484,2090,2,5_9,6.056e-05
484,2091,2,5_9,5.977e-05
484,2092,2,5_9,5.901e-05
484,2093,2,5_9,5.829e-05
484,2094,2,5_9,5.759e-05
484,2095,2,5_9,5.673e-05
484,2096,2,5_9,5.603e-05
484,2097,2,5_9,5.536e-05
484,2098,2,5_9,5.47e-05
484,2099,2,5_9,5.409e-05
484,2100,2,5_9,5.347e-05
558,2024,2,5_9,0.00020566
558,2025,2,5_9,0.0002003
558,2026,2,5_9,0.0001955
558,2027,2,5_9,0.0001912
558,2028,2,5_9,0.00018673
558,2029,2,5_9,0.00018245
558,2030,2,5_9,0.00017818
558,2031,2,5_9,0.00017391
558,2032,2,5_9,0.00016992
558,2033,2,5_9,0.00016589
558,2034,2,5_9,0.00016225
558,2035,2,5_9,0.00015897
558,2036,2,5_9,0.00015542
558,2037,2,5_9,0.00015226
558,2038,2,5_9,0.00014937
558,2039,2,5_9,0.00014643
558,2040,2,5_9,0.00014347
558,2041,2,5_9,0.00014086
558,2042,2,5_9,0.00013846
558,2043,2,5_9,0.0001359
558,2044,2,5_9,0.00013346
558,2045,2,5_9,0.00013113
558,2046,2,5_9,0.00012879
558,2047,2,5_9,0.00012667
558,2048,2,5_9,0.00012446
558,2049,2,5_9,0.00012246
558,2050,2,5_9,0.00012024
558,2051,2,5_9,0.00011846
558,2052,2,5_9,0.00011661
558,2053,2,5_9,0.00011462
558,2054,2,5_9,0.00011294
558,2055,2,5_9,0.00011119
558,2056,2,5_9,0.00010955
558,2057,2,5_9,0.00010779
558,2058,2,5_9,0.00010617
558,2059,2,5_9,0.00010451
558,2060,2,5_9,0.00010284
558,2061,2,5_9,0.00010126
558,2062,2,5_9,9.966e-05
558,2063,2,5_9,9.823e-05
558,2064,2,5_9,9.683e-05
558,2065,2,5_9,9.535e-05
558,2066,2,5_9,9.399e-05
558,2067,2,5_9,9.256e-05
558,2068,2,5_9,9.123e-05
558,2069,2,5_9,8.989e-05
558,2070,2,5_9,8.868e-05
558,2071,2,5_9,8.75e-05
558,2072,2,5_9,8.63e-05
558,2073,2,5_9,8.514e-05
558,2074,2,5_9,8.408e-05
558,2075,2,5_9,8.284e-05
558,2076,2,5_9,8.181e-05
558,2077,2,5_9,8.08e-05
558,2078,2,5_9,7.981e-05
558,2079,2,5_9,7.876e-05
558,2080,2,5_9,7.777e-05
558,2081,2,5_9,7.666e-05
558,2082,2,5_9,7.584e-05
558,2083,2,5_9,7.499e-05
558,2084,2,5_9,7.412e-05
558,2085,2,5_9,7.322e-05
558,2086,2,5_9,7.241e-05
558,2087,2,5_9,7.164e-05
558,2088,2,5_9,7.083e-05
558,2089,2,5_9,6.99e-05
558,2090,2,5_9,6.908e-05
558,2091,2,5_9,6.822e-05
558,2092,2,5_9,6.752e-05
558,2093,2,5_9,6.67e-05
558,2094,2,5_9,6.591e-05
558,2095,2,5_9,6.502e-05
558,2096,2,5_9,6.43e-05
558,2097,2,5_9,6.349e-05
558,2098,2,5_9,6.282e-05
558,2099,2,5_9,6.196e-05
558,2100,2,5_9,6.125e-05
591,2024,2,5_9,0.00019515
591,2025,2,5_9,0.00019065
591,2026,2,5_9,0.00018616
591,2027,2,5_9,0.00018207
591,2028,2,5_9,0.00017779
591,2029,2,5_9,0.00017387
591,2030,2,5_9,0.00016987
591,2031,2,5_9,0.00016615
591,2032,2,5_9,0.0001622
591,2033,2,5_9,0.00015846
591,2034,2,5_9,0.0001549
591,2035,2,5_9,0.00015138
591,2036,2,5_9,0.00014802
591,2037,2,5_9,0.00014464
591,2038,2,5_9,0.00014133
591,2039,2,5_9,0.00013831
591,2040,2,5_9,0.00013531
591,2041,2,5_9,0.00013249
591,2042,2,5_9,0.00012976
591,2043,2,5_9,0.00012704
591,2044,2,5_9,0.00012422
591,2045,2,5_9,0.00012169
591,2046,2,5_9,0.00011923
591,2047,2,5_9,0.00011678
591,2048,2,5_9,0.0001145
591,2049,2,5_9,0.00011219
591,2050,2,5_9,0.00010979
591,2051,2,5_9,0.00010769
591,2052,2,5_9,0.0001054
591,2053,2,5_9,0.00010323
591,2054,2,5_9,0.00010111
591,2055,2,5_9,9.905e-05
591,2056,2,5_9,9.694e-05
591,2057,2,5_9,9.493e-05
591,2058,2,5_9,9.291e-05
591,2059,2,5_9,9.112e-05
591,2060,2,5_9,8.915e-05
591,2061,2,5_9,8.724e-05
591,2062,2,5_9,8.556e-05
591,2063,2,5_9,8.364e-05
591,2064,2,5_9,8.189e-05
591,2065,2,5_9,8.028e-05
591,2066,2,5_9,7.856e-05
591,2067,2,5_9,7.706e-05
591,2068,2,5_9,7.549e-05
591,2069,2,5_9,7.394e-05
591,2070,2,5_9,7.241e-05
591,2071,2,5_9,7.092e-05
591,2072,2,5_9,6.949e-05
591,2073,2,5_9,6.815e-05
591,2074,2,5_9,6.675e-05
591,2075,2,5_9,6.537e-05
591,2076,2,5_9,6.405e-05
591,2077,2,5_9,6.27e-05
591,2078,2,5_9,6.147e-05
591,2079,2,5_9,6.02e-05
591,2080,2,5_9,5.896e-05
591,2081,2,5_9,5.782e-05
591,2082,2,5_9,5.666e-05
591,2083,2,5_9,5.555e-05
591,2084,2,5_9,5.439e-05
591,2085,2,5_9,5.336e-05
591,2086,2,5_9,5.23e-05
591,2087,2,5_9,5.127e-05
591,2088,2,5_9,5.033e-05
591,2089,2,5_9,4.937e-05
591,2090,2,5_9,4.838e-05
591,2091,2,5_9,4.739e-05
591,2092,2,5_9,4.643e-05
591,2093,2,5_9,4.552e-05
591,2094,2,5_9,4.456e-05
591,2095,2,5_9,4.368e-05
591,2096,2,5_9,4.284e-05
591,2097,2,5_9,4.197e-05
591,2098,2,5_9,4.116e-05
591,2099,2,5_9,4.024e-05
591,2100,2,5_9,3.943e-05
32,2024,2,5_9,0.00015442
32,2025,2,5_9,0.00015166
32,2026,2,5_9,0.00014905
32,2027,2,5_9,0.00014667
32,2028,2,5_9,0.00014383
32,2029,2,5_9,0.00014141
32,2030,2,5_9,0.00013901
32,2031,2,5_9,0.00013656
32,2032,2,5_9,0.00013416
32,2033,2,5_9,0.00013155
32,2034,2,5_9,0.0001292
32,2035,2,5_9,0.00012703
32,2036,2,5_9,0.00012494
32,2037,2,5_9,0.00012287
32,2038,2,5_9,0.0001207
32,2039,2,5_9,0.00011875
32,2040,2,5_9,0.00011671
32,2041,2,5_9,0.00011473
32,2042,2,5_9,0.00011281
32,2043,2,5_9,0.00011099
32,2044,2,5_9,0.00010918
32,2045,2,5_9,0.00010751
32,2046,2,5_9,0.0001058
32,2047,2,5_9,0.00010406
32,2048,2,5_9,0.00010222
32,2049,2,5_9,0.00010056
32,2050,2,5_9,9.897e-05
32,2051,2,5_9,9.748e-05
32,2052,2,5_9,9.604e-05
32,2053,2,5_9,9.457e-05
32,2054,2,5_9,9.308e-05
32,2055,2,5_9,9.172e-05
32,2056,2,5_9,9.025e-05
32,2057,2,5_9,8.891e-05
32,2058,2,5_9,8.758e-05
32,2059,2,5_9,8.621e-05
32,2060,2,5_9,8.491e-05
32,2061,2,5_9,8.371e-05
32,2062,2,5_9,8.246e-05
32,2063,2,5_9,8.12e-05
32,2064,2,5_9,8.001e-05
32,2065,2,5_9,7.88e-05
32,2066,2,5_9,7.771e-05
32,2067,2,5_9,7.666e-05
32,2068,2,5_9,7.568e-05
32,2069,2,5_9,7.459e-05
32,2070,2,5_9,7.349e-05
32,2071,2,5_9,7.247e-05
32,2072,2,5_9,7.134e-05
32,2073,2,5_9,7.034e-05
32,2074,2,5_9,6.937e-05
32,2075,2,5_9,6.831e-05
32,2076,2,5_9,6.736e-05
32,2077,2,5_9,6.643e-05
32,2078,2,5_9,6.551e-05
32,2079,2,5_9,6.454e-05
32,2080,2,5_9,6.364e-05
32,2081,2,5_9,6.274e-05
32,2082,2,5_9,6.193e-05
32,2083,2,5_9,6.11e-05
32,2084,2,5_9,6.014e-05
32,2085,2,5_9,5.931e-05
32,2086,2,5_9,5.844e-05
32,2087,2,5_9,5.761e-05
32,2088,2,5_9,5.677e-05
32,2089,2,5_9,5.607e-05
32,2090,2,5_9,5.532e-05
32,2091,2,5_9,5.464e-05
32,2092,2,5_9,5.391e-05
32,2093,2,5_9,5.324e-05
32,2094,2,5_9,5.252e-05
32,2095,2,5_9,5.175e-05
32,2096,2,5_9,5.107e-05
32,2097,2,5_9,5.042e-05
32,2098,2,5_9,4.979e-05
32,2099,2,5_9,4.915e-05
32,2100,2,5_9,4.852e-05
68,2024,2,5_9,0.00117991
68,2025,2,5_9,0.0011462
68,2026,2,5_9,0.00111218
68,2027,2,5_9,0.00107927
68,2028,2,5_9,0.00104877
68,2029,2,5_9,0.00101812
68,2030,2,5_9,0.00098723
68,2031,2,5_9,0.00095733
68,2032,2,5_9,0.00092836
68,2033,2,5_9,0.00090049
68,2034,2,5_9,0.00087384
68,2035,2,5_9,0.00084628
68,2036,2,5_9,0.00082109
68,2037,2,5_9,0.00079657
68,2038,2,5_9,0.00077282
68,2039,2,5_9,0.00074757
68,2040,2,5_9,0.00072339
68,2041,2,5_9,0.00070045
68,2042,2,5_9,0.00067727
68,2043,2,5_9,0.00065683
68,2044,2,5_9,0.0006354
68,2045,2,5_9,0.0006161
68,2046,2,5_9,0.0005958
68,2047,2,5_9,0.00057877
68,2048,2,5_9,0.00056322
68,2049,2,5_9,0.0005475
68,2050,2,5_9,0.00053303
68,2051,2,5_9,0.00051813
68,2052,2,5_9,0.00050635
68,2053,2,5_9,0.00049536
68,2054,2,5_9,0.00048358
68,2055,2,5_9,0.00047306
68,2056,2,5_9,0.00046268
68,2057,2,5_9,0.00045237
68,2058,2,5_9,0.00044208
68,2059,2,5_9,0.00043182
68,2060,2,5_9,0.00042254
68,2061,2,5_9,0.00041321
68,2062,2,5_9,0.00040415
68,2063,2,5_9,0.00039494
68,2064,2,5_9,0.00038569
68,2065,2,5_9,0.00037744
68,2066,2,5_9,0.00036849
68,2067,2,5_9,0.00036068
68,2068,2,5_9,0.00035278
68,2069,2,5_9,0.00034547
68,2070,2,5_9,0.00033786
68,2071,2,5_9,0.0003308
68,2072,2,5_9,0.00032383
68,2073,2,5_9,0.00031678
68,2074,2,5_9,0.00031018
68,2075,2,5_9,0.00030345
68,2076,2,5_9,0.0002969
68,2077,2,5_9,0.0002911
68,2078,2,5_9,0.00028488
68,2079,2,5_9,0.00027911
68,2080,2,5_9,0.00027335
68,2081,2,5_9,0.00026746
68,2082,2,5_9,0.00026227
68,2083,2,5_9,0.00025735
68,2084,2,5_9,0.00025211
68,2085,2,5_9,0.00024753
68,2086,2,5_9,0.00024287
68,2087,2,5_9,0.00023858
68,2088,2,5_9,0.00023377
68,2089,2,5_9,0.00022961
68,2090,2,5_9,0.00022531
68,2091,2,5_9,0.00022134
68,2092,2,5_9,0.00021711
68,2093,2,5_9,0.0002128
68,2094,2,5_9,0.00020887
68,2095,2,5_9,0.00020527
68,2096,2,5_9,0.00020155
68,2097,2,5_9,0.00019801
68,2098,2,5_9,0.00019468
68,2099,2,5_9,0.00019118
68,2100,2,5_9,0.0001878
76,2024,2,5_9,0.00018183
76,2025,2,5_9,0.00017749
76,2026,2,5_9,0.00017338
76,2027,2,5_9,0.0001693
76,2028,2,5_9,0.00016561
76,2029,2,5_9,0.00016175
76,2030,2,5_9,0.0001582
76,2031,2,5_9,0.0001549
76,2032,2,5_9,0.0001518
76,2033,2,5_9,0.0001486
76,2034,2,5_9,0.00014559
76,2035,2,5_9,0.00014265
76,2036,2,5_9,0.00013991
76,2037,2,5_9,0.00013754
76,2038,2,5_9,0.00013517
76,2039,2,5_9,0.0001328
76,2040,2,5_9,0.00013045
76,2041,2,5_9,0.00012804
76,2042,2,5_9,0.0001259
76,2043,2,5_9,0.00012384
76,2044,2,5_9,0.00012178
76,2045,2,5_9,0.00011974
76,2046,2,5_9,0.00011763
76,2047,2,5_9,0.00011568
76,2048,2,5_9,0.00011374
76,2049,2,5_9,0.00011197
76,2050,2,5_9,0.00011014
76,2051,2,5_9,0.00010821
76,2052,2,5_9,0.00010646
76,2053,2,5_9,0.00010466
76,2054,2,5_9,0.0001032
76,2055,2,5_9,0.00010151
76,2056,2,5_9,9.969e-05
76,2057,2,5_9,9.816e-05
76,2058,2,5_9,9.657e-05
76,2059,2,5_9,9.497e-05
76,2060,2,5_9,9.353e-05
76,2061,2,5_9,9.217e-05
76,2062,2,5_9,9.065e-05
76,2063,2,5_9,8.93e-05
76,2064,2,5_9,8.807e-05
76,2065,2,5_9,8.682e-05
76,2066,2,5_9,8.554e-05
76,2067,2,5_9,8.422e-05
76,2068,2,5_9,8.307e-05
76,2069,2,5_9,8.189e-05
76,2070,2,5_9,8.077e-05
76,2071,2,5_9,7.978e-05
76,2072,2,5_9,7.871e-05
76,2073,2,5_9,7.766e-05
76,2074,2,5_9,7.666e-05
76,2075,2,5_9,7.559e-05
76,2076,2,5_9,7.464e-05
76,2077,2,5_9,7.362e-05
76,2078,2,5_9,7.265e-05
76,2079,2,5_9,7.174e-05
76,2080,2,5_9,7.083e-05
76,2081,2,5_9,6.999e-05
76,2082,2,5_9,6.909e-05
76,2083,2,5_9,6.816e-05
76,2084,2,5_9,6.725e-05
76,2085,2,5_9,6.628e-05
76,2086,2,5_9,6.547e-05
76,2087,2,5_9,6.46e-05
76,2088,2,5_9,6.369e-05
76,2089,2,5_9,6.281e-05
76,2090,2,5_9,6.202e-05
76,2091,2,5_9,6.121e-05
76,2092,2,5_9,6.041e-05
76,2093,2,5_9,5.95e-05
76,2094,2,5_9,5.878e-05
76,2095,2,5_9,5.804e-05
76,2096,2,5_9,5.728e-05
76,2097,2,5_9,5.657e-05
76,2098,2,5_9,5.587e-05
76,2099,2,5_9,5.52e-05
76,2100,2,5_9,5.456e-05
152,2024,2,5_9,0.00011889
152,2025,2,5_9,0.0001161
152,2026,2,5_9,0.00011358
152,2027,2,5_9,0.00011137
152,2028,2,5_9,0.00010917
152,2029,2,5_9,0.00010692
152,2030,2,5_9,0.00010466
152,2031,2,5_9,0.00010264
152,2032,2,5_9,0.00010054
152,2033,2,5_9,9.851e-05
152,2034,2,5_9,9.659e-05
152,2035,2,5_9,9.462e-05
152,2036,2,5_9,9.269e-05
152,2037,2,5_9,9.099e-05
152,2038,2,5_9,8.931e-05
152,2039,2,5_9,8.768e-05
152,2040,2,5_9,8.603e-05
152,2041,2,5_9,8.44e-05
152,2042,2,5_9,8.288e-05
152,2043,2,5_9,8.134e-05
152,2044,2,5_9,7.989e-05
152,2045,2,5_9,7.837e-05
152,2046,2,5_9,7.69e-05
152,2047,2,5_9,7.545e-05
152,2048,2,5_9,7.402e-05
152,2049,2,5_9,7.268e-05
152,2050,2,5_9,7.142e-05
152,2051,2,5_9,7.011e-05
152,2052,2,5_9,6.878e-05
152,2053,2,5_9,6.758e-05
152,2054,2,5_9,6.632e-05
152,2055,2,5_9,6.515e-05
152,2056,2,5_9,6.394e-05
152,2057,2,5_9,6.284e-05
152,2058,2,5_9,6.185e-05
152,2059,2,5_9,6.089e-05
152,2060,2,5_9,5.986e-05
152,2061,2,5_9,5.891e-05
152,2062,2,5_9,5.793e-05
152,2063,2,5_9,5.692e-05
152,2064,2,5_9,5.597e-05
152,2065,2,5_9,5.503e-05
152,2066,2,5_9,5.413e-05
152,2067,2,5_9,5.322e-05
152,2068,2,5_9,5.235e-05
152,2069,2,5_9,5.151e-05
152,2070,2,5_9,5.062e-05
152,2071,2,5_9,4.972e-05
152,2072,2,5_9,4.887e-05
152,2073,2,5_9,4.81e-05
152,2074,2,5_9,4.73e-05
152,2075,2,5_9,4.654e-05
152,2076,2,5_9,4.57e-05
152,2077,2,5_9,4.5e-05
152,2078,2,5_9,4.427e-05
152,2079,2,5_9,4.354e-05
152,2080,2,5_9,4.29e-05
152,2081,2,5_9,4.218e-05
152,2082,2,5_9,4.146e-05
152,2083,2,5_9,4.085e-05
152,2084,2,5_9,4.022e-05
152,2085,2,5_9,3.957e-05
152,2086,2,5_9,3.895e-05
152,2087,2,5_9,3.83e-05
152,2088,2,5_9,3.768e-05
152,2089,2,5_9,3.704e-05
152,2090,2,5_9,3.647e-05
152,2091,2,5_9,3.588e-05
152,2092,2,5_9,3.531e-05
152,2093,2,5_9,3.474e-05
152,2094,2,5_9,3.418e-05
152,2095,2,5_9,3.357e-05
152,2096,2,5_9,3.296e-05
152,2097,2,5_9,3.242e-05
152,2098,2,5_9,3.185e-05
152,2099,2,5_9,3.125e-05
152,2100,2,5_9,3.075e-05
170,2024,2,5_9,0.00020131
170,2025,2,5_9,0.00019622
170,2026,2,5_9,0.00019154
170,2027,2,5_9,0.00018689
170,2028,2,5_9,0.0001822
170,2029,2,5_9,0.00017774
170,2030,2,5_9,0.00017329
170,2031,2,5_9,0.00016886
170,2032,2,5_9,0.00016497
170,2033,2,5_9,0.00016109
170,2034,2,5_9,0.00015717
170,2035,2,5_9,0.00015347
170,2036,2,5_9,0.00014972
170,2037,2,5_9,0.00014603
170,2038,2,5_9,0.00014263
170,2039,2,5_9,0.00013948
170,2040,2,5_9,0.00013641
170,2041,2,5_9,0.00013317
170,2042,2,5_9,0.00012994
170,2043,2,5_9,0.00012708
170,2044,2,5_9,0.00012408
170,2045,2,5_9,0.00012134
170,2046,2,5_9,0.00011854
170,2047,2,5_9,0.00011593
170,2048,2,5_9,0.00011357
170,2049,2,5_9,0.00011128
170,2050,2,5_9,0.00010899
170,2051,2,5_9,0.00010666
170,2052,2,5_9,0.00010445
170,2053,2,5_9,0.00010229
170,2054,2,5_9,0.00010013
170,2055,2,5_9,9.803e-05
170,2056,2,5_9,9.61e-05
170,2057,2,5_9,9.432e-05
170,2058,2,5_9,9.237e-05
170,2059,2,5_9,9.056e-05
170,2060,2,5_9,8.88e-05
170,2061,2,5_9,8.701e-05
170,2062,2,5_9,8.523e-05
170,2063,2,5_9,8.358e-05
170,2064,2,5_9,8.2e-05
170,2065,2,5_9,8.033e-05
170,2066,2,5_9,7.885e-05
170,2067,2,5_9,7.732e-05
170,2068,2,5_9,7.592e-05
170,2069,2,5_9,7.447e-05
170,2070,2,5_9,7.311e-05
170,2071,2,5_9,7.173e-05
170,2072,2,5_9,7.028e-05
170,2073,2,5_9,6.895e-05
170,2074,2,5_9,6.764e-05
170,2075,2,5_9,6.639e-05
170,2076,2,5_9,6.512e-05
170,2077,2,5_9,6.396e-05
170,2078,2,5_9,6.275e-05
170,2079,2,5_9,6.16e-05
170,2080,2,5_9,6.054e-05
170,2081,2,5_9,5.947e-05
170,2082,2,5_9,5.85e-05
170,2083,2,5_9,5.747e-05
170,2084,2,5_9,5.65e-05
170,2085,2,5_9,5.549e-05
170,2086,2,5_9,5.448e-05
170,2087,2,5_9,5.364e-05
170,2088,2,5_9,5.276e-05
170,2089,2,5_9,5.188e-05
170,2090,2,5_9,5.101e-05
170,2091,2,5_9,5.016e-05
170,2092,2,5_9,4.934e-05
170,2093,2,5_9,4.854e-05
170,2094,2,5_9,4.765e-05
170,2095,2,5_9,4.683e-05
170,2096,2,5_9,4.602e-05
170,2097,2,5_9,4.528e-05
170,2098,2,5_9,4.459e-05
170,2099,2,5_9,4.384e-05
170,2100,2,5_9,4.321e-05
218,2024,2,5_9,0.00025647
218,2025,2,5_9,0.00025021
218,2026,2,5_9,0.00024392
218,2027,2,5_9,0.00023769
218,2028,2,5_9,0.0002318
218,2029,2,5_9,0.00022628
218,2030,2,5_9,0.00022082
218,2031,2,5_9,0.0002155
218,2032,2,5_9,0.0002103
218,2033,2,5_9,0.00020582
218,2034,2,5_9,0.0002009
218,2035,2,5_9,0.00019617
218,2036,2,5_9,0.00019164
218,2037,2,5_9,0.00018754
218,2038,2,5_9,0.00018332
218,2039,2,5_9,0.00017947
218,2040,2,5_9,0.0001754
218,2041,2,5_9,0.00017157
218,2042,2,5_9,0.00016769
218,2043,2,5_9,0.00016391
218,2044,2,5_9,0.00016019
218,2045,2,5_9,0.00015697
218,2046,2,5_9,0.00015377
218,2047,2,5_9,0.0001503
218,2048,2,5_9,0.00014692
218,2049,2,5_9,0.00014395
218,2050,2,5_9,0.00014083
218,2051,2,5_9,0.00013789
218,2052,2,5_9,0.00013509
218,2053,2,5_9,0.00013232
218,2054,2,5_9,0.00012974
218,2055,2,5_9,0.00012722
218,2056,2,5_9,0.0001247
218,2057,2,5_9,0.00012225
218,2058,2,5_9,0.00011982
218,2059,2,5_9,0.00011748
218,2060,2,5_9,0.00011535
218,2061,2,5_9,0.00011304
218,2062,2,5_9,0.0001111
218,2063,2,5_9,0.00010911
218,2064,2,5_9,0.00010717
218,2065,2,5_9,0.00010527
218,2066,2,5_9,0.00010335
218,2067,2,5_9,0.00010136
218,2068,2,5_9,9.954e-05
218,2069,2,5_9,9.766e-05
218,2070,2,5_9,9.588e-05
218,2071,2,5_9,9.411e-05
218,2072,2,5_9,9.246e-05
218,2073,2,5_9,9.084e-05
218,2074,2,5_9,8.928e-05
218,2075,2,5_9,8.756e-05
218,2076,2,5_9,8.587e-05
218,2077,2,5_9,8.442e-05
218,2078,2,5_9,8.287e-05
218,2079,2,5_9,8.134e-05
218,2080,2,5_9,7.991e-05
218,2081,2,5_9,7.845e-05
218,2082,2,5_9,7.698e-05
218,2083,2,5_9,7.567e-05
218,2084,2,5_9,7.433e-05
218,2085,2,5_9,7.305e-05
218,2086,2,5_9,7.19e-05
218,2087,2,5_9,7.064e-05
218,2088,2,5_9,6.944e-05
218,2089,2,5_9,6.823e-05
218,2090,2,5_9,6.705e-05
218,2091,2,5_9,6.586e-05
218,2092,2,5_9,6.477e-05
218,2093,2,5_9,6.371e-05
218,2094,2,5_9,6.269e-05
218,2095,2,5_9,6.164e-05
218,2096,2,5_9,6.06e-05
218,2097,2,5_9,5.965e-05
218,2098,2,5_9,5.874e-05
218,2099,2,5_9,5.785e-05
218,2100,2,5_9,5.69e-05
238,2024,2,5_9,0.0001683
238,2025,2,5_9,0.00016466
238,2026,2,5_9,0.00016192
238,2027,2,5_9,0.00015919
238,2028,2,5_9,0.00015646
238,2029,2,5_9,0.00015373
238,2030,2,5_9,0.00015009
238,2031,2,5_9,0.00014749
238,2032,2,5_9,0.00014513
238,2033,2,5_9,0.00014356
238,2034,2,5_9,0.00014121
238,2035,2,5_9,0.00013885
238,2036,2,5_9,0.00013649
238,2037,2,5_9,0.00013414
238,2038,2,5_9,0.00013257
238,2039,2,5_9,0.00013021
238,2040,2,5_9,0.00012786
238,2041,2,5_9,0.00012629
238,2042,2,5_9,0.00012393
238,2043,2,5_9,0.00012236
238,2044,2,5_9,0.00012
238,2045,2,5_9,0.00011765
238,2046,2,5_9,0.00011608
238,2047,2,5_9,0.00011372
238,2048,2,5_9,0.00011215
238,2049,2,5_9,0.00010979
238,2050,2,5_9,0.00010855
238,2051,2,5_9,0.00010669
238,2052,2,5_9,0.00010544
238,2053,2,5_9,0.00010358
238,2054,2,5_9,0.00010233
238,2055,2,5_9,0.00010109
238,2056,2,5_9,9.922e-05
238,2057,2,5_9,9.798e-05
238,2058,2,5_9,9.674e-05
238,2059,2,5_9,9.487e-05
238,2060,2,5_9,9.363e-05
238,2061,2,5_9,9.238e-05
238,2062,2,5_9,9.052e-05
238,2063,2,5_9,8.927e-05
238,2064,2,5_9,8.803e-05
238,2065,2,5_9,8.679e-05
238,2066,2,5_9,8.492e-05
238,2067,2,5_9,8.368e-05
238,2068,2,5_9,8.243e-05
238,2069,2,5_9,8.119e-05
238,2070,2,5_9,7.995e-05
238,2071,2,5_9,7.834e-05
238,2072,2,5_9,7.735e-05
238,2073,2,5_9,7.637e-05
238,2074,2,5_9,7.538e-05
238,2075,2,5_9,7.44e-05
238,2076,2,5_9,7.341e-05
238,2077,2,5_9,7.243e-05
238,2078,2,5_9,7.144e-05
238,2079,2,5_9,7.046e-05
238,2080,2,5_9,6.947e-05
238,2081,2,5_9,6.849e-05
238,2082,2,5_9,6.75e-05
238,2083,2,5_9,6.652e-05
238,2084,2,5_9,6.504e-05
238,2085,2,5_9,6.405e-05
238,2086,2,5_9,6.307e-05
238,2087,2,5_9,6.208e-05
238,2088,2,5_9,6.11e-05
238,2089,2,5_9,6.011e-05
238,2090,2,5_9,5.913e-05
238,2091,2,5_9,5.814e-05
238,2092,2,5_9,5.716e-05
238,2093,2,5_9,5.617e-05
238,2094,2,5_9,5.519e-05
238,2095,2,5_9,5.446e-05
238,2096,2,5_9,5.373e-05
238,2097,2,5_9,5.264e-05
238,2098,2,5_9,5.192e-05
238,2099,2,5_9,5.119e-05
238,2100,2,5_9,5.046e-05
254,2024,2,5_9,7.353e-05
254,2025,2,5_9,7.227e-05
254,2026,2,5_9,7.116e-05
254,2027,2,5_9,7.001e-05
254,2028,2,5_9,6.9e-05
254,2029,2,5_9,6.812e-05
254,2030,2,5_9,6.717e-05
254,2031,2,5_9,6.633e-05
254,2032,2,5_9,6.552e-05
254,2033,2,5_9,6.466e-05
254,2034,2,5_9,6.394e-05
254,2035,2,5_9,6.317e-05
254,2036,2,5_9,6.237e-05
254,2037,2,5_9,6.166e-05
254,2038,2,5_9,6.098e-05
254,2039,2,5_9,6.021e-05
254,2040,2,5_9,5.952e-05
254,2041,2,5_9,5.889e-05
254,2042,2,5_9,5.829e-05
254,2043,2,5_9,5.772e-05
254,2044,2,5_9,5.714e-05
254,2045,2,5_9,5.657e-05
254,2046,2,5_9,5.597e-05
254,2047,2,5_9,5.541e-05
254,2048,2,5_9,5.483e-05
254,2049,2,5_9,5.438e-05
254,2050,2,5_9,5.386e-05
254,2051,2,5_9,5.334e-05
254,2052,2,5_9,5.287e-05
254,2053,2,5_9,5.232e-05
254,2054,2,5_9,5.193e-05
254,2055,2,5_9,5.142e-05
254,2056,2,5_9,5.104e-05
254,2057,2,5_9,5.062e-05
254,2058,2,5_9,5.016e-05
254,2059,2,5_9,4.973e-05
254,2060,2,5_9,4.934e-05
254,2061,2,5_9,4.886e-05
254,2062,2,5_9,4.853e-05
254,2063,2,5_9,4.81e-05
254,2064,2,5_9,4.778e-05
254,2065,2,5_9,4.746e-05
254,2066,2,5_9,4.7e-05
254,2067,2,5_9,4.669e-05
254,2068,2,5_9,4.623e-05
254,2069,2,5_9,4.587e-05
254,2070,2,5_9,4.559e-05
254,2071,2,5_9,4.529e-05
254,2072,2,5_9,4.488e-05
254,2073,2,5_9,4.46e-05
254,2074,2,5_9,4.427e-05
254,2075,2,5_9,4.393e-05
254,2076,2,5_9,4.351e-05
254,2077,2,5_9,4.318e-05
254,2078,2,5_9,4.283e-05
254,2079,2,5_9,4.236e-05
254,2080,2,5_9,4.199e-05
254,2081,2,5_9,4.165e-05
254,2082,2,5_9,4.113e-05
254,2083,2,5_9,4.089e-05
254,2084,2,5_9,4.058e-05
254,2085,2,5_9,4.027e-05
254,2086,2,5_9,3.987e-05
254,2087,2,5_9,3.96e-05
254,2088,2,5_9,3.934e-05
254,2089,2,5_9,3.904e-05
254,2090,2,5_9,3.876e-05
254,2091,2,5_9,3.849e-05
254,2092,2,5_9,3.809e-05
254,2093,2,5_9,3.775e-05
254,2094,2,5_9,3.744e-05
254,2095,2,5_9,3.712e-05
254,2096,2,5_9,3.668e-05
254,2097,2,5_9,3.635e-05
254,2098,2,5_9,3.61e-05
254,2099,2,5_9,3.579e-05
254,2100,2,5_9,3.545e-05
328,2024,2,5_9,0.00016971
328,2025,2,5_9,0.000168
328,2026,2,5_9,0.00016657
328,2027,2,5_9,0.00016501
328,2028,2,5_9,0.0001631
328,2029,2,5_9,0.0001616
328,2030,2,5_9,0.00016017
328,2031,2,5_9,0.00015954
328,2032,2,5_9,0.00015879
328,2033,2,5_9,0.0001582
328,2034,2,5_9,0.00015743
328,2035,2,5_9,0.00015714
328,2036,2,5_9,0.00015656
328,2037,2,5_9,0.00015604
328,2038,2,5_9,0.00015557
328,2039,2,5_9,0.00015519
328,2040,2,5_9,0.00015476
328,2041,2,5_9,0.00015418
328,2042,2,5_9,0.00015392
328,2043,2,5_9,0.00015346
328,2044,2,5_9,0.00015323
328,2045,2,5_9,0.00015308
328,2046,2,5_9,0.00015282
328,2047,2,5_9,0.00015242
328,2048,2,5_9,0.00015229
328,2049,2,5_9,0.00015191
328,2050,2,5_9,0.00015203
328,2051,2,5_9,0.00015243
328,2052,2,5_9,0.00015285
328,2053,2,5_9,0.00015313
328,2054,2,5_9,0.00015368
328,2055,2,5_9,0.00015431
328,2056,2,5_9,0.00015477
328,2057,2,5_9,0.00015505
328,2058,2,5_9,0.00015557
328,2059,2,5_9,0.00015605
328,2060,2,5_9,0.00015646
328,2061,2,5_9,0.0001567
328,2062,2,5_9,0.00015727
328,2063,2,5_9,0.00015769
328,2064,2,5_9,0.00015806
328,2065,2,5_9,0.0001583
328,2066,2,5_9,0.00015874
328,2067,2,5_9,0.00015921
328,2068,2,5_9,0.00015968
328,2069,2,5_9,0.00016006
328,2070,2,5_9,0.00016022
328,2071,2,5_9,0.00016066
328,2072,2,5_9,0.00016112
328,2073,2,5_9,0.00016145
328,2074,2,5_9,0.00016147
328,2075,2,5_9,0.00016183
328,2076,2,5_9,0.00016217
328,2077,2,5_9,0.00016245
328,2078,2,5_9,0.00016263
328,2079,2,5_9,0.00016258
328,2080,2,5_9,0.00016274
328,2081,2,5_9,0.00016301
328,2082,2,5_9,0.00016307
328,2083,2,5_9,0.00016284
328,2084,2,5_9,0.00016298
328,2085,2,5_9,0.00016308
328,2086,2,5_9,0.00016314
328,2087,2,5_9,0.000163
328,2088,2,5_9,0.00016314
328,2089,2,5_9,0.00016313
328,2090,2,5_9,0.00016312
328,2091,2,5_9,0.00016281
328,2092,2,5_9,0.00016284
328,2093,2,5_9,0.00016279
328,2094,2,5_9,0.00016275
328,2095,2,5_9,0.00016257
328,2096,2,5_9,0.00016198
328,2097,2,5_9,0.0001618
328,2098,2,5_9,0.00016149
328,2099,2,5_9,0.00016122
328,2100,2,5_9,0.00016102
600,2024,2,5_9,0.00019936
600,2025,2,5_9,0.00019606
600,2026,2,5_9,0.00019282
600,2027,2,5_9,0.00018966
600,2028,2,5_9,0.00018648
600,2029,2,5_9,0.0001831
600,2030,2,5_9,0.0001801
600,2031,2,5_9,0.00017726
600,2032,2,5_9,0.00017437
600,2033,2,5_9,0.00017138
600,2034,2,5_9,0.00016872
600,2035,2,5_9,0.00016599
600,2036,2,5_9,0.000163
600,2037,2,5_9,0.00016052
600,2038,2,5_9,0.00015803
600,2039,2,5_9,0.00015534
600,2040,2,5_9,0.00015287
600,2041,2,5_9,0.00015029
600,2042,2,5_9,0.000148
600,2043,2,5_9,0.00014564
600,2044,2,5_9,0.00014352
600,2045,2,5_9,0.00014142
600,2046,2,5_9,0.00013919
600,2047,2,5_9,0.00013728
600,2048,2,5_9,0.0001353
600,2049,2,5_9,0.00013325
600,2050,2,5_9,0.00013122
600,2051,2,5_9,0.00012919
600,2052,2,5_9,0.00012749
600,2053,2,5_9,0.00012562
600,2054,2,5_9,0.00012399
600,2055,2,5_9,0.00012228
600,2056,2,5_9,0.00012069
600,2057,2,5_9,0.00011911
600,2058,2,5_9,0.00011747
600,2059,2,5_9,0.00011578
600,2060,2,5_9,0.00011423
600,2061,2,5_9,0.00011265
600,2062,2,5_9,0.00011133
600,2063,2,5_9,0.00010986
600,2064,2,5_9,0.0001085
600,2065,2,5_9,0.00010702
600,2066,2,5_9,0.00010564
600,2067,2,5_9,0.00010428
600,2068,2,5_9,0.00010286
600,2069,2,5_9,0.00010156
600,2070,2,5_9,0.00010039
600,2071,2,5_9,9.902e-05
600,2072,2,5_9,9.782e-05
600,2073,2,5_9,9.68e-05
600,2074,2,5_9,9.562e-05
600,2075,2,5_9,9.452e-05
600,2076,2,5_9,9.337e-05
600,2077,2,5_9,9.228e-05
600,2078,2,5_9,9.108e-05
600,2079,2,5_9,9.004e-05
600,2080,2,5_9,8.895e-05
600,2081,2,5_9,8.789e-05
600,2082,2,5_9,8.69e-05
600,2083,2,5_9,8.583e-05
600,2084,2,5_9,8.474e-05
600,2085,2,5_9,8.379e-05
600,2086,2,5_9,8.282e-05
600,2087,2,5_9,8.183e-05
600,2088,2,5_9,8.094e-05
600,2089,2,5_9,7.985e-05
600,2090,2,5_9,7.893e-05
600,2091,2,5_9,7.809e-05
600,2092,2,5_9,7.73e-05
600,2093,2,5_9,7.645e-05
600,2094,2,5_9,7.563e-05
600,2095,2,5_9,7.475e-05
600,2096,2,5_9,7.401e-05
600,2097,2,5_9,7.329e-05
600,2098,2,5_9,7.248e-05
600,2099,2,5_9,7.166e-05
600,2100,2,5_9,7.085e-05
604,2024,2,5_9,0.00028311
604,2025,2,5_9,0.00027682
604,2026,2,5_9,0.00027023
604,2027,2,5_9,0.00026401
604,2028,2,5_9,0.00025762
604,2029,2,5_9,0.00025172
604,2030,2,5_9,0.000246
604,2031,2,5_9,0.00024055
604,2032,2,5_9,0.00023487
604,2033,2,5_9,0.00022967
604,2034,2,5_9,0.00022462
604,2035,2,5_9,0.00021974
604,2036,2,5_9,0.00021519
604,2037,2,5_9,0.00021062
604,2038,2,5_9,0.00020617
604,2039,2,5_9,0.00020196
604,2040,2,5_9,0.00019777
604,2041,2,5_9,0.00019378
604,2042,2,5_9,0.00018982
604,2043,2,5_9,0.00018611
604,2044,2,5_9,0.00018232
604,2045,2,5_9,0.00017873
604,2046,2,5_9,0.00017497
604,2047,2,5_9,0.00017135
604,2048,2,5_9,0.00016795
604,2049,2,5_9,0.00016484
604,2050,2,5_9,0.00016143
604,2051,2,5_9,0.00015829
604,2052,2,5_9,0.00015519
604,2053,2,5_9,0.00015233
604,2054,2,5_9,0.00014937
604,2055,2,5_9,0.00014653
604,2056,2,5_9,0.00014372
604,2057,2,5_9,0.0001411
604,2058,2,5_9,0.00013837
604,2059,2,5_9,0.00013583
604,2060,2,5_9,0.00013323
604,2061,2,5_9,0.00013073
604,2062,2,5_9,0.00012852
604,2063,2,5_9,0.00012622
604,2064,2,5_9,0.00012385
604,2065,2,5_9,0.00012174
604,2066,2,5_9,0.00011968
604,2067,2,5_9,0.00011746
604,2068,2,5_9,0.00011522
604,2069,2,5_9,0.0001132
604,2070,2,5_9,0.00011115
604,2071,2,5_9,0.00010921
604,2072,2,5_9,0.00010723
604,2073,2,5_9,0.00010535
604,2074,2,5_9,0.00010338
604,2075,2,5_9,0.00010163
604,2076,2,5_9,9.984e-05
604,2077,2,5_9,9.814e-05
604,2078,2,5_9,9.633e-05
604,2079,2,5_9,9.472e-05
604,2080,2,5_9,9.301e-05
604,2081,2,5_9,9.146e-05
604,2082,2,5_9,9.001e-05
604,2083,2,5_9,8.84e-05
604,2084,2,5_9,8.691e-05
604,2085,2,5_9,8.547e-05
604,2086,2,5_9,8.414e-05
604,2087,2,5_9,8.274e-05
604,2088,2,5_9,8.141e-05
604,2089,2,5_9,7.995e-05
604,2090,2,5_9,7.853e-05
604,2091,2,5_9,7.717e-05
604,2092,2,5_9,7.586e-05
604,2093,2,5_9,7.458e-05
604,2094,2,5_9,7.325e-05
604,2095,2,5_9,7.207e-05
604,2096,2,5_9,7.078e-05
604,2097,2,5_9,6.95e-05
604,2098,2,5_9,6.833e-05
604,2099,2,5_9,6.717e-05
604,2100,2,5_9,6.597e-05
740,2024,2,5_9,0.00026293
740,2025,2,5_9,0.00025781
740,2026,2,5_9,0.00025246
740,2027,2,5_9,0.00024723
740,2028,2,5_9,0.00024252
740,2029,2,5_9,0.00023748
740,2030,2,5_9,0.00023295
740,2031,2,5_9,0.00022806
740,2032,2,5_9,0.00022348
740,2033,2,5_9,0.00021919
740,2034,2,5_9,0.00021476
740,2035,2,5_9,0.00021056
740,2036,2,5_9,0.00020635
740,2037,2,5_9,0.00020212
740,2038,2,5_9,0.00019811
740,2039,2,5_9,0.00019426
740,2040,2,5_9,0.00019095
740,2041,2,5_9,0.00018751
740,2042,2,5_9,0.00018394
740,2043,2,5_9,0.00018037
740,2044,2,5_9,0.00017684
740,2045,2,5_9,0.00017368
740,2046,2,5_9,0.0001704
740,2047,2,5_9,0.00016747
740,2048,2,5_9,0.00016489
740,2049,2,5_9,0.00016214
740,2050,2,5_9,0.00015929
740,2051,2,5_9,0.0001564
740,2052,2,5_9,0.0001541
740,2053,2,5_9,0.00015161
740,2054,2,5_9,0.00014922
740,2055,2,5_9,0.00014686
740,2056,2,5_9,0.00014445
740,2057,2,5_9,0.00014233
740,2058,2,5_9,0.00014012
740,2059,2,5_9,0.00013787
740,2060,2,5_9,0.00013584
740,2061,2,5_9,0.00013369
740,2062,2,5_9,0.00013158
740,2063,2,5_9,0.00012973
740,2064,2,5_9,0.00012779
740,2065,2,5_9,0.00012593
740,2066,2,5_9,0.000124
740,2067,2,5_9,0.00012211
740,2068,2,5_9,0.00012023
740,2069,2,5_9,0.00011872
740,2070,2,5_9,0.00011693
740,2071,2,5_9,0.00011522
740,2072,2,5_9,0.00011354
740,2073,2,5_9,0.00011194
740,2074,2,5_9,0.00011033
740,2075,2,5_9,0.00010852
740,2076,2,5_9,0.00010688
740,2077,2,5_9,0.00010522
740,2078,2,5_9,0.00010367
740,2079,2,5_9,0.00010218
740,2080,2,5_9,0.00010079
740,2081,2,5_9,9.941e-05
740,2082,2,5_9,9.802e-05
740,2083,2,5_9,9.672e-05
740,2084,2,5_9,9.544e-05
740,2085,2,5_9,9.412e-05
740,2086,2,5_9,9.287e-05
740,2087,2,5_9,9.156e-05
740,2088,2,5_9,9.019e-05
740,2089,2,5_9,8.905e-05
740,2090,2,5_9,8.791e-05
740,2091,2,5_9,8.67e-05
740,2092,2,5_9,8.559e-05
740,2093,2,5_9,8.445e-05
740,2094,2,5_9,8.332e-05
740,2095,2,5_9,8.229e-05
740,2096,2,5_9,8.118e-05
740,2097,2,5_9,8.014e-05
740,2098,2,5_9,7.906e-05
740,2099,2,5_9,7.794e-05
740,2100,2,5_9,7.679e-05
858,2024,2,5_9,0.00012317
858,2025,2,5_9,0.000121
858,2026,2,5_9,0.00011875
858,2027,2,5_9,0.00011664
858,2028,2,5_9,0.00011466
858,2029,2,5_9,0.00011288
858,2030,2,5_9,0.00011102
858,2031,2,5_9,0.00010933
858,2032,2,5_9,0.00010755
858,2033,2,5_9,0.00010589
858,2034,2,5_9,0.00010413
858,2035,2,5_9,0.00010256
858,2036,2,5_9,0.00010085
858,2037,2,5_9,9.916e-05
858,2038,2,5_9,9.755e-05
858,2039,2,5_9,9.603e-05
858,2040,2,5_9,9.443e-05
858,2041,2,5_9,9.291e-05
858,2042,2,5_9,9.156e-05
858,2043,2,5_9,9.006e-05
858,2044,2,5_9,8.858e-05
858,2045,2,5_9,8.722e-05
858,2046,2,5_9,8.591e-05
858,2047,2,5_9,8.448e-05
858,2048,2,5_9,8.317e-05
858,2049,2,5_9,8.193e-05
858,2050,2,5_9,8.083e-05
858,2051,2,5_9,7.971e-05
858,2052,2,5_9,7.846e-05
858,2053,2,5_9,7.728e-05
858,2054,2,5_9,7.621e-05
858,2055,2,5_9,7.502e-05
858,2056,2,5_9,7.399e-05
858,2057,2,5_9,7.297e-05
858,2058,2,5_9,7.186e-05
858,2059,2,5_9,7.093e-05
858,2060,2,5_9,7.002e-05
858,2061,2,5_9,6.894e-05
858,2062,2,5_9,6.797e-05
858,2063,2,5_9,6.692e-05
858,2064,2,5_9,6.596e-05
858,2065,2,5_9,6.497e-05
858,2066,2,5_9,6.406e-05
858,2067,2,5_9,6.313e-05
858,2068,2,5_9,6.226e-05
858,2069,2,5_9,6.141e-05
858,2070,2,5_9,6.046e-05
858,2071,2,5_9,5.956e-05
858,2072,2,5_9,5.868e-05
858,2073,2,5_9,5.786e-05
858,2074,2,5_9,5.695e-05
858,2075,2,5_9,5.622e-05
858,2076,2,5_9,5.542e-05
858,2077,2,5_9,5.461e-05
858,2078,2,5_9,5.385e-05
858,2079,2,5_9,5.309e-05
858,2080,2,5_9,5.232e-05
858,2081,2,5_9,5.16e-05
858,2082,2,5_9,5.088e-05
858,2083,2,5_9,5.015e-05
858,2084,2,5_9,4.942e-05
858,2085,2,5_9,4.871e-05
858,2086,2,5_9,4.806e-05
858,2087,2,5_9,4.739e-05
858,2088,2,5_9,4.673e-05
858,2089,2,5_9,4.605e-05
858,2090,2,5_9,4.529e-05
858,2091,2,5_9,4.466e-05
858,2092,2,5_9,4.401e-05
858,2093,2,5_9,4.337e-05
858,2094,2,5_9,4.276e-05
858,2095,2,5_9,4.22e-05
858,2096,2,5_9,4.164e-05
858,2097,2,5_9,4.104e-05
858,2098,2,5_9,4.049e-05
858,2099,2,5_9,3.993e-05
858,2100,2,5_9,3.936e-05
862,2024,2,5_9,0.00031175
862,2025,2,5_9,0.0003046
862,2026,2,5_9,0.00029556
862,2027,2,5_9,0.00028703
862,2028,2,5_9,0.00027946
862,2029,2,5_9,0.0002706
862,2030,2,5_9,0.00026281
862,2031,2,5_9,0.00025637
862,2032,2,5_9,0.0002501
862,2033,2,5_9,0.00024436
862,2034,2,5_9,0.00023907
862,2035,2,5_9,0.00023335
862,2036,2,5_9,0.0002282
862,2037,2,5_9,0.00022331
862,2038,2,5_9,0.00021803
862,2039,2,5_9,0.00021325
862,2040,2,5_9,0.00020882
862,2041,2,5_9,0.00020412
862,2042,2,5_9,0.00019979
862,2043,2,5_9,0.00019513
862,2044,2,5_9,0.00019074
862,2045,2,5_9,0.00018674
862,2046,2,5_9,0.00018258
862,2047,2,5_9,0.00017877
862,2048,2,5_9,0.00017504
862,2049,2,5_9,0.00017152
862,2050,2,5_9,0.00016814
862,2051,2,5_9,0.00016466
862,2052,2,5_9,0.00016133
862,2053,2,5_9,0.00015803
862,2054,2,5_9,0.00015501
862,2055,2,5_9,0.00015187
862,2056,2,5_9,0.00014895
862,2057,2,5_9,0.00014618
862,2058,2,5_9,0.00014319
862,2059,2,5_9,0.0001406
862,2060,2,5_9,0.00013815
862,2061,2,5_9,0.00013589
862,2062,2,5_9,0.0001335
862,2063,2,5_9,0.00013096
862,2064,2,5_9,0.00012871
862,2065,2,5_9,0.00012653
862,2066,2,5_9,0.00012434
862,2067,2,5_9,0.00012241
862,2068,2,5_9,0.00012015
862,2069,2,5_9,0.00011806
862,2070,2,5_9,0.000116
862,2071,2,5_9,0.00011404
862,2072,2,5_9,0.00011201
862,2073,2,5_9,0.00011022
862,2074,2,5_9,0.00010838
862,2075,2,5_9,0.00010654
862,2076,2,5_9,0.00010465
862,2077,2,5_9,0.00010297
862,2078,2,5_9,0.00010128
862,2079,2,5_9,9.962e-05
862,2080,2,5_9,9.802e-05
862,2081,2,5_9,9.643e-05
862,2082,2,5_9,9.483e-05
862,2083,2,5_9,9.336e-05
862,2084,2,5_9,9.176e-05
862,2085,2,5_9,9.019e-05
862,2086,2,5_9,8.872e-05
862,2087,2,5_9,8.74e-05
862,2088,2,5_9,8.614e-05
862,2089,2,5_9,8.491e-05
862,2090,2,5_9,8.377e-05
862,2091,2,5_9,8.261e-05
862,2092,2,5_9,8.136e-05
862,2093,2,5_9,8.018e-05
862,2094,2,5_9,7.91e-05
862,2095,2,5_9,7.81e-05
862,2096,2,5_9,7.701e-05
862,2097,2,5_9,7.594e-05
862,2098,2,5_9,7.492e-05
862,2099,2,5_9,7.382e-05
862,2100,2,5_9,7.285e-05
60,2024,2,5_9,6.523e-05
60,2025,2,5_9,6.361e-05
60,2026,2,5_9,6.207e-05
60,2027,2,5_9,6.058e-05
60,2028,2,5_9,5.91e-05
60,2029,2,5_9,5.78e-05
60,2030,2,5_9,5.662e-05
60,2031,2,5_9,5.532e-05
60,2032,2,5_9,5.416e-05
60,2033,2,5_9,5.292e-05
60,2034,2,5_9,5.183e-05
60,2035,2,5_9,5.066e-05
60,2036,2,5_9,4.949e-05
60,2037,2,5_9,4.844e-05
60,2038,2,5_9,4.735e-05
60,2039,2,5_9,4.624e-05
60,2040,2,5_9,4.524e-05
60,2041,2,5_9,4.42e-05
60,2042,2,5_9,4.328e-05
60,2043,2,5_9,4.231e-05
60,2044,2,5_9,4.137e-05
60,2045,2,5_9,4.042e-05
60,2046,2,5_9,3.95e-05
60,2047,2,5_9,3.862e-05
60,2048,2,5_9,3.781e-05
60,2049,2,5_9,3.697e-05
60,2050,2,5_9,3.614e-05
60,2051,2,5_9,3.536e-05
60,2052,2,5_9,3.455e-05
60,2053,2,5_9,3.378e-05
60,2054,2,5_9,3.302e-05
60,2055,2,5_9,3.227e-05
60,2056,2,5_9,3.148e-05
60,2057,2,5_9,3.08e-05
60,2058,2,5_9,3.004e-05
60,2059,2,5_9,2.938e-05
60,2060,2,5_9,2.875e-05
60,2061,2,5_9,2.811e-05
60,2062,2,5_9,2.751e-05
60,2063,2,5_9,2.69e-05
60,2064,2,5_9,2.631e-05
60,2065,2,5_9,2.569e-05
60,2066,2,5_9,2.515e-05
60,2067,2,5_9,2.461e-05
60,2068,2,5_9,2.403e-05
60,2069,2,5_9,2.351e-05
60,2070,2,5_9,2.302e-05
60,2071,2,5_9,2.25e-05
60,2072,2,5_9,2.2e-05
60,2073,2,5_9,2.151e-05
60,2074,2,5_9,2.101e-05
60,2075,2,5_9,2.055e-05
60,2076,2,5_9,2.005e-05
60,2077,2,5_9,1.963e-05
60,2078,2,5_9,1.918e-05
60,2079,2,5_9,1.877e-05
60,2080,2,5_9,1.833e-05
60,2081,2,5_9,1.79e-05
60,2082,2,5_9,1.748e-05
60,2083,2,5_9,1.709e-05
60,2084,2,5_9,1.675e-05
60,2085,2,5_9,1.637e-05
60,2086,2,5_9,1.599e-05
60,2087,2,5_9,1.562e-05
60,2088,2,5_9,1.528e-05
60,2089,2,5_9,1.49e-05
60,2090,2,5_9,1.455e-05
60,2091,2,5_9,1.42e-05
60,2092,2,5_9,1.389e-05
60,2093,2,5_9,1.356e-05
60,2094,2,5_9,1.325e-05
60,2095,2,5_9,1.293e-05
60,2096,2,5_9,1.262e-05
60,2097,2,5_9,1.233e-05
60,2098,2,5_9,1.202e-05
60,2099,2,5_9,1.171e-05
60,2100,2,5_9,1.143e-05
124,2024,2,5_9,6.452e-05
124,2025,2,5_9,6.291e-05
124,2026,2,5_9,6.116e-05
124,2027,2,5_9,5.968e-05
124,2028,2,5_9,5.824e-05
124,2029,2,5_9,5.667e-05
124,2030,2,5_9,5.534e-05
124,2031,2,5_9,5.388e-05
124,2032,2,5_9,5.263e-05
124,2033,2,5_9,5.143e-05
124,2034,2,5_9,4.996e-05
124,2035,2,5_9,4.884e-05
124,2036,2,5_9,4.776e-05
124,2037,2,5_9,4.671e-05
124,2038,2,5_9,4.556e-05
124,2039,2,5_9,4.445e-05
124,2040,2,5_9,4.325e-05
124,2041,2,5_9,4.234e-05
124,2042,2,5_9,4.134e-05
124,2043,2,5_9,4.036e-05
124,2044,2,5_9,3.954e-05
124,2045,2,5_9,3.862e-05
124,2046,2,5_9,3.774e-05
124,2047,2,5_9,3.689e-05
124,2048,2,5_9,3.605e-05
124,2049,2,5_9,3.536e-05
124,2050,2,5_9,3.457e-05
124,2051,2,5_9,3.382e-05
124,2052,2,5_9,3.299e-05
124,2053,2,5_9,3.22e-05
124,2054,2,5_9,3.152e-05
124,2055,2,5_9,3.07e-05
124,2056,2,5_9,3.006e-05
124,2057,2,5_9,2.945e-05
124,2058,2,5_9,2.877e-05
124,2059,2,5_9,2.811e-05
124,2060,2,5_9,2.747e-05
124,2061,2,5_9,2.686e-05
124,2062,2,5_9,2.627e-05
124,2063,2,5_9,2.569e-05
124,2064,2,5_9,2.513e-05
124,2065,2,5_9,2.458e-05
124,2066,2,5_9,2.405e-05
124,2067,2,5_9,2.353e-05
124,2068,2,5_9,2.303e-05
124,2069,2,5_9,2.255e-05
124,2070,2,5_9,2.208e-05
124,2071,2,5_9,2.151e-05
124,2072,2,5_9,2.108e-05
124,2073,2,5_9,2.065e-05
124,2074,2,5_9,2.014e-05
124,2075,2,5_9,1.974e-05
124,2076,2,5_9,1.925e-05
124,2077,2,5_9,1.887e-05
124,2078,2,5_9,1.842e-05
124,2079,2,5_9,1.806e-05
124,2080,2,5_9,1.762e-05
124,2081,2,5_9,1.72e-05
124,2082,2,5_9,1.68e-05
124,2083,2,5_9,1.642e-05
124,2084,2,5_9,1.605e-05
124,2085,2,5_9,1.567e-05
124,2086,2,5_9,1.531e-05
124,2087,2,5_9,1.497e-05
124,2088,2,5_9,1.463e-05
124,2089,2,5_9,1.424e-05
124,2090,2,5_9,1.387e-05
124,2091,2,5_9,1.357e-05
124,2092,2,5_9,1.321e-05
124,2093,2,5_9,1.287e-05
124,2094,2,5_9,1.26e-05
124,2095,2,5_9,1.222e-05
124,2096,2,5_9,1.196e-05
124,2097,2,5_9,1.166e-05
124,2098,2,5_9,1.137e-05
124,2099,2,5_9,1.104e-05
124,2100,2,5_9,1.076e-05
304,2024,2,5_9,0.00129779
304,2025,2,5_9,0.00126122
304,2026,2,5_9,0.0012222
304,2027,2,5_9,0.00118851
304,2028,2,5_9,0.00115627
304,2029,2,5_9,0.00112741
304,2030,2,5_9,0.0010933
304,2031,2,5_9,0.00106153
304,2032,2,5_9,0.00102793
304,2033,2,5_9,0.00099498
304,2034,2,5_9,0.0009638
304,2035,2,5_9,0.00093328
304,2036,2,5_9,0.0009036
304,2037,2,5_9,0.00087498
304,2038,2,5_9,0.00084423
304,2039,2,5_9,0.0008236
304,2040,2,5_9,0.00079466
304,2041,2,5_9,0.00076979
304,2042,2,5_9,0.00075367
304,2043,2,5_9,0.00073736
304,2044,2,5_9,0.00071992
304,2045,2,5_9,0.00070387
304,2046,2,5_9,0.00068812
304,2047,2,5_9,0.00067419
304,2048,2,5_9,0.00065983
304,2049,2,5_9,0.00064546
304,2050,2,5_9,0.00063196
304,2051,2,5_9,0.00061823
304,2052,2,5_9,0.00060532
304,2053,2,5_9,0.00059197
304,2054,2,5_9,0.00057899
304,2055,2,5_9,0.00056714
304,2056,2,5_9,0.00055486
304,2057,2,5_9,0.0005435
304,2058,2,5_9,0.00053148
304,2059,2,5_9,0.0005208
304,2060,2,5_9,0.00050945
304,2061,2,5_9,0.00049801
304,2062,2,5_9,0.00048763
304,2063,2,5_9,0.00047698
304,2064,2,5_9,0.00046633
304,2065,2,5_9,0.00045594
304,2066,2,5_9,0.00044664
304,2067,2,5_9,0.0004369
304,2068,2,5_9,0.0004271
304,2069,2,5_9,0.00041842
304,2070,2,5_9,0.00040935
304,2071,2,5_9,0.00040024
304,2072,2,5_9,0.00039223
304,2073,2,5_9,0.00038367
304,2074,2,5_9,0.00037525
304,2075,2,5_9,0.00036691
304,2076,2,5_9,0.00035976
304,2077,2,5_9,0.00035275
304,2078,2,5_9,0.00034497
304,2079,2,5_9,0.00033723
304,2080,2,5_9,0.0003297
304,2081,2,5_9,0.00032261
304,2082,2,5_9,0.00031668
304,2083,2,5_9,0.00031114
304,2084,2,5_9,0.00030571
304,2085,2,5_9,0.00029984
304,2086,2,5_9,0.00029395
304,2087,2,5_9,0.00028856
304,2088,2,5_9,0.00028291
304,2089,2,5_9,0.0002773
304,2090,2,5_9,0.00027233
304,2091,2,5_9,0.00026696
304,2092,2,5_9,0.00026212
304,2093,2,5_9,0.0002569
304,2094,2,5_9,0.00025197
304,2095,2,5_9,0.00024702
304,2096,2,5_9,0.00024252
304,2097,2,5_9,0.00023799
304,2098,2,5_9,0.00023326
304,2099,2,5_9,0.00022907
304,2100,2,5_9,0.00022449
666,2024,2,5_9,7.624e-05
666,2025,2,5_9,7.469e-05
666,2026,2,5_9,7.334e-05
666,2027,2,5_9,7.193e-05
666,2028,2,5_9,7.07e-05
666,2029,2,5_9,6.949e-05
666,2030,2,5_9,6.807e-05
666,2031,2,5_9,6.677e-05
666,2032,2,5_9,6.546e-05
666,2033,2,5_9,6.421e-05
666,2034,2,5_9,6.311e-05
666,2035,2,5_9,6.199e-05
666,2036,2,5_9,6.101e-05
666,2037,2,5_9,5.999e-05
666,2038,2,5_9,5.895e-05
666,2039,2,5_9,5.798e-05
666,2040,2,5_9,5.709e-05
666,2041,2,5_9,5.626e-05
666,2042,2,5_9,5.537e-05
666,2043,2,5_9,5.453e-05
666,2044,2,5_9,5.361e-05
666,2045,2,5_9,5.281e-05
666,2046,2,5_9,5.198e-05
666,2047,2,5_9,5.117e-05
666,2048,2,5_9,5.046e-05
666,2049,2,5_9,4.966e-05
666,2050,2,5_9,4.891e-05
666,2051,2,5_9,4.824e-05
666,2052,2,5_9,4.748e-05
666,2053,2,5_9,4.684e-05
666,2054,2,5_9,4.618e-05
666,2055,2,5_9,4.563e-05
666,2056,2,5_9,4.503e-05
666,2057,2,5_9,4.446e-05
666,2058,2,5_9,4.391e-05
666,2059,2,5_9,4.347e-05
666,2060,2,5_9,4.291e-05
666,2061,2,5_9,4.241e-05
666,2062,2,5_9,4.195e-05
666,2063,2,5_9,4.14e-05
666,2064,2,5_9,4.097e-05
666,2065,2,5_9,4.056e-05
666,2066,2,5_9,4.016e-05
666,2067,2,5_9,3.972e-05
666,2068,2,5_9,3.928e-05
666,2069,2,5_9,3.885e-05
666,2070,2,5_9,3.846e-05
666,2071,2,5_9,3.809e-05
666,2072,2,5_9,3.77e-05
666,2073,2,5_9,3.731e-05
666,2074,2,5_9,3.685e-05
666,2075,2,5_9,3.649e-05
666,2076,2,5_9,3.609e-05
666,2077,2,5_9,3.574e-05
666,2078,2,5_9,3.541e-05
666,2079,2,5_9,3.51e-05
666,2080,2,5_9,3.478e-05
666,2081,2,5_9,3.442e-05
666,2082,2,5_9,3.409e-05
666,2083,2,5_9,3.377e-05
666,2084,2,5_9,3.344e-05
666,2085,2,5_9,3.315e-05
666,2086,2,5_9,3.287e-05
666,2087,2,5_9,3.258e-05
666,2088,2,5_9,3.22e-05
666,2089,2,5_9,3.194e-05
666,2090,2,5_9,3.166e-05
666,2091,2,5_9,3.137e-05
666,2092,2,5_9,3.109e-05
666,2093,2,5_9,3.082e-05
666,2094,2,5_9,3.054e-05
666,2095,2,5_9,3.025e-05
666,2096,2,5_9,2.988e-05
666,2097,2,5_9,2.961e-05
666,2098,2,5_9,2.934e-05
666,2099,2,5_9,2.908e-05
666,2100,2,5_9,2.882e-05
840,2024,2,5_9,9.036e-05
840,2025,2,5_9,8.798e-05
840,2026,2,5_9,8.567e-05
840,2027,2,5_9,8.341e-05
840,2028,2,5_9,8.131e-05
840,2029,2,5_9,7.93e-05
840,2030,2,5_9,7.737e-05
840,2031,2,5_9,7.551e-05
840,2032,2,5_9,7.371e-05
840,2033,2,5_9,7.197e-05
840,2034,2,5_9,7.031e-05
840,2035,2,5_9,6.87e-05
840,2036,2,5_9,6.714e-05
840,2037,2,5_9,6.564e-05
840,2038,2,5_9,6.418e-05
840,2039,2,5_9,6.277e-05
840,2040,2,5_9,6.141e-05
840,2041,2,5_9,6.03e-05
840,2042,2,5_9,5.882e-05
840,2043,2,5_9,5.76e-05
840,2044,2,5_9,5.64e-05
840,2045,2,5_9,5.508e-05
840,2046,2,5_9,5.379e-05
840,2047,2,5_9,5.272e-05
840,2048,2,5_9,5.168e-05
840,2049,2,5_9,5.051e-05
840,2050,2,5_9,4.954e-05
840,2051,2,5_9,4.86e-05
840,2052,2,5_9,4.755e-05
840,2053,2,5_9,4.653e-05
840,2054,2,5_9,4.552e-05
840,2055,2,5_9,4.456e-05
840,2056,2,5_9,4.363e-05
840,2057,2,5_9,4.285e-05
840,2058,2,5_9,4.198e-05
840,2059,2,5_9,4.125e-05
840,2060,2,5_9,4.031e-05
840,2061,2,5_9,3.951e-05
840,2062,2,5_9,3.874e-05
840,2063,2,5_9,3.798e-05
840,2064,2,5_9,3.725e-05
840,2065,2,5_9,3.655e-05
840,2066,2,5_9,3.585e-05
840,2067,2,5_9,3.508e-05
840,2068,2,5_9,3.453e-05
840,2069,2,5_9,3.38e-05
840,2070,2,5_9,3.318e-05
840,2071,2,5_9,3.258e-05
840,2072,2,5_9,3.199e-05
840,2073,2,5_9,3.144e-05
840,2074,2,5_9,3.08e-05
840,2075,2,5_9,3.018e-05
840,2076,2,5_9,2.966e-05
840,2077,2,5_9,2.916e-05
840,2078,2,5_9,2.852e-05
840,2079,2,5_9,2.805e-05
840,2080,2,5_9,2.744e-05
840,2081,2,5_9,2.7e-05
840,2082,2,5_9,2.642e-05
840,2083,2,5_9,2.599e-05
840,2084,2,5_9,2.544e-05
840,2085,2,5_9,2.493e-05
840,2086,2,5_9,2.449e-05
840,2087,2,5_9,2.406e-05
840,2088,2,5_9,2.357e-05
840,2089,2,5_9,2.31e-05
840,2090,2,5_9,2.264e-05
840,2091,2,5_9,2.22e-05
840,2092,2,5_9,2.177e-05
840,2093,2,5_9,2.136e-05
840,2094,2,5_9,2.095e-05
840,2095,2,5_9,2.055e-05
840,2096,2,5_9,2.016e-05
840,2097,2,5_9,1.979e-05
840,2098,2,5_9,1.943e-05
840,2099,2,5_9,1.907e-05
840,2100,2,5_9,1.863e-05
36,2024,2,5_9,4.668e-05
36,2025,2,5_9,4.552e-05
36,2026,2,5_9,4.462e-05
36,2027,2,5_9,4.353e-05
36,2028,2,5_9,4.246e-05
36,2029,2,5_9,4.144e-05
36,2030,2,5_9,4.064e-05
36,2031,2,5_9,3.967e-05
36,2032,2,5_9,3.873e-05
36,2033,2,5_9,3.8e-05
36,2034,2,5_9,3.711e-05
36,2035,2,5_9,3.624e-05
36,2036,2,5_9,3.549e-05
36,2037,2,5_9,3.476e-05
36,2038,2,5_9,3.396e-05
36,2039,2,5_9,3.319e-05
36,2040,2,5_9,3.244e-05
36,2041,2,5_9,3.171e-05
36,2042,2,5_9,3.1e-05
36,2043,2,5_9,3.031e-05
36,2044,2,5_9,2.964e-05
36,2045,2,5_9,2.899e-05
36,2046,2,5_9,2.836e-05
36,2047,2,5_9,2.774e-05
36,2048,2,5_9,2.715e-05
36,2049,2,5_9,2.644e-05
36,2050,2,5_9,2.588e-05
36,2051,2,5_9,2.521e-05
36,2052,2,5_9,2.468e-05
36,2053,2,5_9,2.416e-05
36,2054,2,5_9,2.365e-05
36,2055,2,5_9,2.306e-05
36,2056,2,5_9,2.258e-05
36,2057,2,5_9,2.202e-05
36,2058,2,5_9,2.158e-05
36,2059,2,5_9,2.104e-05
36,2060,2,5_9,2.053e-05
36,2061,2,5_9,2.003e-05
36,2062,2,5_9,1.954e-05
36,2063,2,5_9,1.907e-05
36,2064,2,5_9,1.862e-05
36,2065,2,5_9,1.818e-05
36,2066,2,5_9,1.767e-05
36,2067,2,5_9,1.732e-05
36,2068,2,5_9,1.684e-05
36,2069,2,5_9,1.645e-05
36,2070,2,5_9,1.606e-05
36,2071,2,5_9,1.569e-05
36,2072,2,5_9,1.526e-05
36,2073,2,5_9,1.491e-05
36,2074,2,5_9,1.45e-05
36,2075,2,5_9,1.412e-05
36,2076,2,5_9,1.374e-05
36,2077,2,5_9,1.331e-05
36,2078,2,5_9,1.296e-05
36,2079,2,5_9,1.257e-05
36,2080,2,5_9,1.224e-05
36,2081,2,5_9,1.192e-05
36,2082,2,5_9,1.161e-05
36,2083,2,5_9,1.126e-05
36,2084,2,5_9,1.097e-05
36,2085,2,5_9,1.064e-05
36,2086,2,5_9,1.032e-05
36,2087,2,5_9,1.002e-05
36,2088,2,5_9,9.72e-06
36,2089,2,5_9,9.44e-06
36,2090,2,5_9,9.09e-06
36,2091,2,5_9,8.82e-06
36,2092,2,5_9,8.5e-06
36,2093,2,5_9,8.25e-06
36,2094,2,5_9,7.95e-06
36,2095,2,5_9,7.73e-06
36,2096,2,5_9,7.45e-06
36,2097,2,5_9,7.18e-06
36,2098,2,5_9,6.91e-06
36,2099,2,5_9,6.72e-06
36,2100,2,5_9,6.48e-06
554,2024,2,5_9,6.237e-05
554,2025,2,5_9,6.088e-05
554,2026,2,5_9,5.963e-05
554,2027,2,5_9,5.823e-05
554,2028,2,5_9,5.688e-05
554,2029,2,5_9,5.557e-05
554,2030,2,5_9,5.43e-05
554,2031,2,5_9,5.292e-05
554,2032,2,5_9,5.188e-05
554,2033,2,5_9,5.073e-05
554,2034,2,5_9,4.961e-05
554,2035,2,5_9,4.838e-05
554,2036,2,5_9,4.72e-05
554,2037,2,5_9,4.619e-05
554,2038,2,5_9,4.52e-05
554,2039,2,5_9,4.425e-05
554,2040,2,5_9,4.332e-05
554,2041,2,5_9,4.218e-05
554,2042,2,5_9,4.131e-05
554,2043,2,5_9,4.024e-05
554,2044,2,5_9,3.942e-05
554,2045,2,5_9,3.852e-05
554,2046,2,5_9,3.765e-05
554,2047,2,5_9,3.69e-05
554,2048,2,5_9,3.607e-05
554,2049,2,5_9,3.527e-05
554,2050,2,5_9,3.44e-05
554,2051,2,5_9,3.356e-05
554,2052,2,5_9,3.292e-05
554,2053,2,5_9,3.213e-05
554,2054,2,5_9,3.136e-05
554,2055,2,5_9,3.069e-05
554,2056,2,5_9,3.004e-05
554,2057,2,5_9,2.933e-05
554,2058,2,5_9,2.865e-05
554,2059,2,5_9,2.798e-05
554,2060,2,5_9,2.733e-05
554,2061,2,5_9,2.672e-05
554,2062,2,5_9,2.611e-05
554,2063,2,5_9,2.552e-05
554,2064,2,5_9,2.483e-05
554,2065,2,5_9,2.427e-05
554,2066,2,5_9,2.361e-05
554,2067,2,5_9,2.31e-05
554,2068,2,5_9,2.249e-05
554,2069,2,5_9,2.189e-05
554,2070,2,5_9,2.142e-05
554,2071,2,5_9,2.086e-05
554,2072,2,5_9,2.032e-05
554,2073,2,5_9,1.979e-05
554,2074,2,5_9,1.938e-05
554,2075,2,5_9,1.888e-05
554,2076,2,5_9,1.831e-05
554,2077,2,5_9,1.785e-05
554,2078,2,5_9,1.74e-05
554,2079,2,5_9,1.697e-05
554,2080,2,5_9,1.655e-05
554,2081,2,5_9,1.614e-05
554,2082,2,5_9,1.574e-05
554,2083,2,5_9,1.528e-05
554,2084,2,5_9,1.484e-05
554,2085,2,5_9,1.449e-05
554,2086,2,5_9,1.407e-05
554,2087,2,5_9,1.368e-05
554,2088,2,5_9,1.33e-05
554,2089,2,5_9,1.286e-05
554,2090,2,5_9,1.25e-05
554,2091,2,5_9,1.216e-05
554,2092,2,5_9,1.183e-05
554,2093,2,5_9,1.145e-05
554,2094,2,5_9,1.108e-05
554,2095,2,5_9,1.074e-05
554,2096,2,5_9,1.045e-05
554,2097,2,5_9,1.017e-05
554,2098,2,5_9,9.81e-06
554,2099,2,5_9,9.51e-06
554,2100,2,5_9,9.17e-06
242,2024,2,5_9,0.00034232
242,2025,2,5_9,0.00033452
242,2026,2,5_9,0.00032685
242,2027,2,5_9,0.00032115
242,2028,2,5_9,0.00031561
242,2029,2,5_9,0.00030956
242,2030,2,5_9,0.00030455
242,2031,2,5_9,0.00030007
242,2032,2,5_9,0.00029457
242,2033,2,5_9,0.00028952
242,2034,2,5_9,0.00028347
242,2035,2,5_9,0.00027806
242,2036,2,5_9,0.00027341
242,2037,2,5_9,0.00026827
242,2038,2,5_9,0.00026237
242,2039,2,5_9,0.00025867
242,2040,2,5_9,0.00025246
242,2041,2,5_9,0.00024721
242,2042,2,5_9,0.00024143
242,2043,2,5_9,0.00023717
242,2044,2,5_9,0.00023335
242,2045,2,5_9,0.00023101
242,2046,2,5_9,0.00022842
242,2047,2,5_9,0.00022486
242,2048,2,5_9,0.00022247
242,2049,2,5_9,0.00021977
242,2050,2,5_9,0.00021756
242,2051,2,5_9,0.00021467
242,2052,2,5_9,0.00021179
242,2053,2,5_9,0.00020887
242,2054,2,5_9,0.00020675
242,2055,2,5_9,0.00020456
242,2056,2,5_9,0.0002026
242,2057,2,5_9,0.00020003
242,2058,2,5_9,0.0001981
242,2059,2,5_9,0.00019562
242,2060,2,5_9,0.00019404
242,2061,2,5_9,0.00019233
242,2062,2,5_9,0.0001925
242,2063,2,5_9,0.00019236
242,2064,2,5_9,0.00019244
242,2065,2,5_9,0.00019228
242,2066,2,5_9,0.00019303
242,2067,2,5_9,0.00019338
242,2068,2,5_9,0.00019359
242,2069,2,5_9,0.00019421
242,2070,2,5_9,0.00019453
242,2071,2,5_9,0.00019524
242,2072,2,5_9,0.00019583
242,2073,2,5_9,0.00019602
242,2074,2,5_9,0.00019634
242,2075,2,5_9,0.00019678
242,2076,2,5_9,0.00019691
242,2077,2,5_9,0.00019735
242,2078,2,5_9,0.00019749
242,2079,2,5_9,0.00019787
242,2080,2,5_9,0.00019826
242,2081,2,5_9,0.00019838
242,2082,2,5_9,0.00019901
242,2083,2,5_9,0.00019946
242,2084,2,5_9,0.00020019
242,2085,2,5_9,0.00020078
242,2086,2,5_9,0.00020124
242,2087,2,5_9,0.00020172
242,2088,2,5_9,0.00020233
242,2089,2,5_9,0.00020288
242,2090,2,5_9,0.00020337
242,2091,2,5_9,0.00020393
242,2092,2,5_9,0.0002044
242,2093,2,5_9,0.00020485
242,2094,2,5_9,0.00020543
242,2095,2,5_9,0.00020587
242,2096,2,5_9,0.00020645
242,2097,2,5_9,0.00020719
242,2098,2,5_9,0.00020742
242,2099,2,5_9,0.00020803
242,2100,2,5_9,0.00020854
540,2024,2,5_9,0.00012458
540,2025,2,5_9,0.00012228
540,2026,2,5_9,0.00011971
540,2027,2,5_9,0.00011738
540,2028,2,5_9,0.00011491
540,2029,2,5_9,0.00011265
540,2030,2,5_9,0.00011064
540,2031,2,5_9,0.00010854
540,2032,2,5_9,0.00010662
540,2033,2,5_9,0.00010437
540,2034,2,5_9,0.00010228
540,2035,2,5_9,0.00010058
540,2036,2,5_9,9.875e-05
540,2037,2,5_9,9.692e-05
540,2038,2,5_9,9.516e-05
540,2039,2,5_9,9.332e-05
540,2040,2,5_9,9.153e-05
540,2041,2,5_9,8.99e-05
540,2042,2,5_9,8.833e-05
540,2043,2,5_9,8.672e-05
540,2044,2,5_9,8.528e-05
540,2045,2,5_9,8.388e-05
540,2046,2,5_9,8.254e-05
540,2047,2,5_9,8.105e-05
540,2048,2,5_9,7.971e-05
540,2049,2,5_9,7.849e-05
540,2050,2,5_9,7.721e-05
540,2051,2,5_9,7.602e-05
540,2052,2,5_9,7.472e-05
540,2053,2,5_9,7.351e-05
540,2054,2,5_9,7.235e-05
540,2055,2,5_9,7.126e-05
540,2056,2,5_9,7.007e-05
540,2057,2,5_9,6.911e-05
540,2058,2,5_9,6.807e-05
540,2059,2,5_9,6.711e-05
540,2060,2,5_9,6.613e-05
540,2061,2,5_9,6.519e-05
540,2062,2,5_9,6.421e-05
540,2063,2,5_9,6.335e-05
540,2064,2,5_9,6.242e-05
540,2065,2,5_9,6.15e-05
540,2066,2,5_9,6.063e-05
540,2067,2,5_9,5.964e-05
540,2068,2,5_9,5.876e-05
540,2069,2,5_9,5.8e-05
540,2070,2,5_9,5.717e-05
540,2071,2,5_9,5.633e-05
540,2072,2,5_9,5.55e-05
540,2073,2,5_9,5.472e-05
540,2074,2,5_9,5.389e-05
540,2075,2,5_9,5.309e-05
540,2076,2,5_9,5.23e-05
540,2077,2,5_9,5.164e-05
540,2078,2,5_9,5.095e-05
540,2079,2,5_9,5.032e-05
540,2080,2,5_9,4.973e-05
540,2081,2,5_9,4.906e-05
540,2082,2,5_9,4.846e-05
540,2083,2,5_9,4.786e-05
540,2084,2,5_9,4.715e-05
540,2085,2,5_9,4.656e-05
540,2086,2,5_9,4.597e-05
540,2087,2,5_9,4.544e-05
540,2088,2,5_9,4.489e-05
540,2089,2,5_9,4.43e-05
540,2090,2,5_9,4.376e-05
540,2091,2,5_9,4.321e-05
540,2092,2,5_9,4.266e-05
540,2093,2,5_9,4.214e-05
540,2094,2,5_9,4.159e-05
540,2095,2,5_9,4.105e-05
540,2096,2,5_9,4.047e-05
540,2097,2,5_9,3.995e-05
540,2098,2,5_9,3.945e-05
540,2099,2,5_9,3.896e-05
540,2100,2,5_9,3.848e-05
598,2024,2,5_9,0.00083456
598,2025,2,5_9,0.00081491
598,2026,2,5_9,0.00079706
598,2027,2,5_9,0.00077784
598,2028,2,5_9,0.00075968
598,2029,2,5_9,0.00074236
598,2030,2,5_9,0.0007262
598,2031,2,5_9,0.00071083
598,2032,2,5_9,0.00069492
598,2033,2,5_9,0.0006801
598,2034,2,5_9,0.00066521
598,2035,2,5_9,0.00065201
598,2036,2,5_9,0.000637
598,2037,2,5_9,0.00062363
598,2038,2,5_9,0.00060944
598,2039,2,5_9,0.0005966
598,2040,2,5_9,0.00058302
598,2041,2,5_9,0.00056936
598,2042,2,5_9,0.0005582
598,2043,2,5_9,0.00054713
598,2044,2,5_9,0.00053404
598,2045,2,5_9,0.00052171
598,2046,2,5_9,0.00051133
598,2047,2,5_9,0.00049751
598,2048,2,5_9,0.00048585
598,2049,2,5_9,0.00047592
598,2050,2,5_9,0.00046507
598,2051,2,5_9,0.00045414
598,2052,2,5_9,0.00044345
598,2053,2,5_9,0.0004331
598,2054,2,5_9,0.00042345
598,2055,2,5_9,0.00041274
598,2056,2,5_9,0.00040327
598,2057,2,5_9,0.00039409
598,2058,2,5_9,0.00038412
598,2059,2,5_9,0.00037544
598,2060,2,5_9,0.00036611
598,2061,2,5_9,0.0003581
598,2062,2,5_9,0.00034938
598,2063,2,5_9,0.00034068
598,2064,2,5_9,0.00033293
598,2065,2,5_9,0.00032483
598,2066,2,5_9,0.00031687
598,2067,2,5_9,0.00030897
598,2068,2,5_9,0.0003014
598,2069,2,5_9,0.00029342
598,2070,2,5_9,0.00028636
598,2071,2,5_9,0.00027925
598,2072,2,5_9,0.00027277
598,2073,2,5_9,0.0002664
598,2074,2,5_9,0.0002595
598,2075,2,5_9,0.00025359
598,2076,2,5_9,0.00024907
598,2077,2,5_9,0.00024488
598,2078,2,5_9,0.00024047
598,2079,2,5_9,0.00023604
598,2080,2,5_9,0.00023145
598,2081,2,5_9,0.00022693
598,2082,2,5_9,0.00022289
598,2083,2,5_9,0.00021906
598,2084,2,5_9,0.00021481
598,2085,2,5_9,0.00021156
598,2086,2,5_9,0.00020842
598,2087,2,5_9,0.00020504
598,2088,2,5_9,0.00020183
598,2089,2,5_9,0.00019875
598,2090,2,5_9,0.0001956
598,2091,2,5_9,0.00019282
598,2092,2,5_9,0.00018984
598,2093,2,5_9,0.00018681
598,2094,2,5_9,0.00018413
598,2095,2,5_9,0.00018133
598,2096,2,5_9,0.00017845
598,2097,2,5_9,0.00017594
598,2098,2,5_9,0.0001735
598,2099,2,5_9,0.00017121
598,2100,2,5_9,0.00016867
90,2024,2,5_9,0.00062938
90,2025,2,5_9,0.00060659
90,2026,2,5_9,0.00058418
90,2027,2,5_9,0.00056155
90,2028,2,5_9,0.00054108
90,2029,2,5_9,0.00051937
90,2030,2,5_9,0.00050308
90,2031,2,5_9,0.00048864
90,2032,2,5_9,0.00047323
90,2033,2,5_9,0.0004597
90,2034,2,5_9,0.00044656
90,2035,2,5_9,0.00043285
90,2036,2,5_9,0.00042044
90,2037,2,5_9,0.00040865
90,2038,2,5_9,0.0003962
90,2039,2,5_9,0.00038509
90,2040,2,5_9,0.00037411
90,2041,2,5_9,0.00036294
90,2042,2,5_9,0.00035444
90,2043,2,5_9,0.00034586
90,2044,2,5_9,0.00033835
90,2045,2,5_9,0.00033077
90,2046,2,5_9,0.00032324
90,2047,2,5_9,0.00031615
90,2048,2,5_9,0.00030871
90,2049,2,5_9,0.00030153
90,2050,2,5_9,0.0002953
90,2051,2,5_9,0.00028884
90,2052,2,5_9,0.00028205
90,2053,2,5_9,0.00027559
90,2054,2,5_9,0.00026954
90,2055,2,5_9,0.00026352
90,2056,2,5_9,0.00025785
90,2057,2,5_9,0.00025265
90,2058,2,5_9,0.0002469
90,2059,2,5_9,0.00024183
90,2060,2,5_9,0.00023695
90,2061,2,5_9,0.00023232
90,2062,2,5_9,0.00022757
90,2063,2,5_9,0.0002232
90,2064,2,5_9,0.00021889
90,2065,2,5_9,0.00021449
90,2066,2,5_9,0.00021055
90,2067,2,5_9,0.00020628
90,2068,2,5_9,0.00020215
90,2069,2,5_9,0.00019826
90,2070,2,5_9,0.00019455
90,2071,2,5_9,0.00019097
90,2072,2,5_9,0.00018777
90,2073,2,5_9,0.00018439
90,2074,2,5_9,0.00018145
90,2075,2,5_9,0.00017854
90,2076,2,5_9,0.00017543
90,2077,2,5_9,0.00017248
90,2078,2,5_9,0.00016973
90,2079,2,5_9,0.00016685
90,2080,2,5_9,0.00016421
90,2081,2,5_9,0.00016176
90,2082,2,5_9,0.00015915
90,2083,2,5_9,0.00015675
90,2084,2,5_9,0.00015454
90,2085,2,5_9,0.00015226
90,2086,2,5_9,0.00015002
90,2087,2,5_9,0.00014797
90,2088,2,5_9,0.0001459
90,2089,2,5_9,0.00014394
90,2090,2,5_9,0.00014187
90,2091,2,5_9,0.00013986
90,2092,2,5_9,0.00013797
90,2093,2,5_9,0.00013625
90,2094,2,5_9,0.00013431
90,2095,2,5_9,0.0001326
90,2096,2,5_9,0.00013071
90,2097,2,5_9,0.00012893
90,2098,2,5_9,0.00012716
90,2099,2,5_9,0.00012553
90,2100,2,5_9,0.00012381
548,2024,2,5_9,0.00039719
548,2025,2,5_9,0.00038108
548,2026,2,5_9,0.000365
548,2027,2,5_9,0.00035348
548,2028,2,5_9,0.000342
548,2029,2,5_9,0.00033355
548,2030,2,5_9,0.00032509
548,2031,2,5_9,0.00031721
548,2032,2,5_9,0.00030926
548,2033,2,5_9,0.00030169
548,2034,2,5_9,0.00029492
548,2035,2,5_9,0.00028772
548,2036,2,5_9,0.00028101
548,2037,2,5_9,0.00027419
548,2038,2,5_9,0.00026728
548,2039,2,5_9,0.00026118
548,2040,2,5_9,0.00025563
548,2041,2,5_9,0.00024955
548,2042,2,5_9,0.00024396
548,2043,2,5_9,0.00023816
548,2044,2,5_9,0.0002324
548,2045,2,5_9,0.00022697
548,2046,2,5_9,0.00022189
548,2047,2,5_9,0.00021722
548,2048,2,5_9,0.00021231
548,2049,2,5_9,0.00020769
548,2050,2,5_9,0.00020349
548,2051,2,5_9,0.00019962
548,2052,2,5_9,0.00019544
548,2053,2,5_9,0.00019156
548,2054,2,5_9,0.0001874
548,2055,2,5_9,0.00018353
548,2056,2,5_9,0.00017978
548,2057,2,5_9,0.00017609
548,2058,2,5_9,0.00017268
548,2059,2,5_9,0.00016922
548,2060,2,5_9,0.00016614
548,2061,2,5_9,0.00016315
548,2062,2,5_9,0.00016027
548,2063,2,5_9,0.00015752
548,2064,2,5_9,0.00015485
548,2065,2,5_9,0.00015239
548,2066,2,5_9,0.00014992
548,2067,2,5_9,0.00014763
548,2068,2,5_9,0.00014532
548,2069,2,5_9,0.00014293
548,2070,2,5_9,0.00014057
548,2071,2,5_9,0.0001382
548,2072,2,5_9,0.00013606
548,2073,2,5_9,0.00013405
548,2074,2,5_9,0.00013184
548,2075,2,5_9,0.00012974
548,2076,2,5_9,0.00012782
548,2077,2,5_9,0.00012599
548,2078,2,5_9,0.00012423
548,2079,2,5_9,0.00012226
548,2080,2,5_9,0.00012046
548,2081,2,5_9,0.00011854
548,2082,2,5_9,0.00011689
548,2083,2,5_9,0.00011519
548,2084,2,5_9,0.0001135
548,2085,2,5_9,0.00011198
548,2086,2,5_9,0.00011045
548,2087,2,5_9,0.00010878
548,2088,2,5_9,0.00010717
548,2089,2,5_9,0.0001058
548,2090,2,5_9,0.0001043
548,2091,2,5_9,0.00010287
548,2092,2,5_9,0.00010142
548,2093,2,5_9,9.992e-05
548,2094,2,5_9,9.851e-05
548,2095,2,5_9,9.716e-05
548,2096,2,5_9,9.586e-05
548,2097,2,5_9,9.462e-05
548,2098,2,5_9,9.344e-05
548,2099,2,5_9,9.216e-05
548,2100,2,5_9,9.11e-05
316,2024,2,5_9,0.00012683
316,2025,2,5_9,0.00012447
316,2026,2,5_9,0.00012238
316,2027,2,5_9,0.00012041
316,2028,2,5_9,0.00011836
316,2029,2,5_9,0.00011647
316,2030,2,5_9,0.0001145
316,2031,2,5_9,0.00011273
316,2032,2,5_9,0.00011105
316,2033,2,5_9,0.00010936
316,2034,2,5_9,0.00010785
316,2035,2,5_9,0.00010629
316,2036,2,5_9,0.00010474
316,2037,2,5_9,0.00010327
316,2038,2,5_9,0.00010162
316,2039,2,5_9,9.996e-05
316,2040,2,5_9,9.847e-05
316,2041,2,5_9,9.7e-05
316,2042,2,5_9,9.538e-05
316,2043,2,5_9,9.406e-05
316,2044,2,5_9,9.276e-05
316,2045,2,5_9,9.137e-05
316,2046,2,5_9,9.006e-05
316,2047,2,5_9,8.872e-05
316,2048,2,5_9,8.745e-05
316,2049,2,5_9,8.617e-05
316,2050,2,5_9,8.489e-05
316,2051,2,5_9,8.371e-05
316,2052,2,5_9,8.263e-05
316,2053,2,5_9,8.146e-05
316,2054,2,5_9,8.027e-05
316,2055,2,5_9,7.908e-05
316,2056,2,5_9,7.807e-05
316,2057,2,5_9,7.703e-05
316,2058,2,5_9,7.605e-05
316,2059,2,5_9,7.503e-05
316,2060,2,5_9,7.397e-05
316,2061,2,5_9,7.299e-05
316,2062,2,5_9,7.203e-05
316,2063,2,5_9,7.118e-05
316,2064,2,5_9,7.025e-05
316,2065,2,5_9,6.93e-05
316,2066,2,5_9,6.836e-05
316,2067,2,5_9,6.727e-05
316,2068,2,5_9,6.632e-05
316,2069,2,5_9,6.538e-05
316,2070,2,5_9,6.451e-05
316,2071,2,5_9,6.363e-05
316,2072,2,5_9,6.273e-05
316,2073,2,5_9,6.184e-05
316,2074,2,5_9,6.11e-05
316,2075,2,5_9,6.026e-05
316,2076,2,5_9,5.945e-05
316,2077,2,5_9,5.864e-05
316,2078,2,5_9,5.788e-05
316,2079,2,5_9,5.713e-05
316,2080,2,5_9,5.634e-05
316,2081,2,5_9,5.559e-05
316,2082,2,5_9,5.481e-05
316,2083,2,5_9,5.406e-05
316,2084,2,5_9,5.33e-05
316,2085,2,5_9,5.244e-05
316,2086,2,5_9,5.171e-05
316,2087,2,5_9,5.099e-05
316,2088,2,5_9,5.025e-05
316,2089,2,5_9,4.953e-05
316,2090,2,5_9,4.884e-05
316,2091,2,5_9,4.806e-05
316,2092,2,5_9,4.74e-05
316,2093,2,5_9,4.672e-05
316,2094,2,5_9,4.611e-05
316,2095,2,5_9,4.553e-05
316,2096,2,5_9,4.49e-05
316,2097,2,5_9,4.429e-05
316,2098,2,5_9,4.365e-05
316,2099,2,5_9,4.308e-05
316,2100,2,5_9,4.251e-05
296,2024,2,5_9,0.0008926
296,2025,2,5_9,0.00087446
296,2026,2,5_9,0.00085532
296,2027,2,5_9,0.00083649
296,2028,2,5_9,0.00081822
296,2029,2,5_9,0.00080132
296,2030,2,5_9,0.00078318
296,2031,2,5_9,0.00076632
296,2032,2,5_9,0.00074933
296,2033,2,5_9,0.00073276
296,2034,2,5_9,0.00071602
296,2035,2,5_9,0.00069959
296,2036,2,5_9,0.00068386
296,2037,2,5_9,0.00066938
296,2038,2,5_9,0.00065493
296,2039,2,5_9,0.00063998
296,2040,2,5_9,0.00062589
296,2041,2,5_9,0.00061247
296,2042,2,5_9,0.0005992
296,2043,2,5_9,0.00058623
296,2044,2,5_9,0.0005729
296,2045,2,5_9,0.00056111
296,2046,2,5_9,0.00054841
296,2047,2,5_9,0.0005369
296,2048,2,5_9,0.0005245
296,2049,2,5_9,0.00051182
296,2050,2,5_9,0.00050019
296,2051,2,5_9,0.00048914
296,2052,2,5_9,0.0004783
296,2053,2,5_9,0.0004677
296,2054,2,5_9,0.00045566
296,2055,2,5_9,0.00044497
296,2056,2,5_9,0.00043425
296,2057,2,5_9,0.00042385
296,2058,2,5_9,0.00041469
296,2059,2,5_9,0.00040531
296,2060,2,5_9,0.00039629
296,2061,2,5_9,0.00038683
296,2062,2,5_9,0.00037881
296,2063,2,5_9,0.00037074
296,2064,2,5_9,0.00036201
296,2065,2,5_9,0.00035396
296,2066,2,5_9,0.00034603
296,2067,2,5_9,0.00033787
296,2068,2,5_9,0.00033011
296,2069,2,5_9,0.00032199
296,2070,2,5_9,0.00031383
296,2071,2,5_9,0.00030699
296,2072,2,5_9,0.00030038
296,2073,2,5_9,0.00029368
296,2074,2,5_9,0.00028645
296,2075,2,5_9,0.0002802
296,2076,2,5_9,0.00027535
296,2077,2,5_9,0.00027078
296,2078,2,5_9,0.00026707
296,2079,2,5_9,0.00026324
296,2080,2,5_9,0.00025976
296,2081,2,5_9,0.00025626
296,2082,2,5_9,0.00025284
296,2083,2,5_9,0.00024925
296,2084,2,5_9,0.0002459
296,2085,2,5_9,0.00024271
296,2086,2,5_9,0.00023935
296,2087,2,5_9,0.00023627
296,2088,2,5_9,0.00023284
296,2089,2,5_9,0.00022967
296,2090,2,5_9,0.00022658
296,2091,2,5_9,0.00022364
296,2092,2,5_9,0.00022071
296,2093,2,5_9,0.00021802
296,2094,2,5_9,0.00021483
296,2095,2,5_9,0.00021211
296,2096,2,5_9,0.00020919
296,2097,2,5_9,0.00020664
296,2098,2,5_9,0.0002042
296,2099,2,5_9,0.0002017
296,2100,2,5_9,0.00019956
584,2024,2,5_9,0.0007891
584,2025,2,5_9,0.00077032
584,2026,2,5_9,0.00075217
584,2027,2,5_9,0.00073244
584,2028,2,5_9,0.00071615
584,2029,2,5_9,0.00070025
584,2030,2,5_9,0.00068596
584,2031,2,5_9,0.00067042
584,2032,2,5_9,0.00065357
584,2033,2,5_9,0.00063899
584,2034,2,5_9,0.0006244
584,2035,2,5_9,0.00060856
584,2036,2,5_9,0.000594
584,2037,2,5_9,0.00057872
584,2038,2,5_9,0.00056563
584,2039,2,5_9,0.00055143
584,2040,2,5_9,0.00053682
584,2041,2,5_9,0.00052307
584,2042,2,5_9,0.00050942
584,2043,2,5_9,0.00049803
584,2044,2,5_9,0.00048503
584,2045,2,5_9,0.00047382
584,2046,2,5_9,0.00046152
584,2047,2,5_9,0.00044964
584,2048,2,5_9,0.00043696
584,2049,2,5_9,0.0004263
584,2050,2,5_9,0.00041477
584,2051,2,5_9,0.0004047
584,2052,2,5_9,0.00039461
584,2053,2,5_9,0.00038444
584,2054,2,5_9,0.00037487
584,2055,2,5_9,0.00036515
584,2056,2,5_9,0.00035629
584,2057,2,5_9,0.00034709
584,2058,2,5_9,0.00033755
584,2059,2,5_9,0.00032875
584,2060,2,5_9,0.0003201
584,2061,2,5_9,0.00031206
584,2062,2,5_9,0.00030414
584,2063,2,5_9,0.00029687
584,2064,2,5_9,0.00028889
584,2065,2,5_9,0.00028246
584,2066,2,5_9,0.00027557
584,2067,2,5_9,0.00026958
584,2068,2,5_9,0.00026455
584,2069,2,5_9,0.00025902
584,2070,2,5_9,0.00025421
584,2071,2,5_9,0.0002497
584,2072,2,5_9,0.00024519
584,2073,2,5_9,0.00024093
584,2074,2,5_9,0.00023674
584,2075,2,5_9,0.00023227
584,2076,2,5_9,0.00022855
584,2077,2,5_9,0.00022537
584,2078,2,5_9,0.00022221
584,2079,2,5_9,0.0002188
584,2080,2,5_9,0.00021613
584,2081,2,5_9,0.00021286
584,2082,2,5_9,0.00020957
584,2083,2,5_9,0.0002069
584,2084,2,5_9,0.00020393
584,2085,2,5_9,0.0002012
584,2086,2,5_9,0.00019854
584,2087,2,5_9,0.00019586
584,2088,2,5_9,0.00019302
584,2089,2,5_9,0.0001909
584,2090,2,5_9,0.0001885
584,2091,2,5_9,0.00018622
584,2092,2,5_9,0.00018377
584,2093,2,5_9,0.00018174
584,2094,2,5_9,0.0001801
584,2095,2,5_9,0.00017809
584,2096,2,5_9,0.0001758
584,2097,2,5_9,0.00017393
584,2098,2,5_9,0.00017203
584,2099,2,5_9,0.00017038
584,2100,2,5_9,0.00016865
583,2024,2,5_9,0.00062133
583,2025,2,5_9,0.00060573
583,2026,2,5_9,0.00058957
583,2027,2,5_9,0.00057404
583,2028,2,5_9,0.00055756
583,2029,2,5_9,0.00054354
583,2030,2,5_9,0.00052886
583,2031,2,5_9,0.00051541
583,2032,2,5_9,0.00050235
583,2033,2,5_9,0.00048963
583,2034,2,5_9,0.00047614
583,2035,2,5_9,0.00046508
583,2036,2,5_9,0.0004515
583,2037,2,5_9,0.00043938
583,2038,2,5_9,0.00042647
583,2039,2,5_9,0.00041398
583,2040,2,5_9,0.00040308
583,2041,2,5_9,0.00039126
583,2042,2,5_9,0.00038023
583,2043,2,5_9,0.0003694
583,2044,2,5_9,0.00035971
583,2045,2,5_9,0.00034838
583,2046,2,5_9,0.00033848
583,2047,2,5_9,0.00032984
583,2048,2,5_9,0.00031959
583,2049,2,5_9,0.00031155
583,2050,2,5_9,0.00030224
583,2051,2,5_9,0.00029272
583,2052,2,5_9,0.00028511
583,2053,2,5_9,0.00027898
583,2054,2,5_9,0.00027236
583,2055,2,5_9,0.00026638
583,2056,2,5_9,0.00026024
583,2057,2,5_9,0.00025402
583,2058,2,5_9,0.00024825
583,2059,2,5_9,0.000243
583,2060,2,5_9,0.00023746
583,2061,2,5_9,0.00023204
583,2062,2,5_9,0.00022693
583,2063,2,5_9,0.00022206
583,2064,2,5_9,0.00021775
583,2065,2,5_9,0.00021297
583,2066,2,5_9,0.00020858
583,2067,2,5_9,0.00020472
583,2068,2,5_9,0.00020035
583,2069,2,5_9,0.0001963
583,2070,2,5_9,0.00019242
583,2071,2,5_9,0.00018838
583,2072,2,5_9,0.0001849
583,2073,2,5_9,0.00018253
583,2074,2,5_9,0.00018019
583,2075,2,5_9,0.0001779
583,2076,2,5_9,0.00017571
583,2077,2,5_9,0.00017347
583,2078,2,5_9,0.00017124
583,2079,2,5_9,0.00016884
583,2080,2,5_9,0.00016685
583,2081,2,5_9,0.00016475
583,2082,2,5_9,0.00016287
583,2083,2,5_9,0.00016079
583,2084,2,5_9,0.00015881
583,2085,2,5_9,0.00015694
583,2086,2,5_9,0.00015509
583,2087,2,5_9,0.00015331
583,2088,2,5_9,0.00015139
583,2089,2,5_9,0.00014958
583,2090,2,5_9,0.00014775
583,2091,2,5_9,0.00014621
583,2092,2,5_9,0.0001445
583,2093,2,5_9,0.00014333
583,2094,2,5_9,0.00014181
583,2095,2,5_9,0.00014034
583,2096,2,5_9,0.000139
583,2097,2,5_9,0.00013762
583,2098,2,5_9,0.00013619
583,2099,2,5_9,0.00013486
583,2100,2,5_9,0.00013337
520,2024,2,5_9,0.0013491
520,2025,2,5_9,0.00132174
520,2026,2,5_9,0.00129374
520,2027,2,5_9,0.00126571
520,2028,2,5_9,0.00123895
520,2029,2,5_9,0.00121384
520,2030,2,5_9,0.00118732
520,2031,2,5_9,0.00116288
520,2032,2,5_9,0.00113642
520,2033,2,5_9,0.00111118
520,2034,2,5_9,0.00108682
520,2035,2,5_9,0.00106498
520,2036,2,5_9,0.00104081
520,2037,2,5_9,0.00101782
520,2038,2,5_9,0.00099563
520,2039,2,5_9,0.00097291
520,2040,2,5_9,0.00095056
520,2041,2,5_9,0.0009279
520,2042,2,5_9,0.00090695
520,2043,2,5_9,0.0008867
520,2044,2,5_9,0.00086589
520,2045,2,5_9,0.00084691
520,2046,2,5_9,0.00082824
520,2047,2,5_9,0.00080913
520,2048,2,5_9,0.00078963
520,2049,2,5_9,0.00077185
520,2050,2,5_9,0.00075465
520,2051,2,5_9,0.00073539
520,2052,2,5_9,0.00071869
520,2053,2,5_9,0.0007005
520,2054,2,5_9,0.00068322
520,2055,2,5_9,0.00066592
520,2056,2,5_9,0.00065027
520,2057,2,5_9,0.00063362
520,2058,2,5_9,0.00061854
520,2059,2,5_9,0.00060449
520,2060,2,5_9,0.00058884
520,2061,2,5_9,0.00057347
520,2062,2,5_9,0.00055978
520,2063,2,5_9,0.00054759
520,2064,2,5_9,0.0005345
520,2065,2,5_9,0.00052128
520,2066,2,5_9,0.00050778
520,2067,2,5_9,0.00049371
520,2068,2,5_9,0.0004809
520,2069,2,5_9,0.00046852
520,2070,2,5_9,0.00045633
520,2071,2,5_9,0.00044483
520,2072,2,5_9,0.00043309
520,2073,2,5_9,0.00042196
520,2074,2,5_9,0.00040991
520,2075,2,5_9,0.00039911
520,2076,2,5_9,0.00038736
520,2077,2,5_9,0.00037754
520,2078,2,5_9,0.00036658
520,2079,2,5_9,0.00035577
520,2080,2,5_9,0.00034641
520,2081,2,5_9,0.00033642
520,2082,2,5_9,0.00032674
520,2083,2,5_9,0.00031759
520,2084,2,5_9,0.00030926
520,2085,2,5_9,0.00030064
520,2086,2,5_9,0.00029109
520,2087,2,5_9,0.00028257
520,2088,2,5_9,0.00027473
520,2089,2,5_9,0.00026689
520,2090,2,5_9,0.00025856
520,2091,2,5_9,0.00025054
520,2092,2,5_9,0.0002442
520,2093,2,5_9,0.00023653
520,2094,2,5_9,0.00023021
520,2095,2,5_9,0.00022385
520,2096,2,5_9,0.00021691
520,2097,2,5_9,0.00021019
520,2098,2,5_9,0.00020441
520,2099,2,5_9,0.00019795
520,2100,2,5_9,0.00019176
580,2024,2,5_9,0.00011346
580,2025,2,5_9,0.00011136
580,2026,2,5_9,0.00010937
580,2027,2,5_9,0.00010751
580,2028,2,5_9,0.00010564
580,2029,2,5_9,0.0001037
580,2030,2,5_9,0.00010203
580,2031,2,5_9,0.00010011
580,2032,2,5_9,9.836e-05
580,2033,2,5_9,9.658e-05
580,2034,2,5_9,9.5e-05
580,2035,2,5_9,9.338e-05
580,2036,2,5_9,9.173e-05
580,2037,2,5_9,9.034e-05
580,2038,2,5_9,8.881e-05
580,2039,2,5_9,8.736e-05
580,2040,2,5_9,8.595e-05
580,2041,2,5_9,8.464e-05
580,2042,2,5_9,8.329e-05
580,2043,2,5_9,8.219e-05
580,2044,2,5_9,8.097e-05
580,2045,2,5_9,7.982e-05
580,2046,2,5_9,7.871e-05
580,2047,2,5_9,7.749e-05
580,2048,2,5_9,7.634e-05
580,2049,2,5_9,7.533e-05
580,2050,2,5_9,7.42e-05
580,2051,2,5_9,7.314e-05
580,2052,2,5_9,7.203e-05
580,2053,2,5_9,7.092e-05
580,2054,2,5_9,6.998e-05
580,2055,2,5_9,6.896e-05
580,2056,2,5_9,6.803e-05
580,2057,2,5_9,6.714e-05
580,2058,2,5_9,6.608e-05
580,2059,2,5_9,6.523e-05
580,2060,2,5_9,6.426e-05
580,2061,2,5_9,6.345e-05
580,2062,2,5_9,6.268e-05
580,2063,2,5_9,6.188e-05
580,2064,2,5_9,6.105e-05
580,2065,2,5_9,6.024e-05
580,2066,2,5_9,5.944e-05
580,2067,2,5_9,5.857e-05
580,2068,2,5_9,5.784e-05
580,2069,2,5_9,5.709e-05
580,2070,2,5_9,5.626e-05
580,2071,2,5_9,5.556e-05
580,2072,2,5_9,5.484e-05
580,2073,2,5_9,5.421e-05
580,2074,2,5_9,5.345e-05
580,2075,2,5_9,5.283e-05
580,2076,2,5_9,5.223e-05
580,2077,2,5_9,5.163e-05
580,2078,2,5_9,5.099e-05
580,2079,2,5_9,5.027e-05
580,2080,2,5_9,4.965e-05
580,2081,2,5_9,4.911e-05
580,2082,2,5_9,4.861e-05
580,2083,2,5_9,4.807e-05
580,2084,2,5_9,4.751e-05
580,2085,2,5_9,4.702e-05
580,2086,2,5_9,4.65e-05
580,2087,2,5_9,4.588e-05
580,2088,2,5_9,4.533e-05
580,2089,2,5_9,4.478e-05
580,2090,2,5_9,4.429e-05
580,2091,2,5_9,4.378e-05
580,2092,2,5_9,4.328e-05
580,2093,2,5_9,4.278e-05
580,2094,2,5_9,4.23e-05
580,2095,2,5_9,4.185e-05
580,2096,2,5_9,4.137e-05
580,2097,2,5_9,4.091e-05
580,2098,2,5_9,4.045e-05
580,2099,2,5_9,3.985e-05
580,2100,2,5_9,3.937e-05
585,2024,2,5_9,0.00055923
585,2025,2,5_9,0.00054465
585,2026,2,5_9,0.00053009
585,2027,2,5_9,0.00051551
585,2028,2,5_9,0.00050051
585,2029,2,5_9,0.00048794
585,2030,2,5_9,0.00047508
585,2031,2,5_9,0.00046163
585,2032,2,5_9,0.00044934
585,2033,2,5_9,0.000436
585,2034,2,5_9,0.00042296
585,2035,2,5_9,0.00041119
585,2036,2,5_9,0.0003975
585,2037,2,5_9,0.00038674
585,2038,2,5_9,0.0003754
585,2039,2,5_9,0.00036529
585,2040,2,5_9,0.0003531
585,2041,2,5_9,0.00034242
585,2042,2,5_9,0.00033203
585,2043,2,5_9,0.0003221
585,2044,2,5_9,0.00031241
585,2045,2,5_9,0.00030189
585,2046,2,5_9,0.00029375
585,2047,2,5_9,0.00028573
585,2048,2,5_9,0.00027806
585,2049,2,5_9,0.00027127
585,2050,2,5_9,0.00026465
585,2051,2,5_9,0.0002576
585,2052,2,5_9,0.00025241
585,2053,2,5_9,0.00024791
585,2054,2,5_9,0.00024354
585,2055,2,5_9,0.00023915
585,2056,2,5_9,0.00023447
585,2057,2,5_9,0.00023018
585,2058,2,5_9,0.00022613
585,2059,2,5_9,0.00022221
585,2060,2,5_9,0.00021827
585,2061,2,5_9,0.00021392
585,2062,2,5_9,0.00020989
585,2063,2,5_9,0.0002062
585,2064,2,5_9,0.00020253
585,2065,2,5_9,0.00019863
585,2066,2,5_9,0.00019501
585,2067,2,5_9,0.0001911
585,2068,2,5_9,0.00018743
585,2069,2,5_9,0.00018404
585,2070,2,5_9,0.00018051
585,2071,2,5_9,0.00017682
585,2072,2,5_9,0.00017345
585,2073,2,5_9,0.00017045
585,2074,2,5_9,0.00016721
585,2075,2,5_9,0.0001641
585,2076,2,5_9,0.00016133
585,2077,2,5_9,0.00015822
585,2078,2,5_9,0.00015521
585,2079,2,5_9,0.00015253
585,2080,2,5_9,0.00014968
585,2081,2,5_9,0.00014687
585,2082,2,5_9,0.0001444
585,2083,2,5_9,0.00014166
585,2084,2,5_9,0.00013889
585,2085,2,5_9,0.00013632
585,2086,2,5_9,0.00013381
585,2087,2,5_9,0.00013136
585,2088,2,5_9,0.00012892
585,2089,2,5_9,0.00012683
585,2090,2,5_9,0.0001245
585,2091,2,5_9,0.00012238
585,2092,2,5_9,0.0001205
585,2093,2,5_9,0.00011863
585,2094,2,5_9,0.0001169
585,2095,2,5_9,0.00011499
585,2096,2,5_9,0.00011335
585,2097,2,5_9,0.00011145
585,2098,2,5_9,0.00010967
585,2099,2,5_9,0.00010792
585,2100,2,5_9,0.00010612
16,2024,2,5_9,0.00011643
16,2025,2,5_9,0.00011409
16,2026,2,5_9,0.0001118
16,2027,2,5_9,0.00010948
16,2028,2,5_9,0.00010732
16,2029,2,5_9,0.00010499
16,2030,2,5_9,0.00010278
16,2031,2,5_9,0.00010076
16,2032,2,5_9,9.894e-05
16,2033,2,5_9,9.692e-05
16,2034,2,5_9,9.51e-05
16,2035,2,5_9,9.324e-05
16,2036,2,5_9,9.122e-05
16,2037,2,5_9,8.941e-05
16,2038,2,5_9,8.768e-05
16,2039,2,5_9,8.592e-05
16,2040,2,5_9,8.439e-05
16,2041,2,5_9,8.255e-05
16,2042,2,5_9,8.1e-05
16,2043,2,5_9,7.941e-05
16,2044,2,5_9,7.794e-05
16,2045,2,5_9,7.659e-05
16,2046,2,5_9,7.514e-05
16,2047,2,5_9,7.377e-05
16,2048,2,5_9,7.238e-05
16,2049,2,5_9,7.115e-05
16,2050,2,5_9,6.993e-05
16,2051,2,5_9,6.871e-05
16,2052,2,5_9,6.738e-05
16,2053,2,5_9,6.622e-05
16,2054,2,5_9,6.499e-05
16,2055,2,5_9,6.393e-05
16,2056,2,5_9,6.293e-05
16,2057,2,5_9,6.178e-05
16,2058,2,5_9,6.069e-05
16,2059,2,5_9,5.979e-05
16,2060,2,5_9,5.896e-05
16,2061,2,5_9,5.815e-05
16,2062,2,5_9,5.723e-05
16,2063,2,5_9,5.644e-05
16,2064,2,5_9,5.563e-05
16,2065,2,5_9,5.487e-05
16,2066,2,5_9,5.408e-05
16,2067,2,5_9,5.33e-05
16,2068,2,5_9,5.257e-05
16,2069,2,5_9,5.175e-05
16,2070,2,5_9,5.105e-05
16,2071,2,5_9,5.034e-05
16,2072,2,5_9,4.963e-05
16,2073,2,5_9,4.89e-05
16,2074,2,5_9,4.821e-05
16,2075,2,5_9,4.756e-05
16,2076,2,5_9,4.688e-05
16,2077,2,5_9,4.618e-05
16,2078,2,5_9,4.552e-05
16,2079,2,5_9,4.49e-05
16,2080,2,5_9,4.43e-05
16,2081,2,5_9,4.36e-05
16,2082,2,5_9,4.301e-05
16,2083,2,5_9,4.244e-05
16,2084,2,5_9,4.183e-05
16,2085,2,5_9,4.119e-05
16,2086,2,5_9,4.067e-05
16,2087,2,5_9,4.007e-05
16,2088,2,5_9,3.948e-05
16,2089,2,5_9,3.887e-05
16,2090,2,5_9,3.832e-05
16,2091,2,5_9,3.78e-05
16,2092,2,5_9,3.729e-05
16,2093,2,5_9,3.68e-05
16,2094,2,5_9,3.624e-05
16,2095,2,5_9,3.578e-05
16,2096,2,5_9,3.528e-05
16,2097,2,5_9,3.483e-05
16,2098,2,5_9,3.439e-05
16,2099,2,5_9,3.401e-05
16,2100,2,5_9,3.361e-05
184,2024,2,5_9,0.00016933
184,2025,2,5_9,0.00016503
184,2026,2,5_9,0.00016077
184,2027,2,5_9,0.00015703
184,2028,2,5_9,0.00015307
184,2029,2,5_9,0.00014927
184,2030,2,5_9,0.00014563
184,2031,2,5_9,0.00014243
184,2032,2,5_9,0.00013894
184,2033,2,5_9,0.00013563
184,2034,2,5_9,0.00013255
184,2035,2,5_9,0.0001294
184,2036,2,5_9,0.00012655
184,2037,2,5_9,0.00012359
184,2038,2,5_9,0.00012056
184,2039,2,5_9,0.00011766
184,2040,2,5_9,0.00011533
184,2041,2,5_9,0.0001128
184,2042,2,5_9,0.00011037
184,2043,2,5_9,0.00010811
184,2044,2,5_9,0.00010586
184,2045,2,5_9,0.00010382
184,2046,2,5_9,0.00010158
184,2047,2,5_9,9.955e-05
184,2048,2,5_9,9.741e-05
184,2049,2,5_9,9.529e-05
184,2050,2,5_9,9.317e-05
184,2051,2,5_9,9.115e-05
184,2052,2,5_9,8.922e-05
184,2053,2,5_9,8.724e-05
184,2054,2,5_9,8.54e-05
184,2055,2,5_9,8.348e-05
184,2056,2,5_9,8.167e-05
184,2057,2,5_9,7.976e-05
184,2058,2,5_9,7.82e-05
184,2059,2,5_9,7.662e-05
184,2060,2,5_9,7.501e-05
184,2061,2,5_9,7.339e-05
184,2062,2,5_9,7.199e-05
184,2063,2,5_9,7.036e-05
184,2064,2,5_9,6.898e-05
184,2065,2,5_9,6.754e-05
184,2066,2,5_9,6.618e-05
184,2067,2,5_9,6.483e-05
184,2068,2,5_9,6.355e-05
184,2069,2,5_9,6.226e-05
184,2070,2,5_9,6.112e-05
184,2071,2,5_9,5.997e-05
184,2072,2,5_9,5.88e-05
184,2073,2,5_9,5.777e-05
184,2074,2,5_9,5.664e-05
184,2075,2,5_9,5.548e-05
184,2076,2,5_9,5.448e-05
184,2077,2,5_9,5.348e-05
184,2078,2,5_9,5.244e-05
184,2079,2,5_9,5.15e-05
184,2080,2,5_9,5.042e-05
184,2081,2,5_9,4.95e-05
184,2082,2,5_9,4.854e-05
184,2083,2,5_9,4.768e-05
184,2084,2,5_9,4.669e-05
184,2085,2,5_9,4.579e-05
184,2086,2,5_9,4.493e-05
184,2087,2,5_9,4.412e-05
184,2088,2,5_9,4.329e-05
184,2089,2,5_9,4.247e-05
184,2090,2,5_9,4.157e-05
184,2091,2,5_9,4.076e-05
184,2092,2,5_9,3.995e-05
184,2093,2,5_9,3.915e-05
184,2094,2,5_9,3.838e-05
184,2095,2,5_9,3.767e-05
184,2096,2,5_9,3.698e-05
184,2097,2,5_9,3.627e-05
184,2098,2,5_9,3.558e-05
184,2099,2,5_9,3.489e-05
184,2100,2,5_9,3.426e-05
258,2024,2,5_9,8.91e-05
258,2025,2,5_9,8.736e-05
258,2026,2,5_9,8.548e-05
258,2027,2,5_9,8.365e-05
258,2028,2,5_9,8.197e-05
258,2029,2,5_9,8.023e-05
258,2030,2,5_9,7.854e-05
258,2031,2,5_9,7.698e-05
258,2032,2,5_9,7.537e-05
258,2033,2,5_9,7.393e-05
258,2034,2,5_9,7.226e-05
258,2035,2,5_9,7.084e-05
258,2036,2,5_9,6.938e-05
258,2037,2,5_9,6.799e-05
258,2038,2,5_9,6.659e-05
258,2039,2,5_9,6.518e-05
258,2040,2,5_9,6.396e-05
258,2041,2,5_9,6.262e-05
258,2042,2,5_9,6.131e-05
258,2043,2,5_9,6.001e-05
258,2044,2,5_9,5.864e-05
258,2045,2,5_9,5.748e-05
258,2046,2,5_9,5.628e-05
258,2047,2,5_9,5.501e-05
258,2048,2,5_9,5.393e-05
258,2049,2,5_9,5.275e-05
258,2050,2,5_9,5.172e-05
258,2051,2,5_9,5.063e-05
258,2052,2,5_9,4.966e-05
258,2053,2,5_9,4.864e-05
258,2054,2,5_9,4.768e-05
258,2055,2,5_9,4.677e-05
258,2056,2,5_9,4.586e-05
258,2057,2,5_9,4.507e-05
258,2058,2,5_9,4.419e-05
258,2059,2,5_9,4.34e-05
258,2060,2,5_9,4.256e-05
258,2061,2,5_9,4.174e-05
258,2062,2,5_9,4.096e-05
258,2063,2,5_9,4.014e-05
258,2064,2,5_9,3.937e-05
258,2065,2,5_9,3.862e-05
258,2066,2,5_9,3.787e-05
258,2067,2,5_9,3.71e-05
258,2068,2,5_9,3.635e-05
258,2069,2,5_9,3.563e-05
258,2070,2,5_9,3.49e-05
258,2071,2,5_9,3.424e-05
258,2072,2,5_9,3.354e-05
258,2073,2,5_9,3.29e-05
258,2074,2,5_9,3.221e-05
258,2075,2,5_9,3.154e-05
258,2076,2,5_9,3.087e-05
258,2077,2,5_9,3.023e-05
258,2078,2,5_9,2.962e-05
258,2079,2,5_9,2.9e-05
258,2080,2,5_9,2.84e-05
258,2081,2,5_9,2.785e-05
258,2082,2,5_9,2.729e-05
258,2083,2,5_9,2.675e-05
258,2084,2,5_9,2.62e-05
258,2085,2,5_9,2.563e-05
258,2086,2,5_9,2.509e-05
258,2087,2,5_9,2.457e-05
258,2088,2,5_9,2.403e-05
258,2089,2,5_9,2.357e-05
258,2090,2,5_9,2.313e-05
258,2091,2,5_9,2.262e-05
258,2092,2,5_9,2.218e-05
258,2093,2,5_9,2.174e-05
258,2094,2,5_9,2.125e-05
258,2095,2,5_9,2.079e-05
258,2096,2,5_9,2.036e-05
258,2097,2,5_9,1.992e-05
258,2098,2,5_9,1.949e-05
258,2099,2,5_9,1.909e-05
258,2100,2,5_9,1.868e-05
570,2024,2,5_9,0.00048169
570,2025,2,5_9,0.00046835
570,2026,2,5_9,0.00045389
570,2027,2,5_9,0.00043974
570,2028,2,5_9,0.00042486
570,2029,2,5_9,0.00041152
570,2030,2,5_9,0.00039814
570,2031,2,5_9,0.00038618
570,2032,2,5_9,0.00037434
570,2033,2,5_9,0.00036177
570,2034,2,5_9,0.00035056
570,2035,2,5_9,0.00033853
570,2036,2,5_9,0.00032752
570,2037,2,5_9,0.00031656
570,2038,2,5_9,0.00030611
570,2039,2,5_9,0.0002985
570,2040,2,5_9,0.00028969
570,2041,2,5_9,0.00028294
570,2042,2,5_9,0.00027588
570,2043,2,5_9,0.0002693
570,2044,2,5_9,0.0002618
570,2045,2,5_9,0.00025561
570,2046,2,5_9,0.00025077
570,2047,2,5_9,0.00024612
570,2048,2,5_9,0.00024122
570,2049,2,5_9,0.00023706
570,2050,2,5_9,0.00023269
570,2051,2,5_9,0.00022824
570,2052,2,5_9,0.00022389
570,2053,2,5_9,0.00021989
570,2054,2,5_9,0.00021576
570,2055,2,5_9,0.00021159
570,2056,2,5_9,0.00020783
570,2057,2,5_9,0.00020432
570,2058,2,5_9,0.00020074
570,2059,2,5_9,0.00019783
570,2060,2,5_9,0.00019464
570,2061,2,5_9,0.00019175
570,2062,2,5_9,0.00018859
570,2063,2,5_9,0.0001854
570,2064,2,5_9,0.00018236
570,2065,2,5_9,0.00017937
570,2066,2,5_9,0.00017647
570,2067,2,5_9,0.00017335
570,2068,2,5_9,0.00017056
570,2069,2,5_9,0.00016783
570,2070,2,5_9,0.00016517
570,2071,2,5_9,0.00016272
570,2072,2,5_9,0.00016031
570,2073,2,5_9,0.00015801
570,2074,2,5_9,0.00015573
570,2075,2,5_9,0.00015343
570,2076,2,5_9,0.00015125
570,2077,2,5_9,0.00014891
570,2078,2,5_9,0.00014669
570,2079,2,5_9,0.00014469
570,2080,2,5_9,0.0001427
570,2081,2,5_9,0.00014083
570,2082,2,5_9,0.00013912
570,2083,2,5_9,0.00013728
570,2084,2,5_9,0.00013549
570,2085,2,5_9,0.00013383
570,2086,2,5_9,0.00013235
570,2087,2,5_9,0.00013074
570,2088,2,5_9,0.00012924
570,2089,2,5_9,0.00012768
570,2090,2,5_9,0.00012624
570,2091,2,5_9,0.00012491
570,2092,2,5_9,0.00012359
570,2093,2,5_9,0.00012229
570,2094,2,5_9,0.00012097
570,2095,2,5_9,0.00011972
570,2096,2,5_9,0.0001182
570,2097,2,5_9,0.00011697
570,2098,2,5_9,0.00011573
570,2099,2,5_9,0.00011439
570,2100,2,5_9,0.00011316
882,2024,2,5_9,0.00042147
882,2025,2,5_9,0.00041087
882,2026,2,5_9,0.0003995
882,2027,2,5_9,0.00038933
882,2028,2,5_9,0.00037873
882,2029,2,5_9,0.00036871
882,2030,2,5_9,0.000359
882,2031,2,5_9,0.00034911
882,2032,2,5_9,0.00034206
882,2033,2,5_9,0.00033448
882,2034,2,5_9,0.00032701
882,2035,2,5_9,0.00031977
882,2036,2,5_9,0.00031322
882,2037,2,5_9,0.0003064
882,2038,2,5_9,0.00030003
882,2039,2,5_9,0.00029346
882,2040,2,5_9,0.0002868
882,2041,2,5_9,0.00028108
882,2042,2,5_9,0.00027481
882,2043,2,5_9,0.00026896
882,2044,2,5_9,0.00026288
882,2045,2,5_9,0.00025718
882,2046,2,5_9,0.00025205
882,2047,2,5_9,0.00024662
882,2048,2,5_9,0.000241
882,2049,2,5_9,0.00023608
882,2050,2,5_9,0.00023098
882,2051,2,5_9,0.00022621
882,2052,2,5_9,0.00022164
882,2053,2,5_9,0.00021687
882,2054,2,5_9,0.00021223
882,2055,2,5_9,0.00020788
882,2056,2,5_9,0.00020352
882,2057,2,5_9,0.00019915
882,2058,2,5_9,0.00019483
882,2059,2,5_9,0.00019067
882,2060,2,5_9,0.00018683
882,2061,2,5_9,0.0001829
882,2062,2,5_9,0.00017905
882,2063,2,5_9,0.00017524
882,2064,2,5_9,0.00017148
882,2065,2,5_9,0.00016788
882,2066,2,5_9,0.00016436
882,2067,2,5_9,0.00016135
882,2068,2,5_9,0.00015819
882,2069,2,5_9,0.00015538
882,2070,2,5_9,0.00015242
882,2071,2,5_9,0.00014964
882,2072,2,5_9,0.00014688
882,2073,2,5_9,0.00014423
882,2074,2,5_9,0.00014156
882,2075,2,5_9,0.00013902
882,2076,2,5_9,0.00013633
882,2077,2,5_9,0.00013382
882,2078,2,5_9,0.00013133
882,2079,2,5_9,0.00012894
882,2080,2,5_9,0.00012663
882,2081,2,5_9,0.00012432
882,2082,2,5_9,0.00012208
882,2083,2,5_9,0.00011995
882,2084,2,5_9,0.00011785
882,2085,2,5_9,0.0001158
882,2086,2,5_9,0.00011374
882,2087,2,5_9,0.00011179
882,2088,2,5_9,0.00010982
882,2089,2,5_9,0.0001078
882,2090,2,5_9,0.00010588
882,2091,2,5_9,0.00010403
882,2092,2,5_9,0.0001021
882,2093,2,5_9,0.00010036
882,2094,2,5_9,9.858e-05
882,2095,2,5_9,9.681e-05
882,2096,2,5_9,9.503e-05
882,2097,2,5_9,9.358e-05
882,2098,2,5_9,9.202e-05
882,2099,2,5_9,9.045e-05
882,2100,2,5_9,8.882e-05
772,2024,2,5_9,0.00019786
772,2025,2,5_9,0.00019401
772,2026,2,5_9,0.00019041
772,2027,2,5_9,0.00018678
772,2028,2,5_9,0.00018339
772,2029,2,5_9,0.00017974
772,2030,2,5_9,0.00017611
772,2031,2,5_9,0.00017267
772,2032,2,5_9,0.00016935
772,2033,2,5_9,0.00016635
772,2034,2,5_9,0.00016311
772,2035,2,5_9,0.00016001
772,2036,2,5_9,0.00015703
772,2037,2,5_9,0.00015422
772,2038,2,5_9,0.00015126
772,2039,2,5_9,0.0001484
772,2040,2,5_9,0.0001458
772,2041,2,5_9,0.0001432
772,2042,2,5_9,0.00014063
772,2043,2,5_9,0.00013809
772,2044,2,5_9,0.00013541
772,2045,2,5_9,0.00013305
772,2046,2,5_9,0.00013048
772,2047,2,5_9,0.00012799
772,2048,2,5_9,0.00012551
772,2049,2,5_9,0.00012318
772,2050,2,5_9,0.0001208
772,2051,2,5_9,0.00011841
772,2052,2,5_9,0.00011616
772,2053,2,5_9,0.00011413
772,2054,2,5_9,0.00011191
772,2055,2,5_9,0.00010979
772,2056,2,5_9,0.00010766
772,2057,2,5_9,0.00010567
772,2058,2,5_9,0.0001038
772,2059,2,5_9,0.00010202
772,2060,2,5_9,0.00010022
772,2061,2,5_9,9.83e-05
772,2062,2,5_9,9.651e-05
772,2063,2,5_9,9.482e-05
772,2064,2,5_9,9.303e-05
772,2065,2,5_9,9.125e-05
772,2066,2,5_9,8.956e-05
772,2067,2,5_9,8.802e-05
772,2068,2,5_9,8.652e-05
772,2069,2,5_9,8.493e-05
772,2070,2,5_9,8.338e-05
772,2071,2,5_9,8.195e-05
772,2072,2,5_9,8.042e-05
772,2073,2,5_9,7.9e-05
772,2074,2,5_9,7.768e-05
772,2075,2,5_9,7.624e-05
772,2076,2,5_9,7.468e-05
772,2077,2,5_9,7.333e-05
772,2078,2,5_9,7.202e-05
772,2079,2,5_9,7.073e-05
772,2080,2,5_9,6.956e-05
772,2081,2,5_9,6.844e-05
772,2082,2,5_9,6.723e-05
772,2083,2,5_9,6.6e-05
772,2084,2,5_9,6.486e-05
772,2085,2,5_9,6.373e-05
772,2086,2,5_9,6.263e-05
772,2087,2,5_9,6.149e-05
772,2088,2,5_9,6.042e-05
772,2089,2,5_9,5.937e-05
772,2090,2,5_9,5.829e-05
772,2091,2,5_9,5.719e-05
772,2092,2,5_9,5.622e-05
772,2093,2,5_9,5.516e-05
772,2094,2,5_9,5.408e-05
772,2095,2,5_9,5.313e-05
772,2096,2,5_9,5.207e-05
772,2097,2,5_9,5.118e-05
772,2098,2,5_9,5.031e-05
772,2099,2,5_9,4.945e-05
772,2100,2,5_9,4.858e-05
776,2024,2,5_9,0.0002695
776,2025,2,5_9,0.0002616
776,2026,2,5_9,0.00025373
776,2027,2,5_9,0.00024656
776,2028,2,5_9,0.00024124
776,2029,2,5_9,0.00023595
776,2030,2,5_9,0.00023143
776,2031,2,5_9,0.00022646
776,2032,2,5_9,0.00022206
776,2033,2,5_9,0.00021719
776,2034,2,5_9,0.00021282
776,2035,2,5_9,0.00020821
776,2036,2,5_9,0.00020359
776,2037,2,5_9,0.00019905
776,2038,2,5_9,0.00019477
776,2039,2,5_9,0.00019048
776,2040,2,5_9,0.00018622
776,2041,2,5_9,0.0001818
776,2042,2,5_9,0.00017787
776,2043,2,5_9,0.00017431
776,2044,2,5_9,0.00017024
776,2045,2,5_9,0.00016696
776,2046,2,5_9,0.00016335
776,2047,2,5_9,0.00015976
776,2048,2,5_9,0.00015587
776,2049,2,5_9,0.00015244
776,2050,2,5_9,0.00014889
776,2051,2,5_9,0.0001456
776,2052,2,5_9,0.00014254
776,2053,2,5_9,0.00013951
776,2054,2,5_9,0.00013628
776,2055,2,5_9,0.00013349
776,2056,2,5_9,0.00013064
776,2057,2,5_9,0.00012797
776,2058,2,5_9,0.00012539
776,2059,2,5_9,0.00012278
776,2060,2,5_9,0.00012046
776,2061,2,5_9,0.00011816
776,2062,2,5_9,0.0001159
776,2063,2,5_9,0.00011371
776,2064,2,5_9,0.00011142
776,2065,2,5_9,0.00010921
776,2066,2,5_9,0.00010723
776,2067,2,5_9,0.00010518
776,2068,2,5_9,0.00010305
776,2069,2,5_9,0.00010107
776,2070,2,5_9,9.915e-05
776,2071,2,5_9,9.73e-05
776,2072,2,5_9,9.53e-05
776,2073,2,5_9,9.345e-05
776,2074,2,5_9,9.158e-05
776,2075,2,5_9,8.984e-05
776,2076,2,5_9,8.808e-05
776,2077,2,5_9,8.637e-05
776,2078,2,5_9,8.478e-05
776,2079,2,5_9,8.326e-05
776,2080,2,5_9,8.161e-05
776,2081,2,5_9,8.013e-05
776,2082,2,5_9,7.854e-05
776,2083,2,5_9,7.71e-05
776,2084,2,5_9,7.566e-05
776,2085,2,5_9,7.413e-05
776,2086,2,5_9,7.268e-05
776,2087,2,5_9,7.119e-05
776,2088,2,5_9,6.97e-05
776,2089,2,5_9,6.833e-05
776,2090,2,5_9,6.716e-05
776,2091,2,5_9,6.601e-05
776,2092,2,5_9,6.473e-05
776,2093,2,5_9,6.364e-05
776,2094,2,5_9,6.256e-05
776,2095,2,5_9,6.138e-05
776,2096,2,5_9,6.037e-05
776,2097,2,5_9,5.931e-05
776,2098,2,5_9,5.828e-05
776,2099,2,5_9,5.727e-05
776,2100,2,5_9,5.623e-05
798,2024,2,5_9,0.00064729
798,2025,2,5_9,0.00062973
798,2026,2,5_9,0.00061176
798,2027,2,5_9,0.00059598
798,2028,2,5_9,0.00058022
798,2029,2,5_9,0.00056373
798,2030,2,5_9,0.00054916
798,2031,2,5_9,0.00053333
798,2032,2,5_9,0.00051773
798,2033,2,5_9,0.00050352
798,2034,2,5_9,0.0004882
798,2035,2,5_9,0.0004733
798,2036,2,5_9,0.00045882
798,2037,2,5_9,0.00044597
798,2038,2,5_9,0.00043278
798,2039,2,5_9,0.00042092
798,2040,2,5_9,0.00040954
798,2041,2,5_9,0.0003972
798,2042,2,5_9,0.00038521
798,2043,2,5_9,0.000372
798,2044,2,5_9,0.00036038
798,2045,2,5_9,0.00034925
798,2046,2,5_9,0.00033853
798,2047,2,5_9,0.00032833
798,2048,2,5_9,0.00031839
798,2049,2,5_9,0.00030856
798,2050,2,5_9,0.00029823
798,2051,2,5_9,0.00028815
798,2052,2,5_9,0.00027907
798,2053,2,5_9,0.00027155
798,2054,2,5_9,0.00026473
798,2055,2,5_9,0.00025822
798,2056,2,5_9,0.00025122
798,2057,2,5_9,0.00024428
798,2058,2,5_9,0.00023828
798,2059,2,5_9,0.00023191
798,2060,2,5_9,0.00022529
798,2061,2,5_9,0.00021977
798,2062,2,5_9,0.00021382
798,2063,2,5_9,0.00020793
798,2064,2,5_9,0.00020154
798,2065,2,5_9,0.00019621
798,2066,2,5_9,0.00019128
798,2067,2,5_9,0.00018628
798,2068,2,5_9,0.00018174
798,2069,2,5_9,0.00017811
798,2070,2,5_9,0.00017451
798,2071,2,5_9,0.00017114
798,2072,2,5_9,0.00016745
798,2073,2,5_9,0.00016453
798,2074,2,5_9,0.00016132
798,2075,2,5_9,0.00015828
798,2076,2,5_9,0.00015482
798,2077,2,5_9,0.00015169
798,2078,2,5_9,0.00014886
798,2079,2,5_9,0.00014565
798,2080,2,5_9,0.00014296
798,2081,2,5_9,0.00013986
798,2082,2,5_9,0.00013732
798,2083,2,5_9,0.00013469
798,2084,2,5_9,0.00013199
798,2085,2,5_9,0.00012951
798,2086,2,5_9,0.00012727
798,2087,2,5_9,0.00012472
798,2088,2,5_9,0.00012225
798,2089,2,5_9,0.00011998
798,2090,2,5_9,0.00011792
798,2091,2,5_9,0.00011574
798,2092,2,5_9,0.00011343
798,2093,2,5_9,0.00011131
798,2094,2,5_9,0.00010936
798,2095,2,5_9,0.00010733
798,2096,2,5_9,0.00010546
798,2097,2,5_9,0.00010344
798,2098,2,5_9,0.00010159
798,2099,2,5_9,9.991e-05
798,2100,2,5_9,9.817e-05
876,2024,2,5_9,0.00014784
876,2025,2,5_9,0.00014537
876,2026,2,5_9,0.00014372
876,2027,2,5_9,0.00014177
876,2028,2,5_9,0.00014047
876,2029,2,5_9,0.00013918
876,2030,2,5_9,0.00013723
876,2031,2,5_9,0.00013593
876,2032,2,5_9,0.00013464
876,2033,2,5_9,0.00013269
876,2034,2,5_9,0.0001314
876,2035,2,5_9,0.00012945
876,2036,2,5_9,0.00012815
876,2037,2,5_9,0.00012686
876,2038,2,5_9,0.00012491
876,2039,2,5_9,0.00012361
876,2040,2,5_9,0.00012232
876,2041,2,5_9,0.00012102
876,2042,2,5_9,0.00011907
876,2043,2,5_9,0.00011778
876,2044,2,5_9,0.00011648
876,2045,2,5_9,0.00011518
876,2046,2,5_9,0.00011324
876,2047,2,5_9,0.00011194
876,2048,2,5_9,0.00011086
876,2049,2,5_9,0.00010977
876,2050,2,5_9,0.00010815
876,2051,2,5_9,0.00010706
876,2052,2,5_9,0.00010598
876,2053,2,5_9,0.0001049
876,2054,2,5_9,0.00010381
876,2055,2,5_9,0.00010218
876,2056,2,5_9,0.0001011
876,2057,2,5_9,0.00010002
876,2058,2,5_9,9.893e-05
876,2059,2,5_9,9.785e-05
876,2060,2,5_9,9.676e-05
876,2061,2,5_9,9.568e-05
876,2062,2,5_9,9.46e-05
876,2063,2,5_9,9.351e-05
876,2064,2,5_9,9.243e-05
876,2065,2,5_9,9.134e-05
876,2066,2,5_9,9.026e-05
876,2067,2,5_9,8.918e-05
876,2068,2,5_9,8.755e-05
876,2069,2,5_9,8.646e-05
876,2070,2,5_9,8.538e-05
876,2071,2,5_9,8.495e-05
876,2072,2,5_9,8.365e-05
876,2073,2,5_9,8.279e-05
876,2074,2,5_9,8.193e-05
876,2075,2,5_9,8.106e-05
876,2076,2,5_9,8.02e-05
876,2077,2,5_9,7.933e-05
876,2078,2,5_9,7.847e-05
876,2079,2,5_9,7.717e-05
876,2080,2,5_9,7.631e-05
876,2081,2,5_9,7.545e-05
876,2082,2,5_9,7.458e-05
876,2083,2,5_9,7.372e-05
876,2084,2,5_9,7.285e-05
876,2085,2,5_9,7.199e-05
876,2086,2,5_9,7.113e-05
876,2087,2,5_9,7.026e-05
876,2088,2,5_9,6.94e-05
876,2089,2,5_9,6.81e-05
876,2090,2,5_9,6.724e-05
876,2091,2,5_9,6.638e-05
876,2092,2,5_9,6.551e-05
876,2093,2,5_9,6.465e-05
876,2094,2,5_9,6.387e-05
876,2095,2,5_9,6.317e-05
876,2096,2,5_9,6.247e-05
876,2097,2,5_9,6.177e-05
876,2098,2,5_9,6.107e-05
876,2099,2,5_9,6.038e-05
876,2100,2,5_9,5.968e-05
